ucf/Archery/samples/00000.png 3
ucf/Archery/samples/00001.png 3
ucf/Archery/samples/00002.png 3
ucf/Archery/samples/00003.png 3
ucf/Archery/samples/00004.png 3
ucf/Archery/samples/00005.png 3
ucf/Archery/samples/00006.png 3
ucf/Archery/samples/00007.png 3
ucf/Archery/samples/00008.png 3
ucf/Archery/samples/00009.png 3
ucf/Archery/samples/00010.png 3
ucf/Archery/samples/00011.png 3
ucf/Archery/samples/00012.png 3
ucf/Archery/samples/00013.png 3
ucf/Archery/samples/00014.png 3
ucf/Archery/samples/00015.png 3
ucf/Archery/samples/00016.png 3
ucf/Archery/samples/00017.png 3
ucf/Archery/samples/00018.png 3
ucf/Archery/samples/00019.png 3
ucf/Archery/samples/00020.png 3
ucf/Archery/samples/00021.png 3
ucf/Archery/samples/00022.png 3
ucf/Archery/samples/00023.png 3
ucf/Archery/samples/00024.png 3
ucf/Archery/samples/00025.png 3
ucf/Archery/samples/00026.png 3
ucf/Archery/samples/00027.png 3
ucf/Archery/samples/00028.png 3
ucf/Archery/samples/00029.png 3
ucf/Archery/samples/00030.png 3
ucf/Archery/samples/00031.png 3
ucf/Archery/samples/00032.png 3
ucf/Archery/samples/00033.png 3
ucf/Archery/samples/00034.png 3
ucf/Archery/samples/00035.png 3
ucf/Archery/samples/00036.png 3
ucf/Archery/samples/00037.png 3
ucf/Archery/samples/00038.png 3
ucf/Archery/samples/00039.png 3
ucf/Archery/samples/00040.png 3
ucf/Archery/samples/00041.png 3
ucf/Archery/samples/00042.png 3
ucf/Archery/samples/00043.png 3
ucf/Archery/samples/00044.png 3
ucf/Archery/samples/00045.png 3
ucf/Archery/samples/00046.png 3
ucf/Archery/samples/00047.png 3
ucf/Archery/samples/00048.png 3
ucf/Archery/samples/00049.png 3
ucf/Archery/samples/00050.png 3
ucf/Archery/samples/00051.png 3
ucf/Archery/samples/00052.png 3
ucf/Archery/samples/00053.png 3
ucf/Archery/samples/00054.png 3
ucf/Archery/samples/00055.png 3
ucf/Archery/samples/00056.png 3
ucf/Archery/samples/00057.png 3
ucf/Archery/samples/00058.png 3
ucf/Archery/samples/00059.png 3
ucf/Archery/samples/00060.png 3
ucf/Archery/samples/00061.png 3
ucf/Archery/samples/00062.png 3
ucf/Archery/samples/00063.png 3
ucf/Archery/samples/00064.png 3
ucf/Archery/samples/00065.png 3
ucf/Archery/samples/00066.png 3
ucf/Archery/samples/00067.png 3
ucf/Archery/samples/00068.png 3
ucf/Archery/samples/00069.png 3
ucf/Archery/samples/00070.png 3
ucf/Archery/samples/00071.png 3
ucf/Archery/samples/00072.png 3
ucf/Archery/samples/00073.png 3
ucf/Archery/samples/00074.png 3
ucf/Archery/samples/00075.png 3
ucf/Archery/samples/00076.png 3
ucf/Archery/samples/00077.png 3
ucf/Archery/samples/00078.png 3
ucf/Archery/samples/00079.png 3
ucf/Archery/samples/00080.png 3
ucf/Archery/samples/00081.png 3
ucf/Archery/samples/00082.png 3
ucf/Archery/samples/00083.png 3
ucf/Archery/samples/00084.png 3
ucf/Archery/samples/00085.png 3
ucf/Archery/samples/00086.png 3
ucf/Archery/samples/00087.png 3
ucf/Archery/samples/00088.png 3
ucf/Archery/samples/00089.png 3
ucf/Archery/samples/00090.png 3
ucf/Archery/samples/00091.png 3
ucf/Archery/samples/00092.png 3
ucf/Archery/samples/00093.png 3
ucf/Archery/samples/00094.png 3
ucf/Archery/samples/00095.png 3
ucf/Archery/samples/00096.png 3
ucf/Archery/samples/00097.png 3
ucf/Archery/samples/00098.png 3
ucf/Archery/samples/00099.png 3
ucf/Archery/samples/00100.png 3
ucf/Archery/samples/00101.png 3
ucf/Archery/samples/00102.png 3
ucf/Archery/samples/00103.png 3
ucf/Archery/samples/00104.png 3
ucf/Archery/samples/00105.png 3
ucf/Archery/samples/00106.png 3
ucf/Archery/samples/00107.png 3
ucf/Archery/samples/00108.png 3
ucf/Archery/samples/00109.png 3
ucf/Archery/samples/00110.png 3
ucf/Archery/samples/00111.png 3
ucf/Archery/samples/00112.png 3
ucf/Archery/samples/00113.png 3
ucf/Archery/samples/00114.png 3
ucf/Archery/samples/00115.png 3
ucf/Archery/samples/00116.png 3
ucf/Archery/samples/00117.png 3
ucf/Archery/samples/00118.png 3
ucf/Archery/samples/00119.png 3
ucf/Archery/samples/00120.png 3
ucf/Archery/samples/00121.png 3
ucf/Archery/samples/00122.png 3
ucf/Archery/samples/00123.png 3
ucf/Archery/samples/00124.png 3
ucf/Archery/samples/00125.png 3
ucf/Archery/samples/00126.png 3
ucf/Archery/samples/00127.png 3
ucf/Archery/samples/00128.png 3
ucf/Archery/samples/00129.png 3
ucf/Archery/samples/00130.png 3
ucf/Archery/samples/00131.png 3
ucf/Archery/samples/00132.png 3
ucf/Archery/samples/00133.png 3
ucf/Archery/samples/00134.png 3
ucf/Archery/samples/00135.png 3
ucf/Archery/samples/00136.png 3
ucf/Archery/samples/00137.png 3
ucf/Archery/samples/00138.png 3
ucf/Archery/samples/00139.png 3
ucf/Archery/samples/00140.png 3
ucf/Archery/samples/00141.png 3
ucf/Archery/samples/00142.png 3
ucf/Archery/samples/00143.png 3
ucf/Archery/samples/00144.png 3
ucf/Archery/samples/00145.png 3
ucf/Archery/samples/00146.png 3
ucf/Archery/samples/00147.png 3
ucf/Archery/samples/00148.png 3
ucf/Archery/samples/00149.png 3
ucf/Archery/samples/00150.png 3
ucf/Archery/samples/00151.png 3
ucf/Archery/samples/00152.png 3
ucf/Archery/samples/00153.png 3
ucf/Archery/samples/00154.png 3
ucf/Archery/samples/00155.png 3
ucf/Archery/samples/00156.png 3
ucf/Archery/samples/00157.png 3
ucf/Archery/samples/00158.png 3
ucf/Archery/samples/00159.png 3
ucf/Archery/samples/00160.png 3
ucf/Archery/samples/00161.png 3
ucf/Archery/samples/00162.png 3
ucf/Archery/samples/00163.png 3
ucf/Archery/samples/00164.png 3
ucf/Archery/samples/00165.png 3
ucf/Archery/samples/00166.png 3
ucf/Archery/samples/00167.png 3
ucf/Archery/samples/00168.png 3
ucf/Archery/samples/00169.png 3
ucf/Archery/samples/00170.png 3
ucf/Archery/samples/00171.png 3
ucf/Archery/samples/00172.png 3
ucf/Archery/samples/00173.png 3
ucf/Archery/samples/00174.png 3
ucf/Archery/samples/00175.png 3
ucf/Archery/samples/00176.png 3
ucf/Archery/samples/00177.png 3
ucf/Archery/samples/00178.png 3
ucf/Archery/samples/00179.png 3
ucf/Archery/samples/00180.png 3
ucf/Archery/samples/00181.png 3
ucf/Archery/samples/00182.png 3
ucf/Archery/samples/00183.png 3
ucf/Archery/samples/00184.png 3
ucf/Archery/samples/00185.png 3
ucf/Archery/samples/00186.png 3
ucf/Archery/samples/00187.png 3
ucf/Archery/samples/00188.png 3
ucf/Archery/samples/00189.png 3
ucf/Archery/samples/00190.png 3
ucf/Archery/samples/00191.png 3
ucf/Archery/samples/00192.png 3
ucf/Archery/samples/00193.png 3
ucf/Archery/samples/00194.png 3
ucf/Archery/samples/00195.png 3
ucf/Archery/samples/00196.png 3
ucf/Archery/samples/00197.png 3
ucf/Archery/samples/00198.png 3
ucf/Archery/samples/00199.png 3
ucf/Archery/samples/00200.png 3
ucf/Archery/samples/00201.png 3
ucf/Archery/samples/00202.png 3
ucf/Archery/samples/00203.png 3
ucf/Archery/samples/00204.png 3
ucf/Archery/samples/00205.png 3
ucf/Archery/samples/00206.png 3
ucf/Archery/samples/00207.png 3
ucf/Archery/samples/00208.png 3
ucf/Archery/samples/00209.png 3
ucf/Archery/samples/00210.png 3
ucf/Archery/samples/00211.png 3
ucf/Archery/samples/00212.png 3
ucf/Archery/samples/00213.png 3
ucf/Archery/samples/00214.png 3
ucf/Archery/samples/00215.png 3
ucf/Archery/samples/00216.png 3
ucf/Archery/samples/00217.png 3
ucf/Archery/samples/00218.png 3
ucf/Archery/samples/00219.png 3
ucf/Archery/samples/00220.png 3
ucf/Archery/samples/00221.png 3
ucf/Archery/samples/00222.png 3
ucf/Archery/samples/00223.png 3
ucf/Archery/samples/00224.png 3
ucf/Archery/samples/00225.png 3
ucf/Archery/samples/00226.png 3
ucf/Archery/samples/00227.png 3
ucf/Archery/samples/00228.png 3
ucf/Archery/samples/00229.png 3
ucf/Archery/samples/00230.png 3
ucf/Archery/samples/00231.png 3
ucf/Archery/samples/00232.png 3
ucf/Archery/samples/00233.png 3
ucf/Archery/samples/00234.png 3
ucf/Archery/samples/00235.png 3
ucf/Archery/samples/00236.png 3
ucf/Archery/samples/00237.png 3
ucf/Archery/samples/00238.png 3
ucf/Archery/samples/00239.png 3
ucf/Archery/samples/00240.png 3
ucf/Archery/samples/00241.png 3
ucf/Archery/samples/00242.png 3
ucf/Archery/samples/00243.png 3
ucf/Archery/samples/00244.png 3
ucf/Archery/samples/00245.png 3
ucf/Archery/samples/00246.png 3
ucf/Archery/samples/00247.png 3
ucf/Archery/samples/00248.png 3
ucf/Archery/samples/00249.png 3
ucf/Archery/samples/00250.png 3
ucf/Archery/samples/00251.png 3
ucf/Archery/samples/00252.png 3
ucf/Archery/samples/00253.png 3
ucf/Archery/samples/00254.png 3
ucf/Archery/samples/00255.png 3
ucf/Archery/samples/00256.png 3
ucf/Archery/samples/00257.png 3
ucf/Archery/samples/00258.png 3
ucf/Archery/samples/00259.png 3
ucf/Archery/samples/00260.png 3
ucf/Archery/samples/00261.png 3
ucf/Archery/samples/00262.png 3
ucf/Archery/samples/00263.png 3
ucf/Archery/samples/00264.png 3
ucf/Archery/samples/00265.png 3
ucf/Archery/samples/00266.png 3
ucf/Archery/samples/00267.png 3
ucf/Archery/samples/00268.png 3
ucf/Archery/samples/00269.png 3
ucf/Archery/samples/00270.png 3
ucf/Archery/samples/00271.png 3
ucf/Archery/samples/00272.png 3
ucf/Archery/samples/00273.png 3
ucf/Archery/samples/00274.png 3
ucf/Archery/samples/00275.png 3
ucf/Archery/samples/00276.png 3
ucf/Archery/samples/00277.png 3
ucf/Archery/samples/00278.png 3
ucf/Archery/samples/00279.png 3
ucf/Archery/samples/00280.png 3
ucf/Archery/samples/00281.png 3
ucf/Archery/samples/00282.png 3
ucf/Archery/samples/00283.png 3
ucf/Archery/samples/00284.png 3
ucf/Archery/samples/00285.png 3
ucf/Archery/samples/00286.png 3
ucf/Archery/samples/00287.png 3
ucf/Archery/samples/00288.png 3
ucf/Archery/samples/00289.png 3
ucf/Archery/samples/00290.png 3
ucf/Archery/samples/00291.png 3
ucf/Archery/samples/00292.png 3
ucf/Archery/samples/00293.png 3
ucf/Archery/samples/00294.png 3
ucf/Archery/samples/00295.png 3
ucf/Archery/samples/00296.png 3
ucf/Archery/samples/00297.png 3
ucf/Archery/samples/00298.png 3
ucf/Archery/samples/00299.png 3
ucf/Archery/samples/00300.png 3
ucf/Archery/samples/00301.png 3
ucf/Archery/samples/00302.png 3
ucf/Archery/samples/00303.png 3
ucf/Archery/samples/00304.png 3
ucf/Archery/samples/00305.png 3
ucf/Archery/samples/00306.png 3
ucf/Archery/samples/00307.png 3
ucf/Archery/samples/00308.png 3
ucf/Archery/samples/00309.png 3
ucf/Archery/samples/00310.png 3
ucf/Archery/samples/00311.png 3
ucf/Archery/samples/00312.png 3
ucf/Archery/samples/00313.png 3
ucf/Archery/samples/00314.png 3
ucf/Archery/samples/00315.png 3
ucf/Archery/samples/00316.png 3
ucf/Archery/samples/00317.png 3
ucf/Archery/samples/00318.png 3
ucf/Archery/samples/00319.png 3
ucf/Archery/samples/00320.png 3
ucf/Archery/samples/00321.png 3
ucf/Archery/samples/00322.png 3
ucf/Archery/samples/00323.png 3
ucf/Archery/samples/00324.png 3
ucf/Archery/samples/00325.png 3
ucf/Archery/samples/00326.png 3
ucf/Archery/samples/00327.png 3
ucf/Archery/samples/00328.png 3
ucf/Archery/samples/00329.png 3
ucf/Archery/samples/00330.png 3
ucf/Archery/samples/00331.png 3
ucf/Archery/samples/00332.png 3
ucf/Archery/samples/00333.png 3
ucf/Archery/samples/00334.png 3
ucf/Archery/samples/00335.png 3
ucf/Archery/samples/00336.png 3
ucf/Archery/samples/00337.png 3
ucf/Archery/samples/00338.png 3
ucf/Archery/samples/00339.png 3
ucf/Archery/samples/00340.png 3
ucf/Archery/samples/00341.png 3
ucf/Archery/samples/00342.png 3
ucf/Archery/samples/00343.png 3
ucf/Archery/samples/00344.png 3
ucf/Archery/samples/00345.png 3
ucf/Archery/samples/00346.png 3
ucf/Archery/samples/00347.png 3
ucf/Archery/samples/00348.png 3
ucf/Archery/samples/00349.png 3
ucf/Archery/samples/00350.png 3
ucf/Archery/samples/00351.png 3
ucf/Archery/samples/00352.png 3
ucf/Archery/samples/00353.png 3
ucf/Archery/samples/00354.png 3
ucf/Archery/samples/00355.png 3
ucf/Archery/samples/00356.png 3
ucf/Archery/samples/00357.png 3
ucf/Archery/samples/00358.png 3
ucf/Archery/samples/00359.png 3
ucf/Archery/samples/00360.png 3
ucf/Archery/samples/00361.png 3
ucf/Archery/samples/00362.png 3
ucf/Archery/samples/00363.png 3
ucf/Archery/samples/00364.png 3
ucf/Archery/samples/00365.png 3
ucf/Archery/samples/00366.png 3
ucf/Archery/samples/00367.png 3
ucf/Archery/samples/00368.png 3
ucf/Archery/samples/00369.png 3
ucf/Archery/samples/00370.png 3
ucf/Archery/samples/00371.png 3
ucf/Archery/samples/00372.png 3
ucf/Archery/samples/00373.png 3
ucf/Archery/samples/00374.png 3
ucf/Archery/samples/00375.png 3
ucf/Archery/samples/00376.png 3
ucf/Archery/samples/00377.png 3
ucf/Archery/samples/00378.png 3
ucf/Archery/samples/00379.png 3
ucf/Archery/samples/00380.png 3
ucf/Archery/samples/00381.png 3
ucf/Archery/samples/00382.png 3
ucf/Archery/samples/00383.png 3
ucf/Archery/samples/00384.png 3
ucf/Archery/samples/00385.png 3
ucf/Archery/samples/00386.png 3
ucf/Archery/samples/00387.png 3
ucf/Archery/samples/00388.png 3
ucf/Archery/samples/00389.png 3
ucf/Archery/samples/00390.png 3
ucf/Archery/samples/00391.png 3
ucf/Archery/samples/00392.png 3
ucf/Archery/samples/00393.png 3
ucf/Archery/samples/00394.png 3
ucf/Archery/samples/00395.png 3
ucf/Archery/samples/00396.png 3
ucf/Archery/samples/00397.png 3
ucf/Archery/samples/00398.png 3
ucf/Archery/samples/00399.png 3
ucf/Archery/samples/00400.png 3
ucf/Archery/samples/00401.png 3
ucf/Archery/samples/00402.png 3
ucf/Archery/samples/00403.png 3
ucf/Archery/samples/00404.png 3
ucf/Archery/samples/00405.png 3
ucf/Archery/samples/00406.png 3
ucf/Archery/samples/00407.png 3
ucf/Archery/samples/00408.png 3
ucf/Archery/samples/00409.png 3
ucf/Archery/samples/00410.png 3
ucf/Archery/samples/00411.png 3
ucf/Archery/samples/00412.png 3
ucf/Archery/samples/00413.png 3
ucf/Archery/samples/00414.png 3
ucf/Archery/samples/00415.png 3
ucf/Archery/samples/00416.png 3
ucf/Archery/samples/00417.png 3
ucf/Archery/samples/00418.png 3
ucf/Archery/samples/00419.png 3
ucf/Archery/samples/00420.png 3
ucf/Archery/samples/00421.png 3
ucf/Archery/samples/00422.png 3
ucf/Archery/samples/00423.png 3
ucf/Archery/samples/00424.png 3
ucf/Archery/samples/00425.png 3
ucf/Archery/samples/00426.png 3
ucf/Archery/samples/00427.png 3
ucf/Archery/samples/00428.png 3
ucf/Archery/samples/00429.png 3
ucf/Archery/samples/00430.png 3
ucf/Archery/samples/00431.png 3
ucf/Archery/samples/00432.png 3
ucf/Archery/samples/00433.png 3
ucf/Archery/samples/00434.png 3
ucf/Archery/samples/00435.png 3
ucf/Archery/samples/00436.png 3
ucf/Archery/samples/00437.png 3
ucf/Archery/samples/00438.png 3
ucf/Archery/samples/00439.png 3
ucf/Archery/samples/00440.png 3
ucf/Archery/samples/00441.png 3
ucf/Archery/samples/00442.png 3
ucf/Archery/samples/00443.png 3
ucf/Archery/samples/00444.png 3
ucf/Archery/samples/00445.png 3
ucf/Archery/samples/00446.png 3
ucf/Archery/samples/00447.png 3
ucf/Archery/samples/00448.png 3
ucf/Archery/samples/00449.png 3
ucf/Archery/samples/00450.png 3
ucf/Archery/samples/00451.png 3
ucf/Archery/samples/00452.png 3
ucf/Archery/samples/00453.png 3
ucf/Archery/samples/00454.png 3
ucf/Archery/samples/00455.png 3
ucf/Archery/samples/00456.png 3
ucf/Archery/samples/00457.png 3
ucf/Archery/samples/00458.png 3
ucf/Archery/samples/00459.png 3
ucf/Archery/samples/00460.png 3
ucf/Archery/samples/00461.png 3
ucf/Archery/samples/00462.png 3
ucf/Archery/samples/00463.png 3
ucf/Archery/samples/00464.png 3
ucf/Archery/samples/00465.png 3
ucf/Archery/samples/00466.png 3
ucf/Archery/samples/00467.png 3
ucf/Archery/samples/00468.png 3
ucf/Archery/samples/00469.png 3
ucf/Archery/samples/00470.png 3
ucf/Archery/samples/00471.png 3
ucf/Archery/samples/00472.png 3
ucf/Archery/samples/00473.png 3
ucf/Archery/samples/00474.png 3
ucf/Archery/samples/00475.png 3
ucf/Archery/samples/00476.png 3
ucf/Archery/samples/00477.png 3
ucf/Archery/samples/00478.png 3
ucf/Archery/samples/00479.png 3
ucf/Archery/samples/00480.png 3
ucf/Archery/samples/00481.png 3
ucf/Archery/samples/00482.png 3
ucf/Archery/samples/00483.png 3
ucf/Archery/samples/00484.png 3
ucf/Archery/samples/00485.png 3
ucf/Archery/samples/00486.png 3
ucf/Archery/samples/00487.png 3
ucf/Archery/samples/00488.png 3
ucf/Archery/samples/00489.png 3
ucf/Archery/samples/00490.png 3
ucf/Archery/samples/00491.png 3
ucf/Archery/samples/00492.png 3
ucf/Archery/samples/00493.png 3
ucf/Archery/samples/00494.png 3
ucf/Archery/samples/00495.png 3
ucf/Archery/samples/00496.png 3
ucf/Archery/samples/00497.png 3
ucf/Archery/samples/00498.png 3
ucf/Archery/samples/00499.png 3
ucf/Archery/samples/00500.png 3
ucf/Archery/samples/00501.png 3
ucf/Archery/samples/00502.png 3
ucf/Archery/samples/00503.png 3
ucf/Archery/samples/00504.png 3
ucf/Archery/samples/00505.png 3
ucf/Archery/samples/00506.png 3
ucf/Archery/samples/00507.png 3
ucf/Archery/samples/00508.png 3
ucf/Archery/samples/00509.png 3
ucf/Archery/samples/00510.png 3
ucf/Archery/samples/00511.png 3
ucf/Archery/samples/00512.png 3
ucf/Archery/samples/00513.png 3
ucf/Archery/samples/00514.png 3
ucf/Archery/samples/00515.png 3
ucf/Archery/samples/00516.png 3
ucf/Archery/samples/00517.png 3
ucf/Archery/samples/00518.png 3
ucf/Archery/samples/00519.png 3
ucf/Archery/samples/00520.png 3
ucf/Archery/samples/00521.png 3
ucf/Archery/samples/00522.png 3
ucf/Archery/samples/00523.png 3
ucf/Archery/samples/00524.png 3
ucf/Archery/samples/00525.png 3
ucf/Archery/samples/00526.png 3
ucf/Archery/samples/00527.png 3
ucf/Archery/samples/00528.png 3
ucf/Archery/samples/00529.png 3
ucf/Archery/samples/00530.png 3
ucf/Archery/samples/00531.png 3
ucf/Archery/samples/00532.png 3
ucf/Archery/samples/00533.png 3
ucf/Archery/samples/00534.png 3
ucf/Archery/samples/00535.png 3
ucf/Archery/samples/00536.png 3
ucf/Archery/samples/00537.png 3
ucf/Archery/samples/00538.png 3
ucf/Archery/samples/00539.png 3
ucf/Archery/samples/00540.png 3
ucf/Archery/samples/00541.png 3
ucf/Archery/samples/00542.png 3
ucf/Archery/samples/00543.png 3
ucf/Archery/samples/00544.png 3
ucf/Archery/samples/00545.png 3
ucf/Archery/samples/00546.png 3
ucf/Archery/samples/00547.png 3
ucf/Archery/samples/00548.png 3
ucf/Archery/samples/00549.png 3
ucf/Archery/samples/00550.png 3
ucf/Archery/samples/00551.png 3
ucf/Archery/samples/00552.png 3
ucf/Archery/samples/00553.png 3
ucf/Archery/samples/00554.png 3
ucf/Archery/samples/00555.png 3
ucf/Archery/samples/00556.png 3
ucf/Archery/samples/00557.png 3
ucf/Archery/samples/00558.png 3
ucf/Archery/samples/00559.png 3
ucf/Archery/samples/00560.png 3
ucf/Archery/samples/00561.png 3
ucf/Archery/samples/00562.png 3
ucf/Archery/samples/00563.png 3
ucf/Archery/samples/00564.png 3
ucf/Archery/samples/00565.png 3
ucf/Archery/samples/00566.png 3
ucf/Archery/samples/00567.png 3
ucf/Archery/samples/00568.png 3
ucf/Archery/samples/00569.png 3
ucf/Archery/samples/00570.png 3
ucf/Archery/samples/00571.png 3
ucf/Archery/samples/00572.png 3
ucf/Archery/samples/00573.png 3
ucf/Archery/samples/00574.png 3
ucf/Archery/samples/00575.png 3
ucf/Archery/samples/00576.png 3
ucf/Archery/samples/00577.png 3
ucf/Archery/samples/00578.png 3
ucf/Archery/samples/00579.png 3
ucf/Archery/samples/00580.png 3
ucf/Archery/samples/00581.png 3
ucf/Archery/samples/00582.png 3
ucf/Archery/samples/00583.png 3
ucf/Archery/samples/00584.png 3
ucf/Archery/samples/00585.png 3
ucf/Archery/samples/00586.png 3
ucf/Archery/samples/00587.png 3
ucf/Archery/samples/00588.png 3
ucf/Archery/samples/00589.png 3
ucf/Archery/samples/00590.png 3
ucf/Archery/samples/00591.png 3
ucf/Archery/samples/00592.png 3
ucf/Archery/samples/00593.png 3
ucf/Archery/samples/00594.png 3
ucf/Archery/samples/00595.png 3
ucf/Archery/samples/00596.png 3
ucf/Archery/samples/00597.png 3
ucf/Archery/samples/00598.png 3
ucf/Archery/samples/00599.png 3
ucf/Archery/samples/00600.png 3
ucf/Archery/samples/00601.png 3
ucf/Archery/samples/00602.png 3
ucf/Archery/samples/00603.png 3
ucf/Archery/samples/00604.png 3
ucf/Archery/samples/00605.png 3
ucf/Archery/samples/00606.png 3
ucf/Archery/samples/00607.png 3
ucf/Archery/samples/00608.png 3
ucf/Archery/samples/00609.png 3
ucf/Archery/samples/00610.png 3
ucf/Archery/samples/00611.png 3
ucf/Archery/samples/00612.png 3
ucf/Archery/samples/00613.png 3
ucf/Archery/samples/00614.png 3
ucf/Archery/samples/00615.png 3
ucf/Archery/samples/00616.png 3
ucf/Archery/samples/00617.png 3
ucf/Archery/samples/00618.png 3
ucf/Archery/samples/00619.png 3
ucf/Archery/samples/00620.png 3
ucf/Archery/samples/00621.png 3
ucf/Archery/samples/00622.png 3
ucf/Archery/samples/00623.png 3
ucf/Archery/samples/00624.png 3
ucf/Archery/samples/00625.png 3
ucf/Archery/samples/00626.png 3
ucf/Archery/samples/00627.png 3
ucf/Archery/samples/00628.png 3
ucf/Archery/samples/00629.png 3
ucf/Archery/samples/00630.png 3
ucf/Archery/samples/00631.png 3
ucf/Archery/samples/00632.png 3
ucf/Archery/samples/00633.png 3
ucf/Archery/samples/00634.png 3
ucf/Archery/samples/00635.png 3
ucf/Archery/samples/00636.png 3
ucf/Archery/samples/00637.png 3
ucf/Archery/samples/00638.png 3
ucf/Archery/samples/00639.png 3
ucf/Archery/samples/00640.png 3
ucf/Archery/samples/00641.png 3
ucf/Archery/samples/00642.png 3
ucf/Archery/samples/00643.png 3
ucf/Archery/samples/00644.png 3
ucf/Archery/samples/00645.png 3
ucf/Archery/samples/00646.png 3
ucf/Archery/samples/00647.png 3
ucf/Archery/samples/00648.png 3
ucf/Archery/samples/00649.png 3
ucf/Archery/samples/00650.png 3
ucf/Archery/samples/00651.png 3
ucf/Archery/samples/00652.png 3
ucf/Archery/samples/00653.png 3
ucf/Archery/samples/00654.png 3
ucf/Archery/samples/00655.png 3
ucf/Archery/samples/00656.png 3
ucf/Archery/samples/00657.png 3
ucf/Archery/samples/00658.png 3
ucf/Archery/samples/00659.png 3
ucf/Archery/samples/00660.png 3
ucf/Archery/samples/00661.png 3
ucf/Archery/samples/00662.png 3
ucf/Archery/samples/00663.png 3
ucf/Archery/samples/00664.png 3
ucf/Archery/samples/00665.png 3
ucf/Archery/samples/00666.png 3
ucf/Archery/samples/00667.png 3
ucf/Archery/samples/00668.png 3
ucf/Archery/samples/00669.png 3
ucf/Archery/samples/00670.png 3
ucf/Archery/samples/00671.png 3
ucf/Archery/samples/00672.png 3
ucf/Archery/samples/00673.png 3
ucf/Archery/samples/00674.png 3
ucf/Archery/samples/00675.png 3
ucf/Archery/samples/00676.png 3
ucf/Archery/samples/00677.png 3
ucf/Archery/samples/00678.png 3
ucf/Archery/samples/00679.png 3
ucf/Archery/samples/00680.png 3
ucf/Archery/samples/00681.png 3
ucf/Archery/samples/00682.png 3
ucf/Archery/samples/00683.png 3
ucf/Archery/samples/00684.png 3
ucf/Archery/samples/00685.png 3
ucf/Archery/samples/00686.png 3
ucf/Archery/samples/00687.png 3
ucf/Archery/samples/00688.png 3
ucf/Archery/samples/00689.png 3
ucf/Archery/samples/00690.png 3
ucf/Archery/samples/00691.png 3
ucf/Archery/samples/00692.png 3
ucf/Archery/samples/00693.png 3
ucf/Archery/samples/00694.png 3
ucf/Archery/samples/00695.png 3
ucf/Archery/samples/00696.png 3
ucf/Archery/samples/00697.png 3
ucf/Archery/samples/00698.png 3
ucf/Archery/samples/00699.png 3
ucf/Archery/samples/00700.png 3
ucf/Archery/samples/00701.png 3
ucf/Archery/samples/00702.png 3
ucf/Archery/samples/00703.png 3
ucf/Archery/samples/00704.png 3
ucf/Archery/samples/00705.png 3
ucf/Archery/samples/00706.png 3
ucf/Archery/samples/00707.png 3
ucf/Archery/samples/00708.png 3
ucf/Archery/samples/00709.png 3
ucf/Archery/samples/00710.png 3
ucf/Archery/samples/00711.png 3
ucf/Archery/samples/00712.png 3
ucf/Archery/samples/00713.png 3
ucf/Archery/samples/00714.png 3
ucf/Archery/samples/00715.png 3
ucf/Archery/samples/00716.png 3
ucf/Archery/samples/00717.png 3
ucf/Archery/samples/00718.png 3
ucf/Archery/samples/00719.png 3
ucf/Archery/samples/00720.png 3
ucf/Archery/samples/00721.png 3
ucf/Archery/samples/00722.png 3
ucf/Archery/samples/00723.png 3
ucf/Archery/samples/00724.png 3
ucf/Archery/samples/00725.png 3
ucf/Archery/samples/00726.png 3
ucf/Archery/samples/00727.png 3
ucf/Archery/samples/00728.png 3
ucf/Archery/samples/00729.png 3
ucf/Archery/samples/00730.png 3
ucf/Archery/samples/00731.png 3
ucf/Archery/samples/00732.png 3
ucf/Archery/samples/00733.png 3
ucf/Archery/samples/00734.png 3
ucf/Archery/samples/00735.png 3
ucf/Archery/samples/00736.png 3
ucf/Archery/samples/00737.png 3
ucf/Archery/samples/00738.png 3
ucf/Archery/samples/00739.png 3
ucf/Archery/samples/00740.png 3
ucf/Archery/samples/00741.png 3
ucf/Archery/samples/00742.png 3
ucf/Archery/samples/00743.png 3
ucf/Archery/samples/00744.png 3
ucf/Archery/samples/00745.png 3
ucf/Archery/samples/00746.png 3
ucf/Archery/samples/00747.png 3
ucf/Archery/samples/00748.png 3
ucf/Archery/samples/00749.png 3
ucf/Archery/samples/00750.png 3
ucf/Archery/samples/00751.png 3
ucf/Archery/samples/00752.png 3
ucf/Archery/samples/00753.png 3
ucf/Archery/samples/00754.png 3
ucf/Archery/samples/00755.png 3
ucf/Archery/samples/00756.png 3
ucf/Archery/samples/00757.png 3
ucf/Archery/samples/00758.png 3
ucf/Archery/samples/00759.png 3
ucf/Archery/samples/00760.png 3
ucf/Archery/samples/00761.png 3
ucf/Archery/samples/00762.png 3
ucf/Archery/samples/00763.png 3
ucf/Archery/samples/00764.png 3
ucf/Archery/samples/00765.png 3
ucf/Archery/samples/00766.png 3
ucf/Archery/samples/00767.png 3
ucf/Archery/samples/00768.png 3
ucf/Archery/samples/00769.png 3
ucf/Archery/samples/00770.png 3
ucf/Archery/samples/00771.png 3
ucf/Archery/samples/00772.png 3
ucf/Archery/samples/00773.png 3
ucf/Archery/samples/00774.png 3
ucf/Archery/samples/00775.png 3
ucf/Archery/samples/00776.png 3
ucf/Archery/samples/00777.png 3
ucf/Archery/samples/00778.png 3
ucf/Archery/samples/00779.png 3
ucf/Archery/samples/00780.png 3
ucf/Archery/samples/00781.png 3
ucf/Archery/samples/00782.png 3
ucf/Archery/samples/00783.png 3
ucf/Archery/samples/00784.png 3
ucf/Archery/samples/00785.png 3
ucf/Archery/samples/00786.png 3
ucf/Archery/samples/00787.png 3
ucf/Archery/samples/00788.png 3
ucf/Archery/samples/00789.png 3
ucf/Archery/samples/00790.png 3
ucf/Archery/samples/00791.png 3
ucf/Archery/samples/00792.png 3
ucf/Archery/samples/00793.png 3
ucf/Archery/samples/00794.png 3
ucf/Archery/samples/00795.png 3
ucf/Archery/samples/00796.png 3
ucf/Archery/samples/00797.png 3
ucf/Archery/samples/00798.png 3
ucf/Archery/samples/00799.png 3
ucf/Archery/samples/00800.png 3
ucf/Archery/samples/00801.png 3
ucf/Archery/samples/00802.png 3
ucf/Archery/samples/00803.png 3
ucf/Archery/samples/00804.png 3
ucf/Archery/samples/00805.png 3
ucf/Archery/samples/00806.png 3
ucf/Archery/samples/00807.png 3
ucf/Archery/samples/00808.png 3
ucf/Archery/samples/00809.png 3
ucf/Archery/samples/00810.png 3
ucf/Archery/samples/00811.png 3
ucf/Archery/samples/00812.png 3
ucf/Archery/samples/00813.png 3
ucf/Archery/samples/00814.png 3
ucf/Archery/samples/00815.png 3
ucf/Archery/samples/00816.png 3
ucf/Archery/samples/00817.png 3
ucf/Archery/samples/00818.png 3
ucf/Archery/samples/00819.png 3
ucf/Archery/samples/00820.png 3
ucf/Archery/samples/00821.png 3
ucf/Archery/samples/00822.png 3
ucf/Archery/samples/00823.png 3
ucf/Archery/samples/00824.png 3
ucf/Archery/samples/00825.png 3
ucf/Archery/samples/00826.png 3
ucf/Archery/samples/00827.png 3
ucf/Archery/samples/00828.png 3
ucf/Archery/samples/00829.png 3
ucf/Archery/samples/00830.png 3
ucf/Archery/samples/00831.png 3
ucf/Archery/samples/00832.png 3
ucf/Archery/samples/00833.png 3
ucf/Archery/samples/00834.png 3
ucf/Archery/samples/00835.png 3
ucf/Archery/samples/00836.png 3
ucf/Archery/samples/00837.png 3
ucf/Archery/samples/00838.png 3
ucf/Archery/samples/00839.png 3
ucf/Archery/samples/00840.png 3
ucf/Archery/samples/00841.png 3
ucf/Archery/samples/00842.png 3
ucf/Archery/samples/00843.png 3
ucf/Archery/samples/00844.png 3
ucf/Archery/samples/00845.png 3
ucf/Archery/samples/00846.png 3
ucf/Archery/samples/00847.png 3
ucf/Archery/samples/00848.png 3
ucf/Archery/samples/00849.png 3
ucf/Archery/samples/00850.png 3
ucf/Archery/samples/00851.png 3
ucf/Archery/samples/00852.png 3
ucf/Archery/samples/00853.png 3
ucf/Archery/samples/00854.png 3
ucf/Archery/samples/00855.png 3
ucf/Archery/samples/00856.png 3
ucf/Archery/samples/00857.png 3
ucf/Archery/samples/00858.png 3
ucf/Archery/samples/00859.png 3
ucf/Archery/samples/00860.png 3
ucf/Archery/samples/00861.png 3
ucf/Archery/samples/00862.png 3
ucf/Archery/samples/00863.png 3
ucf/Archery/samples/00864.png 3
ucf/Archery/samples/00865.png 3
ucf/Archery/samples/00866.png 3
ucf/Archery/samples/00867.png 3
ucf/Archery/samples/00868.png 3
ucf/Archery/samples/00869.png 3
ucf/Archery/samples/00870.png 3
ucf/Archery/samples/00871.png 3
ucf/Archery/samples/00872.png 3
ucf/Archery/samples/00873.png 3
ucf/Archery/samples/00874.png 3
ucf/Archery/samples/00875.png 3
ucf/Archery/samples/00876.png 3
ucf/Archery/samples/00877.png 3
ucf/Archery/samples/00878.png 3
ucf/Archery/samples/00879.png 3
ucf/Archery/samples/00880.png 3
ucf/Archery/samples/00881.png 3
ucf/Archery/samples/00882.png 3
ucf/Archery/samples/00883.png 3
ucf/Archery/samples/00884.png 3
ucf/Archery/samples/00885.png 3
ucf/Archery/samples/00886.png 3
ucf/Archery/samples/00887.png 3
ucf/Archery/samples/00888.png 3
ucf/Archery/samples/00889.png 3
ucf/Archery/samples/00890.png 3
ucf/Archery/samples/00891.png 3
ucf/Archery/samples/00892.png 3
ucf/Archery/samples/00893.png 3
ucf/Archery/samples/00894.png 3
ucf/Archery/samples/00895.png 3
ucf/Archery/samples/00896.png 3
ucf/Archery/samples/00897.png 3
ucf/Archery/samples/00898.png 3
ucf/Archery/samples/00899.png 3
ucf/Archery/samples/00900.png 3
ucf/Archery/samples/00901.png 3
ucf/Archery/samples/00902.png 3
ucf/Archery/samples/00903.png 3
ucf/Archery/samples/00904.png 3
ucf/Archery/samples/00905.png 3
ucf/Archery/samples/00906.png 3
ucf/Archery/samples/00907.png 3
ucf/Archery/samples/00908.png 3
ucf/Archery/samples/00909.png 3
ucf/Archery/samples/00910.png 3
ucf/Archery/samples/00911.png 3
ucf/Archery/samples/00912.png 3
ucf/Archery/samples/00913.png 3
ucf/Archery/samples/00914.png 3
ucf/Archery/samples/00915.png 3
ucf/Archery/samples/00916.png 3
ucf/Archery/samples/00917.png 3
ucf/Archery/samples/00918.png 3
ucf/Archery/samples/00919.png 3
ucf/Archery/samples/00920.png 3
ucf/Archery/samples/00921.png 3
ucf/Archery/samples/00922.png 3
ucf/Archery/samples/00923.png 3
ucf/Archery/samples/00924.png 3
ucf/Archery/samples/00925.png 3
ucf/Archery/samples/00926.png 3
ucf/Archery/samples/00927.png 3
ucf/Archery/samples/00928.png 3
ucf/Archery/samples/00929.png 3
ucf/Archery/samples/00930.png 3
ucf/Archery/samples/00931.png 3
ucf/Archery/samples/00932.png 3
ucf/Archery/samples/00933.png 3
ucf/Archery/samples/00934.png 3
ucf/Archery/samples/00935.png 3
ucf/Archery/samples/00936.png 3
ucf/Archery/samples/00937.png 3
ucf/Archery/samples/00938.png 3
ucf/Archery/samples/00939.png 3
ucf/Archery/samples/00940.png 3
ucf/Archery/samples/00941.png 3
ucf/Archery/samples/00942.png 3
ucf/Archery/samples/00943.png 3
ucf/Archery/samples/00944.png 3
ucf/Archery/samples/00945.png 3
ucf/Archery/samples/00946.png 3
ucf/Archery/samples/00947.png 3
ucf/Archery/samples/00948.png 3
ucf/Archery/samples/00949.png 3
ucf/Archery/samples/00950.png 3
ucf/Archery/samples/00951.png 3
ucf/Archery/samples/00952.png 3
ucf/Archery/samples/00953.png 3
ucf/Archery/samples/00954.png 3
ucf/Archery/samples/00955.png 3
ucf/Archery/samples/00956.png 3
ucf/Archery/samples/00957.png 3
ucf/Archery/samples/00958.png 3
ucf/Archery/samples/00959.png 3
ucf/Archery/samples/00960.png 3
ucf/Archery/samples/00961.png 3
ucf/Archery/samples/00962.png 3
ucf/Archery/samples/00963.png 3
ucf/Archery/samples/00964.png 3
ucf/Archery/samples/00965.png 3
ucf/Archery/samples/00966.png 3
ucf/Archery/samples/00967.png 3
ucf/Archery/samples/00968.png 3
ucf/Archery/samples/00969.png 3
ucf/Archery/samples/00970.png 3
ucf/Archery/samples/00971.png 3
ucf/Archery/samples/00972.png 3
ucf/Archery/samples/00973.png 3
ucf/Archery/samples/00974.png 3
ucf/Archery/samples/00975.png 3
ucf/Archery/samples/00976.png 3
ucf/Archery/samples/00977.png 3
ucf/Archery/samples/00978.png 3
ucf/Archery/samples/00979.png 3
ucf/Archery/samples/00980.png 3
ucf/Archery/samples/00981.png 3
ucf/Archery/samples/00982.png 3
ucf/Archery/samples/00983.png 3
ucf/Archery/samples/00984.png 3
ucf/Archery/samples/00985.png 3
ucf/Archery/samples/00986.png 3
ucf/Archery/samples/00987.png 3
ucf/Archery/samples/00988.png 3
ucf/Archery/samples/00989.png 3
ucf/Archery/samples/00990.png 3
ucf/Archery/samples/00991.png 3
ucf/Archery/samples/00992.png 3
ucf/Archery/samples/00993.png 3
ucf/Archery/samples/00994.png 3
ucf/Archery/samples/00995.png 3
ucf/Archery/samples/00996.png 3
ucf/Archery/samples/00997.png 3
ucf/Archery/samples/00998.png 3
ucf/Archery/samples/00999.png 3
ucf/HeadMassage/samples/00000.png 39
ucf/HeadMassage/samples/00001.png 39
ucf/HeadMassage/samples/00002.png 39
ucf/HeadMassage/samples/00003.png 39
ucf/HeadMassage/samples/00004.png 39
ucf/HeadMassage/samples/00005.png 39
ucf/HeadMassage/samples/00006.png 39
ucf/HeadMassage/samples/00007.png 39
ucf/HeadMassage/samples/00008.png 39
ucf/HeadMassage/samples/00009.png 39
ucf/HeadMassage/samples/00010.png 39
ucf/HeadMassage/samples/00011.png 39
ucf/HeadMassage/samples/00012.png 39
ucf/HeadMassage/samples/00013.png 39
ucf/HeadMassage/samples/00014.png 39
ucf/HeadMassage/samples/00015.png 39
ucf/HeadMassage/samples/00016.png 39
ucf/HeadMassage/samples/00017.png 39
ucf/HeadMassage/samples/00018.png 39
ucf/HeadMassage/samples/00019.png 39
ucf/HeadMassage/samples/00020.png 39
ucf/HeadMassage/samples/00021.png 39
ucf/HeadMassage/samples/00022.png 39
ucf/HeadMassage/samples/00023.png 39
ucf/HeadMassage/samples/00024.png 39
ucf/HeadMassage/samples/00025.png 39
ucf/HeadMassage/samples/00026.png 39
ucf/HeadMassage/samples/00027.png 39
ucf/HeadMassage/samples/00028.png 39
ucf/HeadMassage/samples/00029.png 39
ucf/HeadMassage/samples/00030.png 39
ucf/HeadMassage/samples/00031.png 39
ucf/HeadMassage/samples/00032.png 39
ucf/HeadMassage/samples/00033.png 39
ucf/HeadMassage/samples/00034.png 39
ucf/HeadMassage/samples/00035.png 39
ucf/HeadMassage/samples/00036.png 39
ucf/HeadMassage/samples/00037.png 39
ucf/HeadMassage/samples/00038.png 39
ucf/HeadMassage/samples/00039.png 39
ucf/HeadMassage/samples/00040.png 39
ucf/HeadMassage/samples/00041.png 39
ucf/HeadMassage/samples/00042.png 39
ucf/HeadMassage/samples/00043.png 39
ucf/HeadMassage/samples/00044.png 39
ucf/HeadMassage/samples/00045.png 39
ucf/HeadMassage/samples/00046.png 39
ucf/HeadMassage/samples/00047.png 39
ucf/HeadMassage/samples/00048.png 39
ucf/HeadMassage/samples/00049.png 39
ucf/HeadMassage/samples/00050.png 39
ucf/HeadMassage/samples/00051.png 39
ucf/HeadMassage/samples/00052.png 39
ucf/HeadMassage/samples/00053.png 39
ucf/HeadMassage/samples/00054.png 39
ucf/HeadMassage/samples/00055.png 39
ucf/HeadMassage/samples/00056.png 39
ucf/HeadMassage/samples/00057.png 39
ucf/HeadMassage/samples/00058.png 39
ucf/HeadMassage/samples/00059.png 39
ucf/HeadMassage/samples/00060.png 39
ucf/HeadMassage/samples/00061.png 39
ucf/HeadMassage/samples/00062.png 39
ucf/HeadMassage/samples/00063.png 39
ucf/HeadMassage/samples/00064.png 39
ucf/HeadMassage/samples/00065.png 39
ucf/HeadMassage/samples/00066.png 39
ucf/HeadMassage/samples/00067.png 39
ucf/HeadMassage/samples/00068.png 39
ucf/HeadMassage/samples/00069.png 39
ucf/HeadMassage/samples/00070.png 39
ucf/HeadMassage/samples/00071.png 39
ucf/HeadMassage/samples/00072.png 39
ucf/HeadMassage/samples/00073.png 39
ucf/HeadMassage/samples/00074.png 39
ucf/HeadMassage/samples/00075.png 39
ucf/HeadMassage/samples/00076.png 39
ucf/HeadMassage/samples/00077.png 39
ucf/HeadMassage/samples/00078.png 39
ucf/HeadMassage/samples/00079.png 39
ucf/HeadMassage/samples/00080.png 39
ucf/HeadMassage/samples/00081.png 39
ucf/HeadMassage/samples/00082.png 39
ucf/HeadMassage/samples/00083.png 39
ucf/HeadMassage/samples/00084.png 39
ucf/HeadMassage/samples/00085.png 39
ucf/HeadMassage/samples/00086.png 39
ucf/HeadMassage/samples/00087.png 39
ucf/HeadMassage/samples/00088.png 39
ucf/HeadMassage/samples/00089.png 39
ucf/HeadMassage/samples/00090.png 39
ucf/HeadMassage/samples/00091.png 39
ucf/HeadMassage/samples/00092.png 39
ucf/HeadMassage/samples/00093.png 39
ucf/HeadMassage/samples/00094.png 39
ucf/HeadMassage/samples/00095.png 39
ucf/HeadMassage/samples/00096.png 39
ucf/HeadMassage/samples/00097.png 39
ucf/HeadMassage/samples/00098.png 39
ucf/HeadMassage/samples/00099.png 39
ucf/HeadMassage/samples/00100.png 39
ucf/HeadMassage/samples/00101.png 39
ucf/HeadMassage/samples/00102.png 39
ucf/HeadMassage/samples/00103.png 39
ucf/HeadMassage/samples/00104.png 39
ucf/HeadMassage/samples/00105.png 39
ucf/HeadMassage/samples/00106.png 39
ucf/HeadMassage/samples/00107.png 39
ucf/HeadMassage/samples/00108.png 39
ucf/HeadMassage/samples/00109.png 39
ucf/HeadMassage/samples/00110.png 39
ucf/HeadMassage/samples/00111.png 39
ucf/HeadMassage/samples/00112.png 39
ucf/HeadMassage/samples/00113.png 39
ucf/HeadMassage/samples/00114.png 39
ucf/HeadMassage/samples/00115.png 39
ucf/HeadMassage/samples/00116.png 39
ucf/HeadMassage/samples/00117.png 39
ucf/HeadMassage/samples/00118.png 39
ucf/HeadMassage/samples/00119.png 39
ucf/HeadMassage/samples/00120.png 39
ucf/HeadMassage/samples/00121.png 39
ucf/HeadMassage/samples/00122.png 39
ucf/HeadMassage/samples/00123.png 39
ucf/HeadMassage/samples/00124.png 39
ucf/HeadMassage/samples/00125.png 39
ucf/HeadMassage/samples/00126.png 39
ucf/HeadMassage/samples/00127.png 39
ucf/HeadMassage/samples/00128.png 39
ucf/HeadMassage/samples/00129.png 39
ucf/HeadMassage/samples/00130.png 39
ucf/HeadMassage/samples/00131.png 39
ucf/HeadMassage/samples/00132.png 39
ucf/HeadMassage/samples/00133.png 39
ucf/HeadMassage/samples/00134.png 39
ucf/HeadMassage/samples/00135.png 39
ucf/HeadMassage/samples/00136.png 39
ucf/HeadMassage/samples/00137.png 39
ucf/HeadMassage/samples/00138.png 39
ucf/HeadMassage/samples/00139.png 39
ucf/HeadMassage/samples/00140.png 39
ucf/HeadMassage/samples/00141.png 39
ucf/HeadMassage/samples/00142.png 39
ucf/HeadMassage/samples/00143.png 39
ucf/HeadMassage/samples/00144.png 39
ucf/HeadMassage/samples/00145.png 39
ucf/HeadMassage/samples/00146.png 39
ucf/HeadMassage/samples/00147.png 39
ucf/HeadMassage/samples/00148.png 39
ucf/HeadMassage/samples/00149.png 39
ucf/HeadMassage/samples/00150.png 39
ucf/HeadMassage/samples/00151.png 39
ucf/HeadMassage/samples/00152.png 39
ucf/HeadMassage/samples/00153.png 39
ucf/HeadMassage/samples/00154.png 39
ucf/HeadMassage/samples/00155.png 39
ucf/HeadMassage/samples/00156.png 39
ucf/HeadMassage/samples/00157.png 39
ucf/HeadMassage/samples/00158.png 39
ucf/HeadMassage/samples/00159.png 39
ucf/HeadMassage/samples/00160.png 39
ucf/HeadMassage/samples/00161.png 39
ucf/HeadMassage/samples/00162.png 39
ucf/HeadMassage/samples/00163.png 39
ucf/HeadMassage/samples/00164.png 39
ucf/HeadMassage/samples/00165.png 39
ucf/HeadMassage/samples/00166.png 39
ucf/HeadMassage/samples/00167.png 39
ucf/HeadMassage/samples/00168.png 39
ucf/HeadMassage/samples/00169.png 39
ucf/HeadMassage/samples/00170.png 39
ucf/HeadMassage/samples/00171.png 39
ucf/HeadMassage/samples/00172.png 39
ucf/HeadMassage/samples/00173.png 39
ucf/HeadMassage/samples/00174.png 39
ucf/HeadMassage/samples/00175.png 39
ucf/HeadMassage/samples/00176.png 39
ucf/HeadMassage/samples/00177.png 39
ucf/HeadMassage/samples/00178.png 39
ucf/HeadMassage/samples/00179.png 39
ucf/HeadMassage/samples/00180.png 39
ucf/HeadMassage/samples/00181.png 39
ucf/HeadMassage/samples/00182.png 39
ucf/HeadMassage/samples/00183.png 39
ucf/HeadMassage/samples/00184.png 39
ucf/HeadMassage/samples/00185.png 39
ucf/HeadMassage/samples/00186.png 39
ucf/HeadMassage/samples/00187.png 39
ucf/HeadMassage/samples/00188.png 39
ucf/HeadMassage/samples/00189.png 39
ucf/HeadMassage/samples/00190.png 39
ucf/HeadMassage/samples/00191.png 39
ucf/HeadMassage/samples/00192.png 39
ucf/HeadMassage/samples/00193.png 39
ucf/HeadMassage/samples/00194.png 39
ucf/HeadMassage/samples/00195.png 39
ucf/HeadMassage/samples/00196.png 39
ucf/HeadMassage/samples/00197.png 39
ucf/HeadMassage/samples/00198.png 39
ucf/HeadMassage/samples/00199.png 39
ucf/HeadMassage/samples/00200.png 39
ucf/HeadMassage/samples/00201.png 39
ucf/HeadMassage/samples/00202.png 39
ucf/HeadMassage/samples/00203.png 39
ucf/HeadMassage/samples/00204.png 39
ucf/HeadMassage/samples/00205.png 39
ucf/HeadMassage/samples/00206.png 39
ucf/HeadMassage/samples/00207.png 39
ucf/HeadMassage/samples/00208.png 39
ucf/HeadMassage/samples/00209.png 39
ucf/HeadMassage/samples/00210.png 39
ucf/HeadMassage/samples/00211.png 39
ucf/HeadMassage/samples/00212.png 39
ucf/HeadMassage/samples/00213.png 39
ucf/HeadMassage/samples/00214.png 39
ucf/HeadMassage/samples/00215.png 39
ucf/HeadMassage/samples/00216.png 39
ucf/HeadMassage/samples/00217.png 39
ucf/HeadMassage/samples/00218.png 39
ucf/HeadMassage/samples/00219.png 39
ucf/HeadMassage/samples/00220.png 39
ucf/HeadMassage/samples/00221.png 39
ucf/HeadMassage/samples/00222.png 39
ucf/HeadMassage/samples/00223.png 39
ucf/HeadMassage/samples/00224.png 39
ucf/HeadMassage/samples/00225.png 39
ucf/HeadMassage/samples/00226.png 39
ucf/HeadMassage/samples/00227.png 39
ucf/HeadMassage/samples/00228.png 39
ucf/HeadMassage/samples/00229.png 39
ucf/HeadMassage/samples/00230.png 39
ucf/HeadMassage/samples/00231.png 39
ucf/HeadMassage/samples/00232.png 39
ucf/HeadMassage/samples/00233.png 39
ucf/HeadMassage/samples/00234.png 39
ucf/HeadMassage/samples/00235.png 39
ucf/HeadMassage/samples/00236.png 39
ucf/HeadMassage/samples/00237.png 39
ucf/HeadMassage/samples/00238.png 39
ucf/HeadMassage/samples/00239.png 39
ucf/HeadMassage/samples/00240.png 39
ucf/HeadMassage/samples/00241.png 39
ucf/HeadMassage/samples/00242.png 39
ucf/HeadMassage/samples/00243.png 39
ucf/HeadMassage/samples/00244.png 39
ucf/HeadMassage/samples/00245.png 39
ucf/HeadMassage/samples/00246.png 39
ucf/HeadMassage/samples/00247.png 39
ucf/HeadMassage/samples/00248.png 39
ucf/HeadMassage/samples/00249.png 39
ucf/HeadMassage/samples/00250.png 39
ucf/HeadMassage/samples/00251.png 39
ucf/HeadMassage/samples/00252.png 39
ucf/HeadMassage/samples/00253.png 39
ucf/HeadMassage/samples/00254.png 39
ucf/HeadMassage/samples/00255.png 39
ucf/HeadMassage/samples/00256.png 39
ucf/HeadMassage/samples/00257.png 39
ucf/HeadMassage/samples/00258.png 39
ucf/HeadMassage/samples/00259.png 39
ucf/HeadMassage/samples/00260.png 39
ucf/HeadMassage/samples/00261.png 39
ucf/HeadMassage/samples/00262.png 39
ucf/HeadMassage/samples/00263.png 39
ucf/HeadMassage/samples/00264.png 39
ucf/HeadMassage/samples/00265.png 39
ucf/HeadMassage/samples/00266.png 39
ucf/HeadMassage/samples/00267.png 39
ucf/HeadMassage/samples/00268.png 39
ucf/HeadMassage/samples/00269.png 39
ucf/HeadMassage/samples/00270.png 39
ucf/HeadMassage/samples/00271.png 39
ucf/HeadMassage/samples/00272.png 39
ucf/HeadMassage/samples/00273.png 39
ucf/HeadMassage/samples/00274.png 39
ucf/HeadMassage/samples/00275.png 39
ucf/HeadMassage/samples/00276.png 39
ucf/HeadMassage/samples/00277.png 39
ucf/HeadMassage/samples/00278.png 39
ucf/HeadMassage/samples/00279.png 39
ucf/HeadMassage/samples/00280.png 39
ucf/HeadMassage/samples/00281.png 39
ucf/HeadMassage/samples/00282.png 39
ucf/HeadMassage/samples/00283.png 39
ucf/HeadMassage/samples/00284.png 39
ucf/HeadMassage/samples/00285.png 39
ucf/HeadMassage/samples/00286.png 39
ucf/HeadMassage/samples/00287.png 39
ucf/HeadMassage/samples/00288.png 39
ucf/HeadMassage/samples/00289.png 39
ucf/HeadMassage/samples/00290.png 39
ucf/HeadMassage/samples/00291.png 39
ucf/HeadMassage/samples/00292.png 39
ucf/HeadMassage/samples/00293.png 39
ucf/HeadMassage/samples/00294.png 39
ucf/HeadMassage/samples/00295.png 39
ucf/HeadMassage/samples/00296.png 39
ucf/HeadMassage/samples/00297.png 39
ucf/HeadMassage/samples/00298.png 39
ucf/HeadMassage/samples/00299.png 39
ucf/HeadMassage/samples/00300.png 39
ucf/HeadMassage/samples/00301.png 39
ucf/HeadMassage/samples/00302.png 39
ucf/HeadMassage/samples/00303.png 39
ucf/HeadMassage/samples/00304.png 39
ucf/HeadMassage/samples/00305.png 39
ucf/HeadMassage/samples/00306.png 39
ucf/HeadMassage/samples/00307.png 39
ucf/HeadMassage/samples/00308.png 39
ucf/HeadMassage/samples/00309.png 39
ucf/HeadMassage/samples/00310.png 39
ucf/HeadMassage/samples/00311.png 39
ucf/HeadMassage/samples/00312.png 39
ucf/HeadMassage/samples/00313.png 39
ucf/HeadMassage/samples/00314.png 39
ucf/HeadMassage/samples/00315.png 39
ucf/HeadMassage/samples/00316.png 39
ucf/HeadMassage/samples/00317.png 39
ucf/HeadMassage/samples/00318.png 39
ucf/HeadMassage/samples/00319.png 39
ucf/HeadMassage/samples/00320.png 39
ucf/HeadMassage/samples/00321.png 39
ucf/HeadMassage/samples/00322.png 39
ucf/HeadMassage/samples/00323.png 39
ucf/HeadMassage/samples/00324.png 39
ucf/HeadMassage/samples/00325.png 39
ucf/HeadMassage/samples/00326.png 39
ucf/HeadMassage/samples/00327.png 39
ucf/HeadMassage/samples/00328.png 39
ucf/HeadMassage/samples/00329.png 39
ucf/HeadMassage/samples/00330.png 39
ucf/HeadMassage/samples/00331.png 39
ucf/HeadMassage/samples/00332.png 39
ucf/HeadMassage/samples/00333.png 39
ucf/HeadMassage/samples/00334.png 39
ucf/HeadMassage/samples/00335.png 39
ucf/HeadMassage/samples/00336.png 39
ucf/HeadMassage/samples/00337.png 39
ucf/HeadMassage/samples/00338.png 39
ucf/HeadMassage/samples/00339.png 39
ucf/HeadMassage/samples/00340.png 39
ucf/HeadMassage/samples/00341.png 39
ucf/HeadMassage/samples/00342.png 39
ucf/HeadMassage/samples/00343.png 39
ucf/HeadMassage/samples/00344.png 39
ucf/HeadMassage/samples/00345.png 39
ucf/HeadMassage/samples/00346.png 39
ucf/HeadMassage/samples/00347.png 39
ucf/HeadMassage/samples/00348.png 39
ucf/HeadMassage/samples/00349.png 39
ucf/HeadMassage/samples/00350.png 39
ucf/HeadMassage/samples/00351.png 39
ucf/HeadMassage/samples/00352.png 39
ucf/HeadMassage/samples/00353.png 39
ucf/HeadMassage/samples/00354.png 39
ucf/HeadMassage/samples/00355.png 39
ucf/HeadMassage/samples/00356.png 39
ucf/HeadMassage/samples/00357.png 39
ucf/HeadMassage/samples/00358.png 39
ucf/HeadMassage/samples/00359.png 39
ucf/HeadMassage/samples/00360.png 39
ucf/HeadMassage/samples/00361.png 39
ucf/HeadMassage/samples/00362.png 39
ucf/HeadMassage/samples/00363.png 39
ucf/HeadMassage/samples/00364.png 39
ucf/HeadMassage/samples/00365.png 39
ucf/HeadMassage/samples/00366.png 39
ucf/HeadMassage/samples/00367.png 39
ucf/HeadMassage/samples/00368.png 39
ucf/HeadMassage/samples/00369.png 39
ucf/HeadMassage/samples/00370.png 39
ucf/HeadMassage/samples/00371.png 39
ucf/HeadMassage/samples/00372.png 39
ucf/HeadMassage/samples/00373.png 39
ucf/HeadMassage/samples/00374.png 39
ucf/HeadMassage/samples/00375.png 39
ucf/HeadMassage/samples/00376.png 39
ucf/HeadMassage/samples/00377.png 39
ucf/HeadMassage/samples/00378.png 39
ucf/HeadMassage/samples/00379.png 39
ucf/HeadMassage/samples/00380.png 39
ucf/HeadMassage/samples/00381.png 39
ucf/HeadMassage/samples/00382.png 39
ucf/HeadMassage/samples/00383.png 39
ucf/HeadMassage/samples/00384.png 39
ucf/HeadMassage/samples/00385.png 39
ucf/HeadMassage/samples/00386.png 39
ucf/HeadMassage/samples/00387.png 39
ucf/HeadMassage/samples/00388.png 39
ucf/HeadMassage/samples/00389.png 39
ucf/HeadMassage/samples/00390.png 39
ucf/HeadMassage/samples/00391.png 39
ucf/HeadMassage/samples/00392.png 39
ucf/HeadMassage/samples/00393.png 39
ucf/HeadMassage/samples/00394.png 39
ucf/HeadMassage/samples/00395.png 39
ucf/HeadMassage/samples/00396.png 39
ucf/HeadMassage/samples/00397.png 39
ucf/HeadMassage/samples/00398.png 39
ucf/HeadMassage/samples/00399.png 39
ucf/HeadMassage/samples/00400.png 39
ucf/HeadMassage/samples/00401.png 39
ucf/HeadMassage/samples/00402.png 39
ucf/HeadMassage/samples/00403.png 39
ucf/HeadMassage/samples/00404.png 39
ucf/HeadMassage/samples/00405.png 39
ucf/HeadMassage/samples/00406.png 39
ucf/HeadMassage/samples/00407.png 39
ucf/HeadMassage/samples/00408.png 39
ucf/HeadMassage/samples/00409.png 39
ucf/HeadMassage/samples/00410.png 39
ucf/HeadMassage/samples/00411.png 39
ucf/HeadMassage/samples/00412.png 39
ucf/HeadMassage/samples/00413.png 39
ucf/HeadMassage/samples/00414.png 39
ucf/HeadMassage/samples/00415.png 39
ucf/HeadMassage/samples/00416.png 39
ucf/HeadMassage/samples/00417.png 39
ucf/HeadMassage/samples/00418.png 39
ucf/HeadMassage/samples/00419.png 39
ucf/HeadMassage/samples/00420.png 39
ucf/HeadMassage/samples/00421.png 39
ucf/HeadMassage/samples/00422.png 39
ucf/HeadMassage/samples/00423.png 39
ucf/HeadMassage/samples/00424.png 39
ucf/HeadMassage/samples/00425.png 39
ucf/HeadMassage/samples/00426.png 39
ucf/HeadMassage/samples/00427.png 39
ucf/HeadMassage/samples/00428.png 39
ucf/HeadMassage/samples/00429.png 39
ucf/HeadMassage/samples/00430.png 39
ucf/HeadMassage/samples/00431.png 39
ucf/HeadMassage/samples/00432.png 39
ucf/HeadMassage/samples/00433.png 39
ucf/HeadMassage/samples/00434.png 39
ucf/HeadMassage/samples/00435.png 39
ucf/HeadMassage/samples/00436.png 39
ucf/HeadMassage/samples/00437.png 39
ucf/HeadMassage/samples/00438.png 39
ucf/HeadMassage/samples/00439.png 39
ucf/HeadMassage/samples/00440.png 39
ucf/HeadMassage/samples/00441.png 39
ucf/HeadMassage/samples/00442.png 39
ucf/HeadMassage/samples/00443.png 39
ucf/HeadMassage/samples/00444.png 39
ucf/HeadMassage/samples/00445.png 39
ucf/HeadMassage/samples/00446.png 39
ucf/HeadMassage/samples/00447.png 39
ucf/HeadMassage/samples/00448.png 39
ucf/HeadMassage/samples/00449.png 39
ucf/HeadMassage/samples/00450.png 39
ucf/HeadMassage/samples/00451.png 39
ucf/HeadMassage/samples/00452.png 39
ucf/HeadMassage/samples/00453.png 39
ucf/HeadMassage/samples/00454.png 39
ucf/HeadMassage/samples/00455.png 39
ucf/HeadMassage/samples/00456.png 39
ucf/HeadMassage/samples/00457.png 39
ucf/HeadMassage/samples/00458.png 39
ucf/HeadMassage/samples/00459.png 39
ucf/HeadMassage/samples/00460.png 39
ucf/HeadMassage/samples/00461.png 39
ucf/HeadMassage/samples/00462.png 39
ucf/HeadMassage/samples/00463.png 39
ucf/HeadMassage/samples/00464.png 39
ucf/HeadMassage/samples/00465.png 39
ucf/HeadMassage/samples/00466.png 39
ucf/HeadMassage/samples/00467.png 39
ucf/HeadMassage/samples/00468.png 39
ucf/HeadMassage/samples/00469.png 39
ucf/HeadMassage/samples/00470.png 39
ucf/HeadMassage/samples/00471.png 39
ucf/HeadMassage/samples/00472.png 39
ucf/HeadMassage/samples/00473.png 39
ucf/HeadMassage/samples/00474.png 39
ucf/HeadMassage/samples/00475.png 39
ucf/HeadMassage/samples/00476.png 39
ucf/HeadMassage/samples/00477.png 39
ucf/HeadMassage/samples/00478.png 39
ucf/HeadMassage/samples/00479.png 39
ucf/HeadMassage/samples/00480.png 39
ucf/HeadMassage/samples/00481.png 39
ucf/HeadMassage/samples/00482.png 39
ucf/HeadMassage/samples/00483.png 39
ucf/HeadMassage/samples/00484.png 39
ucf/HeadMassage/samples/00485.png 39
ucf/HeadMassage/samples/00486.png 39
ucf/HeadMassage/samples/00487.png 39
ucf/HeadMassage/samples/00488.png 39
ucf/HeadMassage/samples/00489.png 39
ucf/HeadMassage/samples/00490.png 39
ucf/HeadMassage/samples/00491.png 39
ucf/HeadMassage/samples/00492.png 39
ucf/HeadMassage/samples/00493.png 39
ucf/HeadMassage/samples/00494.png 39
ucf/HeadMassage/samples/00495.png 39
ucf/HeadMassage/samples/00496.png 39
ucf/HeadMassage/samples/00497.png 39
ucf/HeadMassage/samples/00498.png 39
ucf/HeadMassage/samples/00499.png 39
ucf/HeadMassage/samples/00500.png 39
ucf/HeadMassage/samples/00501.png 39
ucf/HeadMassage/samples/00502.png 39
ucf/HeadMassage/samples/00503.png 39
ucf/HeadMassage/samples/00504.png 39
ucf/HeadMassage/samples/00505.png 39
ucf/HeadMassage/samples/00506.png 39
ucf/HeadMassage/samples/00507.png 39
ucf/HeadMassage/samples/00508.png 39
ucf/HeadMassage/samples/00509.png 39
ucf/HeadMassage/samples/00510.png 39
ucf/HeadMassage/samples/00511.png 39
ucf/HeadMassage/samples/00512.png 39
ucf/HeadMassage/samples/00513.png 39
ucf/HeadMassage/samples/00514.png 39
ucf/HeadMassage/samples/00515.png 39
ucf/HeadMassage/samples/00516.png 39
ucf/HeadMassage/samples/00517.png 39
ucf/HeadMassage/samples/00518.png 39
ucf/HeadMassage/samples/00519.png 39
ucf/HeadMassage/samples/00520.png 39
ucf/HeadMassage/samples/00521.png 39
ucf/HeadMassage/samples/00522.png 39
ucf/HeadMassage/samples/00523.png 39
ucf/HeadMassage/samples/00524.png 39
ucf/HeadMassage/samples/00525.png 39
ucf/HeadMassage/samples/00526.png 39
ucf/HeadMassage/samples/00527.png 39
ucf/HeadMassage/samples/00528.png 39
ucf/HeadMassage/samples/00529.png 39
ucf/HeadMassage/samples/00530.png 39
ucf/HeadMassage/samples/00531.png 39
ucf/HeadMassage/samples/00532.png 39
ucf/HeadMassage/samples/00533.png 39
ucf/HeadMassage/samples/00534.png 39
ucf/HeadMassage/samples/00535.png 39
ucf/HeadMassage/samples/00536.png 39
ucf/HeadMassage/samples/00537.png 39
ucf/HeadMassage/samples/00538.png 39
ucf/HeadMassage/samples/00539.png 39
ucf/HeadMassage/samples/00540.png 39
ucf/HeadMassage/samples/00541.png 39
ucf/HeadMassage/samples/00542.png 39
ucf/HeadMassage/samples/00543.png 39
ucf/HeadMassage/samples/00544.png 39
ucf/HeadMassage/samples/00545.png 39
ucf/HeadMassage/samples/00546.png 39
ucf/HeadMassage/samples/00547.png 39
ucf/HeadMassage/samples/00548.png 39
ucf/HeadMassage/samples/00549.png 39
ucf/HeadMassage/samples/00550.png 39
ucf/HeadMassage/samples/00551.png 39
ucf/HeadMassage/samples/00552.png 39
ucf/HeadMassage/samples/00553.png 39
ucf/HeadMassage/samples/00554.png 39
ucf/HeadMassage/samples/00555.png 39
ucf/HeadMassage/samples/00556.png 39
ucf/HeadMassage/samples/00557.png 39
ucf/HeadMassage/samples/00558.png 39
ucf/HeadMassage/samples/00559.png 39
ucf/HeadMassage/samples/00560.png 39
ucf/HeadMassage/samples/00561.png 39
ucf/HeadMassage/samples/00562.png 39
ucf/HeadMassage/samples/00563.png 39
ucf/HeadMassage/samples/00564.png 39
ucf/HeadMassage/samples/00565.png 39
ucf/HeadMassage/samples/00566.png 39
ucf/HeadMassage/samples/00567.png 39
ucf/HeadMassage/samples/00568.png 39
ucf/HeadMassage/samples/00569.png 39
ucf/HeadMassage/samples/00570.png 39
ucf/HeadMassage/samples/00571.png 39
ucf/HeadMassage/samples/00572.png 39
ucf/HeadMassage/samples/00573.png 39
ucf/HeadMassage/samples/00574.png 39
ucf/HeadMassage/samples/00575.png 39
ucf/HeadMassage/samples/00576.png 39
ucf/HeadMassage/samples/00577.png 39
ucf/HeadMassage/samples/00578.png 39
ucf/HeadMassage/samples/00579.png 39
ucf/HeadMassage/samples/00580.png 39
ucf/HeadMassage/samples/00581.png 39
ucf/HeadMassage/samples/00582.png 39
ucf/HeadMassage/samples/00583.png 39
ucf/HeadMassage/samples/00584.png 39
ucf/HeadMassage/samples/00585.png 39
ucf/HeadMassage/samples/00586.png 39
ucf/HeadMassage/samples/00587.png 39
ucf/HeadMassage/samples/00588.png 39
ucf/HeadMassage/samples/00589.png 39
ucf/HeadMassage/samples/00590.png 39
ucf/HeadMassage/samples/00591.png 39
ucf/HeadMassage/samples/00592.png 39
ucf/HeadMassage/samples/00593.png 39
ucf/HeadMassage/samples/00594.png 39
ucf/HeadMassage/samples/00595.png 39
ucf/HeadMassage/samples/00596.png 39
ucf/HeadMassage/samples/00597.png 39
ucf/HeadMassage/samples/00598.png 39
ucf/HeadMassage/samples/00599.png 39
ucf/HeadMassage/samples/00600.png 39
ucf/HeadMassage/samples/00601.png 39
ucf/HeadMassage/samples/00602.png 39
ucf/HeadMassage/samples/00603.png 39
ucf/HeadMassage/samples/00604.png 39
ucf/HeadMassage/samples/00605.png 39
ucf/HeadMassage/samples/00606.png 39
ucf/HeadMassage/samples/00607.png 39
ucf/HeadMassage/samples/00608.png 39
ucf/HeadMassage/samples/00609.png 39
ucf/HeadMassage/samples/00610.png 39
ucf/HeadMassage/samples/00611.png 39
ucf/HeadMassage/samples/00612.png 39
ucf/HeadMassage/samples/00613.png 39
ucf/HeadMassage/samples/00614.png 39
ucf/HeadMassage/samples/00615.png 39
ucf/HeadMassage/samples/00616.png 39
ucf/HeadMassage/samples/00617.png 39
ucf/HeadMassage/samples/00618.png 39
ucf/HeadMassage/samples/00619.png 39
ucf/HeadMassage/samples/00620.png 39
ucf/HeadMassage/samples/00621.png 39
ucf/HeadMassage/samples/00622.png 39
ucf/HeadMassage/samples/00623.png 39
ucf/HeadMassage/samples/00624.png 39
ucf/HeadMassage/samples/00625.png 39
ucf/HeadMassage/samples/00626.png 39
ucf/HeadMassage/samples/00627.png 39
ucf/HeadMassage/samples/00628.png 39
ucf/HeadMassage/samples/00629.png 39
ucf/HeadMassage/samples/00630.png 39
ucf/HeadMassage/samples/00631.png 39
ucf/HeadMassage/samples/00632.png 39
ucf/HeadMassage/samples/00633.png 39
ucf/HeadMassage/samples/00634.png 39
ucf/HeadMassage/samples/00635.png 39
ucf/HeadMassage/samples/00636.png 39
ucf/HeadMassage/samples/00637.png 39
ucf/HeadMassage/samples/00638.png 39
ucf/HeadMassage/samples/00639.png 39
ucf/HeadMassage/samples/00640.png 39
ucf/HeadMassage/samples/00641.png 39
ucf/HeadMassage/samples/00642.png 39
ucf/HeadMassage/samples/00643.png 39
ucf/HeadMassage/samples/00644.png 39
ucf/HeadMassage/samples/00645.png 39
ucf/HeadMassage/samples/00646.png 39
ucf/HeadMassage/samples/00647.png 39
ucf/HeadMassage/samples/00648.png 39
ucf/HeadMassage/samples/00649.png 39
ucf/HeadMassage/samples/00650.png 39
ucf/HeadMassage/samples/00651.png 39
ucf/HeadMassage/samples/00652.png 39
ucf/HeadMassage/samples/00653.png 39
ucf/HeadMassage/samples/00654.png 39
ucf/HeadMassage/samples/00655.png 39
ucf/HeadMassage/samples/00656.png 39
ucf/HeadMassage/samples/00657.png 39
ucf/HeadMassage/samples/00658.png 39
ucf/HeadMassage/samples/00659.png 39
ucf/HeadMassage/samples/00660.png 39
ucf/HeadMassage/samples/00661.png 39
ucf/HeadMassage/samples/00662.png 39
ucf/HeadMassage/samples/00663.png 39
ucf/HeadMassage/samples/00664.png 39
ucf/HeadMassage/samples/00665.png 39
ucf/HeadMassage/samples/00666.png 39
ucf/HeadMassage/samples/00667.png 39
ucf/HeadMassage/samples/00668.png 39
ucf/HeadMassage/samples/00669.png 39
ucf/HeadMassage/samples/00670.png 39
ucf/HeadMassage/samples/00671.png 39
ucf/HeadMassage/samples/00672.png 39
ucf/HeadMassage/samples/00673.png 39
ucf/HeadMassage/samples/00674.png 39
ucf/HeadMassage/samples/00675.png 39
ucf/HeadMassage/samples/00676.png 39
ucf/HeadMassage/samples/00677.png 39
ucf/HeadMassage/samples/00678.png 39
ucf/HeadMassage/samples/00679.png 39
ucf/HeadMassage/samples/00680.png 39
ucf/HeadMassage/samples/00681.png 39
ucf/HeadMassage/samples/00682.png 39
ucf/HeadMassage/samples/00683.png 39
ucf/HeadMassage/samples/00684.png 39
ucf/HeadMassage/samples/00685.png 39
ucf/HeadMassage/samples/00686.png 39
ucf/HeadMassage/samples/00687.png 39
ucf/HeadMassage/samples/00688.png 39
ucf/HeadMassage/samples/00689.png 39
ucf/HeadMassage/samples/00690.png 39
ucf/HeadMassage/samples/00691.png 39
ucf/HeadMassage/samples/00692.png 39
ucf/HeadMassage/samples/00693.png 39
ucf/HeadMassage/samples/00694.png 39
ucf/HeadMassage/samples/00695.png 39
ucf/HeadMassage/samples/00696.png 39
ucf/HeadMassage/samples/00697.png 39
ucf/HeadMassage/samples/00698.png 39
ucf/HeadMassage/samples/00699.png 39
ucf/HeadMassage/samples/00700.png 39
ucf/HeadMassage/samples/00701.png 39
ucf/HeadMassage/samples/00702.png 39
ucf/HeadMassage/samples/00703.png 39
ucf/HeadMassage/samples/00704.png 39
ucf/HeadMassage/samples/00705.png 39
ucf/HeadMassage/samples/00706.png 39
ucf/HeadMassage/samples/00707.png 39
ucf/HeadMassage/samples/00708.png 39
ucf/HeadMassage/samples/00709.png 39
ucf/HeadMassage/samples/00710.png 39
ucf/HeadMassage/samples/00711.png 39
ucf/HeadMassage/samples/00712.png 39
ucf/HeadMassage/samples/00713.png 39
ucf/HeadMassage/samples/00714.png 39
ucf/HeadMassage/samples/00715.png 39
ucf/HeadMassage/samples/00716.png 39
ucf/HeadMassage/samples/00717.png 39
ucf/HeadMassage/samples/00718.png 39
ucf/HeadMassage/samples/00719.png 39
ucf/HeadMassage/samples/00720.png 39
ucf/HeadMassage/samples/00721.png 39
ucf/HeadMassage/samples/00722.png 39
ucf/HeadMassage/samples/00723.png 39
ucf/HeadMassage/samples/00724.png 39
ucf/HeadMassage/samples/00725.png 39
ucf/HeadMassage/samples/00726.png 39
ucf/HeadMassage/samples/00727.png 39
ucf/HeadMassage/samples/00728.png 39
ucf/HeadMassage/samples/00729.png 39
ucf/HeadMassage/samples/00730.png 39
ucf/HeadMassage/samples/00731.png 39
ucf/HeadMassage/samples/00732.png 39
ucf/HeadMassage/samples/00733.png 39
ucf/HeadMassage/samples/00734.png 39
ucf/HeadMassage/samples/00735.png 39
ucf/HeadMassage/samples/00736.png 39
ucf/HeadMassage/samples/00737.png 39
ucf/HeadMassage/samples/00738.png 39
ucf/HeadMassage/samples/00739.png 39
ucf/HeadMassage/samples/00740.png 39
ucf/HeadMassage/samples/00741.png 39
ucf/HeadMassage/samples/00742.png 39
ucf/HeadMassage/samples/00743.png 39
ucf/HeadMassage/samples/00744.png 39
ucf/HeadMassage/samples/00745.png 39
ucf/HeadMassage/samples/00746.png 39
ucf/HeadMassage/samples/00747.png 39
ucf/HeadMassage/samples/00748.png 39
ucf/HeadMassage/samples/00749.png 39
ucf/HeadMassage/samples/00750.png 39
ucf/HeadMassage/samples/00751.png 39
ucf/HeadMassage/samples/00752.png 39
ucf/HeadMassage/samples/00753.png 39
ucf/HeadMassage/samples/00754.png 39
ucf/HeadMassage/samples/00755.png 39
ucf/HeadMassage/samples/00756.png 39
ucf/HeadMassage/samples/00757.png 39
ucf/HeadMassage/samples/00758.png 39
ucf/HeadMassage/samples/00759.png 39
ucf/HeadMassage/samples/00760.png 39
ucf/HeadMassage/samples/00761.png 39
ucf/HeadMassage/samples/00762.png 39
ucf/HeadMassage/samples/00763.png 39
ucf/HeadMassage/samples/00764.png 39
ucf/HeadMassage/samples/00765.png 39
ucf/HeadMassage/samples/00766.png 39
ucf/HeadMassage/samples/00767.png 39
ucf/HeadMassage/samples/00768.png 39
ucf/HeadMassage/samples/00769.png 39
ucf/HeadMassage/samples/00770.png 39
ucf/HeadMassage/samples/00771.png 39
ucf/HeadMassage/samples/00772.png 39
ucf/HeadMassage/samples/00773.png 39
ucf/HeadMassage/samples/00774.png 39
ucf/HeadMassage/samples/00775.png 39
ucf/HeadMassage/samples/00776.png 39
ucf/HeadMassage/samples/00777.png 39
ucf/HeadMassage/samples/00778.png 39
ucf/HeadMassage/samples/00779.png 39
ucf/HeadMassage/samples/00780.png 39
ucf/HeadMassage/samples/00781.png 39
ucf/HeadMassage/samples/00782.png 39
ucf/HeadMassage/samples/00783.png 39
ucf/HeadMassage/samples/00784.png 39
ucf/HeadMassage/samples/00785.png 39
ucf/HeadMassage/samples/00786.png 39
ucf/HeadMassage/samples/00787.png 39
ucf/HeadMassage/samples/00788.png 39
ucf/HeadMassage/samples/00789.png 39
ucf/HeadMassage/samples/00790.png 39
ucf/HeadMassage/samples/00791.png 39
ucf/HeadMassage/samples/00792.png 39
ucf/HeadMassage/samples/00793.png 39
ucf/HeadMassage/samples/00794.png 39
ucf/HeadMassage/samples/00795.png 39
ucf/HeadMassage/samples/00796.png 39
ucf/HeadMassage/samples/00797.png 39
ucf/HeadMassage/samples/00798.png 39
ucf/HeadMassage/samples/00799.png 39
ucf/HeadMassage/samples/00800.png 39
ucf/HeadMassage/samples/00801.png 39
ucf/HeadMassage/samples/00802.png 39
ucf/HeadMassage/samples/00803.png 39
ucf/HeadMassage/samples/00804.png 39
ucf/HeadMassage/samples/00805.png 39
ucf/HeadMassage/samples/00806.png 39
ucf/HeadMassage/samples/00807.png 39
ucf/HeadMassage/samples/00808.png 39
ucf/HeadMassage/samples/00809.png 39
ucf/HeadMassage/samples/00810.png 39
ucf/HeadMassage/samples/00811.png 39
ucf/HeadMassage/samples/00812.png 39
ucf/HeadMassage/samples/00813.png 39
ucf/HeadMassage/samples/00814.png 39
ucf/HeadMassage/samples/00815.png 39
ucf/HeadMassage/samples/00816.png 39
ucf/HeadMassage/samples/00817.png 39
ucf/HeadMassage/samples/00818.png 39
ucf/HeadMassage/samples/00819.png 39
ucf/HeadMassage/samples/00820.png 39
ucf/HeadMassage/samples/00821.png 39
ucf/HeadMassage/samples/00822.png 39
ucf/HeadMassage/samples/00823.png 39
ucf/HeadMassage/samples/00824.png 39
ucf/HeadMassage/samples/00825.png 39
ucf/HeadMassage/samples/00826.png 39
ucf/HeadMassage/samples/00827.png 39
ucf/HeadMassage/samples/00828.png 39
ucf/HeadMassage/samples/00829.png 39
ucf/HeadMassage/samples/00830.png 39
ucf/HeadMassage/samples/00831.png 39
ucf/HeadMassage/samples/00832.png 39
ucf/HeadMassage/samples/00833.png 39
ucf/HeadMassage/samples/00834.png 39
ucf/HeadMassage/samples/00835.png 39
ucf/HeadMassage/samples/00836.png 39
ucf/HeadMassage/samples/00837.png 39
ucf/HeadMassage/samples/00838.png 39
ucf/HeadMassage/samples/00839.png 39
ucf/HeadMassage/samples/00840.png 39
ucf/HeadMassage/samples/00841.png 39
ucf/HeadMassage/samples/00842.png 39
ucf/HeadMassage/samples/00843.png 39
ucf/HeadMassage/samples/00844.png 39
ucf/HeadMassage/samples/00845.png 39
ucf/HeadMassage/samples/00846.png 39
ucf/HeadMassage/samples/00847.png 39
ucf/HeadMassage/samples/00848.png 39
ucf/HeadMassage/samples/00849.png 39
ucf/HeadMassage/samples/00850.png 39
ucf/HeadMassage/samples/00851.png 39
ucf/HeadMassage/samples/00852.png 39
ucf/HeadMassage/samples/00853.png 39
ucf/HeadMassage/samples/00854.png 39
ucf/HeadMassage/samples/00855.png 39
ucf/HeadMassage/samples/00856.png 39
ucf/HeadMassage/samples/00857.png 39
ucf/HeadMassage/samples/00858.png 39
ucf/HeadMassage/samples/00859.png 39
ucf/HeadMassage/samples/00860.png 39
ucf/HeadMassage/samples/00861.png 39
ucf/HeadMassage/samples/00862.png 39
ucf/HeadMassage/samples/00863.png 39
ucf/HeadMassage/samples/00864.png 39
ucf/HeadMassage/samples/00865.png 39
ucf/HeadMassage/samples/00866.png 39
ucf/HeadMassage/samples/00867.png 39
ucf/HeadMassage/samples/00868.png 39
ucf/HeadMassage/samples/00869.png 39
ucf/HeadMassage/samples/00870.png 39
ucf/HeadMassage/samples/00871.png 39
ucf/HeadMassage/samples/00872.png 39
ucf/HeadMassage/samples/00873.png 39
ucf/HeadMassage/samples/00874.png 39
ucf/HeadMassage/samples/00875.png 39
ucf/HeadMassage/samples/00876.png 39
ucf/HeadMassage/samples/00877.png 39
ucf/HeadMassage/samples/00878.png 39
ucf/HeadMassage/samples/00879.png 39
ucf/HeadMassage/samples/00880.png 39
ucf/HeadMassage/samples/00881.png 39
ucf/HeadMassage/samples/00882.png 39
ucf/HeadMassage/samples/00883.png 39
ucf/HeadMassage/samples/00884.png 39
ucf/HeadMassage/samples/00885.png 39
ucf/HeadMassage/samples/00886.png 39
ucf/HeadMassage/samples/00887.png 39
ucf/HeadMassage/samples/00888.png 39
ucf/HeadMassage/samples/00889.png 39
ucf/HeadMassage/samples/00890.png 39
ucf/HeadMassage/samples/00891.png 39
ucf/HeadMassage/samples/00892.png 39
ucf/HeadMassage/samples/00893.png 39
ucf/HeadMassage/samples/00894.png 39
ucf/HeadMassage/samples/00895.png 39
ucf/HeadMassage/samples/00896.png 39
ucf/HeadMassage/samples/00897.png 39
ucf/HeadMassage/samples/00898.png 39
ucf/HeadMassage/samples/00899.png 39
ucf/HeadMassage/samples/00900.png 39
ucf/HeadMassage/samples/00901.png 39
ucf/HeadMassage/samples/00902.png 39
ucf/HeadMassage/samples/00903.png 39
ucf/HeadMassage/samples/00904.png 39
ucf/HeadMassage/samples/00905.png 39
ucf/HeadMassage/samples/00906.png 39
ucf/HeadMassage/samples/00907.png 39
ucf/HeadMassage/samples/00908.png 39
ucf/HeadMassage/samples/00909.png 39
ucf/HeadMassage/samples/00910.png 39
ucf/HeadMassage/samples/00911.png 39
ucf/HeadMassage/samples/00912.png 39
ucf/HeadMassage/samples/00913.png 39
ucf/HeadMassage/samples/00914.png 39
ucf/HeadMassage/samples/00915.png 39
ucf/HeadMassage/samples/00916.png 39
ucf/HeadMassage/samples/00917.png 39
ucf/HeadMassage/samples/00918.png 39
ucf/HeadMassage/samples/00919.png 39
ucf/HeadMassage/samples/00920.png 39
ucf/HeadMassage/samples/00921.png 39
ucf/HeadMassage/samples/00922.png 39
ucf/HeadMassage/samples/00923.png 39
ucf/HeadMassage/samples/00924.png 39
ucf/HeadMassage/samples/00925.png 39
ucf/HeadMassage/samples/00926.png 39
ucf/HeadMassage/samples/00927.png 39
ucf/HeadMassage/samples/00928.png 39
ucf/HeadMassage/samples/00929.png 39
ucf/HeadMassage/samples/00930.png 39
ucf/HeadMassage/samples/00931.png 39
ucf/HeadMassage/samples/00932.png 39
ucf/HeadMassage/samples/00933.png 39
ucf/HeadMassage/samples/00934.png 39
ucf/HeadMassage/samples/00935.png 39
ucf/HeadMassage/samples/00936.png 39
ucf/HeadMassage/samples/00937.png 39
ucf/HeadMassage/samples/00938.png 39
ucf/HeadMassage/samples/00939.png 39
ucf/HeadMassage/samples/00940.png 39
ucf/HeadMassage/samples/00941.png 39
ucf/HeadMassage/samples/00942.png 39
ucf/HeadMassage/samples/00943.png 39
ucf/HeadMassage/samples/00944.png 39
ucf/HeadMassage/samples/00945.png 39
ucf/HeadMassage/samples/00946.png 39
ucf/HeadMassage/samples/00947.png 39
ucf/HeadMassage/samples/00948.png 39
ucf/HeadMassage/samples/00949.png 39
ucf/HeadMassage/samples/00950.png 39
ucf/HeadMassage/samples/00951.png 39
ucf/HeadMassage/samples/00952.png 39
ucf/HeadMassage/samples/00953.png 39
ucf/HeadMassage/samples/00954.png 39
ucf/HeadMassage/samples/00955.png 39
ucf/HeadMassage/samples/00956.png 39
ucf/HeadMassage/samples/00957.png 39
ucf/HeadMassage/samples/00958.png 39
ucf/HeadMassage/samples/00959.png 39
ucf/HeadMassage/samples/00960.png 39
ucf/HeadMassage/samples/00961.png 39
ucf/HeadMassage/samples/00962.png 39
ucf/HeadMassage/samples/00963.png 39
ucf/HeadMassage/samples/00964.png 39
ucf/HeadMassage/samples/00965.png 39
ucf/HeadMassage/samples/00966.png 39
ucf/HeadMassage/samples/00967.png 39
ucf/HeadMassage/samples/00968.png 39
ucf/HeadMassage/samples/00969.png 39
ucf/HeadMassage/samples/00970.png 39
ucf/HeadMassage/samples/00971.png 39
ucf/HeadMassage/samples/00972.png 39
ucf/HeadMassage/samples/00973.png 39
ucf/HeadMassage/samples/00974.png 39
ucf/HeadMassage/samples/00975.png 39
ucf/HeadMassage/samples/00976.png 39
ucf/HeadMassage/samples/00977.png 39
ucf/HeadMassage/samples/00978.png 39
ucf/HeadMassage/samples/00979.png 39
ucf/HeadMassage/samples/00980.png 39
ucf/HeadMassage/samples/00981.png 39
ucf/HeadMassage/samples/00982.png 39
ucf/HeadMassage/samples/00983.png 39
ucf/HeadMassage/samples/00984.png 39
ucf/HeadMassage/samples/00985.png 39
ucf/HeadMassage/samples/00986.png 39
ucf/HeadMassage/samples/00987.png 39
ucf/HeadMassage/samples/00988.png 39
ucf/HeadMassage/samples/00989.png 39
ucf/HeadMassage/samples/00990.png 39
ucf/HeadMassage/samples/00991.png 39
ucf/HeadMassage/samples/00992.png 39
ucf/HeadMassage/samples/00993.png 39
ucf/HeadMassage/samples/00994.png 39
ucf/HeadMassage/samples/00995.png 39
ucf/HeadMassage/samples/00996.png 39
ucf/HeadMassage/samples/00997.png 39
ucf/HeadMassage/samples/00998.png 39
ucf/HeadMassage/samples/00999.png 39
ucf/IceDancing/samples/00000.png 44
ucf/IceDancing/samples/00001.png 44
ucf/IceDancing/samples/00002.png 44
ucf/IceDancing/samples/00003.png 44
ucf/IceDancing/samples/00004.png 44
ucf/IceDancing/samples/00005.png 44
ucf/IceDancing/samples/00006.png 44
ucf/IceDancing/samples/00007.png 44
ucf/IceDancing/samples/00008.png 44
ucf/IceDancing/samples/00009.png 44
ucf/IceDancing/samples/00010.png 44
ucf/IceDancing/samples/00011.png 44
ucf/IceDancing/samples/00012.png 44
ucf/IceDancing/samples/00013.png 44
ucf/IceDancing/samples/00014.png 44
ucf/IceDancing/samples/00015.png 44
ucf/IceDancing/samples/00016.png 44
ucf/IceDancing/samples/00017.png 44
ucf/IceDancing/samples/00018.png 44
ucf/IceDancing/samples/00019.png 44
ucf/IceDancing/samples/00020.png 44
ucf/IceDancing/samples/00021.png 44
ucf/IceDancing/samples/00022.png 44
ucf/IceDancing/samples/00023.png 44
ucf/IceDancing/samples/00024.png 44
ucf/IceDancing/samples/00025.png 44
ucf/IceDancing/samples/00026.png 44
ucf/IceDancing/samples/00027.png 44
ucf/IceDancing/samples/00028.png 44
ucf/IceDancing/samples/00029.png 44
ucf/IceDancing/samples/00030.png 44
ucf/IceDancing/samples/00031.png 44
ucf/IceDancing/samples/00032.png 44
ucf/IceDancing/samples/00033.png 44
ucf/IceDancing/samples/00034.png 44
ucf/IceDancing/samples/00035.png 44
ucf/IceDancing/samples/00036.png 44
ucf/IceDancing/samples/00037.png 44
ucf/IceDancing/samples/00038.png 44
ucf/IceDancing/samples/00039.png 44
ucf/IceDancing/samples/00040.png 44
ucf/IceDancing/samples/00041.png 44
ucf/IceDancing/samples/00042.png 44
ucf/IceDancing/samples/00043.png 44
ucf/IceDancing/samples/00044.png 44
ucf/IceDancing/samples/00045.png 44
ucf/IceDancing/samples/00046.png 44
ucf/IceDancing/samples/00047.png 44
ucf/IceDancing/samples/00048.png 44
ucf/IceDancing/samples/00049.png 44
ucf/IceDancing/samples/00050.png 44
ucf/IceDancing/samples/00051.png 44
ucf/IceDancing/samples/00052.png 44
ucf/IceDancing/samples/00053.png 44
ucf/IceDancing/samples/00054.png 44
ucf/IceDancing/samples/00055.png 44
ucf/IceDancing/samples/00056.png 44
ucf/IceDancing/samples/00057.png 44
ucf/IceDancing/samples/00058.png 44
ucf/IceDancing/samples/00059.png 44
ucf/IceDancing/samples/00060.png 44
ucf/IceDancing/samples/00061.png 44
ucf/IceDancing/samples/00062.png 44
ucf/IceDancing/samples/00063.png 44
ucf/IceDancing/samples/00064.png 44
ucf/IceDancing/samples/00065.png 44
ucf/IceDancing/samples/00066.png 44
ucf/IceDancing/samples/00067.png 44
ucf/IceDancing/samples/00068.png 44
ucf/IceDancing/samples/00069.png 44
ucf/IceDancing/samples/00070.png 44
ucf/IceDancing/samples/00071.png 44
ucf/IceDancing/samples/00072.png 44
ucf/IceDancing/samples/00073.png 44
ucf/IceDancing/samples/00074.png 44
ucf/IceDancing/samples/00075.png 44
ucf/IceDancing/samples/00076.png 44
ucf/IceDancing/samples/00077.png 44
ucf/IceDancing/samples/00078.png 44
ucf/IceDancing/samples/00079.png 44
ucf/IceDancing/samples/00080.png 44
ucf/IceDancing/samples/00081.png 44
ucf/IceDancing/samples/00082.png 44
ucf/IceDancing/samples/00083.png 44
ucf/IceDancing/samples/00084.png 44
ucf/IceDancing/samples/00085.png 44
ucf/IceDancing/samples/00086.png 44
ucf/IceDancing/samples/00087.png 44
ucf/IceDancing/samples/00088.png 44
ucf/IceDancing/samples/00089.png 44
ucf/IceDancing/samples/00090.png 44
ucf/IceDancing/samples/00091.png 44
ucf/IceDancing/samples/00092.png 44
ucf/IceDancing/samples/00093.png 44
ucf/IceDancing/samples/00094.png 44
ucf/IceDancing/samples/00095.png 44
ucf/IceDancing/samples/00096.png 44
ucf/IceDancing/samples/00097.png 44
ucf/IceDancing/samples/00098.png 44
ucf/IceDancing/samples/00099.png 44
ucf/IceDancing/samples/00100.png 44
ucf/IceDancing/samples/00101.png 44
ucf/IceDancing/samples/00102.png 44
ucf/IceDancing/samples/00103.png 44
ucf/IceDancing/samples/00104.png 44
ucf/IceDancing/samples/00105.png 44
ucf/IceDancing/samples/00106.png 44
ucf/IceDancing/samples/00107.png 44
ucf/IceDancing/samples/00108.png 44
ucf/IceDancing/samples/00109.png 44
ucf/IceDancing/samples/00110.png 44
ucf/IceDancing/samples/00111.png 44
ucf/IceDancing/samples/00112.png 44
ucf/IceDancing/samples/00113.png 44
ucf/IceDancing/samples/00114.png 44
ucf/IceDancing/samples/00115.png 44
ucf/IceDancing/samples/00116.png 44
ucf/IceDancing/samples/00117.png 44
ucf/IceDancing/samples/00118.png 44
ucf/IceDancing/samples/00119.png 44
ucf/IceDancing/samples/00120.png 44
ucf/IceDancing/samples/00121.png 44
ucf/IceDancing/samples/00122.png 44
ucf/IceDancing/samples/00123.png 44
ucf/IceDancing/samples/00124.png 44
ucf/IceDancing/samples/00125.png 44
ucf/IceDancing/samples/00126.png 44
ucf/IceDancing/samples/00127.png 44
ucf/IceDancing/samples/00128.png 44
ucf/IceDancing/samples/00129.png 44
ucf/IceDancing/samples/00130.png 44
ucf/IceDancing/samples/00131.png 44
ucf/IceDancing/samples/00132.png 44
ucf/IceDancing/samples/00133.png 44
ucf/IceDancing/samples/00134.png 44
ucf/IceDancing/samples/00135.png 44
ucf/IceDancing/samples/00136.png 44
ucf/IceDancing/samples/00137.png 44
ucf/IceDancing/samples/00138.png 44
ucf/IceDancing/samples/00139.png 44
ucf/IceDancing/samples/00140.png 44
ucf/IceDancing/samples/00141.png 44
ucf/IceDancing/samples/00142.png 44
ucf/IceDancing/samples/00143.png 44
ucf/IceDancing/samples/00144.png 44
ucf/IceDancing/samples/00145.png 44
ucf/IceDancing/samples/00146.png 44
ucf/IceDancing/samples/00147.png 44
ucf/IceDancing/samples/00148.png 44
ucf/IceDancing/samples/00149.png 44
ucf/IceDancing/samples/00150.png 44
ucf/IceDancing/samples/00151.png 44
ucf/IceDancing/samples/00152.png 44
ucf/IceDancing/samples/00153.png 44
ucf/IceDancing/samples/00154.png 44
ucf/IceDancing/samples/00155.png 44
ucf/IceDancing/samples/00156.png 44
ucf/IceDancing/samples/00157.png 44
ucf/IceDancing/samples/00158.png 44
ucf/IceDancing/samples/00159.png 44
ucf/IceDancing/samples/00160.png 44
ucf/IceDancing/samples/00161.png 44
ucf/IceDancing/samples/00162.png 44
ucf/IceDancing/samples/00163.png 44
ucf/IceDancing/samples/00164.png 44
ucf/IceDancing/samples/00165.png 44
ucf/IceDancing/samples/00166.png 44
ucf/IceDancing/samples/00167.png 44
ucf/IceDancing/samples/00168.png 44
ucf/IceDancing/samples/00169.png 44
ucf/IceDancing/samples/00170.png 44
ucf/IceDancing/samples/00171.png 44
ucf/IceDancing/samples/00172.png 44
ucf/IceDancing/samples/00173.png 44
ucf/IceDancing/samples/00174.png 44
ucf/IceDancing/samples/00175.png 44
ucf/IceDancing/samples/00176.png 44
ucf/IceDancing/samples/00177.png 44
ucf/IceDancing/samples/00178.png 44
ucf/IceDancing/samples/00179.png 44
ucf/IceDancing/samples/00180.png 44
ucf/IceDancing/samples/00181.png 44
ucf/IceDancing/samples/00182.png 44
ucf/IceDancing/samples/00183.png 44
ucf/IceDancing/samples/00184.png 44
ucf/IceDancing/samples/00185.png 44
ucf/IceDancing/samples/00186.png 44
ucf/IceDancing/samples/00187.png 44
ucf/IceDancing/samples/00188.png 44
ucf/IceDancing/samples/00189.png 44
ucf/IceDancing/samples/00190.png 44
ucf/IceDancing/samples/00191.png 44
ucf/IceDancing/samples/00192.png 44
ucf/IceDancing/samples/00193.png 44
ucf/IceDancing/samples/00194.png 44
ucf/IceDancing/samples/00195.png 44
ucf/IceDancing/samples/00196.png 44
ucf/IceDancing/samples/00197.png 44
ucf/IceDancing/samples/00198.png 44
ucf/IceDancing/samples/00199.png 44
ucf/IceDancing/samples/00200.png 44
ucf/IceDancing/samples/00201.png 44
ucf/IceDancing/samples/00202.png 44
ucf/IceDancing/samples/00203.png 44
ucf/IceDancing/samples/00204.png 44
ucf/IceDancing/samples/00205.png 44
ucf/IceDancing/samples/00206.png 44
ucf/IceDancing/samples/00207.png 44
ucf/IceDancing/samples/00208.png 44
ucf/IceDancing/samples/00209.png 44
ucf/IceDancing/samples/00210.png 44
ucf/IceDancing/samples/00211.png 44
ucf/IceDancing/samples/00212.png 44
ucf/IceDancing/samples/00213.png 44
ucf/IceDancing/samples/00214.png 44
ucf/IceDancing/samples/00215.png 44
ucf/IceDancing/samples/00216.png 44
ucf/IceDancing/samples/00217.png 44
ucf/IceDancing/samples/00218.png 44
ucf/IceDancing/samples/00219.png 44
ucf/IceDancing/samples/00220.png 44
ucf/IceDancing/samples/00221.png 44
ucf/IceDancing/samples/00222.png 44
ucf/IceDancing/samples/00223.png 44
ucf/IceDancing/samples/00224.png 44
ucf/IceDancing/samples/00225.png 44
ucf/IceDancing/samples/00226.png 44
ucf/IceDancing/samples/00227.png 44
ucf/IceDancing/samples/00228.png 44
ucf/IceDancing/samples/00229.png 44
ucf/IceDancing/samples/00230.png 44
ucf/IceDancing/samples/00231.png 44
ucf/IceDancing/samples/00232.png 44
ucf/IceDancing/samples/00233.png 44
ucf/IceDancing/samples/00234.png 44
ucf/IceDancing/samples/00235.png 44
ucf/IceDancing/samples/00236.png 44
ucf/IceDancing/samples/00237.png 44
ucf/IceDancing/samples/00238.png 44
ucf/IceDancing/samples/00239.png 44
ucf/IceDancing/samples/00240.png 44
ucf/IceDancing/samples/00241.png 44
ucf/IceDancing/samples/00242.png 44
ucf/IceDancing/samples/00243.png 44
ucf/IceDancing/samples/00244.png 44
ucf/IceDancing/samples/00245.png 44
ucf/IceDancing/samples/00246.png 44
ucf/IceDancing/samples/00247.png 44
ucf/IceDancing/samples/00248.png 44
ucf/IceDancing/samples/00249.png 44
ucf/IceDancing/samples/00250.png 44
ucf/IceDancing/samples/00251.png 44
ucf/IceDancing/samples/00252.png 44
ucf/IceDancing/samples/00253.png 44
ucf/IceDancing/samples/00254.png 44
ucf/IceDancing/samples/00255.png 44
ucf/IceDancing/samples/00256.png 44
ucf/IceDancing/samples/00257.png 44
ucf/IceDancing/samples/00258.png 44
ucf/IceDancing/samples/00259.png 44
ucf/IceDancing/samples/00260.png 44
ucf/IceDancing/samples/00261.png 44
ucf/IceDancing/samples/00262.png 44
ucf/IceDancing/samples/00263.png 44
ucf/IceDancing/samples/00264.png 44
ucf/IceDancing/samples/00265.png 44
ucf/IceDancing/samples/00266.png 44
ucf/IceDancing/samples/00267.png 44
ucf/IceDancing/samples/00268.png 44
ucf/IceDancing/samples/00269.png 44
ucf/IceDancing/samples/00270.png 44
ucf/IceDancing/samples/00271.png 44
ucf/IceDancing/samples/00272.png 44
ucf/IceDancing/samples/00273.png 44
ucf/IceDancing/samples/00274.png 44
ucf/IceDancing/samples/00275.png 44
ucf/IceDancing/samples/00276.png 44
ucf/IceDancing/samples/00277.png 44
ucf/IceDancing/samples/00278.png 44
ucf/IceDancing/samples/00279.png 44
ucf/IceDancing/samples/00280.png 44
ucf/IceDancing/samples/00281.png 44
ucf/IceDancing/samples/00282.png 44
ucf/IceDancing/samples/00283.png 44
ucf/IceDancing/samples/00284.png 44
ucf/IceDancing/samples/00285.png 44
ucf/IceDancing/samples/00286.png 44
ucf/IceDancing/samples/00287.png 44
ucf/IceDancing/samples/00288.png 44
ucf/IceDancing/samples/00289.png 44
ucf/IceDancing/samples/00290.png 44
ucf/IceDancing/samples/00291.png 44
ucf/IceDancing/samples/00292.png 44
ucf/IceDancing/samples/00293.png 44
ucf/IceDancing/samples/00294.png 44
ucf/IceDancing/samples/00295.png 44
ucf/IceDancing/samples/00296.png 44
ucf/IceDancing/samples/00297.png 44
ucf/IceDancing/samples/00298.png 44
ucf/IceDancing/samples/00299.png 44
ucf/IceDancing/samples/00300.png 44
ucf/IceDancing/samples/00301.png 44
ucf/IceDancing/samples/00302.png 44
ucf/IceDancing/samples/00303.png 44
ucf/IceDancing/samples/00304.png 44
ucf/IceDancing/samples/00305.png 44
ucf/IceDancing/samples/00306.png 44
ucf/IceDancing/samples/00307.png 44
ucf/IceDancing/samples/00308.png 44
ucf/IceDancing/samples/00309.png 44
ucf/IceDancing/samples/00310.png 44
ucf/IceDancing/samples/00311.png 44
ucf/IceDancing/samples/00312.png 44
ucf/IceDancing/samples/00313.png 44
ucf/IceDancing/samples/00314.png 44
ucf/IceDancing/samples/00315.png 44
ucf/IceDancing/samples/00316.png 44
ucf/IceDancing/samples/00317.png 44
ucf/IceDancing/samples/00318.png 44
ucf/IceDancing/samples/00319.png 44
ucf/IceDancing/samples/00320.png 44
ucf/IceDancing/samples/00321.png 44
ucf/IceDancing/samples/00322.png 44
ucf/IceDancing/samples/00323.png 44
ucf/IceDancing/samples/00324.png 44
ucf/IceDancing/samples/00325.png 44
ucf/IceDancing/samples/00326.png 44
ucf/IceDancing/samples/00327.png 44
ucf/IceDancing/samples/00328.png 44
ucf/IceDancing/samples/00329.png 44
ucf/IceDancing/samples/00330.png 44
ucf/IceDancing/samples/00331.png 44
ucf/IceDancing/samples/00332.png 44
ucf/IceDancing/samples/00333.png 44
ucf/IceDancing/samples/00334.png 44
ucf/IceDancing/samples/00335.png 44
ucf/IceDancing/samples/00336.png 44
ucf/IceDancing/samples/00337.png 44
ucf/IceDancing/samples/00338.png 44
ucf/IceDancing/samples/00339.png 44
ucf/IceDancing/samples/00340.png 44
ucf/IceDancing/samples/00341.png 44
ucf/IceDancing/samples/00342.png 44
ucf/IceDancing/samples/00343.png 44
ucf/IceDancing/samples/00344.png 44
ucf/IceDancing/samples/00345.png 44
ucf/IceDancing/samples/00346.png 44
ucf/IceDancing/samples/00347.png 44
ucf/IceDancing/samples/00348.png 44
ucf/IceDancing/samples/00349.png 44
ucf/IceDancing/samples/00350.png 44
ucf/IceDancing/samples/00351.png 44
ucf/IceDancing/samples/00352.png 44
ucf/IceDancing/samples/00353.png 44
ucf/IceDancing/samples/00354.png 44
ucf/IceDancing/samples/00355.png 44
ucf/IceDancing/samples/00356.png 44
ucf/IceDancing/samples/00357.png 44
ucf/IceDancing/samples/00358.png 44
ucf/IceDancing/samples/00359.png 44
ucf/IceDancing/samples/00360.png 44
ucf/IceDancing/samples/00361.png 44
ucf/IceDancing/samples/00362.png 44
ucf/IceDancing/samples/00363.png 44
ucf/IceDancing/samples/00364.png 44
ucf/IceDancing/samples/00365.png 44
ucf/IceDancing/samples/00366.png 44
ucf/IceDancing/samples/00367.png 44
ucf/IceDancing/samples/00368.png 44
ucf/IceDancing/samples/00369.png 44
ucf/IceDancing/samples/00370.png 44
ucf/IceDancing/samples/00371.png 44
ucf/IceDancing/samples/00372.png 44
ucf/IceDancing/samples/00373.png 44
ucf/IceDancing/samples/00374.png 44
ucf/IceDancing/samples/00375.png 44
ucf/IceDancing/samples/00376.png 44
ucf/IceDancing/samples/00377.png 44
ucf/IceDancing/samples/00378.png 44
ucf/IceDancing/samples/00379.png 44
ucf/IceDancing/samples/00380.png 44
ucf/IceDancing/samples/00381.png 44
ucf/IceDancing/samples/00382.png 44
ucf/IceDancing/samples/00383.png 44
ucf/IceDancing/samples/00384.png 44
ucf/IceDancing/samples/00385.png 44
ucf/IceDancing/samples/00386.png 44
ucf/IceDancing/samples/00387.png 44
ucf/IceDancing/samples/00388.png 44
ucf/IceDancing/samples/00389.png 44
ucf/IceDancing/samples/00390.png 44
ucf/IceDancing/samples/00391.png 44
ucf/IceDancing/samples/00392.png 44
ucf/IceDancing/samples/00393.png 44
ucf/IceDancing/samples/00394.png 44
ucf/IceDancing/samples/00395.png 44
ucf/IceDancing/samples/00396.png 44
ucf/IceDancing/samples/00397.png 44
ucf/IceDancing/samples/00398.png 44
ucf/IceDancing/samples/00399.png 44
ucf/IceDancing/samples/00400.png 44
ucf/IceDancing/samples/00401.png 44
ucf/IceDancing/samples/00402.png 44
ucf/IceDancing/samples/00403.png 44
ucf/IceDancing/samples/00404.png 44
ucf/IceDancing/samples/00405.png 44
ucf/IceDancing/samples/00406.png 44
ucf/IceDancing/samples/00407.png 44
ucf/IceDancing/samples/00408.png 44
ucf/IceDancing/samples/00409.png 44
ucf/IceDancing/samples/00410.png 44
ucf/IceDancing/samples/00411.png 44
ucf/IceDancing/samples/00412.png 44
ucf/IceDancing/samples/00413.png 44
ucf/IceDancing/samples/00414.png 44
ucf/IceDancing/samples/00415.png 44
ucf/IceDancing/samples/00416.png 44
ucf/IceDancing/samples/00417.png 44
ucf/IceDancing/samples/00418.png 44
ucf/IceDancing/samples/00419.png 44
ucf/IceDancing/samples/00420.png 44
ucf/IceDancing/samples/00421.png 44
ucf/IceDancing/samples/00422.png 44
ucf/IceDancing/samples/00423.png 44
ucf/IceDancing/samples/00424.png 44
ucf/IceDancing/samples/00425.png 44
ucf/IceDancing/samples/00426.png 44
ucf/IceDancing/samples/00427.png 44
ucf/IceDancing/samples/00428.png 44
ucf/IceDancing/samples/00429.png 44
ucf/IceDancing/samples/00430.png 44
ucf/IceDancing/samples/00431.png 44
ucf/IceDancing/samples/00432.png 44
ucf/IceDancing/samples/00433.png 44
ucf/IceDancing/samples/00434.png 44
ucf/IceDancing/samples/00435.png 44
ucf/IceDancing/samples/00436.png 44
ucf/IceDancing/samples/00437.png 44
ucf/IceDancing/samples/00438.png 44
ucf/IceDancing/samples/00439.png 44
ucf/IceDancing/samples/00440.png 44
ucf/IceDancing/samples/00441.png 44
ucf/IceDancing/samples/00442.png 44
ucf/IceDancing/samples/00443.png 44
ucf/IceDancing/samples/00444.png 44
ucf/IceDancing/samples/00445.png 44
ucf/IceDancing/samples/00446.png 44
ucf/IceDancing/samples/00447.png 44
ucf/IceDancing/samples/00448.png 44
ucf/IceDancing/samples/00449.png 44
ucf/IceDancing/samples/00450.png 44
ucf/IceDancing/samples/00451.png 44
ucf/IceDancing/samples/00452.png 44
ucf/IceDancing/samples/00453.png 44
ucf/IceDancing/samples/00454.png 44
ucf/IceDancing/samples/00455.png 44
ucf/IceDancing/samples/00456.png 44
ucf/IceDancing/samples/00457.png 44
ucf/IceDancing/samples/00458.png 44
ucf/IceDancing/samples/00459.png 44
ucf/IceDancing/samples/00460.png 44
ucf/IceDancing/samples/00461.png 44
ucf/IceDancing/samples/00462.png 44
ucf/IceDancing/samples/00463.png 44
ucf/IceDancing/samples/00464.png 44
ucf/IceDancing/samples/00465.png 44
ucf/IceDancing/samples/00466.png 44
ucf/IceDancing/samples/00467.png 44
ucf/IceDancing/samples/00468.png 44
ucf/IceDancing/samples/00469.png 44
ucf/IceDancing/samples/00470.png 44
ucf/IceDancing/samples/00471.png 44
ucf/IceDancing/samples/00472.png 44
ucf/IceDancing/samples/00473.png 44
ucf/IceDancing/samples/00474.png 44
ucf/IceDancing/samples/00475.png 44
ucf/IceDancing/samples/00476.png 44
ucf/IceDancing/samples/00477.png 44
ucf/IceDancing/samples/00478.png 44
ucf/IceDancing/samples/00479.png 44
ucf/IceDancing/samples/00480.png 44
ucf/IceDancing/samples/00481.png 44
ucf/IceDancing/samples/00482.png 44
ucf/IceDancing/samples/00483.png 44
ucf/IceDancing/samples/00484.png 44
ucf/IceDancing/samples/00485.png 44
ucf/IceDancing/samples/00486.png 44
ucf/IceDancing/samples/00487.png 44
ucf/IceDancing/samples/00488.png 44
ucf/IceDancing/samples/00489.png 44
ucf/IceDancing/samples/00490.png 44
ucf/IceDancing/samples/00491.png 44
ucf/IceDancing/samples/00492.png 44
ucf/IceDancing/samples/00493.png 44
ucf/IceDancing/samples/00494.png 44
ucf/IceDancing/samples/00495.png 44
ucf/IceDancing/samples/00496.png 44
ucf/IceDancing/samples/00497.png 44
ucf/IceDancing/samples/00498.png 44
ucf/IceDancing/samples/00499.png 44
ucf/IceDancing/samples/00500.png 44
ucf/IceDancing/samples/00501.png 44
ucf/IceDancing/samples/00502.png 44
ucf/IceDancing/samples/00503.png 44
ucf/IceDancing/samples/00504.png 44
ucf/IceDancing/samples/00505.png 44
ucf/IceDancing/samples/00506.png 44
ucf/IceDancing/samples/00507.png 44
ucf/IceDancing/samples/00508.png 44
ucf/IceDancing/samples/00509.png 44
ucf/IceDancing/samples/00510.png 44
ucf/IceDancing/samples/00511.png 44
ucf/IceDancing/samples/00512.png 44
ucf/IceDancing/samples/00513.png 44
ucf/IceDancing/samples/00514.png 44
ucf/IceDancing/samples/00515.png 44
ucf/IceDancing/samples/00516.png 44
ucf/IceDancing/samples/00517.png 44
ucf/IceDancing/samples/00518.png 44
ucf/IceDancing/samples/00519.png 44
ucf/IceDancing/samples/00520.png 44
ucf/IceDancing/samples/00521.png 44
ucf/IceDancing/samples/00522.png 44
ucf/IceDancing/samples/00523.png 44
ucf/IceDancing/samples/00524.png 44
ucf/IceDancing/samples/00525.png 44
ucf/IceDancing/samples/00526.png 44
ucf/IceDancing/samples/00527.png 44
ucf/IceDancing/samples/00528.png 44
ucf/IceDancing/samples/00529.png 44
ucf/IceDancing/samples/00530.png 44
ucf/IceDancing/samples/00531.png 44
ucf/IceDancing/samples/00532.png 44
ucf/IceDancing/samples/00533.png 44
ucf/IceDancing/samples/00534.png 44
ucf/IceDancing/samples/00535.png 44
ucf/IceDancing/samples/00536.png 44
ucf/IceDancing/samples/00537.png 44
ucf/IceDancing/samples/00538.png 44
ucf/IceDancing/samples/00539.png 44
ucf/IceDancing/samples/00540.png 44
ucf/IceDancing/samples/00541.png 44
ucf/IceDancing/samples/00542.png 44
ucf/IceDancing/samples/00543.png 44
ucf/IceDancing/samples/00544.png 44
ucf/IceDancing/samples/00545.png 44
ucf/IceDancing/samples/00546.png 44
ucf/IceDancing/samples/00547.png 44
ucf/IceDancing/samples/00548.png 44
ucf/IceDancing/samples/00549.png 44
ucf/IceDancing/samples/00550.png 44
ucf/IceDancing/samples/00551.png 44
ucf/IceDancing/samples/00552.png 44
ucf/IceDancing/samples/00553.png 44
ucf/IceDancing/samples/00554.png 44
ucf/IceDancing/samples/00555.png 44
ucf/IceDancing/samples/00556.png 44
ucf/IceDancing/samples/00557.png 44
ucf/IceDancing/samples/00558.png 44
ucf/IceDancing/samples/00559.png 44
ucf/IceDancing/samples/00560.png 44
ucf/IceDancing/samples/00561.png 44
ucf/IceDancing/samples/00562.png 44
ucf/IceDancing/samples/00563.png 44
ucf/IceDancing/samples/00564.png 44
ucf/IceDancing/samples/00565.png 44
ucf/IceDancing/samples/00566.png 44
ucf/IceDancing/samples/00567.png 44
ucf/IceDancing/samples/00568.png 44
ucf/IceDancing/samples/00569.png 44
ucf/IceDancing/samples/00570.png 44
ucf/IceDancing/samples/00571.png 44
ucf/IceDancing/samples/00572.png 44
ucf/IceDancing/samples/00573.png 44
ucf/IceDancing/samples/00574.png 44
ucf/IceDancing/samples/00575.png 44
ucf/IceDancing/samples/00576.png 44
ucf/IceDancing/samples/00577.png 44
ucf/IceDancing/samples/00578.png 44
ucf/IceDancing/samples/00579.png 44
ucf/IceDancing/samples/00580.png 44
ucf/IceDancing/samples/00581.png 44
ucf/IceDancing/samples/00582.png 44
ucf/IceDancing/samples/00583.png 44
ucf/IceDancing/samples/00584.png 44
ucf/IceDancing/samples/00585.png 44
ucf/IceDancing/samples/00586.png 44
ucf/IceDancing/samples/00587.png 44
ucf/IceDancing/samples/00588.png 44
ucf/IceDancing/samples/00589.png 44
ucf/IceDancing/samples/00590.png 44
ucf/IceDancing/samples/00591.png 44
ucf/IceDancing/samples/00592.png 44
ucf/IceDancing/samples/00593.png 44
ucf/IceDancing/samples/00594.png 44
ucf/IceDancing/samples/00595.png 44
ucf/IceDancing/samples/00596.png 44
ucf/IceDancing/samples/00597.png 44
ucf/IceDancing/samples/00598.png 44
ucf/IceDancing/samples/00599.png 44
ucf/IceDancing/samples/00600.png 44
ucf/IceDancing/samples/00601.png 44
ucf/IceDancing/samples/00602.png 44
ucf/IceDancing/samples/00603.png 44
ucf/IceDancing/samples/00604.png 44
ucf/IceDancing/samples/00605.png 44
ucf/IceDancing/samples/00606.png 44
ucf/IceDancing/samples/00607.png 44
ucf/IceDancing/samples/00608.png 44
ucf/IceDancing/samples/00609.png 44
ucf/IceDancing/samples/00610.png 44
ucf/IceDancing/samples/00611.png 44
ucf/IceDancing/samples/00612.png 44
ucf/IceDancing/samples/00613.png 44
ucf/IceDancing/samples/00614.png 44
ucf/IceDancing/samples/00615.png 44
ucf/IceDancing/samples/00616.png 44
ucf/IceDancing/samples/00617.png 44
ucf/IceDancing/samples/00618.png 44
ucf/IceDancing/samples/00619.png 44
ucf/IceDancing/samples/00620.png 44
ucf/IceDancing/samples/00621.png 44
ucf/IceDancing/samples/00622.png 44
ucf/IceDancing/samples/00623.png 44
ucf/IceDancing/samples/00624.png 44
ucf/IceDancing/samples/00625.png 44
ucf/IceDancing/samples/00626.png 44
ucf/IceDancing/samples/00627.png 44
ucf/IceDancing/samples/00628.png 44
ucf/IceDancing/samples/00629.png 44
ucf/IceDancing/samples/00630.png 44
ucf/IceDancing/samples/00631.png 44
ucf/IceDancing/samples/00632.png 44
ucf/IceDancing/samples/00633.png 44
ucf/IceDancing/samples/00634.png 44
ucf/IceDancing/samples/00635.png 44
ucf/IceDancing/samples/00636.png 44
ucf/IceDancing/samples/00637.png 44
ucf/IceDancing/samples/00638.png 44
ucf/IceDancing/samples/00639.png 44
ucf/IceDancing/samples/00640.png 44
ucf/IceDancing/samples/00641.png 44
ucf/IceDancing/samples/00642.png 44
ucf/IceDancing/samples/00643.png 44
ucf/IceDancing/samples/00644.png 44
ucf/IceDancing/samples/00645.png 44
ucf/IceDancing/samples/00646.png 44
ucf/IceDancing/samples/00647.png 44
ucf/IceDancing/samples/00648.png 44
ucf/IceDancing/samples/00649.png 44
ucf/IceDancing/samples/00650.png 44
ucf/IceDancing/samples/00651.png 44
ucf/IceDancing/samples/00652.png 44
ucf/IceDancing/samples/00653.png 44
ucf/IceDancing/samples/00654.png 44
ucf/IceDancing/samples/00655.png 44
ucf/IceDancing/samples/00656.png 44
ucf/IceDancing/samples/00657.png 44
ucf/IceDancing/samples/00658.png 44
ucf/IceDancing/samples/00659.png 44
ucf/IceDancing/samples/00660.png 44
ucf/IceDancing/samples/00661.png 44
ucf/IceDancing/samples/00662.png 44
ucf/IceDancing/samples/00663.png 44
ucf/IceDancing/samples/00664.png 44
ucf/IceDancing/samples/00665.png 44
ucf/IceDancing/samples/00666.png 44
ucf/IceDancing/samples/00667.png 44
ucf/IceDancing/samples/00668.png 44
ucf/IceDancing/samples/00669.png 44
ucf/IceDancing/samples/00670.png 44
ucf/IceDancing/samples/00671.png 44
ucf/IceDancing/samples/00672.png 44
ucf/IceDancing/samples/00673.png 44
ucf/IceDancing/samples/00674.png 44
ucf/IceDancing/samples/00675.png 44
ucf/IceDancing/samples/00676.png 44
ucf/IceDancing/samples/00677.png 44
ucf/IceDancing/samples/00678.png 44
ucf/IceDancing/samples/00679.png 44
ucf/IceDancing/samples/00680.png 44
ucf/IceDancing/samples/00681.png 44
ucf/IceDancing/samples/00682.png 44
ucf/IceDancing/samples/00683.png 44
ucf/IceDancing/samples/00684.png 44
ucf/IceDancing/samples/00685.png 44
ucf/IceDancing/samples/00686.png 44
ucf/IceDancing/samples/00687.png 44
ucf/IceDancing/samples/00688.png 44
ucf/IceDancing/samples/00689.png 44
ucf/IceDancing/samples/00690.png 44
ucf/IceDancing/samples/00691.png 44
ucf/IceDancing/samples/00692.png 44
ucf/IceDancing/samples/00693.png 44
ucf/IceDancing/samples/00694.png 44
ucf/IceDancing/samples/00695.png 44
ucf/IceDancing/samples/00696.png 44
ucf/IceDancing/samples/00697.png 44
ucf/IceDancing/samples/00698.png 44
ucf/IceDancing/samples/00699.png 44
ucf/IceDancing/samples/00700.png 44
ucf/IceDancing/samples/00701.png 44
ucf/IceDancing/samples/00702.png 44
ucf/IceDancing/samples/00703.png 44
ucf/IceDancing/samples/00704.png 44
ucf/IceDancing/samples/00705.png 44
ucf/IceDancing/samples/00706.png 44
ucf/IceDancing/samples/00707.png 44
ucf/IceDancing/samples/00708.png 44
ucf/IceDancing/samples/00709.png 44
ucf/IceDancing/samples/00710.png 44
ucf/IceDancing/samples/00711.png 44
ucf/IceDancing/samples/00712.png 44
ucf/IceDancing/samples/00713.png 44
ucf/IceDancing/samples/00714.png 44
ucf/IceDancing/samples/00715.png 44
ucf/IceDancing/samples/00716.png 44
ucf/IceDancing/samples/00717.png 44
ucf/IceDancing/samples/00718.png 44
ucf/IceDancing/samples/00719.png 44
ucf/IceDancing/samples/00720.png 44
ucf/IceDancing/samples/00721.png 44
ucf/IceDancing/samples/00722.png 44
ucf/IceDancing/samples/00723.png 44
ucf/IceDancing/samples/00724.png 44
ucf/IceDancing/samples/00725.png 44
ucf/IceDancing/samples/00726.png 44
ucf/IceDancing/samples/00727.png 44
ucf/IceDancing/samples/00728.png 44
ucf/IceDancing/samples/00729.png 44
ucf/IceDancing/samples/00730.png 44
ucf/IceDancing/samples/00731.png 44
ucf/IceDancing/samples/00732.png 44
ucf/IceDancing/samples/00733.png 44
ucf/IceDancing/samples/00734.png 44
ucf/IceDancing/samples/00735.png 44
ucf/IceDancing/samples/00736.png 44
ucf/IceDancing/samples/00737.png 44
ucf/IceDancing/samples/00738.png 44
ucf/IceDancing/samples/00739.png 44
ucf/IceDancing/samples/00740.png 44
ucf/IceDancing/samples/00741.png 44
ucf/IceDancing/samples/00742.png 44
ucf/IceDancing/samples/00743.png 44
ucf/IceDancing/samples/00744.png 44
ucf/IceDancing/samples/00745.png 44
ucf/IceDancing/samples/00746.png 44
ucf/IceDancing/samples/00747.png 44
ucf/IceDancing/samples/00748.png 44
ucf/IceDancing/samples/00749.png 44
ucf/IceDancing/samples/00750.png 44
ucf/IceDancing/samples/00751.png 44
ucf/IceDancing/samples/00752.png 44
ucf/IceDancing/samples/00753.png 44
ucf/IceDancing/samples/00754.png 44
ucf/IceDancing/samples/00755.png 44
ucf/IceDancing/samples/00756.png 44
ucf/IceDancing/samples/00757.png 44
ucf/IceDancing/samples/00758.png 44
ucf/IceDancing/samples/00759.png 44
ucf/IceDancing/samples/00760.png 44
ucf/IceDancing/samples/00761.png 44
ucf/IceDancing/samples/00762.png 44
ucf/IceDancing/samples/00763.png 44
ucf/IceDancing/samples/00764.png 44
ucf/IceDancing/samples/00765.png 44
ucf/IceDancing/samples/00766.png 44
ucf/IceDancing/samples/00767.png 44
ucf/IceDancing/samples/00768.png 44
ucf/IceDancing/samples/00769.png 44
ucf/IceDancing/samples/00770.png 44
ucf/IceDancing/samples/00771.png 44
ucf/IceDancing/samples/00772.png 44
ucf/IceDancing/samples/00773.png 44
ucf/IceDancing/samples/00774.png 44
ucf/IceDancing/samples/00775.png 44
ucf/IceDancing/samples/00776.png 44
ucf/IceDancing/samples/00777.png 44
ucf/IceDancing/samples/00778.png 44
ucf/IceDancing/samples/00779.png 44
ucf/IceDancing/samples/00780.png 44
ucf/IceDancing/samples/00781.png 44
ucf/IceDancing/samples/00782.png 44
ucf/IceDancing/samples/00783.png 44
ucf/IceDancing/samples/00784.png 44
ucf/IceDancing/samples/00785.png 44
ucf/IceDancing/samples/00786.png 44
ucf/IceDancing/samples/00787.png 44
ucf/IceDancing/samples/00788.png 44
ucf/IceDancing/samples/00789.png 44
ucf/IceDancing/samples/00790.png 44
ucf/IceDancing/samples/00791.png 44
ucf/IceDancing/samples/00792.png 44
ucf/IceDancing/samples/00793.png 44
ucf/IceDancing/samples/00794.png 44
ucf/IceDancing/samples/00795.png 44
ucf/IceDancing/samples/00796.png 44
ucf/IceDancing/samples/00797.png 44
ucf/IceDancing/samples/00798.png 44
ucf/IceDancing/samples/00799.png 44
ucf/IceDancing/samples/00800.png 44
ucf/IceDancing/samples/00801.png 44
ucf/IceDancing/samples/00802.png 44
ucf/IceDancing/samples/00803.png 44
ucf/IceDancing/samples/00804.png 44
ucf/IceDancing/samples/00805.png 44
ucf/IceDancing/samples/00806.png 44
ucf/IceDancing/samples/00807.png 44
ucf/IceDancing/samples/00808.png 44
ucf/IceDancing/samples/00809.png 44
ucf/IceDancing/samples/00810.png 44
ucf/IceDancing/samples/00811.png 44
ucf/IceDancing/samples/00812.png 44
ucf/IceDancing/samples/00813.png 44
ucf/IceDancing/samples/00814.png 44
ucf/IceDancing/samples/00815.png 44
ucf/IceDancing/samples/00816.png 44
ucf/IceDancing/samples/00817.png 44
ucf/IceDancing/samples/00818.png 44
ucf/IceDancing/samples/00819.png 44
ucf/IceDancing/samples/00820.png 44
ucf/IceDancing/samples/00821.png 44
ucf/IceDancing/samples/00822.png 44
ucf/IceDancing/samples/00823.png 44
ucf/IceDancing/samples/00824.png 44
ucf/IceDancing/samples/00825.png 44
ucf/IceDancing/samples/00826.png 44
ucf/IceDancing/samples/00827.png 44
ucf/IceDancing/samples/00828.png 44
ucf/IceDancing/samples/00829.png 44
ucf/IceDancing/samples/00830.png 44
ucf/IceDancing/samples/00831.png 44
ucf/IceDancing/samples/00832.png 44
ucf/IceDancing/samples/00833.png 44
ucf/IceDancing/samples/00834.png 44
ucf/IceDancing/samples/00835.png 44
ucf/IceDancing/samples/00836.png 44
ucf/IceDancing/samples/00837.png 44
ucf/IceDancing/samples/00838.png 44
ucf/IceDancing/samples/00839.png 44
ucf/IceDancing/samples/00840.png 44
ucf/IceDancing/samples/00841.png 44
ucf/IceDancing/samples/00842.png 44
ucf/IceDancing/samples/00843.png 44
ucf/IceDancing/samples/00844.png 44
ucf/IceDancing/samples/00845.png 44
ucf/IceDancing/samples/00846.png 44
ucf/IceDancing/samples/00847.png 44
ucf/IceDancing/samples/00848.png 44
ucf/IceDancing/samples/00849.png 44
ucf/IceDancing/samples/00850.png 44
ucf/IceDancing/samples/00851.png 44
ucf/IceDancing/samples/00852.png 44
ucf/IceDancing/samples/00853.png 44
ucf/IceDancing/samples/00854.png 44
ucf/IceDancing/samples/00855.png 44
ucf/IceDancing/samples/00856.png 44
ucf/IceDancing/samples/00857.png 44
ucf/IceDancing/samples/00858.png 44
ucf/IceDancing/samples/00859.png 44
ucf/IceDancing/samples/00860.png 44
ucf/IceDancing/samples/00861.png 44
ucf/IceDancing/samples/00862.png 44
ucf/IceDancing/samples/00863.png 44
ucf/IceDancing/samples/00864.png 44
ucf/IceDancing/samples/00865.png 44
ucf/IceDancing/samples/00866.png 44
ucf/IceDancing/samples/00867.png 44
ucf/IceDancing/samples/00868.png 44
ucf/IceDancing/samples/00869.png 44
ucf/IceDancing/samples/00870.png 44
ucf/IceDancing/samples/00871.png 44
ucf/IceDancing/samples/00872.png 44
ucf/IceDancing/samples/00873.png 44
ucf/IceDancing/samples/00874.png 44
ucf/IceDancing/samples/00875.png 44
ucf/IceDancing/samples/00876.png 44
ucf/IceDancing/samples/00877.png 44
ucf/IceDancing/samples/00878.png 44
ucf/IceDancing/samples/00879.png 44
ucf/IceDancing/samples/00880.png 44
ucf/IceDancing/samples/00881.png 44
ucf/IceDancing/samples/00882.png 44
ucf/IceDancing/samples/00883.png 44
ucf/IceDancing/samples/00884.png 44
ucf/IceDancing/samples/00885.png 44
ucf/IceDancing/samples/00886.png 44
ucf/IceDancing/samples/00887.png 44
ucf/IceDancing/samples/00888.png 44
ucf/IceDancing/samples/00889.png 44
ucf/IceDancing/samples/00890.png 44
ucf/IceDancing/samples/00891.png 44
ucf/IceDancing/samples/00892.png 44
ucf/IceDancing/samples/00893.png 44
ucf/IceDancing/samples/00894.png 44
ucf/IceDancing/samples/00895.png 44
ucf/IceDancing/samples/00896.png 44
ucf/IceDancing/samples/00897.png 44
ucf/IceDancing/samples/00898.png 44
ucf/IceDancing/samples/00899.png 44
ucf/IceDancing/samples/00900.png 44
ucf/IceDancing/samples/00901.png 44
ucf/IceDancing/samples/00902.png 44
ucf/IceDancing/samples/00903.png 44
ucf/IceDancing/samples/00904.png 44
ucf/IceDancing/samples/00905.png 44
ucf/IceDancing/samples/00906.png 44
ucf/IceDancing/samples/00907.png 44
ucf/IceDancing/samples/00908.png 44
ucf/IceDancing/samples/00909.png 44
ucf/IceDancing/samples/00910.png 44
ucf/IceDancing/samples/00911.png 44
ucf/IceDancing/samples/00912.png 44
ucf/IceDancing/samples/00913.png 44
ucf/IceDancing/samples/00914.png 44
ucf/IceDancing/samples/00915.png 44
ucf/IceDancing/samples/00916.png 44
ucf/IceDancing/samples/00917.png 44
ucf/IceDancing/samples/00918.png 44
ucf/IceDancing/samples/00919.png 44
ucf/IceDancing/samples/00920.png 44
ucf/IceDancing/samples/00921.png 44
ucf/IceDancing/samples/00922.png 44
ucf/IceDancing/samples/00923.png 44
ucf/IceDancing/samples/00924.png 44
ucf/IceDancing/samples/00925.png 44
ucf/IceDancing/samples/00926.png 44
ucf/IceDancing/samples/00927.png 44
ucf/IceDancing/samples/00928.png 44
ucf/IceDancing/samples/00929.png 44
ucf/IceDancing/samples/00930.png 44
ucf/IceDancing/samples/00931.png 44
ucf/IceDancing/samples/00932.png 44
ucf/IceDancing/samples/00933.png 44
ucf/IceDancing/samples/00934.png 44
ucf/IceDancing/samples/00935.png 44
ucf/IceDancing/samples/00936.png 44
ucf/IceDancing/samples/00937.png 44
ucf/IceDancing/samples/00938.png 44
ucf/IceDancing/samples/00939.png 44
ucf/IceDancing/samples/00940.png 44
ucf/IceDancing/samples/00941.png 44
ucf/IceDancing/samples/00942.png 44
ucf/IceDancing/samples/00943.png 44
ucf/IceDancing/samples/00944.png 44
ucf/IceDancing/samples/00945.png 44
ucf/IceDancing/samples/00946.png 44
ucf/IceDancing/samples/00947.png 44
ucf/IceDancing/samples/00948.png 44
ucf/IceDancing/samples/00949.png 44
ucf/IceDancing/samples/00950.png 44
ucf/IceDancing/samples/00951.png 44
ucf/IceDancing/samples/00952.png 44
ucf/IceDancing/samples/00953.png 44
ucf/IceDancing/samples/00954.png 44
ucf/IceDancing/samples/00955.png 44
ucf/IceDancing/samples/00956.png 44
ucf/IceDancing/samples/00957.png 44
ucf/IceDancing/samples/00958.png 44
ucf/IceDancing/samples/00959.png 44
ucf/IceDancing/samples/00960.png 44
ucf/IceDancing/samples/00961.png 44
ucf/IceDancing/samples/00962.png 44
ucf/IceDancing/samples/00963.png 44
ucf/IceDancing/samples/00964.png 44
ucf/IceDancing/samples/00965.png 44
ucf/IceDancing/samples/00966.png 44
ucf/IceDancing/samples/00967.png 44
ucf/IceDancing/samples/00968.png 44
ucf/IceDancing/samples/00969.png 44
ucf/IceDancing/samples/00970.png 44
ucf/IceDancing/samples/00971.png 44
ucf/IceDancing/samples/00972.png 44
ucf/IceDancing/samples/00973.png 44
ucf/IceDancing/samples/00974.png 44
ucf/IceDancing/samples/00975.png 44
ucf/IceDancing/samples/00976.png 44
ucf/IceDancing/samples/00977.png 44
ucf/IceDancing/samples/00978.png 44
ucf/IceDancing/samples/00979.png 44
ucf/IceDancing/samples/00980.png 44
ucf/IceDancing/samples/00981.png 44
ucf/IceDancing/samples/00982.png 44
ucf/IceDancing/samples/00983.png 44
ucf/IceDancing/samples/00984.png 44
ucf/IceDancing/samples/00985.png 44
ucf/IceDancing/samples/00986.png 44
ucf/IceDancing/samples/00987.png 44
ucf/IceDancing/samples/00988.png 44
ucf/IceDancing/samples/00989.png 44
ucf/IceDancing/samples/00990.png 44
ucf/IceDancing/samples/00991.png 44
ucf/IceDancing/samples/00992.png 44
ucf/IceDancing/samples/00993.png 44
ucf/IceDancing/samples/00994.png 44
ucf/IceDancing/samples/00995.png 44
ucf/IceDancing/samples/00996.png 44
ucf/IceDancing/samples/00997.png 44
ucf/IceDancing/samples/00998.png 44
ucf/IceDancing/samples/00999.png 44
ucf/GolfSwing/samples/00000.png 33
ucf/GolfSwing/samples/00001.png 33
ucf/GolfSwing/samples/00002.png 33
ucf/GolfSwing/samples/00003.png 33
ucf/GolfSwing/samples/00004.png 33
ucf/GolfSwing/samples/00005.png 33
ucf/GolfSwing/samples/00006.png 33
ucf/GolfSwing/samples/00007.png 33
ucf/GolfSwing/samples/00008.png 33
ucf/GolfSwing/samples/00009.png 33
ucf/GolfSwing/samples/00010.png 33
ucf/GolfSwing/samples/00011.png 33
ucf/GolfSwing/samples/00012.png 33
ucf/GolfSwing/samples/00013.png 33
ucf/GolfSwing/samples/00014.png 33
ucf/GolfSwing/samples/00015.png 33
ucf/GolfSwing/samples/00016.png 33
ucf/GolfSwing/samples/00017.png 33
ucf/GolfSwing/samples/00018.png 33
ucf/GolfSwing/samples/00019.png 33
ucf/GolfSwing/samples/00020.png 33
ucf/GolfSwing/samples/00021.png 33
ucf/GolfSwing/samples/00022.png 33
ucf/GolfSwing/samples/00023.png 33
ucf/GolfSwing/samples/00024.png 33
ucf/GolfSwing/samples/00025.png 33
ucf/GolfSwing/samples/00026.png 33
ucf/GolfSwing/samples/00027.png 33
ucf/GolfSwing/samples/00028.png 33
ucf/GolfSwing/samples/00029.png 33
ucf/GolfSwing/samples/00030.png 33
ucf/GolfSwing/samples/00031.png 33
ucf/GolfSwing/samples/00032.png 33
ucf/GolfSwing/samples/00033.png 33
ucf/GolfSwing/samples/00034.png 33
ucf/GolfSwing/samples/00035.png 33
ucf/GolfSwing/samples/00036.png 33
ucf/GolfSwing/samples/00037.png 33
ucf/GolfSwing/samples/00038.png 33
ucf/GolfSwing/samples/00039.png 33
ucf/GolfSwing/samples/00040.png 33
ucf/GolfSwing/samples/00041.png 33
ucf/GolfSwing/samples/00042.png 33
ucf/GolfSwing/samples/00043.png 33
ucf/GolfSwing/samples/00044.png 33
ucf/GolfSwing/samples/00045.png 33
ucf/GolfSwing/samples/00046.png 33
ucf/GolfSwing/samples/00047.png 33
ucf/GolfSwing/samples/00048.png 33
ucf/GolfSwing/samples/00049.png 33
ucf/GolfSwing/samples/00050.png 33
ucf/GolfSwing/samples/00051.png 33
ucf/GolfSwing/samples/00052.png 33
ucf/GolfSwing/samples/00053.png 33
ucf/GolfSwing/samples/00054.png 33
ucf/GolfSwing/samples/00055.png 33
ucf/GolfSwing/samples/00056.png 33
ucf/GolfSwing/samples/00057.png 33
ucf/GolfSwing/samples/00058.png 33
ucf/GolfSwing/samples/00059.png 33
ucf/GolfSwing/samples/00060.png 33
ucf/GolfSwing/samples/00061.png 33
ucf/GolfSwing/samples/00062.png 33
ucf/GolfSwing/samples/00063.png 33
ucf/GolfSwing/samples/00064.png 33
ucf/GolfSwing/samples/00065.png 33
ucf/GolfSwing/samples/00066.png 33
ucf/GolfSwing/samples/00067.png 33
ucf/GolfSwing/samples/00068.png 33
ucf/GolfSwing/samples/00069.png 33
ucf/GolfSwing/samples/00070.png 33
ucf/GolfSwing/samples/00071.png 33
ucf/GolfSwing/samples/00072.png 33
ucf/GolfSwing/samples/00073.png 33
ucf/GolfSwing/samples/00074.png 33
ucf/GolfSwing/samples/00075.png 33
ucf/GolfSwing/samples/00076.png 33
ucf/GolfSwing/samples/00077.png 33
ucf/GolfSwing/samples/00078.png 33
ucf/GolfSwing/samples/00079.png 33
ucf/GolfSwing/samples/00080.png 33
ucf/GolfSwing/samples/00081.png 33
ucf/GolfSwing/samples/00082.png 33
ucf/GolfSwing/samples/00083.png 33
ucf/GolfSwing/samples/00084.png 33
ucf/GolfSwing/samples/00085.png 33
ucf/GolfSwing/samples/00086.png 33
ucf/GolfSwing/samples/00087.png 33
ucf/GolfSwing/samples/00088.png 33
ucf/GolfSwing/samples/00089.png 33
ucf/GolfSwing/samples/00090.png 33
ucf/GolfSwing/samples/00091.png 33
ucf/GolfSwing/samples/00092.png 33
ucf/GolfSwing/samples/00093.png 33
ucf/GolfSwing/samples/00094.png 33
ucf/GolfSwing/samples/00095.png 33
ucf/GolfSwing/samples/00096.png 33
ucf/GolfSwing/samples/00097.png 33
ucf/GolfSwing/samples/00098.png 33
ucf/GolfSwing/samples/00099.png 33
ucf/GolfSwing/samples/00100.png 33
ucf/GolfSwing/samples/00101.png 33
ucf/GolfSwing/samples/00102.png 33
ucf/GolfSwing/samples/00103.png 33
ucf/GolfSwing/samples/00104.png 33
ucf/GolfSwing/samples/00105.png 33
ucf/GolfSwing/samples/00106.png 33
ucf/GolfSwing/samples/00107.png 33
ucf/GolfSwing/samples/00108.png 33
ucf/GolfSwing/samples/00109.png 33
ucf/GolfSwing/samples/00110.png 33
ucf/GolfSwing/samples/00111.png 33
ucf/GolfSwing/samples/00112.png 33
ucf/GolfSwing/samples/00113.png 33
ucf/GolfSwing/samples/00114.png 33
ucf/GolfSwing/samples/00115.png 33
ucf/GolfSwing/samples/00116.png 33
ucf/GolfSwing/samples/00117.png 33
ucf/GolfSwing/samples/00118.png 33
ucf/GolfSwing/samples/00119.png 33
ucf/GolfSwing/samples/00120.png 33
ucf/GolfSwing/samples/00121.png 33
ucf/GolfSwing/samples/00122.png 33
ucf/GolfSwing/samples/00123.png 33
ucf/GolfSwing/samples/00124.png 33
ucf/GolfSwing/samples/00125.png 33
ucf/GolfSwing/samples/00126.png 33
ucf/GolfSwing/samples/00127.png 33
ucf/GolfSwing/samples/00128.png 33
ucf/GolfSwing/samples/00129.png 33
ucf/GolfSwing/samples/00130.png 33
ucf/GolfSwing/samples/00131.png 33
ucf/GolfSwing/samples/00132.png 33
ucf/GolfSwing/samples/00133.png 33
ucf/GolfSwing/samples/00134.png 33
ucf/GolfSwing/samples/00135.png 33
ucf/GolfSwing/samples/00136.png 33
ucf/GolfSwing/samples/00137.png 33
ucf/GolfSwing/samples/00138.png 33
ucf/GolfSwing/samples/00139.png 33
ucf/GolfSwing/samples/00140.png 33
ucf/GolfSwing/samples/00141.png 33
ucf/GolfSwing/samples/00142.png 33
ucf/GolfSwing/samples/00143.png 33
ucf/GolfSwing/samples/00144.png 33
ucf/GolfSwing/samples/00145.png 33
ucf/GolfSwing/samples/00146.png 33
ucf/GolfSwing/samples/00147.png 33
ucf/GolfSwing/samples/00148.png 33
ucf/GolfSwing/samples/00149.png 33
ucf/GolfSwing/samples/00150.png 33
ucf/GolfSwing/samples/00151.png 33
ucf/GolfSwing/samples/00152.png 33
ucf/GolfSwing/samples/00153.png 33
ucf/GolfSwing/samples/00154.png 33
ucf/GolfSwing/samples/00155.png 33
ucf/GolfSwing/samples/00156.png 33
ucf/GolfSwing/samples/00157.png 33
ucf/GolfSwing/samples/00158.png 33
ucf/GolfSwing/samples/00159.png 33
ucf/GolfSwing/samples/00160.png 33
ucf/GolfSwing/samples/00161.png 33
ucf/GolfSwing/samples/00162.png 33
ucf/GolfSwing/samples/00163.png 33
ucf/GolfSwing/samples/00164.png 33
ucf/GolfSwing/samples/00165.png 33
ucf/GolfSwing/samples/00166.png 33
ucf/GolfSwing/samples/00167.png 33
ucf/GolfSwing/samples/00168.png 33
ucf/GolfSwing/samples/00169.png 33
ucf/GolfSwing/samples/00170.png 33
ucf/GolfSwing/samples/00171.png 33
ucf/GolfSwing/samples/00172.png 33
ucf/GolfSwing/samples/00173.png 33
ucf/GolfSwing/samples/00174.png 33
ucf/GolfSwing/samples/00175.png 33
ucf/GolfSwing/samples/00176.png 33
ucf/GolfSwing/samples/00177.png 33
ucf/GolfSwing/samples/00178.png 33
ucf/GolfSwing/samples/00179.png 33
ucf/GolfSwing/samples/00180.png 33
ucf/GolfSwing/samples/00181.png 33
ucf/GolfSwing/samples/00182.png 33
ucf/GolfSwing/samples/00183.png 33
ucf/GolfSwing/samples/00184.png 33
ucf/GolfSwing/samples/00185.png 33
ucf/GolfSwing/samples/00186.png 33
ucf/GolfSwing/samples/00187.png 33
ucf/GolfSwing/samples/00188.png 33
ucf/GolfSwing/samples/00189.png 33
ucf/GolfSwing/samples/00190.png 33
ucf/GolfSwing/samples/00191.png 33
ucf/GolfSwing/samples/00192.png 33
ucf/GolfSwing/samples/00193.png 33
ucf/GolfSwing/samples/00194.png 33
ucf/GolfSwing/samples/00195.png 33
ucf/GolfSwing/samples/00196.png 33
ucf/GolfSwing/samples/00197.png 33
ucf/GolfSwing/samples/00198.png 33
ucf/GolfSwing/samples/00199.png 33
ucf/GolfSwing/samples/00200.png 33
ucf/GolfSwing/samples/00201.png 33
ucf/GolfSwing/samples/00202.png 33
ucf/GolfSwing/samples/00203.png 33
ucf/GolfSwing/samples/00204.png 33
ucf/GolfSwing/samples/00205.png 33
ucf/GolfSwing/samples/00206.png 33
ucf/GolfSwing/samples/00207.png 33
ucf/GolfSwing/samples/00208.png 33
ucf/GolfSwing/samples/00209.png 33
ucf/GolfSwing/samples/00210.png 33
ucf/GolfSwing/samples/00211.png 33
ucf/GolfSwing/samples/00212.png 33
ucf/GolfSwing/samples/00213.png 33
ucf/GolfSwing/samples/00214.png 33
ucf/GolfSwing/samples/00215.png 33
ucf/GolfSwing/samples/00216.png 33
ucf/GolfSwing/samples/00217.png 33
ucf/GolfSwing/samples/00218.png 33
ucf/GolfSwing/samples/00219.png 33
ucf/GolfSwing/samples/00220.png 33
ucf/GolfSwing/samples/00221.png 33
ucf/GolfSwing/samples/00222.png 33
ucf/GolfSwing/samples/00223.png 33
ucf/GolfSwing/samples/00224.png 33
ucf/GolfSwing/samples/00225.png 33
ucf/GolfSwing/samples/00226.png 33
ucf/GolfSwing/samples/00227.png 33
ucf/GolfSwing/samples/00228.png 33
ucf/GolfSwing/samples/00229.png 33
ucf/GolfSwing/samples/00230.png 33
ucf/GolfSwing/samples/00231.png 33
ucf/GolfSwing/samples/00232.png 33
ucf/GolfSwing/samples/00233.png 33
ucf/GolfSwing/samples/00234.png 33
ucf/GolfSwing/samples/00235.png 33
ucf/GolfSwing/samples/00236.png 33
ucf/GolfSwing/samples/00237.png 33
ucf/GolfSwing/samples/00238.png 33
ucf/GolfSwing/samples/00239.png 33
ucf/GolfSwing/samples/00240.png 33
ucf/GolfSwing/samples/00241.png 33
ucf/GolfSwing/samples/00242.png 33
ucf/GolfSwing/samples/00243.png 33
ucf/GolfSwing/samples/00244.png 33
ucf/GolfSwing/samples/00245.png 33
ucf/GolfSwing/samples/00246.png 33
ucf/GolfSwing/samples/00247.png 33
ucf/GolfSwing/samples/00248.png 33
ucf/GolfSwing/samples/00249.png 33
ucf/GolfSwing/samples/00250.png 33
ucf/GolfSwing/samples/00251.png 33
ucf/GolfSwing/samples/00252.png 33
ucf/GolfSwing/samples/00253.png 33
ucf/GolfSwing/samples/00254.png 33
ucf/GolfSwing/samples/00255.png 33
ucf/GolfSwing/samples/00256.png 33
ucf/GolfSwing/samples/00257.png 33
ucf/GolfSwing/samples/00258.png 33
ucf/GolfSwing/samples/00259.png 33
ucf/GolfSwing/samples/00260.png 33
ucf/GolfSwing/samples/00261.png 33
ucf/GolfSwing/samples/00262.png 33
ucf/GolfSwing/samples/00263.png 33
ucf/GolfSwing/samples/00264.png 33
ucf/GolfSwing/samples/00265.png 33
ucf/GolfSwing/samples/00266.png 33
ucf/GolfSwing/samples/00267.png 33
ucf/GolfSwing/samples/00268.png 33
ucf/GolfSwing/samples/00269.png 33
ucf/GolfSwing/samples/00270.png 33
ucf/GolfSwing/samples/00271.png 33
ucf/GolfSwing/samples/00272.png 33
ucf/GolfSwing/samples/00273.png 33
ucf/GolfSwing/samples/00274.png 33
ucf/GolfSwing/samples/00275.png 33
ucf/GolfSwing/samples/00276.png 33
ucf/GolfSwing/samples/00277.png 33
ucf/GolfSwing/samples/00278.png 33
ucf/GolfSwing/samples/00279.png 33
ucf/GolfSwing/samples/00280.png 33
ucf/GolfSwing/samples/00281.png 33
ucf/GolfSwing/samples/00282.png 33
ucf/GolfSwing/samples/00283.png 33
ucf/GolfSwing/samples/00284.png 33
ucf/GolfSwing/samples/00285.png 33
ucf/GolfSwing/samples/00286.png 33
ucf/GolfSwing/samples/00287.png 33
ucf/GolfSwing/samples/00288.png 33
ucf/GolfSwing/samples/00289.png 33
ucf/GolfSwing/samples/00290.png 33
ucf/GolfSwing/samples/00291.png 33
ucf/GolfSwing/samples/00292.png 33
ucf/GolfSwing/samples/00293.png 33
ucf/GolfSwing/samples/00294.png 33
ucf/GolfSwing/samples/00295.png 33
ucf/GolfSwing/samples/00296.png 33
ucf/GolfSwing/samples/00297.png 33
ucf/GolfSwing/samples/00298.png 33
ucf/GolfSwing/samples/00299.png 33
ucf/GolfSwing/samples/00300.png 33
ucf/GolfSwing/samples/00301.png 33
ucf/GolfSwing/samples/00302.png 33
ucf/GolfSwing/samples/00303.png 33
ucf/GolfSwing/samples/00304.png 33
ucf/GolfSwing/samples/00305.png 33
ucf/GolfSwing/samples/00306.png 33
ucf/GolfSwing/samples/00307.png 33
ucf/GolfSwing/samples/00308.png 33
ucf/GolfSwing/samples/00309.png 33
ucf/GolfSwing/samples/00310.png 33
ucf/GolfSwing/samples/00311.png 33
ucf/GolfSwing/samples/00312.png 33
ucf/GolfSwing/samples/00313.png 33
ucf/GolfSwing/samples/00314.png 33
ucf/GolfSwing/samples/00315.png 33
ucf/GolfSwing/samples/00316.png 33
ucf/GolfSwing/samples/00317.png 33
ucf/GolfSwing/samples/00318.png 33
ucf/GolfSwing/samples/00319.png 33
ucf/GolfSwing/samples/00320.png 33
ucf/GolfSwing/samples/00321.png 33
ucf/GolfSwing/samples/00322.png 33
ucf/GolfSwing/samples/00323.png 33
ucf/GolfSwing/samples/00324.png 33
ucf/GolfSwing/samples/00325.png 33
ucf/GolfSwing/samples/00326.png 33
ucf/GolfSwing/samples/00327.png 33
ucf/GolfSwing/samples/00328.png 33
ucf/GolfSwing/samples/00329.png 33
ucf/GolfSwing/samples/00330.png 33
ucf/GolfSwing/samples/00331.png 33
ucf/GolfSwing/samples/00332.png 33
ucf/GolfSwing/samples/00333.png 33
ucf/GolfSwing/samples/00334.png 33
ucf/GolfSwing/samples/00335.png 33
ucf/GolfSwing/samples/00336.png 33
ucf/GolfSwing/samples/00337.png 33
ucf/GolfSwing/samples/00338.png 33
ucf/GolfSwing/samples/00339.png 33
ucf/GolfSwing/samples/00340.png 33
ucf/GolfSwing/samples/00341.png 33
ucf/GolfSwing/samples/00342.png 33
ucf/GolfSwing/samples/00343.png 33
ucf/GolfSwing/samples/00344.png 33
ucf/GolfSwing/samples/00345.png 33
ucf/GolfSwing/samples/00346.png 33
ucf/GolfSwing/samples/00347.png 33
ucf/GolfSwing/samples/00348.png 33
ucf/GolfSwing/samples/00349.png 33
ucf/GolfSwing/samples/00350.png 33
ucf/GolfSwing/samples/00351.png 33
ucf/GolfSwing/samples/00352.png 33
ucf/GolfSwing/samples/00353.png 33
ucf/GolfSwing/samples/00354.png 33
ucf/GolfSwing/samples/00355.png 33
ucf/GolfSwing/samples/00356.png 33
ucf/GolfSwing/samples/00357.png 33
ucf/GolfSwing/samples/00358.png 33
ucf/GolfSwing/samples/00359.png 33
ucf/GolfSwing/samples/00360.png 33
ucf/GolfSwing/samples/00361.png 33
ucf/GolfSwing/samples/00362.png 33
ucf/GolfSwing/samples/00363.png 33
ucf/GolfSwing/samples/00364.png 33
ucf/GolfSwing/samples/00365.png 33
ucf/GolfSwing/samples/00366.png 33
ucf/GolfSwing/samples/00367.png 33
ucf/GolfSwing/samples/00368.png 33
ucf/GolfSwing/samples/00369.png 33
ucf/GolfSwing/samples/00370.png 33
ucf/GolfSwing/samples/00371.png 33
ucf/GolfSwing/samples/00372.png 33
ucf/GolfSwing/samples/00373.png 33
ucf/GolfSwing/samples/00374.png 33
ucf/GolfSwing/samples/00375.png 33
ucf/GolfSwing/samples/00376.png 33
ucf/GolfSwing/samples/00377.png 33
ucf/GolfSwing/samples/00378.png 33
ucf/GolfSwing/samples/00379.png 33
ucf/GolfSwing/samples/00380.png 33
ucf/GolfSwing/samples/00381.png 33
ucf/GolfSwing/samples/00382.png 33
ucf/GolfSwing/samples/00383.png 33
ucf/GolfSwing/samples/00384.png 33
ucf/GolfSwing/samples/00385.png 33
ucf/GolfSwing/samples/00386.png 33
ucf/GolfSwing/samples/00387.png 33
ucf/GolfSwing/samples/00388.png 33
ucf/GolfSwing/samples/00389.png 33
ucf/GolfSwing/samples/00390.png 33
ucf/GolfSwing/samples/00391.png 33
ucf/GolfSwing/samples/00392.png 33
ucf/GolfSwing/samples/00393.png 33
ucf/GolfSwing/samples/00394.png 33
ucf/GolfSwing/samples/00395.png 33
ucf/GolfSwing/samples/00396.png 33
ucf/GolfSwing/samples/00397.png 33
ucf/GolfSwing/samples/00398.png 33
ucf/GolfSwing/samples/00399.png 33
ucf/GolfSwing/samples/00400.png 33
ucf/GolfSwing/samples/00401.png 33
ucf/GolfSwing/samples/00402.png 33
ucf/GolfSwing/samples/00403.png 33
ucf/GolfSwing/samples/00404.png 33
ucf/GolfSwing/samples/00405.png 33
ucf/GolfSwing/samples/00406.png 33
ucf/GolfSwing/samples/00407.png 33
ucf/GolfSwing/samples/00408.png 33
ucf/GolfSwing/samples/00409.png 33
ucf/GolfSwing/samples/00410.png 33
ucf/GolfSwing/samples/00411.png 33
ucf/GolfSwing/samples/00412.png 33
ucf/GolfSwing/samples/00413.png 33
ucf/GolfSwing/samples/00414.png 33
ucf/GolfSwing/samples/00415.png 33
ucf/GolfSwing/samples/00416.png 33
ucf/GolfSwing/samples/00417.png 33
ucf/GolfSwing/samples/00418.png 33
ucf/GolfSwing/samples/00419.png 33
ucf/GolfSwing/samples/00420.png 33
ucf/GolfSwing/samples/00421.png 33
ucf/GolfSwing/samples/00422.png 33
ucf/GolfSwing/samples/00423.png 33
ucf/GolfSwing/samples/00424.png 33
ucf/GolfSwing/samples/00425.png 33
ucf/GolfSwing/samples/00426.png 33
ucf/GolfSwing/samples/00427.png 33
ucf/GolfSwing/samples/00428.png 33
ucf/GolfSwing/samples/00429.png 33
ucf/GolfSwing/samples/00430.png 33
ucf/GolfSwing/samples/00431.png 33
ucf/GolfSwing/samples/00432.png 33
ucf/GolfSwing/samples/00433.png 33
ucf/GolfSwing/samples/00434.png 33
ucf/GolfSwing/samples/00435.png 33
ucf/GolfSwing/samples/00436.png 33
ucf/GolfSwing/samples/00437.png 33
ucf/GolfSwing/samples/00438.png 33
ucf/GolfSwing/samples/00439.png 33
ucf/GolfSwing/samples/00440.png 33
ucf/GolfSwing/samples/00441.png 33
ucf/GolfSwing/samples/00442.png 33
ucf/GolfSwing/samples/00443.png 33
ucf/GolfSwing/samples/00444.png 33
ucf/GolfSwing/samples/00445.png 33
ucf/GolfSwing/samples/00446.png 33
ucf/GolfSwing/samples/00447.png 33
ucf/GolfSwing/samples/00448.png 33
ucf/GolfSwing/samples/00449.png 33
ucf/GolfSwing/samples/00450.png 33
ucf/GolfSwing/samples/00451.png 33
ucf/GolfSwing/samples/00452.png 33
ucf/GolfSwing/samples/00453.png 33
ucf/GolfSwing/samples/00454.png 33
ucf/GolfSwing/samples/00455.png 33
ucf/GolfSwing/samples/00456.png 33
ucf/GolfSwing/samples/00457.png 33
ucf/GolfSwing/samples/00458.png 33
ucf/GolfSwing/samples/00459.png 33
ucf/GolfSwing/samples/00460.png 33
ucf/GolfSwing/samples/00461.png 33
ucf/GolfSwing/samples/00462.png 33
ucf/GolfSwing/samples/00463.png 33
ucf/GolfSwing/samples/00464.png 33
ucf/GolfSwing/samples/00465.png 33
ucf/GolfSwing/samples/00466.png 33
ucf/GolfSwing/samples/00467.png 33
ucf/GolfSwing/samples/00468.png 33
ucf/GolfSwing/samples/00469.png 33
ucf/GolfSwing/samples/00470.png 33
ucf/GolfSwing/samples/00471.png 33
ucf/GolfSwing/samples/00472.png 33
ucf/GolfSwing/samples/00473.png 33
ucf/GolfSwing/samples/00474.png 33
ucf/GolfSwing/samples/00475.png 33
ucf/GolfSwing/samples/00476.png 33
ucf/GolfSwing/samples/00477.png 33
ucf/GolfSwing/samples/00478.png 33
ucf/GolfSwing/samples/00479.png 33
ucf/GolfSwing/samples/00480.png 33
ucf/GolfSwing/samples/00481.png 33
ucf/GolfSwing/samples/00482.png 33
ucf/GolfSwing/samples/00483.png 33
ucf/GolfSwing/samples/00484.png 33
ucf/GolfSwing/samples/00485.png 33
ucf/GolfSwing/samples/00486.png 33
ucf/GolfSwing/samples/00487.png 33
ucf/GolfSwing/samples/00488.png 33
ucf/GolfSwing/samples/00489.png 33
ucf/GolfSwing/samples/00490.png 33
ucf/GolfSwing/samples/00491.png 33
ucf/GolfSwing/samples/00492.png 33
ucf/GolfSwing/samples/00493.png 33
ucf/GolfSwing/samples/00494.png 33
ucf/GolfSwing/samples/00495.png 33
ucf/GolfSwing/samples/00496.png 33
ucf/GolfSwing/samples/00497.png 33
ucf/GolfSwing/samples/00498.png 33
ucf/GolfSwing/samples/00499.png 33
ucf/GolfSwing/samples/00500.png 33
ucf/GolfSwing/samples/00501.png 33
ucf/GolfSwing/samples/00502.png 33
ucf/GolfSwing/samples/00503.png 33
ucf/GolfSwing/samples/00504.png 33
ucf/GolfSwing/samples/00505.png 33
ucf/GolfSwing/samples/00506.png 33
ucf/GolfSwing/samples/00507.png 33
ucf/GolfSwing/samples/00508.png 33
ucf/GolfSwing/samples/00509.png 33
ucf/GolfSwing/samples/00510.png 33
ucf/GolfSwing/samples/00511.png 33
ucf/GolfSwing/samples/00512.png 33
ucf/GolfSwing/samples/00513.png 33
ucf/GolfSwing/samples/00514.png 33
ucf/GolfSwing/samples/00515.png 33
ucf/GolfSwing/samples/00516.png 33
ucf/GolfSwing/samples/00517.png 33
ucf/GolfSwing/samples/00518.png 33
ucf/GolfSwing/samples/00519.png 33
ucf/GolfSwing/samples/00520.png 33
ucf/GolfSwing/samples/00521.png 33
ucf/GolfSwing/samples/00522.png 33
ucf/GolfSwing/samples/00523.png 33
ucf/GolfSwing/samples/00524.png 33
ucf/GolfSwing/samples/00525.png 33
ucf/GolfSwing/samples/00526.png 33
ucf/GolfSwing/samples/00527.png 33
ucf/GolfSwing/samples/00528.png 33
ucf/GolfSwing/samples/00529.png 33
ucf/GolfSwing/samples/00530.png 33
ucf/GolfSwing/samples/00531.png 33
ucf/GolfSwing/samples/00532.png 33
ucf/GolfSwing/samples/00533.png 33
ucf/GolfSwing/samples/00534.png 33
ucf/GolfSwing/samples/00535.png 33
ucf/GolfSwing/samples/00536.png 33
ucf/GolfSwing/samples/00537.png 33
ucf/GolfSwing/samples/00538.png 33
ucf/GolfSwing/samples/00539.png 33
ucf/GolfSwing/samples/00540.png 33
ucf/GolfSwing/samples/00541.png 33
ucf/GolfSwing/samples/00542.png 33
ucf/GolfSwing/samples/00543.png 33
ucf/GolfSwing/samples/00544.png 33
ucf/GolfSwing/samples/00545.png 33
ucf/GolfSwing/samples/00546.png 33
ucf/GolfSwing/samples/00547.png 33
ucf/GolfSwing/samples/00548.png 33
ucf/GolfSwing/samples/00549.png 33
ucf/GolfSwing/samples/00550.png 33
ucf/GolfSwing/samples/00551.png 33
ucf/GolfSwing/samples/00552.png 33
ucf/GolfSwing/samples/00553.png 33
ucf/GolfSwing/samples/00554.png 33
ucf/GolfSwing/samples/00555.png 33
ucf/GolfSwing/samples/00556.png 33
ucf/GolfSwing/samples/00557.png 33
ucf/GolfSwing/samples/00558.png 33
ucf/GolfSwing/samples/00559.png 33
ucf/GolfSwing/samples/00560.png 33
ucf/GolfSwing/samples/00561.png 33
ucf/GolfSwing/samples/00562.png 33
ucf/GolfSwing/samples/00563.png 33
ucf/GolfSwing/samples/00564.png 33
ucf/GolfSwing/samples/00565.png 33
ucf/GolfSwing/samples/00566.png 33
ucf/GolfSwing/samples/00567.png 33
ucf/GolfSwing/samples/00568.png 33
ucf/GolfSwing/samples/00569.png 33
ucf/GolfSwing/samples/00570.png 33
ucf/GolfSwing/samples/00571.png 33
ucf/GolfSwing/samples/00572.png 33
ucf/GolfSwing/samples/00573.png 33
ucf/GolfSwing/samples/00574.png 33
ucf/GolfSwing/samples/00575.png 33
ucf/GolfSwing/samples/00576.png 33
ucf/GolfSwing/samples/00577.png 33
ucf/GolfSwing/samples/00578.png 33
ucf/GolfSwing/samples/00579.png 33
ucf/GolfSwing/samples/00580.png 33
ucf/GolfSwing/samples/00581.png 33
ucf/GolfSwing/samples/00582.png 33
ucf/GolfSwing/samples/00583.png 33
ucf/GolfSwing/samples/00584.png 33
ucf/GolfSwing/samples/00585.png 33
ucf/GolfSwing/samples/00586.png 33
ucf/GolfSwing/samples/00587.png 33
ucf/GolfSwing/samples/00588.png 33
ucf/GolfSwing/samples/00589.png 33
ucf/GolfSwing/samples/00590.png 33
ucf/GolfSwing/samples/00591.png 33
ucf/GolfSwing/samples/00592.png 33
ucf/GolfSwing/samples/00593.png 33
ucf/GolfSwing/samples/00594.png 33
ucf/GolfSwing/samples/00595.png 33
ucf/GolfSwing/samples/00596.png 33
ucf/GolfSwing/samples/00597.png 33
ucf/GolfSwing/samples/00598.png 33
ucf/GolfSwing/samples/00599.png 33
ucf/GolfSwing/samples/00600.png 33
ucf/GolfSwing/samples/00601.png 33
ucf/GolfSwing/samples/00602.png 33
ucf/GolfSwing/samples/00603.png 33
ucf/GolfSwing/samples/00604.png 33
ucf/GolfSwing/samples/00605.png 33
ucf/GolfSwing/samples/00606.png 33
ucf/GolfSwing/samples/00607.png 33
ucf/GolfSwing/samples/00608.png 33
ucf/GolfSwing/samples/00609.png 33
ucf/GolfSwing/samples/00610.png 33
ucf/GolfSwing/samples/00611.png 33
ucf/GolfSwing/samples/00612.png 33
ucf/GolfSwing/samples/00613.png 33
ucf/GolfSwing/samples/00614.png 33
ucf/GolfSwing/samples/00615.png 33
ucf/GolfSwing/samples/00616.png 33
ucf/GolfSwing/samples/00617.png 33
ucf/GolfSwing/samples/00618.png 33
ucf/GolfSwing/samples/00619.png 33
ucf/GolfSwing/samples/00620.png 33
ucf/GolfSwing/samples/00621.png 33
ucf/GolfSwing/samples/00622.png 33
ucf/GolfSwing/samples/00623.png 33
ucf/GolfSwing/samples/00624.png 33
ucf/GolfSwing/samples/00625.png 33
ucf/GolfSwing/samples/00626.png 33
ucf/GolfSwing/samples/00627.png 33
ucf/GolfSwing/samples/00628.png 33
ucf/GolfSwing/samples/00629.png 33
ucf/GolfSwing/samples/00630.png 33
ucf/GolfSwing/samples/00631.png 33
ucf/GolfSwing/samples/00632.png 33
ucf/GolfSwing/samples/00633.png 33
ucf/GolfSwing/samples/00634.png 33
ucf/GolfSwing/samples/00635.png 33
ucf/GolfSwing/samples/00636.png 33
ucf/GolfSwing/samples/00637.png 33
ucf/GolfSwing/samples/00638.png 33
ucf/GolfSwing/samples/00639.png 33
ucf/GolfSwing/samples/00640.png 33
ucf/GolfSwing/samples/00641.png 33
ucf/GolfSwing/samples/00642.png 33
ucf/GolfSwing/samples/00643.png 33
ucf/GolfSwing/samples/00644.png 33
ucf/GolfSwing/samples/00645.png 33
ucf/GolfSwing/samples/00646.png 33
ucf/GolfSwing/samples/00647.png 33
ucf/GolfSwing/samples/00648.png 33
ucf/GolfSwing/samples/00649.png 33
ucf/GolfSwing/samples/00650.png 33
ucf/GolfSwing/samples/00651.png 33
ucf/GolfSwing/samples/00652.png 33
ucf/GolfSwing/samples/00653.png 33
ucf/GolfSwing/samples/00654.png 33
ucf/GolfSwing/samples/00655.png 33
ucf/GolfSwing/samples/00656.png 33
ucf/GolfSwing/samples/00657.png 33
ucf/GolfSwing/samples/00658.png 33
ucf/GolfSwing/samples/00659.png 33
ucf/GolfSwing/samples/00660.png 33
ucf/GolfSwing/samples/00661.png 33
ucf/GolfSwing/samples/00662.png 33
ucf/GolfSwing/samples/00663.png 33
ucf/GolfSwing/samples/00664.png 33
ucf/GolfSwing/samples/00665.png 33
ucf/GolfSwing/samples/00666.png 33
ucf/GolfSwing/samples/00667.png 33
ucf/GolfSwing/samples/00668.png 33
ucf/GolfSwing/samples/00669.png 33
ucf/GolfSwing/samples/00670.png 33
ucf/GolfSwing/samples/00671.png 33
ucf/GolfSwing/samples/00672.png 33
ucf/GolfSwing/samples/00673.png 33
ucf/GolfSwing/samples/00674.png 33
ucf/GolfSwing/samples/00675.png 33
ucf/GolfSwing/samples/00676.png 33
ucf/GolfSwing/samples/00677.png 33
ucf/GolfSwing/samples/00678.png 33
ucf/GolfSwing/samples/00679.png 33
ucf/GolfSwing/samples/00680.png 33
ucf/GolfSwing/samples/00681.png 33
ucf/GolfSwing/samples/00682.png 33
ucf/GolfSwing/samples/00683.png 33
ucf/GolfSwing/samples/00684.png 33
ucf/GolfSwing/samples/00685.png 33
ucf/GolfSwing/samples/00686.png 33
ucf/GolfSwing/samples/00687.png 33
ucf/GolfSwing/samples/00688.png 33
ucf/GolfSwing/samples/00689.png 33
ucf/GolfSwing/samples/00690.png 33
ucf/GolfSwing/samples/00691.png 33
ucf/GolfSwing/samples/00692.png 33
ucf/GolfSwing/samples/00693.png 33
ucf/GolfSwing/samples/00694.png 33
ucf/GolfSwing/samples/00695.png 33
ucf/GolfSwing/samples/00696.png 33
ucf/GolfSwing/samples/00697.png 33
ucf/GolfSwing/samples/00698.png 33
ucf/GolfSwing/samples/00699.png 33
ucf/GolfSwing/samples/00700.png 33
ucf/GolfSwing/samples/00701.png 33
ucf/GolfSwing/samples/00702.png 33
ucf/GolfSwing/samples/00703.png 33
ucf/GolfSwing/samples/00704.png 33
ucf/GolfSwing/samples/00705.png 33
ucf/GolfSwing/samples/00706.png 33
ucf/GolfSwing/samples/00707.png 33
ucf/GolfSwing/samples/00708.png 33
ucf/GolfSwing/samples/00709.png 33
ucf/GolfSwing/samples/00710.png 33
ucf/GolfSwing/samples/00711.png 33
ucf/GolfSwing/samples/00712.png 33
ucf/GolfSwing/samples/00713.png 33
ucf/GolfSwing/samples/00714.png 33
ucf/GolfSwing/samples/00715.png 33
ucf/GolfSwing/samples/00716.png 33
ucf/GolfSwing/samples/00717.png 33
ucf/GolfSwing/samples/00718.png 33
ucf/GolfSwing/samples/00719.png 33
ucf/GolfSwing/samples/00720.png 33
ucf/GolfSwing/samples/00721.png 33
ucf/GolfSwing/samples/00722.png 33
ucf/GolfSwing/samples/00723.png 33
ucf/GolfSwing/samples/00724.png 33
ucf/GolfSwing/samples/00725.png 33
ucf/GolfSwing/samples/00726.png 33
ucf/GolfSwing/samples/00727.png 33
ucf/GolfSwing/samples/00728.png 33
ucf/GolfSwing/samples/00729.png 33
ucf/GolfSwing/samples/00730.png 33
ucf/GolfSwing/samples/00731.png 33
ucf/GolfSwing/samples/00732.png 33
ucf/GolfSwing/samples/00733.png 33
ucf/GolfSwing/samples/00734.png 33
ucf/GolfSwing/samples/00735.png 33
ucf/GolfSwing/samples/00736.png 33
ucf/GolfSwing/samples/00737.png 33
ucf/GolfSwing/samples/00738.png 33
ucf/GolfSwing/samples/00739.png 33
ucf/GolfSwing/samples/00740.png 33
ucf/GolfSwing/samples/00741.png 33
ucf/GolfSwing/samples/00742.png 33
ucf/GolfSwing/samples/00743.png 33
ucf/GolfSwing/samples/00744.png 33
ucf/GolfSwing/samples/00745.png 33
ucf/GolfSwing/samples/00746.png 33
ucf/GolfSwing/samples/00747.png 33
ucf/GolfSwing/samples/00748.png 33
ucf/GolfSwing/samples/00749.png 33
ucf/GolfSwing/samples/00750.png 33
ucf/GolfSwing/samples/00751.png 33
ucf/GolfSwing/samples/00752.png 33
ucf/GolfSwing/samples/00753.png 33
ucf/GolfSwing/samples/00754.png 33
ucf/GolfSwing/samples/00755.png 33
ucf/GolfSwing/samples/00756.png 33
ucf/GolfSwing/samples/00757.png 33
ucf/GolfSwing/samples/00758.png 33
ucf/GolfSwing/samples/00759.png 33
ucf/GolfSwing/samples/00760.png 33
ucf/GolfSwing/samples/00761.png 33
ucf/GolfSwing/samples/00762.png 33
ucf/GolfSwing/samples/00763.png 33
ucf/GolfSwing/samples/00764.png 33
ucf/GolfSwing/samples/00765.png 33
ucf/GolfSwing/samples/00766.png 33
ucf/GolfSwing/samples/00767.png 33
ucf/GolfSwing/samples/00768.png 33
ucf/GolfSwing/samples/00769.png 33
ucf/GolfSwing/samples/00770.png 33
ucf/GolfSwing/samples/00771.png 33
ucf/GolfSwing/samples/00772.png 33
ucf/GolfSwing/samples/00773.png 33
ucf/GolfSwing/samples/00774.png 33
ucf/GolfSwing/samples/00775.png 33
ucf/GolfSwing/samples/00776.png 33
ucf/GolfSwing/samples/00777.png 33
ucf/GolfSwing/samples/00778.png 33
ucf/GolfSwing/samples/00779.png 33
ucf/GolfSwing/samples/00780.png 33
ucf/GolfSwing/samples/00781.png 33
ucf/GolfSwing/samples/00782.png 33
ucf/GolfSwing/samples/00783.png 33
ucf/GolfSwing/samples/00784.png 33
ucf/GolfSwing/samples/00785.png 33
ucf/GolfSwing/samples/00786.png 33
ucf/GolfSwing/samples/00787.png 33
ucf/GolfSwing/samples/00788.png 33
ucf/GolfSwing/samples/00789.png 33
ucf/GolfSwing/samples/00790.png 33
ucf/GolfSwing/samples/00791.png 33
ucf/GolfSwing/samples/00792.png 33
ucf/GolfSwing/samples/00793.png 33
ucf/GolfSwing/samples/00794.png 33
ucf/GolfSwing/samples/00795.png 33
ucf/GolfSwing/samples/00796.png 33
ucf/GolfSwing/samples/00797.png 33
ucf/GolfSwing/samples/00798.png 33
ucf/GolfSwing/samples/00799.png 33
ucf/GolfSwing/samples/00800.png 33
ucf/GolfSwing/samples/00801.png 33
ucf/GolfSwing/samples/00802.png 33
ucf/GolfSwing/samples/00803.png 33
ucf/GolfSwing/samples/00804.png 33
ucf/GolfSwing/samples/00805.png 33
ucf/GolfSwing/samples/00806.png 33
ucf/GolfSwing/samples/00807.png 33
ucf/GolfSwing/samples/00808.png 33
ucf/GolfSwing/samples/00809.png 33
ucf/GolfSwing/samples/00810.png 33
ucf/GolfSwing/samples/00811.png 33
ucf/GolfSwing/samples/00812.png 33
ucf/GolfSwing/samples/00813.png 33
ucf/GolfSwing/samples/00814.png 33
ucf/GolfSwing/samples/00815.png 33
ucf/GolfSwing/samples/00816.png 33
ucf/GolfSwing/samples/00817.png 33
ucf/GolfSwing/samples/00818.png 33
ucf/GolfSwing/samples/00819.png 33
ucf/GolfSwing/samples/00820.png 33
ucf/GolfSwing/samples/00821.png 33
ucf/GolfSwing/samples/00822.png 33
ucf/GolfSwing/samples/00823.png 33
ucf/GolfSwing/samples/00824.png 33
ucf/GolfSwing/samples/00825.png 33
ucf/GolfSwing/samples/00826.png 33
ucf/GolfSwing/samples/00827.png 33
ucf/GolfSwing/samples/00828.png 33
ucf/GolfSwing/samples/00829.png 33
ucf/GolfSwing/samples/00830.png 33
ucf/GolfSwing/samples/00831.png 33
ucf/GolfSwing/samples/00832.png 33
ucf/GolfSwing/samples/00833.png 33
ucf/GolfSwing/samples/00834.png 33
ucf/GolfSwing/samples/00835.png 33
ucf/GolfSwing/samples/00836.png 33
ucf/GolfSwing/samples/00837.png 33
ucf/GolfSwing/samples/00838.png 33
ucf/GolfSwing/samples/00839.png 33
ucf/GolfSwing/samples/00840.png 33
ucf/GolfSwing/samples/00841.png 33
ucf/GolfSwing/samples/00842.png 33
ucf/GolfSwing/samples/00843.png 33
ucf/GolfSwing/samples/00844.png 33
ucf/GolfSwing/samples/00845.png 33
ucf/GolfSwing/samples/00846.png 33
ucf/GolfSwing/samples/00847.png 33
ucf/GolfSwing/samples/00848.png 33
ucf/GolfSwing/samples/00849.png 33
ucf/GolfSwing/samples/00850.png 33
ucf/GolfSwing/samples/00851.png 33
ucf/GolfSwing/samples/00852.png 33
ucf/GolfSwing/samples/00853.png 33
ucf/GolfSwing/samples/00854.png 33
ucf/GolfSwing/samples/00855.png 33
ucf/GolfSwing/samples/00856.png 33
ucf/GolfSwing/samples/00857.png 33
ucf/GolfSwing/samples/00858.png 33
ucf/GolfSwing/samples/00859.png 33
ucf/GolfSwing/samples/00860.png 33
ucf/GolfSwing/samples/00861.png 33
ucf/GolfSwing/samples/00862.png 33
ucf/GolfSwing/samples/00863.png 33
ucf/GolfSwing/samples/00864.png 33
ucf/GolfSwing/samples/00865.png 33
ucf/GolfSwing/samples/00866.png 33
ucf/GolfSwing/samples/00867.png 33
ucf/GolfSwing/samples/00868.png 33
ucf/GolfSwing/samples/00869.png 33
ucf/GolfSwing/samples/00870.png 33
ucf/GolfSwing/samples/00871.png 33
ucf/GolfSwing/samples/00872.png 33
ucf/GolfSwing/samples/00873.png 33
ucf/GolfSwing/samples/00874.png 33
ucf/GolfSwing/samples/00875.png 33
ucf/GolfSwing/samples/00876.png 33
ucf/GolfSwing/samples/00877.png 33
ucf/GolfSwing/samples/00878.png 33
ucf/GolfSwing/samples/00879.png 33
ucf/GolfSwing/samples/00880.png 33
ucf/GolfSwing/samples/00881.png 33
ucf/GolfSwing/samples/00882.png 33
ucf/GolfSwing/samples/00883.png 33
ucf/GolfSwing/samples/00884.png 33
ucf/GolfSwing/samples/00885.png 33
ucf/GolfSwing/samples/00886.png 33
ucf/GolfSwing/samples/00887.png 33
ucf/GolfSwing/samples/00888.png 33
ucf/GolfSwing/samples/00889.png 33
ucf/GolfSwing/samples/00890.png 33
ucf/GolfSwing/samples/00891.png 33
ucf/GolfSwing/samples/00892.png 33
ucf/GolfSwing/samples/00893.png 33
ucf/GolfSwing/samples/00894.png 33
ucf/GolfSwing/samples/00895.png 33
ucf/GolfSwing/samples/00896.png 33
ucf/GolfSwing/samples/00897.png 33
ucf/GolfSwing/samples/00898.png 33
ucf/GolfSwing/samples/00899.png 33
ucf/GolfSwing/samples/00900.png 33
ucf/GolfSwing/samples/00901.png 33
ucf/GolfSwing/samples/00902.png 33
ucf/GolfSwing/samples/00903.png 33
ucf/GolfSwing/samples/00904.png 33
ucf/GolfSwing/samples/00905.png 33
ucf/GolfSwing/samples/00906.png 33
ucf/GolfSwing/samples/00907.png 33
ucf/GolfSwing/samples/00908.png 33
ucf/GolfSwing/samples/00909.png 33
ucf/GolfSwing/samples/00910.png 33
ucf/GolfSwing/samples/00911.png 33
ucf/GolfSwing/samples/00912.png 33
ucf/GolfSwing/samples/00913.png 33
ucf/GolfSwing/samples/00914.png 33
ucf/GolfSwing/samples/00915.png 33
ucf/GolfSwing/samples/00916.png 33
ucf/GolfSwing/samples/00917.png 33
ucf/GolfSwing/samples/00918.png 33
ucf/GolfSwing/samples/00919.png 33
ucf/GolfSwing/samples/00920.png 33
ucf/GolfSwing/samples/00921.png 33
ucf/GolfSwing/samples/00922.png 33
ucf/GolfSwing/samples/00923.png 33
ucf/GolfSwing/samples/00924.png 33
ucf/GolfSwing/samples/00925.png 33
ucf/GolfSwing/samples/00926.png 33
ucf/GolfSwing/samples/00927.png 33
ucf/GolfSwing/samples/00928.png 33
ucf/GolfSwing/samples/00929.png 33
ucf/GolfSwing/samples/00930.png 33
ucf/GolfSwing/samples/00931.png 33
ucf/GolfSwing/samples/00932.png 33
ucf/GolfSwing/samples/00933.png 33
ucf/GolfSwing/samples/00934.png 33
ucf/GolfSwing/samples/00935.png 33
ucf/GolfSwing/samples/00936.png 33
ucf/GolfSwing/samples/00937.png 33
ucf/GolfSwing/samples/00938.png 33
ucf/GolfSwing/samples/00939.png 33
ucf/GolfSwing/samples/00940.png 33
ucf/GolfSwing/samples/00941.png 33
ucf/GolfSwing/samples/00942.png 33
ucf/GolfSwing/samples/00943.png 33
ucf/GolfSwing/samples/00944.png 33
ucf/GolfSwing/samples/00945.png 33
ucf/GolfSwing/samples/00946.png 33
ucf/GolfSwing/samples/00947.png 33
ucf/GolfSwing/samples/00948.png 33
ucf/GolfSwing/samples/00949.png 33
ucf/GolfSwing/samples/00950.png 33
ucf/GolfSwing/samples/00951.png 33
ucf/GolfSwing/samples/00952.png 33
ucf/GolfSwing/samples/00953.png 33
ucf/GolfSwing/samples/00954.png 33
ucf/GolfSwing/samples/00955.png 33
ucf/GolfSwing/samples/00956.png 33
ucf/GolfSwing/samples/00957.png 33
ucf/GolfSwing/samples/00958.png 33
ucf/GolfSwing/samples/00959.png 33
ucf/GolfSwing/samples/00960.png 33
ucf/GolfSwing/samples/00961.png 33
ucf/GolfSwing/samples/00962.png 33
ucf/GolfSwing/samples/00963.png 33
ucf/GolfSwing/samples/00964.png 33
ucf/GolfSwing/samples/00965.png 33
ucf/GolfSwing/samples/00966.png 33
ucf/GolfSwing/samples/00967.png 33
ucf/GolfSwing/samples/00968.png 33
ucf/GolfSwing/samples/00969.png 33
ucf/GolfSwing/samples/00970.png 33
ucf/GolfSwing/samples/00971.png 33
ucf/GolfSwing/samples/00972.png 33
ucf/GolfSwing/samples/00973.png 33
ucf/GolfSwing/samples/00974.png 33
ucf/GolfSwing/samples/00975.png 33
ucf/GolfSwing/samples/00976.png 33
ucf/GolfSwing/samples/00977.png 33
ucf/GolfSwing/samples/00978.png 33
ucf/GolfSwing/samples/00979.png 33
ucf/GolfSwing/samples/00980.png 33
ucf/GolfSwing/samples/00981.png 33
ucf/GolfSwing/samples/00982.png 33
ucf/GolfSwing/samples/00983.png 33
ucf/GolfSwing/samples/00984.png 33
ucf/GolfSwing/samples/00985.png 33
ucf/GolfSwing/samples/00986.png 33
ucf/GolfSwing/samples/00987.png 33
ucf/GolfSwing/samples/00988.png 33
ucf/GolfSwing/samples/00989.png 33
ucf/GolfSwing/samples/00990.png 33
ucf/GolfSwing/samples/00991.png 33
ucf/GolfSwing/samples/00992.png 33
ucf/GolfSwing/samples/00993.png 33
ucf/GolfSwing/samples/00994.png 33
ucf/GolfSwing/samples/00995.png 33
ucf/GolfSwing/samples/00996.png 33
ucf/GolfSwing/samples/00997.png 33
ucf/GolfSwing/samples/00998.png 33
ucf/GolfSwing/samples/00999.png 33
ucf/Knitting/samples/00000.png 50
ucf/Knitting/samples/00001.png 50
ucf/Knitting/samples/00002.png 50
ucf/Knitting/samples/00003.png 50
ucf/Knitting/samples/00004.png 50
ucf/Knitting/samples/00005.png 50
ucf/Knitting/samples/00006.png 50
ucf/Knitting/samples/00007.png 50
ucf/Knitting/samples/00008.png 50
ucf/Knitting/samples/00009.png 50
ucf/Knitting/samples/00010.png 50
ucf/Knitting/samples/00011.png 50
ucf/Knitting/samples/00012.png 50
ucf/Knitting/samples/00013.png 50
ucf/Knitting/samples/00014.png 50
ucf/Knitting/samples/00015.png 50
ucf/Knitting/samples/00016.png 50
ucf/Knitting/samples/00017.png 50
ucf/Knitting/samples/00018.png 50
ucf/Knitting/samples/00019.png 50
ucf/Knitting/samples/00020.png 50
ucf/Knitting/samples/00021.png 50
ucf/Knitting/samples/00022.png 50
ucf/Knitting/samples/00023.png 50
ucf/Knitting/samples/00024.png 50
ucf/Knitting/samples/00025.png 50
ucf/Knitting/samples/00026.png 50
ucf/Knitting/samples/00027.png 50
ucf/Knitting/samples/00028.png 50
ucf/Knitting/samples/00029.png 50
ucf/Knitting/samples/00030.png 50
ucf/Knitting/samples/00031.png 50
ucf/Knitting/samples/00032.png 50
ucf/Knitting/samples/00033.png 50
ucf/Knitting/samples/00034.png 50
ucf/Knitting/samples/00035.png 50
ucf/Knitting/samples/00036.png 50
ucf/Knitting/samples/00037.png 50
ucf/Knitting/samples/00038.png 50
ucf/Knitting/samples/00039.png 50
ucf/Knitting/samples/00040.png 50
ucf/Knitting/samples/00041.png 50
ucf/Knitting/samples/00042.png 50
ucf/Knitting/samples/00043.png 50
ucf/Knitting/samples/00044.png 50
ucf/Knitting/samples/00045.png 50
ucf/Knitting/samples/00046.png 50
ucf/Knitting/samples/00047.png 50
ucf/Knitting/samples/00048.png 50
ucf/Knitting/samples/00049.png 50
ucf/Knitting/samples/00050.png 50
ucf/Knitting/samples/00051.png 50
ucf/Knitting/samples/00052.png 50
ucf/Knitting/samples/00053.png 50
ucf/Knitting/samples/00054.png 50
ucf/Knitting/samples/00055.png 50
ucf/Knitting/samples/00056.png 50
ucf/Knitting/samples/00057.png 50
ucf/Knitting/samples/00058.png 50
ucf/Knitting/samples/00059.png 50
ucf/Knitting/samples/00060.png 50
ucf/Knitting/samples/00061.png 50
ucf/Knitting/samples/00062.png 50
ucf/Knitting/samples/00063.png 50
ucf/Knitting/samples/00064.png 50
ucf/Knitting/samples/00065.png 50
ucf/Knitting/samples/00066.png 50
ucf/Knitting/samples/00067.png 50
ucf/Knitting/samples/00068.png 50
ucf/Knitting/samples/00069.png 50
ucf/Knitting/samples/00070.png 50
ucf/Knitting/samples/00071.png 50
ucf/Knitting/samples/00072.png 50
ucf/Knitting/samples/00073.png 50
ucf/Knitting/samples/00074.png 50
ucf/Knitting/samples/00075.png 50
ucf/Knitting/samples/00076.png 50
ucf/Knitting/samples/00077.png 50
ucf/Knitting/samples/00078.png 50
ucf/Knitting/samples/00079.png 50
ucf/Knitting/samples/00080.png 50
ucf/Knitting/samples/00081.png 50
ucf/Knitting/samples/00082.png 50
ucf/Knitting/samples/00083.png 50
ucf/Knitting/samples/00084.png 50
ucf/Knitting/samples/00085.png 50
ucf/Knitting/samples/00086.png 50
ucf/Knitting/samples/00087.png 50
ucf/Knitting/samples/00088.png 50
ucf/Knitting/samples/00089.png 50
ucf/Knitting/samples/00090.png 50
ucf/Knitting/samples/00091.png 50
ucf/Knitting/samples/00092.png 50
ucf/Knitting/samples/00093.png 50
ucf/Knitting/samples/00094.png 50
ucf/Knitting/samples/00095.png 50
ucf/Knitting/samples/00096.png 50
ucf/Knitting/samples/00097.png 50
ucf/Knitting/samples/00098.png 50
ucf/Knitting/samples/00099.png 50
ucf/Knitting/samples/00100.png 50
ucf/Knitting/samples/00101.png 50
ucf/Knitting/samples/00102.png 50
ucf/Knitting/samples/00103.png 50
ucf/Knitting/samples/00104.png 50
ucf/Knitting/samples/00105.png 50
ucf/Knitting/samples/00106.png 50
ucf/Knitting/samples/00107.png 50
ucf/Knitting/samples/00108.png 50
ucf/Knitting/samples/00109.png 50
ucf/Knitting/samples/00110.png 50
ucf/Knitting/samples/00111.png 50
ucf/Knitting/samples/00112.png 50
ucf/Knitting/samples/00113.png 50
ucf/Knitting/samples/00114.png 50
ucf/Knitting/samples/00115.png 50
ucf/Knitting/samples/00116.png 50
ucf/Knitting/samples/00117.png 50
ucf/Knitting/samples/00118.png 50
ucf/Knitting/samples/00119.png 50
ucf/Knitting/samples/00120.png 50
ucf/Knitting/samples/00121.png 50
ucf/Knitting/samples/00122.png 50
ucf/Knitting/samples/00123.png 50
ucf/Knitting/samples/00124.png 50
ucf/Knitting/samples/00125.png 50
ucf/Knitting/samples/00126.png 50
ucf/Knitting/samples/00127.png 50
ucf/Knitting/samples/00128.png 50
ucf/Knitting/samples/00129.png 50
ucf/Knitting/samples/00130.png 50
ucf/Knitting/samples/00131.png 50
ucf/Knitting/samples/00132.png 50
ucf/Knitting/samples/00133.png 50
ucf/Knitting/samples/00134.png 50
ucf/Knitting/samples/00135.png 50
ucf/Knitting/samples/00136.png 50
ucf/Knitting/samples/00137.png 50
ucf/Knitting/samples/00138.png 50
ucf/Knitting/samples/00139.png 50
ucf/Knitting/samples/00140.png 50
ucf/Knitting/samples/00141.png 50
ucf/Knitting/samples/00142.png 50
ucf/Knitting/samples/00143.png 50
ucf/Knitting/samples/00144.png 50
ucf/Knitting/samples/00145.png 50
ucf/Knitting/samples/00146.png 50
ucf/Knitting/samples/00147.png 50
ucf/Knitting/samples/00148.png 50
ucf/Knitting/samples/00149.png 50
ucf/Knitting/samples/00150.png 50
ucf/Knitting/samples/00151.png 50
ucf/Knitting/samples/00152.png 50
ucf/Knitting/samples/00153.png 50
ucf/Knitting/samples/00154.png 50
ucf/Knitting/samples/00155.png 50
ucf/Knitting/samples/00156.png 50
ucf/Knitting/samples/00157.png 50
ucf/Knitting/samples/00158.png 50
ucf/Knitting/samples/00159.png 50
ucf/Knitting/samples/00160.png 50
ucf/Knitting/samples/00161.png 50
ucf/Knitting/samples/00162.png 50
ucf/Knitting/samples/00163.png 50
ucf/Knitting/samples/00164.png 50
ucf/Knitting/samples/00165.png 50
ucf/Knitting/samples/00166.png 50
ucf/Knitting/samples/00167.png 50
ucf/Knitting/samples/00168.png 50
ucf/Knitting/samples/00169.png 50
ucf/Knitting/samples/00170.png 50
ucf/Knitting/samples/00171.png 50
ucf/Knitting/samples/00172.png 50
ucf/Knitting/samples/00173.png 50
ucf/Knitting/samples/00174.png 50
ucf/Knitting/samples/00175.png 50
ucf/Knitting/samples/00176.png 50
ucf/Knitting/samples/00177.png 50
ucf/Knitting/samples/00178.png 50
ucf/Knitting/samples/00179.png 50
ucf/Knitting/samples/00180.png 50
ucf/Knitting/samples/00181.png 50
ucf/Knitting/samples/00182.png 50
ucf/Knitting/samples/00183.png 50
ucf/Knitting/samples/00184.png 50
ucf/Knitting/samples/00185.png 50
ucf/Knitting/samples/00186.png 50
ucf/Knitting/samples/00187.png 50
ucf/Knitting/samples/00188.png 50
ucf/Knitting/samples/00189.png 50
ucf/Knitting/samples/00190.png 50
ucf/Knitting/samples/00191.png 50
ucf/Knitting/samples/00192.png 50
ucf/Knitting/samples/00193.png 50
ucf/Knitting/samples/00194.png 50
ucf/Knitting/samples/00195.png 50
ucf/Knitting/samples/00196.png 50
ucf/Knitting/samples/00197.png 50
ucf/Knitting/samples/00198.png 50
ucf/Knitting/samples/00199.png 50
ucf/Knitting/samples/00200.png 50
ucf/Knitting/samples/00201.png 50
ucf/Knitting/samples/00202.png 50
ucf/Knitting/samples/00203.png 50
ucf/Knitting/samples/00204.png 50
ucf/Knitting/samples/00205.png 50
ucf/Knitting/samples/00206.png 50
ucf/Knitting/samples/00207.png 50
ucf/Knitting/samples/00208.png 50
ucf/Knitting/samples/00209.png 50
ucf/Knitting/samples/00210.png 50
ucf/Knitting/samples/00211.png 50
ucf/Knitting/samples/00212.png 50
ucf/Knitting/samples/00213.png 50
ucf/Knitting/samples/00214.png 50
ucf/Knitting/samples/00215.png 50
ucf/Knitting/samples/00216.png 50
ucf/Knitting/samples/00217.png 50
ucf/Knitting/samples/00218.png 50
ucf/Knitting/samples/00219.png 50
ucf/Knitting/samples/00220.png 50
ucf/Knitting/samples/00221.png 50
ucf/Knitting/samples/00222.png 50
ucf/Knitting/samples/00223.png 50
ucf/Knitting/samples/00224.png 50
ucf/Knitting/samples/00225.png 50
ucf/Knitting/samples/00226.png 50
ucf/Knitting/samples/00227.png 50
ucf/Knitting/samples/00228.png 50
ucf/Knitting/samples/00229.png 50
ucf/Knitting/samples/00230.png 50
ucf/Knitting/samples/00231.png 50
ucf/Knitting/samples/00232.png 50
ucf/Knitting/samples/00233.png 50
ucf/Knitting/samples/00234.png 50
ucf/Knitting/samples/00235.png 50
ucf/Knitting/samples/00236.png 50
ucf/Knitting/samples/00237.png 50
ucf/Knitting/samples/00238.png 50
ucf/Knitting/samples/00239.png 50
ucf/Knitting/samples/00240.png 50
ucf/Knitting/samples/00241.png 50
ucf/Knitting/samples/00242.png 50
ucf/Knitting/samples/00243.png 50
ucf/Knitting/samples/00244.png 50
ucf/Knitting/samples/00245.png 50
ucf/Knitting/samples/00246.png 50
ucf/Knitting/samples/00247.png 50
ucf/Knitting/samples/00248.png 50
ucf/Knitting/samples/00249.png 50
ucf/Knitting/samples/00250.png 50
ucf/Knitting/samples/00251.png 50
ucf/Knitting/samples/00252.png 50
ucf/Knitting/samples/00253.png 50
ucf/Knitting/samples/00254.png 50
ucf/Knitting/samples/00255.png 50
ucf/Knitting/samples/00256.png 50
ucf/Knitting/samples/00257.png 50
ucf/Knitting/samples/00258.png 50
ucf/Knitting/samples/00259.png 50
ucf/Knitting/samples/00260.png 50
ucf/Knitting/samples/00261.png 50
ucf/Knitting/samples/00262.png 50
ucf/Knitting/samples/00263.png 50
ucf/Knitting/samples/00264.png 50
ucf/Knitting/samples/00265.png 50
ucf/Knitting/samples/00266.png 50
ucf/Knitting/samples/00267.png 50
ucf/Knitting/samples/00268.png 50
ucf/Knitting/samples/00269.png 50
ucf/Knitting/samples/00270.png 50
ucf/Knitting/samples/00271.png 50
ucf/Knitting/samples/00272.png 50
ucf/Knitting/samples/00273.png 50
ucf/Knitting/samples/00274.png 50
ucf/Knitting/samples/00275.png 50
ucf/Knitting/samples/00276.png 50
ucf/Knitting/samples/00277.png 50
ucf/Knitting/samples/00278.png 50
ucf/Knitting/samples/00279.png 50
ucf/Knitting/samples/00280.png 50
ucf/Knitting/samples/00281.png 50
ucf/Knitting/samples/00282.png 50
ucf/Knitting/samples/00283.png 50
ucf/Knitting/samples/00284.png 50
ucf/Knitting/samples/00285.png 50
ucf/Knitting/samples/00286.png 50
ucf/Knitting/samples/00287.png 50
ucf/Knitting/samples/00288.png 50
ucf/Knitting/samples/00289.png 50
ucf/Knitting/samples/00290.png 50
ucf/Knitting/samples/00291.png 50
ucf/Knitting/samples/00292.png 50
ucf/Knitting/samples/00293.png 50
ucf/Knitting/samples/00294.png 50
ucf/Knitting/samples/00295.png 50
ucf/Knitting/samples/00296.png 50
ucf/Knitting/samples/00297.png 50
ucf/Knitting/samples/00298.png 50
ucf/Knitting/samples/00299.png 50
ucf/Knitting/samples/00300.png 50
ucf/Knitting/samples/00301.png 50
ucf/Knitting/samples/00302.png 50
ucf/Knitting/samples/00303.png 50
ucf/Knitting/samples/00304.png 50
ucf/Knitting/samples/00305.png 50
ucf/Knitting/samples/00306.png 50
ucf/Knitting/samples/00307.png 50
ucf/Knitting/samples/00308.png 50
ucf/Knitting/samples/00309.png 50
ucf/Knitting/samples/00310.png 50
ucf/Knitting/samples/00311.png 50
ucf/Knitting/samples/00312.png 50
ucf/Knitting/samples/00313.png 50
ucf/Knitting/samples/00314.png 50
ucf/Knitting/samples/00315.png 50
ucf/Knitting/samples/00316.png 50
ucf/Knitting/samples/00317.png 50
ucf/Knitting/samples/00318.png 50
ucf/Knitting/samples/00319.png 50
ucf/Knitting/samples/00320.png 50
ucf/Knitting/samples/00321.png 50
ucf/Knitting/samples/00322.png 50
ucf/Knitting/samples/00323.png 50
ucf/Knitting/samples/00324.png 50
ucf/Knitting/samples/00325.png 50
ucf/Knitting/samples/00326.png 50
ucf/Knitting/samples/00327.png 50
ucf/Knitting/samples/00328.png 50
ucf/Knitting/samples/00329.png 50
ucf/Knitting/samples/00330.png 50
ucf/Knitting/samples/00331.png 50
ucf/Knitting/samples/00332.png 50
ucf/Knitting/samples/00333.png 50
ucf/Knitting/samples/00334.png 50
ucf/Knitting/samples/00335.png 50
ucf/Knitting/samples/00336.png 50
ucf/Knitting/samples/00337.png 50
ucf/Knitting/samples/00338.png 50
ucf/Knitting/samples/00339.png 50
ucf/Knitting/samples/00340.png 50
ucf/Knitting/samples/00341.png 50
ucf/Knitting/samples/00342.png 50
ucf/Knitting/samples/00343.png 50
ucf/Knitting/samples/00344.png 50
ucf/Knitting/samples/00345.png 50
ucf/Knitting/samples/00346.png 50
ucf/Knitting/samples/00347.png 50
ucf/Knitting/samples/00348.png 50
ucf/Knitting/samples/00349.png 50
ucf/Knitting/samples/00350.png 50
ucf/Knitting/samples/00351.png 50
ucf/Knitting/samples/00352.png 50
ucf/Knitting/samples/00353.png 50
ucf/Knitting/samples/00354.png 50
ucf/Knitting/samples/00355.png 50
ucf/Knitting/samples/00356.png 50
ucf/Knitting/samples/00357.png 50
ucf/Knitting/samples/00358.png 50
ucf/Knitting/samples/00359.png 50
ucf/Knitting/samples/00360.png 50
ucf/Knitting/samples/00361.png 50
ucf/Knitting/samples/00362.png 50
ucf/Knitting/samples/00363.png 50
ucf/Knitting/samples/00364.png 50
ucf/Knitting/samples/00365.png 50
ucf/Knitting/samples/00366.png 50
ucf/Knitting/samples/00367.png 50
ucf/Knitting/samples/00368.png 50
ucf/Knitting/samples/00369.png 50
ucf/Knitting/samples/00370.png 50
ucf/Knitting/samples/00371.png 50
ucf/Knitting/samples/00372.png 50
ucf/Knitting/samples/00373.png 50
ucf/Knitting/samples/00374.png 50
ucf/Knitting/samples/00375.png 50
ucf/Knitting/samples/00376.png 50
ucf/Knitting/samples/00377.png 50
ucf/Knitting/samples/00378.png 50
ucf/Knitting/samples/00379.png 50
ucf/Knitting/samples/00380.png 50
ucf/Knitting/samples/00381.png 50
ucf/Knitting/samples/00382.png 50
ucf/Knitting/samples/00383.png 50
ucf/Knitting/samples/00384.png 50
ucf/Knitting/samples/00385.png 50
ucf/Knitting/samples/00386.png 50
ucf/Knitting/samples/00387.png 50
ucf/Knitting/samples/00388.png 50
ucf/Knitting/samples/00389.png 50
ucf/Knitting/samples/00390.png 50
ucf/Knitting/samples/00391.png 50
ucf/Knitting/samples/00392.png 50
ucf/Knitting/samples/00393.png 50
ucf/Knitting/samples/00394.png 50
ucf/Knitting/samples/00395.png 50
ucf/Knitting/samples/00396.png 50
ucf/Knitting/samples/00397.png 50
ucf/Knitting/samples/00398.png 50
ucf/Knitting/samples/00399.png 50
ucf/Knitting/samples/00400.png 50
ucf/Knitting/samples/00401.png 50
ucf/Knitting/samples/00402.png 50
ucf/Knitting/samples/00403.png 50
ucf/Knitting/samples/00404.png 50
ucf/Knitting/samples/00405.png 50
ucf/Knitting/samples/00406.png 50
ucf/Knitting/samples/00407.png 50
ucf/Knitting/samples/00408.png 50
ucf/Knitting/samples/00409.png 50
ucf/Knitting/samples/00410.png 50
ucf/Knitting/samples/00411.png 50
ucf/Knitting/samples/00412.png 50
ucf/Knitting/samples/00413.png 50
ucf/Knitting/samples/00414.png 50
ucf/Knitting/samples/00415.png 50
ucf/Knitting/samples/00416.png 50
ucf/Knitting/samples/00417.png 50
ucf/Knitting/samples/00418.png 50
ucf/Knitting/samples/00419.png 50
ucf/Knitting/samples/00420.png 50
ucf/Knitting/samples/00421.png 50
ucf/Knitting/samples/00422.png 50
ucf/Knitting/samples/00423.png 50
ucf/Knitting/samples/00424.png 50
ucf/Knitting/samples/00425.png 50
ucf/Knitting/samples/00426.png 50
ucf/Knitting/samples/00427.png 50
ucf/Knitting/samples/00428.png 50
ucf/Knitting/samples/00429.png 50
ucf/Knitting/samples/00430.png 50
ucf/Knitting/samples/00431.png 50
ucf/Knitting/samples/00432.png 50
ucf/Knitting/samples/00433.png 50
ucf/Knitting/samples/00434.png 50
ucf/Knitting/samples/00435.png 50
ucf/Knitting/samples/00436.png 50
ucf/Knitting/samples/00437.png 50
ucf/Knitting/samples/00438.png 50
ucf/Knitting/samples/00439.png 50
ucf/Knitting/samples/00440.png 50
ucf/Knitting/samples/00441.png 50
ucf/Knitting/samples/00442.png 50
ucf/Knitting/samples/00443.png 50
ucf/Knitting/samples/00444.png 50
ucf/Knitting/samples/00445.png 50
ucf/Knitting/samples/00446.png 50
ucf/Knitting/samples/00447.png 50
ucf/Knitting/samples/00448.png 50
ucf/Knitting/samples/00449.png 50
ucf/Knitting/samples/00450.png 50
ucf/Knitting/samples/00451.png 50
ucf/Knitting/samples/00452.png 50
ucf/Knitting/samples/00453.png 50
ucf/Knitting/samples/00454.png 50
ucf/Knitting/samples/00455.png 50
ucf/Knitting/samples/00456.png 50
ucf/Knitting/samples/00457.png 50
ucf/Knitting/samples/00458.png 50
ucf/Knitting/samples/00459.png 50
ucf/Knitting/samples/00460.png 50
ucf/Knitting/samples/00461.png 50
ucf/Knitting/samples/00462.png 50
ucf/Knitting/samples/00463.png 50
ucf/Knitting/samples/00464.png 50
ucf/Knitting/samples/00465.png 50
ucf/Knitting/samples/00466.png 50
ucf/Knitting/samples/00467.png 50
ucf/Knitting/samples/00468.png 50
ucf/Knitting/samples/00469.png 50
ucf/Knitting/samples/00470.png 50
ucf/Knitting/samples/00471.png 50
ucf/Knitting/samples/00472.png 50
ucf/Knitting/samples/00473.png 50
ucf/Knitting/samples/00474.png 50
ucf/Knitting/samples/00475.png 50
ucf/Knitting/samples/00476.png 50
ucf/Knitting/samples/00477.png 50
ucf/Knitting/samples/00478.png 50
ucf/Knitting/samples/00479.png 50
ucf/Knitting/samples/00480.png 50
ucf/Knitting/samples/00481.png 50
ucf/Knitting/samples/00482.png 50
ucf/Knitting/samples/00483.png 50
ucf/Knitting/samples/00484.png 50
ucf/Knitting/samples/00485.png 50
ucf/Knitting/samples/00486.png 50
ucf/Knitting/samples/00487.png 50
ucf/Knitting/samples/00488.png 50
ucf/Knitting/samples/00489.png 50
ucf/Knitting/samples/00490.png 50
ucf/Knitting/samples/00491.png 50
ucf/Knitting/samples/00492.png 50
ucf/Knitting/samples/00493.png 50
ucf/Knitting/samples/00494.png 50
ucf/Knitting/samples/00495.png 50
ucf/Knitting/samples/00496.png 50
ucf/Knitting/samples/00497.png 50
ucf/Knitting/samples/00498.png 50
ucf/Knitting/samples/00499.png 50
ucf/Knitting/samples/00500.png 50
ucf/Knitting/samples/00501.png 50
ucf/Knitting/samples/00502.png 50
ucf/Knitting/samples/00503.png 50
ucf/Knitting/samples/00504.png 50
ucf/Knitting/samples/00505.png 50
ucf/Knitting/samples/00506.png 50
ucf/Knitting/samples/00507.png 50
ucf/Knitting/samples/00508.png 50
ucf/Knitting/samples/00509.png 50
ucf/Knitting/samples/00510.png 50
ucf/Knitting/samples/00511.png 50
ucf/Knitting/samples/00512.png 50
ucf/Knitting/samples/00513.png 50
ucf/Knitting/samples/00514.png 50
ucf/Knitting/samples/00515.png 50
ucf/Knitting/samples/00516.png 50
ucf/Knitting/samples/00517.png 50
ucf/Knitting/samples/00518.png 50
ucf/Knitting/samples/00519.png 50
ucf/Knitting/samples/00520.png 50
ucf/Knitting/samples/00521.png 50
ucf/Knitting/samples/00522.png 50
ucf/Knitting/samples/00523.png 50
ucf/Knitting/samples/00524.png 50
ucf/Knitting/samples/00525.png 50
ucf/Knitting/samples/00526.png 50
ucf/Knitting/samples/00527.png 50
ucf/Knitting/samples/00528.png 50
ucf/Knitting/samples/00529.png 50
ucf/Knitting/samples/00530.png 50
ucf/Knitting/samples/00531.png 50
ucf/Knitting/samples/00532.png 50
ucf/Knitting/samples/00533.png 50
ucf/Knitting/samples/00534.png 50
ucf/Knitting/samples/00535.png 50
ucf/Knitting/samples/00536.png 50
ucf/Knitting/samples/00537.png 50
ucf/Knitting/samples/00538.png 50
ucf/Knitting/samples/00539.png 50
ucf/Knitting/samples/00540.png 50
ucf/Knitting/samples/00541.png 50
ucf/Knitting/samples/00542.png 50
ucf/Knitting/samples/00543.png 50
ucf/Knitting/samples/00544.png 50
ucf/Knitting/samples/00545.png 50
ucf/Knitting/samples/00546.png 50
ucf/Knitting/samples/00547.png 50
ucf/Knitting/samples/00548.png 50
ucf/Knitting/samples/00549.png 50
ucf/Knitting/samples/00550.png 50
ucf/Knitting/samples/00551.png 50
ucf/Knitting/samples/00552.png 50
ucf/Knitting/samples/00553.png 50
ucf/Knitting/samples/00554.png 50
ucf/Knitting/samples/00555.png 50
ucf/Knitting/samples/00556.png 50
ucf/Knitting/samples/00557.png 50
ucf/Knitting/samples/00558.png 50
ucf/Knitting/samples/00559.png 50
ucf/Knitting/samples/00560.png 50
ucf/Knitting/samples/00561.png 50
ucf/Knitting/samples/00562.png 50
ucf/Knitting/samples/00563.png 50
ucf/Knitting/samples/00564.png 50
ucf/Knitting/samples/00565.png 50
ucf/Knitting/samples/00566.png 50
ucf/Knitting/samples/00567.png 50
ucf/Knitting/samples/00568.png 50
ucf/Knitting/samples/00569.png 50
ucf/Knitting/samples/00570.png 50
ucf/Knitting/samples/00571.png 50
ucf/Knitting/samples/00572.png 50
ucf/Knitting/samples/00573.png 50
ucf/Knitting/samples/00574.png 50
ucf/Knitting/samples/00575.png 50
ucf/Knitting/samples/00576.png 50
ucf/Knitting/samples/00577.png 50
ucf/Knitting/samples/00578.png 50
ucf/Knitting/samples/00579.png 50
ucf/Knitting/samples/00580.png 50
ucf/Knitting/samples/00581.png 50
ucf/Knitting/samples/00582.png 50
ucf/Knitting/samples/00583.png 50
ucf/Knitting/samples/00584.png 50
ucf/Knitting/samples/00585.png 50
ucf/Knitting/samples/00586.png 50
ucf/Knitting/samples/00587.png 50
ucf/Knitting/samples/00588.png 50
ucf/Knitting/samples/00589.png 50
ucf/Knitting/samples/00590.png 50
ucf/Knitting/samples/00591.png 50
ucf/Knitting/samples/00592.png 50
ucf/Knitting/samples/00593.png 50
ucf/Knitting/samples/00594.png 50
ucf/Knitting/samples/00595.png 50
ucf/Knitting/samples/00596.png 50
ucf/Knitting/samples/00597.png 50
ucf/Knitting/samples/00598.png 50
ucf/Knitting/samples/00599.png 50
ucf/Knitting/samples/00600.png 50
ucf/Knitting/samples/00601.png 50
ucf/Knitting/samples/00602.png 50
ucf/Knitting/samples/00603.png 50
ucf/Knitting/samples/00604.png 50
ucf/Knitting/samples/00605.png 50
ucf/Knitting/samples/00606.png 50
ucf/Knitting/samples/00607.png 50
ucf/Knitting/samples/00608.png 50
ucf/Knitting/samples/00609.png 50
ucf/Knitting/samples/00610.png 50
ucf/Knitting/samples/00611.png 50
ucf/Knitting/samples/00612.png 50
ucf/Knitting/samples/00613.png 50
ucf/Knitting/samples/00614.png 50
ucf/Knitting/samples/00615.png 50
ucf/Knitting/samples/00616.png 50
ucf/Knitting/samples/00617.png 50
ucf/Knitting/samples/00618.png 50
ucf/Knitting/samples/00619.png 50
ucf/Knitting/samples/00620.png 50
ucf/Knitting/samples/00621.png 50
ucf/Knitting/samples/00622.png 50
ucf/Knitting/samples/00623.png 50
ucf/Knitting/samples/00624.png 50
ucf/Knitting/samples/00625.png 50
ucf/Knitting/samples/00626.png 50
ucf/Knitting/samples/00627.png 50
ucf/Knitting/samples/00628.png 50
ucf/Knitting/samples/00629.png 50
ucf/Knitting/samples/00630.png 50
ucf/Knitting/samples/00631.png 50
ucf/Knitting/samples/00632.png 50
ucf/Knitting/samples/00633.png 50
ucf/Knitting/samples/00634.png 50
ucf/Knitting/samples/00635.png 50
ucf/Knitting/samples/00636.png 50
ucf/Knitting/samples/00637.png 50
ucf/Knitting/samples/00638.png 50
ucf/Knitting/samples/00639.png 50
ucf/Knitting/samples/00640.png 50
ucf/Knitting/samples/00641.png 50
ucf/Knitting/samples/00642.png 50
ucf/Knitting/samples/00643.png 50
ucf/Knitting/samples/00644.png 50
ucf/Knitting/samples/00645.png 50
ucf/Knitting/samples/00646.png 50
ucf/Knitting/samples/00647.png 50
ucf/Knitting/samples/00648.png 50
ucf/Knitting/samples/00649.png 50
ucf/Knitting/samples/00650.png 50
ucf/Knitting/samples/00651.png 50
ucf/Knitting/samples/00652.png 50
ucf/Knitting/samples/00653.png 50
ucf/Knitting/samples/00654.png 50
ucf/Knitting/samples/00655.png 50
ucf/Knitting/samples/00656.png 50
ucf/Knitting/samples/00657.png 50
ucf/Knitting/samples/00658.png 50
ucf/Knitting/samples/00659.png 50
ucf/Knitting/samples/00660.png 50
ucf/Knitting/samples/00661.png 50
ucf/Knitting/samples/00662.png 50
ucf/Knitting/samples/00663.png 50
ucf/Knitting/samples/00664.png 50
ucf/Knitting/samples/00665.png 50
ucf/Knitting/samples/00666.png 50
ucf/Knitting/samples/00667.png 50
ucf/Knitting/samples/00668.png 50
ucf/Knitting/samples/00669.png 50
ucf/Knitting/samples/00670.png 50
ucf/Knitting/samples/00671.png 50
ucf/Knitting/samples/00672.png 50
ucf/Knitting/samples/00673.png 50
ucf/Knitting/samples/00674.png 50
ucf/Knitting/samples/00675.png 50
ucf/Knitting/samples/00676.png 50
ucf/Knitting/samples/00677.png 50
ucf/Knitting/samples/00678.png 50
ucf/Knitting/samples/00679.png 50
ucf/Knitting/samples/00680.png 50
ucf/Knitting/samples/00681.png 50
ucf/Knitting/samples/00682.png 50
ucf/Knitting/samples/00683.png 50
ucf/Knitting/samples/00684.png 50
ucf/Knitting/samples/00685.png 50
ucf/Knitting/samples/00686.png 50
ucf/Knitting/samples/00687.png 50
ucf/Knitting/samples/00688.png 50
ucf/Knitting/samples/00689.png 50
ucf/Knitting/samples/00690.png 50
ucf/Knitting/samples/00691.png 50
ucf/Knitting/samples/00692.png 50
ucf/Knitting/samples/00693.png 50
ucf/Knitting/samples/00694.png 50
ucf/Knitting/samples/00695.png 50
ucf/Knitting/samples/00696.png 50
ucf/Knitting/samples/00697.png 50
ucf/Knitting/samples/00698.png 50
ucf/Knitting/samples/00699.png 50
ucf/Knitting/samples/00700.png 50
ucf/Knitting/samples/00701.png 50
ucf/Knitting/samples/00702.png 50
ucf/Knitting/samples/00703.png 50
ucf/Knitting/samples/00704.png 50
ucf/Knitting/samples/00705.png 50
ucf/Knitting/samples/00706.png 50
ucf/Knitting/samples/00707.png 50
ucf/Knitting/samples/00708.png 50
ucf/Knitting/samples/00709.png 50
ucf/Knitting/samples/00710.png 50
ucf/Knitting/samples/00711.png 50
ucf/Knitting/samples/00712.png 50
ucf/Knitting/samples/00713.png 50
ucf/Knitting/samples/00714.png 50
ucf/Knitting/samples/00715.png 50
ucf/Knitting/samples/00716.png 50
ucf/Knitting/samples/00717.png 50
ucf/Knitting/samples/00718.png 50
ucf/Knitting/samples/00719.png 50
ucf/Knitting/samples/00720.png 50
ucf/Knitting/samples/00721.png 50
ucf/Knitting/samples/00722.png 50
ucf/Knitting/samples/00723.png 50
ucf/Knitting/samples/00724.png 50
ucf/Knitting/samples/00725.png 50
ucf/Knitting/samples/00726.png 50
ucf/Knitting/samples/00727.png 50
ucf/Knitting/samples/00728.png 50
ucf/Knitting/samples/00729.png 50
ucf/Knitting/samples/00730.png 50
ucf/Knitting/samples/00731.png 50
ucf/Knitting/samples/00732.png 50
ucf/Knitting/samples/00733.png 50
ucf/Knitting/samples/00734.png 50
ucf/Knitting/samples/00735.png 50
ucf/Knitting/samples/00736.png 50
ucf/Knitting/samples/00737.png 50
ucf/Knitting/samples/00738.png 50
ucf/Knitting/samples/00739.png 50
ucf/Knitting/samples/00740.png 50
ucf/Knitting/samples/00741.png 50
ucf/Knitting/samples/00742.png 50
ucf/Knitting/samples/00743.png 50
ucf/Knitting/samples/00744.png 50
ucf/Knitting/samples/00745.png 50
ucf/Knitting/samples/00746.png 50
ucf/Knitting/samples/00747.png 50
ucf/Knitting/samples/00748.png 50
ucf/Knitting/samples/00749.png 50
ucf/Knitting/samples/00750.png 50
ucf/Knitting/samples/00751.png 50
ucf/Knitting/samples/00752.png 50
ucf/Knitting/samples/00753.png 50
ucf/Knitting/samples/00754.png 50
ucf/Knitting/samples/00755.png 50
ucf/Knitting/samples/00756.png 50
ucf/Knitting/samples/00757.png 50
ucf/Knitting/samples/00758.png 50
ucf/Knitting/samples/00759.png 50
ucf/Knitting/samples/00760.png 50
ucf/Knitting/samples/00761.png 50
ucf/Knitting/samples/00762.png 50
ucf/Knitting/samples/00763.png 50
ucf/Knitting/samples/00764.png 50
ucf/Knitting/samples/00765.png 50
ucf/Knitting/samples/00766.png 50
ucf/Knitting/samples/00767.png 50
ucf/Knitting/samples/00768.png 50
ucf/Knitting/samples/00769.png 50
ucf/Knitting/samples/00770.png 50
ucf/Knitting/samples/00771.png 50
ucf/Knitting/samples/00772.png 50
ucf/Knitting/samples/00773.png 50
ucf/Knitting/samples/00774.png 50
ucf/Knitting/samples/00775.png 50
ucf/Knitting/samples/00776.png 50
ucf/Knitting/samples/00777.png 50
ucf/Knitting/samples/00778.png 50
ucf/Knitting/samples/00779.png 50
ucf/Knitting/samples/00780.png 50
ucf/Knitting/samples/00781.png 50
ucf/Knitting/samples/00782.png 50
ucf/Knitting/samples/00783.png 50
ucf/Knitting/samples/00784.png 50
ucf/Knitting/samples/00785.png 50
ucf/Knitting/samples/00786.png 50
ucf/Knitting/samples/00787.png 50
ucf/Knitting/samples/00788.png 50
ucf/Knitting/samples/00789.png 50
ucf/Knitting/samples/00790.png 50
ucf/Knitting/samples/00791.png 50
ucf/Knitting/samples/00792.png 50
ucf/Knitting/samples/00793.png 50
ucf/Knitting/samples/00794.png 50
ucf/Knitting/samples/00795.png 50
ucf/Knitting/samples/00796.png 50
ucf/Knitting/samples/00797.png 50
ucf/Knitting/samples/00798.png 50
ucf/Knitting/samples/00799.png 50
ucf/Knitting/samples/00800.png 50
ucf/Knitting/samples/00801.png 50
ucf/Knitting/samples/00802.png 50
ucf/Knitting/samples/00803.png 50
ucf/Knitting/samples/00804.png 50
ucf/Knitting/samples/00805.png 50
ucf/Knitting/samples/00806.png 50
ucf/Knitting/samples/00807.png 50
ucf/Knitting/samples/00808.png 50
ucf/Knitting/samples/00809.png 50
ucf/Knitting/samples/00810.png 50
ucf/Knitting/samples/00811.png 50
ucf/Knitting/samples/00812.png 50
ucf/Knitting/samples/00813.png 50
ucf/Knitting/samples/00814.png 50
ucf/Knitting/samples/00815.png 50
ucf/Knitting/samples/00816.png 50
ucf/Knitting/samples/00817.png 50
ucf/Knitting/samples/00818.png 50
ucf/Knitting/samples/00819.png 50
ucf/Knitting/samples/00820.png 50
ucf/Knitting/samples/00821.png 50
ucf/Knitting/samples/00822.png 50
ucf/Knitting/samples/00823.png 50
ucf/Knitting/samples/00824.png 50
ucf/Knitting/samples/00825.png 50
ucf/Knitting/samples/00826.png 50
ucf/Knitting/samples/00827.png 50
ucf/Knitting/samples/00828.png 50
ucf/Knitting/samples/00829.png 50
ucf/Knitting/samples/00830.png 50
ucf/Knitting/samples/00831.png 50
ucf/Knitting/samples/00832.png 50
ucf/Knitting/samples/00833.png 50
ucf/Knitting/samples/00834.png 50
ucf/Knitting/samples/00835.png 50
ucf/Knitting/samples/00836.png 50
ucf/Knitting/samples/00837.png 50
ucf/Knitting/samples/00838.png 50
ucf/Knitting/samples/00839.png 50
ucf/Knitting/samples/00840.png 50
ucf/Knitting/samples/00841.png 50
ucf/Knitting/samples/00842.png 50
ucf/Knitting/samples/00843.png 50
ucf/Knitting/samples/00844.png 50
ucf/Knitting/samples/00845.png 50
ucf/Knitting/samples/00846.png 50
ucf/Knitting/samples/00847.png 50
ucf/Knitting/samples/00848.png 50
ucf/Knitting/samples/00849.png 50
ucf/Knitting/samples/00850.png 50
ucf/Knitting/samples/00851.png 50
ucf/Knitting/samples/00852.png 50
ucf/Knitting/samples/00853.png 50
ucf/Knitting/samples/00854.png 50
ucf/Knitting/samples/00855.png 50
ucf/Knitting/samples/00856.png 50
ucf/Knitting/samples/00857.png 50
ucf/Knitting/samples/00858.png 50
ucf/Knitting/samples/00859.png 50
ucf/Knitting/samples/00860.png 50
ucf/Knitting/samples/00861.png 50
ucf/Knitting/samples/00862.png 50
ucf/Knitting/samples/00863.png 50
ucf/Knitting/samples/00864.png 50
ucf/Knitting/samples/00865.png 50
ucf/Knitting/samples/00866.png 50
ucf/Knitting/samples/00867.png 50
ucf/Knitting/samples/00868.png 50
ucf/Knitting/samples/00869.png 50
ucf/Knitting/samples/00870.png 50
ucf/Knitting/samples/00871.png 50
ucf/Knitting/samples/00872.png 50
ucf/Knitting/samples/00873.png 50
ucf/Knitting/samples/00874.png 50
ucf/Knitting/samples/00875.png 50
ucf/Knitting/samples/00876.png 50
ucf/Knitting/samples/00877.png 50
ucf/Knitting/samples/00878.png 50
ucf/Knitting/samples/00879.png 50
ucf/Knitting/samples/00880.png 50
ucf/Knitting/samples/00881.png 50
ucf/Knitting/samples/00882.png 50
ucf/Knitting/samples/00883.png 50
ucf/Knitting/samples/00884.png 50
ucf/Knitting/samples/00885.png 50
ucf/Knitting/samples/00886.png 50
ucf/Knitting/samples/00887.png 50
ucf/Knitting/samples/00888.png 50
ucf/Knitting/samples/00889.png 50
ucf/Knitting/samples/00890.png 50
ucf/Knitting/samples/00891.png 50
ucf/Knitting/samples/00892.png 50
ucf/Knitting/samples/00893.png 50
ucf/Knitting/samples/00894.png 50
ucf/Knitting/samples/00895.png 50
ucf/Knitting/samples/00896.png 50
ucf/Knitting/samples/00897.png 50
ucf/Knitting/samples/00898.png 50
ucf/Knitting/samples/00899.png 50
ucf/Knitting/samples/00900.png 50
ucf/Knitting/samples/00901.png 50
ucf/Knitting/samples/00902.png 50
ucf/Knitting/samples/00903.png 50
ucf/Knitting/samples/00904.png 50
ucf/Knitting/samples/00905.png 50
ucf/Knitting/samples/00906.png 50
ucf/Knitting/samples/00907.png 50
ucf/Knitting/samples/00908.png 50
ucf/Knitting/samples/00909.png 50
ucf/Knitting/samples/00910.png 50
ucf/Knitting/samples/00911.png 50
ucf/Knitting/samples/00912.png 50
ucf/Knitting/samples/00913.png 50
ucf/Knitting/samples/00914.png 50
ucf/Knitting/samples/00915.png 50
ucf/Knitting/samples/00916.png 50
ucf/Knitting/samples/00917.png 50
ucf/Knitting/samples/00918.png 50
ucf/Knitting/samples/00919.png 50
ucf/Knitting/samples/00920.png 50
ucf/Knitting/samples/00921.png 50
ucf/Knitting/samples/00922.png 50
ucf/Knitting/samples/00923.png 50
ucf/Knitting/samples/00924.png 50
ucf/Knitting/samples/00925.png 50
ucf/Knitting/samples/00926.png 50
ucf/Knitting/samples/00927.png 50
ucf/Knitting/samples/00928.png 50
ucf/Knitting/samples/00929.png 50
ucf/Knitting/samples/00930.png 50
ucf/Knitting/samples/00931.png 50
ucf/Knitting/samples/00932.png 50
ucf/Knitting/samples/00933.png 50
ucf/Knitting/samples/00934.png 50
ucf/Knitting/samples/00935.png 50
ucf/Knitting/samples/00936.png 50
ucf/Knitting/samples/00937.png 50
ucf/Knitting/samples/00938.png 50
ucf/Knitting/samples/00939.png 50
ucf/Knitting/samples/00940.png 50
ucf/Knitting/samples/00941.png 50
ucf/Knitting/samples/00942.png 50
ucf/Knitting/samples/00943.png 50
ucf/Knitting/samples/00944.png 50
ucf/Knitting/samples/00945.png 50
ucf/Knitting/samples/00946.png 50
ucf/Knitting/samples/00947.png 50
ucf/Knitting/samples/00948.png 50
ucf/Knitting/samples/00949.png 50
ucf/Knitting/samples/00950.png 50
ucf/Knitting/samples/00951.png 50
ucf/Knitting/samples/00952.png 50
ucf/Knitting/samples/00953.png 50
ucf/Knitting/samples/00954.png 50
ucf/Knitting/samples/00955.png 50
ucf/Knitting/samples/00956.png 50
ucf/Knitting/samples/00957.png 50
ucf/Knitting/samples/00958.png 50
ucf/Knitting/samples/00959.png 50
ucf/Knitting/samples/00960.png 50
ucf/Knitting/samples/00961.png 50
ucf/Knitting/samples/00962.png 50
ucf/Knitting/samples/00963.png 50
ucf/Knitting/samples/00964.png 50
ucf/Knitting/samples/00965.png 50
ucf/Knitting/samples/00966.png 50
ucf/Knitting/samples/00967.png 50
ucf/Knitting/samples/00968.png 50
ucf/Knitting/samples/00969.png 50
ucf/Knitting/samples/00970.png 50
ucf/Knitting/samples/00971.png 50
ucf/Knitting/samples/00972.png 50
ucf/Knitting/samples/00973.png 50
ucf/Knitting/samples/00974.png 50
ucf/Knitting/samples/00975.png 50
ucf/Knitting/samples/00976.png 50
ucf/Knitting/samples/00977.png 50
ucf/Knitting/samples/00978.png 50
ucf/Knitting/samples/00979.png 50
ucf/Knitting/samples/00980.png 50
ucf/Knitting/samples/00981.png 50
ucf/Knitting/samples/00982.png 50
ucf/Knitting/samples/00983.png 50
ucf/Knitting/samples/00984.png 50
ucf/Knitting/samples/00985.png 50
ucf/Knitting/samples/00986.png 50
ucf/Knitting/samples/00987.png 50
ucf/Knitting/samples/00988.png 50
ucf/Knitting/samples/00989.png 50
ucf/Knitting/samples/00990.png 50
ucf/Knitting/samples/00991.png 50
ucf/Knitting/samples/00992.png 50
ucf/Knitting/samples/00993.png 50
ucf/Knitting/samples/00994.png 50
ucf/Knitting/samples/00995.png 50
ucf/Knitting/samples/00996.png 50
ucf/Knitting/samples/00997.png 50
ucf/Knitting/samples/00998.png 50
ucf/Knitting/samples/00999.png 50
ucf/Shotput/samples/00000.png 79
ucf/Shotput/samples/00001.png 79
ucf/Shotput/samples/00002.png 79
ucf/Shotput/samples/00003.png 79
ucf/Shotput/samples/00004.png 79
ucf/Shotput/samples/00005.png 79
ucf/Shotput/samples/00006.png 79
ucf/Shotput/samples/00007.png 79
ucf/Shotput/samples/00008.png 79
ucf/Shotput/samples/00009.png 79
ucf/Shotput/samples/00010.png 79
ucf/Shotput/samples/00011.png 79
ucf/Shotput/samples/00012.png 79
ucf/Shotput/samples/00013.png 79
ucf/Shotput/samples/00014.png 79
ucf/Shotput/samples/00015.png 79
ucf/Shotput/samples/00016.png 79
ucf/Shotput/samples/00017.png 79
ucf/Shotput/samples/00018.png 79
ucf/Shotput/samples/00019.png 79
ucf/Shotput/samples/00020.png 79
ucf/Shotput/samples/00021.png 79
ucf/Shotput/samples/00022.png 79
ucf/Shotput/samples/00023.png 79
ucf/Shotput/samples/00024.png 79
ucf/Shotput/samples/00025.png 79
ucf/Shotput/samples/00026.png 79
ucf/Shotput/samples/00027.png 79
ucf/Shotput/samples/00028.png 79
ucf/Shotput/samples/00029.png 79
ucf/Shotput/samples/00030.png 79
ucf/Shotput/samples/00031.png 79
ucf/Shotput/samples/00032.png 79
ucf/Shotput/samples/00033.png 79
ucf/Shotput/samples/00034.png 79
ucf/Shotput/samples/00035.png 79
ucf/Shotput/samples/00036.png 79
ucf/Shotput/samples/00037.png 79
ucf/Shotput/samples/00038.png 79
ucf/Shotput/samples/00039.png 79
ucf/Shotput/samples/00040.png 79
ucf/Shotput/samples/00041.png 79
ucf/Shotput/samples/00042.png 79
ucf/Shotput/samples/00043.png 79
ucf/Shotput/samples/00044.png 79
ucf/Shotput/samples/00045.png 79
ucf/Shotput/samples/00046.png 79
ucf/Shotput/samples/00047.png 79
ucf/Shotput/samples/00048.png 79
ucf/Shotput/samples/00049.png 79
ucf/Shotput/samples/00050.png 79
ucf/Shotput/samples/00051.png 79
ucf/Shotput/samples/00052.png 79
ucf/Shotput/samples/00053.png 79
ucf/Shotput/samples/00054.png 79
ucf/Shotput/samples/00055.png 79
ucf/Shotput/samples/00056.png 79
ucf/Shotput/samples/00057.png 79
ucf/Shotput/samples/00058.png 79
ucf/Shotput/samples/00059.png 79
ucf/Shotput/samples/00060.png 79
ucf/Shotput/samples/00061.png 79
ucf/Shotput/samples/00062.png 79
ucf/Shotput/samples/00063.png 79
ucf/Shotput/samples/00064.png 79
ucf/Shotput/samples/00065.png 79
ucf/Shotput/samples/00066.png 79
ucf/Shotput/samples/00067.png 79
ucf/Shotput/samples/00068.png 79
ucf/Shotput/samples/00069.png 79
ucf/Shotput/samples/00070.png 79
ucf/Shotput/samples/00071.png 79
ucf/Shotput/samples/00072.png 79
ucf/Shotput/samples/00073.png 79
ucf/Shotput/samples/00074.png 79
ucf/Shotput/samples/00075.png 79
ucf/Shotput/samples/00076.png 79
ucf/Shotput/samples/00077.png 79
ucf/Shotput/samples/00078.png 79
ucf/Shotput/samples/00079.png 79
ucf/Shotput/samples/00080.png 79
ucf/Shotput/samples/00081.png 79
ucf/Shotput/samples/00082.png 79
ucf/Shotput/samples/00083.png 79
ucf/Shotput/samples/00084.png 79
ucf/Shotput/samples/00085.png 79
ucf/Shotput/samples/00086.png 79
ucf/Shotput/samples/00087.png 79
ucf/Shotput/samples/00088.png 79
ucf/Shotput/samples/00089.png 79
ucf/Shotput/samples/00090.png 79
ucf/Shotput/samples/00091.png 79
ucf/Shotput/samples/00092.png 79
ucf/Shotput/samples/00093.png 79
ucf/Shotput/samples/00094.png 79
ucf/Shotput/samples/00095.png 79
ucf/Shotput/samples/00096.png 79
ucf/Shotput/samples/00097.png 79
ucf/Shotput/samples/00098.png 79
ucf/Shotput/samples/00099.png 79
ucf/Shotput/samples/00100.png 79
ucf/Shotput/samples/00101.png 79
ucf/Shotput/samples/00102.png 79
ucf/Shotput/samples/00103.png 79
ucf/Shotput/samples/00104.png 79
ucf/Shotput/samples/00105.png 79
ucf/Shotput/samples/00106.png 79
ucf/Shotput/samples/00107.png 79
ucf/Shotput/samples/00108.png 79
ucf/Shotput/samples/00109.png 79
ucf/Shotput/samples/00110.png 79
ucf/Shotput/samples/00111.png 79
ucf/Shotput/samples/00112.png 79
ucf/Shotput/samples/00113.png 79
ucf/Shotput/samples/00114.png 79
ucf/Shotput/samples/00115.png 79
ucf/Shotput/samples/00116.png 79
ucf/Shotput/samples/00117.png 79
ucf/Shotput/samples/00118.png 79
ucf/Shotput/samples/00119.png 79
ucf/Shotput/samples/00120.png 79
ucf/Shotput/samples/00121.png 79
ucf/Shotput/samples/00122.png 79
ucf/Shotput/samples/00123.png 79
ucf/Shotput/samples/00124.png 79
ucf/Shotput/samples/00125.png 79
ucf/Shotput/samples/00126.png 79
ucf/Shotput/samples/00127.png 79
ucf/Shotput/samples/00128.png 79
ucf/Shotput/samples/00129.png 79
ucf/Shotput/samples/00130.png 79
ucf/Shotput/samples/00131.png 79
ucf/Shotput/samples/00132.png 79
ucf/Shotput/samples/00133.png 79
ucf/Shotput/samples/00134.png 79
ucf/Shotput/samples/00135.png 79
ucf/Shotput/samples/00136.png 79
ucf/Shotput/samples/00137.png 79
ucf/Shotput/samples/00138.png 79
ucf/Shotput/samples/00139.png 79
ucf/Shotput/samples/00140.png 79
ucf/Shotput/samples/00141.png 79
ucf/Shotput/samples/00142.png 79
ucf/Shotput/samples/00143.png 79
ucf/Shotput/samples/00144.png 79
ucf/Shotput/samples/00145.png 79
ucf/Shotput/samples/00146.png 79
ucf/Shotput/samples/00147.png 79
ucf/Shotput/samples/00148.png 79
ucf/Shotput/samples/00149.png 79
ucf/Shotput/samples/00150.png 79
ucf/Shotput/samples/00151.png 79
ucf/Shotput/samples/00152.png 79
ucf/Shotput/samples/00153.png 79
ucf/Shotput/samples/00154.png 79
ucf/Shotput/samples/00155.png 79
ucf/Shotput/samples/00156.png 79
ucf/Shotput/samples/00157.png 79
ucf/Shotput/samples/00158.png 79
ucf/Shotput/samples/00159.png 79
ucf/Shotput/samples/00160.png 79
ucf/Shotput/samples/00161.png 79
ucf/Shotput/samples/00162.png 79
ucf/Shotput/samples/00163.png 79
ucf/Shotput/samples/00164.png 79
ucf/Shotput/samples/00165.png 79
ucf/Shotput/samples/00166.png 79
ucf/Shotput/samples/00167.png 79
ucf/Shotput/samples/00168.png 79
ucf/Shotput/samples/00169.png 79
ucf/Shotput/samples/00170.png 79
ucf/Shotput/samples/00171.png 79
ucf/Shotput/samples/00172.png 79
ucf/Shotput/samples/00173.png 79
ucf/Shotput/samples/00174.png 79
ucf/Shotput/samples/00175.png 79
ucf/Shotput/samples/00176.png 79
ucf/Shotput/samples/00177.png 79
ucf/Shotput/samples/00178.png 79
ucf/Shotput/samples/00179.png 79
ucf/Shotput/samples/00180.png 79
ucf/Shotput/samples/00181.png 79
ucf/Shotput/samples/00182.png 79
ucf/Shotput/samples/00183.png 79
ucf/Shotput/samples/00184.png 79
ucf/Shotput/samples/00185.png 79
ucf/Shotput/samples/00186.png 79
ucf/Shotput/samples/00187.png 79
ucf/Shotput/samples/00188.png 79
ucf/Shotput/samples/00189.png 79
ucf/Shotput/samples/00190.png 79
ucf/Shotput/samples/00191.png 79
ucf/Shotput/samples/00192.png 79
ucf/Shotput/samples/00193.png 79
ucf/Shotput/samples/00194.png 79
ucf/Shotput/samples/00195.png 79
ucf/Shotput/samples/00196.png 79
ucf/Shotput/samples/00197.png 79
ucf/Shotput/samples/00198.png 79
ucf/Shotput/samples/00199.png 79
ucf/Shotput/samples/00200.png 79
ucf/Shotput/samples/00201.png 79
ucf/Shotput/samples/00202.png 79
ucf/Shotput/samples/00203.png 79
ucf/Shotput/samples/00204.png 79
ucf/Shotput/samples/00205.png 79
ucf/Shotput/samples/00206.png 79
ucf/Shotput/samples/00207.png 79
ucf/Shotput/samples/00208.png 79
ucf/Shotput/samples/00209.png 79
ucf/Shotput/samples/00210.png 79
ucf/Shotput/samples/00211.png 79
ucf/Shotput/samples/00212.png 79
ucf/Shotput/samples/00213.png 79
ucf/Shotput/samples/00214.png 79
ucf/Shotput/samples/00215.png 79
ucf/Shotput/samples/00216.png 79
ucf/Shotput/samples/00217.png 79
ucf/Shotput/samples/00218.png 79
ucf/Shotput/samples/00219.png 79
ucf/Shotput/samples/00220.png 79
ucf/Shotput/samples/00221.png 79
ucf/Shotput/samples/00222.png 79
ucf/Shotput/samples/00223.png 79
ucf/Shotput/samples/00224.png 79
ucf/Shotput/samples/00225.png 79
ucf/Shotput/samples/00226.png 79
ucf/Shotput/samples/00227.png 79
ucf/Shotput/samples/00228.png 79
ucf/Shotput/samples/00229.png 79
ucf/Shotput/samples/00230.png 79
ucf/Shotput/samples/00231.png 79
ucf/Shotput/samples/00232.png 79
ucf/Shotput/samples/00233.png 79
ucf/Shotput/samples/00234.png 79
ucf/Shotput/samples/00235.png 79
ucf/Shotput/samples/00236.png 79
ucf/Shotput/samples/00237.png 79
ucf/Shotput/samples/00238.png 79
ucf/Shotput/samples/00239.png 79
ucf/Shotput/samples/00240.png 79
ucf/Shotput/samples/00241.png 79
ucf/Shotput/samples/00242.png 79
ucf/Shotput/samples/00243.png 79
ucf/Shotput/samples/00244.png 79
ucf/Shotput/samples/00245.png 79
ucf/Shotput/samples/00246.png 79
ucf/Shotput/samples/00247.png 79
ucf/Shotput/samples/00248.png 79
ucf/Shotput/samples/00249.png 79
ucf/Shotput/samples/00250.png 79
ucf/Shotput/samples/00251.png 79
ucf/Shotput/samples/00252.png 79
ucf/Shotput/samples/00253.png 79
ucf/Shotput/samples/00254.png 79
ucf/Shotput/samples/00255.png 79
ucf/Shotput/samples/00256.png 79
ucf/Shotput/samples/00257.png 79
ucf/Shotput/samples/00258.png 79
ucf/Shotput/samples/00259.png 79
ucf/Shotput/samples/00260.png 79
ucf/Shotput/samples/00261.png 79
ucf/Shotput/samples/00262.png 79
ucf/Shotput/samples/00263.png 79
ucf/Shotput/samples/00264.png 79
ucf/Shotput/samples/00265.png 79
ucf/Shotput/samples/00266.png 79
ucf/Shotput/samples/00267.png 79
ucf/Shotput/samples/00268.png 79
ucf/Shotput/samples/00269.png 79
ucf/Shotput/samples/00270.png 79
ucf/Shotput/samples/00271.png 79
ucf/Shotput/samples/00272.png 79
ucf/Shotput/samples/00273.png 79
ucf/Shotput/samples/00274.png 79
ucf/Shotput/samples/00275.png 79
ucf/Shotput/samples/00276.png 79
ucf/Shotput/samples/00277.png 79
ucf/Shotput/samples/00278.png 79
ucf/Shotput/samples/00279.png 79
ucf/Shotput/samples/00280.png 79
ucf/Shotput/samples/00281.png 79
ucf/Shotput/samples/00282.png 79
ucf/Shotput/samples/00283.png 79
ucf/Shotput/samples/00284.png 79
ucf/Shotput/samples/00285.png 79
ucf/Shotput/samples/00286.png 79
ucf/Shotput/samples/00287.png 79
ucf/Shotput/samples/00288.png 79
ucf/Shotput/samples/00289.png 79
ucf/Shotput/samples/00290.png 79
ucf/Shotput/samples/00291.png 79
ucf/Shotput/samples/00292.png 79
ucf/Shotput/samples/00293.png 79
ucf/Shotput/samples/00294.png 79
ucf/Shotput/samples/00295.png 79
ucf/Shotput/samples/00296.png 79
ucf/Shotput/samples/00297.png 79
ucf/Shotput/samples/00298.png 79
ucf/Shotput/samples/00299.png 79
ucf/Shotput/samples/00300.png 79
ucf/Shotput/samples/00301.png 79
ucf/Shotput/samples/00302.png 79
ucf/Shotput/samples/00303.png 79
ucf/Shotput/samples/00304.png 79
ucf/Shotput/samples/00305.png 79
ucf/Shotput/samples/00306.png 79
ucf/Shotput/samples/00307.png 79
ucf/Shotput/samples/00308.png 79
ucf/Shotput/samples/00309.png 79
ucf/Shotput/samples/00310.png 79
ucf/Shotput/samples/00311.png 79
ucf/Shotput/samples/00312.png 79
ucf/Shotput/samples/00313.png 79
ucf/Shotput/samples/00314.png 79
ucf/Shotput/samples/00315.png 79
ucf/Shotput/samples/00316.png 79
ucf/Shotput/samples/00317.png 79
ucf/Shotput/samples/00318.png 79
ucf/Shotput/samples/00319.png 79
ucf/Shotput/samples/00320.png 79
ucf/Shotput/samples/00321.png 79
ucf/Shotput/samples/00322.png 79
ucf/Shotput/samples/00323.png 79
ucf/Shotput/samples/00324.png 79
ucf/Shotput/samples/00325.png 79
ucf/Shotput/samples/00326.png 79
ucf/Shotput/samples/00327.png 79
ucf/Shotput/samples/00328.png 79
ucf/Shotput/samples/00329.png 79
ucf/Shotput/samples/00330.png 79
ucf/Shotput/samples/00331.png 79
ucf/Shotput/samples/00332.png 79
ucf/Shotput/samples/00333.png 79
ucf/Shotput/samples/00334.png 79
ucf/Shotput/samples/00335.png 79
ucf/Shotput/samples/00336.png 79
ucf/Shotput/samples/00337.png 79
ucf/Shotput/samples/00338.png 79
ucf/Shotput/samples/00339.png 79
ucf/Shotput/samples/00340.png 79
ucf/Shotput/samples/00341.png 79
ucf/Shotput/samples/00342.png 79
ucf/Shotput/samples/00343.png 79
ucf/Shotput/samples/00344.png 79
ucf/Shotput/samples/00345.png 79
ucf/Shotput/samples/00346.png 79
ucf/Shotput/samples/00347.png 79
ucf/Shotput/samples/00348.png 79
ucf/Shotput/samples/00349.png 79
ucf/Shotput/samples/00350.png 79
ucf/Shotput/samples/00351.png 79
ucf/Shotput/samples/00352.png 79
ucf/Shotput/samples/00353.png 79
ucf/Shotput/samples/00354.png 79
ucf/Shotput/samples/00355.png 79
ucf/Shotput/samples/00356.png 79
ucf/Shotput/samples/00357.png 79
ucf/Shotput/samples/00358.png 79
ucf/Shotput/samples/00359.png 79
ucf/Shotput/samples/00360.png 79
ucf/Shotput/samples/00361.png 79
ucf/Shotput/samples/00362.png 79
ucf/Shotput/samples/00363.png 79
ucf/Shotput/samples/00364.png 79
ucf/Shotput/samples/00365.png 79
ucf/Shotput/samples/00366.png 79
ucf/Shotput/samples/00367.png 79
ucf/Shotput/samples/00368.png 79
ucf/Shotput/samples/00369.png 79
ucf/Shotput/samples/00370.png 79
ucf/Shotput/samples/00371.png 79
ucf/Shotput/samples/00372.png 79
ucf/Shotput/samples/00373.png 79
ucf/Shotput/samples/00374.png 79
ucf/Shotput/samples/00375.png 79
ucf/Shotput/samples/00376.png 79
ucf/Shotput/samples/00377.png 79
ucf/Shotput/samples/00378.png 79
ucf/Shotput/samples/00379.png 79
ucf/Shotput/samples/00380.png 79
ucf/Shotput/samples/00381.png 79
ucf/Shotput/samples/00382.png 79
ucf/Shotput/samples/00383.png 79
ucf/Shotput/samples/00384.png 79
ucf/Shotput/samples/00385.png 79
ucf/Shotput/samples/00386.png 79
ucf/Shotput/samples/00387.png 79
ucf/Shotput/samples/00388.png 79
ucf/Shotput/samples/00389.png 79
ucf/Shotput/samples/00390.png 79
ucf/Shotput/samples/00391.png 79
ucf/Shotput/samples/00392.png 79
ucf/Shotput/samples/00393.png 79
ucf/Shotput/samples/00394.png 79
ucf/Shotput/samples/00395.png 79
ucf/Shotput/samples/00396.png 79
ucf/Shotput/samples/00397.png 79
ucf/Shotput/samples/00398.png 79
ucf/Shotput/samples/00399.png 79
ucf/Shotput/samples/00400.png 79
ucf/Shotput/samples/00401.png 79
ucf/Shotput/samples/00402.png 79
ucf/Shotput/samples/00403.png 79
ucf/Shotput/samples/00404.png 79
ucf/Shotput/samples/00405.png 79
ucf/Shotput/samples/00406.png 79
ucf/Shotput/samples/00407.png 79
ucf/Shotput/samples/00408.png 79
ucf/Shotput/samples/00409.png 79
ucf/Shotput/samples/00410.png 79
ucf/Shotput/samples/00411.png 79
ucf/Shotput/samples/00412.png 79
ucf/Shotput/samples/00413.png 79
ucf/Shotput/samples/00414.png 79
ucf/Shotput/samples/00415.png 79
ucf/Shotput/samples/00416.png 79
ucf/Shotput/samples/00417.png 79
ucf/Shotput/samples/00418.png 79
ucf/Shotput/samples/00419.png 79
ucf/Shotput/samples/00420.png 79
ucf/Shotput/samples/00421.png 79
ucf/Shotput/samples/00422.png 79
ucf/Shotput/samples/00423.png 79
ucf/Shotput/samples/00424.png 79
ucf/Shotput/samples/00425.png 79
ucf/Shotput/samples/00426.png 79
ucf/Shotput/samples/00427.png 79
ucf/Shotput/samples/00428.png 79
ucf/Shotput/samples/00429.png 79
ucf/Shotput/samples/00430.png 79
ucf/Shotput/samples/00431.png 79
ucf/Shotput/samples/00432.png 79
ucf/Shotput/samples/00433.png 79
ucf/Shotput/samples/00434.png 79
ucf/Shotput/samples/00435.png 79
ucf/Shotput/samples/00436.png 79
ucf/Shotput/samples/00437.png 79
ucf/Shotput/samples/00438.png 79
ucf/Shotput/samples/00439.png 79
ucf/Shotput/samples/00440.png 79
ucf/Shotput/samples/00441.png 79
ucf/Shotput/samples/00442.png 79
ucf/Shotput/samples/00443.png 79
ucf/Shotput/samples/00444.png 79
ucf/Shotput/samples/00445.png 79
ucf/Shotput/samples/00446.png 79
ucf/Shotput/samples/00447.png 79
ucf/Shotput/samples/00448.png 79
ucf/Shotput/samples/00449.png 79
ucf/Shotput/samples/00450.png 79
ucf/Shotput/samples/00451.png 79
ucf/Shotput/samples/00452.png 79
ucf/Shotput/samples/00453.png 79
ucf/Shotput/samples/00454.png 79
ucf/Shotput/samples/00455.png 79
ucf/Shotput/samples/00456.png 79
ucf/Shotput/samples/00457.png 79
ucf/Shotput/samples/00458.png 79
ucf/Shotput/samples/00459.png 79
ucf/Shotput/samples/00460.png 79
ucf/Shotput/samples/00461.png 79
ucf/Shotput/samples/00462.png 79
ucf/Shotput/samples/00463.png 79
ucf/Shotput/samples/00464.png 79
ucf/Shotput/samples/00465.png 79
ucf/Shotput/samples/00466.png 79
ucf/Shotput/samples/00467.png 79
ucf/Shotput/samples/00468.png 79
ucf/Shotput/samples/00469.png 79
ucf/Shotput/samples/00470.png 79
ucf/Shotput/samples/00471.png 79
ucf/Shotput/samples/00472.png 79
ucf/Shotput/samples/00473.png 79
ucf/Shotput/samples/00474.png 79
ucf/Shotput/samples/00475.png 79
ucf/Shotput/samples/00476.png 79
ucf/Shotput/samples/00477.png 79
ucf/Shotput/samples/00478.png 79
ucf/Shotput/samples/00479.png 79
ucf/Shotput/samples/00480.png 79
ucf/Shotput/samples/00481.png 79
ucf/Shotput/samples/00482.png 79
ucf/Shotput/samples/00483.png 79
ucf/Shotput/samples/00484.png 79
ucf/Shotput/samples/00485.png 79
ucf/Shotput/samples/00486.png 79
ucf/Shotput/samples/00487.png 79
ucf/Shotput/samples/00488.png 79
ucf/Shotput/samples/00489.png 79
ucf/Shotput/samples/00490.png 79
ucf/Shotput/samples/00491.png 79
ucf/Shotput/samples/00492.png 79
ucf/Shotput/samples/00493.png 79
ucf/Shotput/samples/00494.png 79
ucf/Shotput/samples/00495.png 79
ucf/Shotput/samples/00496.png 79
ucf/Shotput/samples/00497.png 79
ucf/Shotput/samples/00498.png 79
ucf/Shotput/samples/00499.png 79
ucf/Shotput/samples/00500.png 79
ucf/Shotput/samples/00501.png 79
ucf/Shotput/samples/00502.png 79
ucf/Shotput/samples/00503.png 79
ucf/Shotput/samples/00504.png 79
ucf/Shotput/samples/00505.png 79
ucf/Shotput/samples/00506.png 79
ucf/Shotput/samples/00507.png 79
ucf/Shotput/samples/00508.png 79
ucf/Shotput/samples/00509.png 79
ucf/Shotput/samples/00510.png 79
ucf/Shotput/samples/00511.png 79
ucf/Shotput/samples/00512.png 79
ucf/Shotput/samples/00513.png 79
ucf/Shotput/samples/00514.png 79
ucf/Shotput/samples/00515.png 79
ucf/Shotput/samples/00516.png 79
ucf/Shotput/samples/00517.png 79
ucf/Shotput/samples/00518.png 79
ucf/Shotput/samples/00519.png 79
ucf/Shotput/samples/00520.png 79
ucf/Shotput/samples/00521.png 79
ucf/Shotput/samples/00522.png 79
ucf/Shotput/samples/00523.png 79
ucf/Shotput/samples/00524.png 79
ucf/Shotput/samples/00525.png 79
ucf/Shotput/samples/00526.png 79
ucf/Shotput/samples/00527.png 79
ucf/Shotput/samples/00528.png 79
ucf/Shotput/samples/00529.png 79
ucf/Shotput/samples/00530.png 79
ucf/Shotput/samples/00531.png 79
ucf/Shotput/samples/00532.png 79
ucf/Shotput/samples/00533.png 79
ucf/Shotput/samples/00534.png 79
ucf/Shotput/samples/00535.png 79
ucf/Shotput/samples/00536.png 79
ucf/Shotput/samples/00537.png 79
ucf/Shotput/samples/00538.png 79
ucf/Shotput/samples/00539.png 79
ucf/Shotput/samples/00540.png 79
ucf/Shotput/samples/00541.png 79
ucf/Shotput/samples/00542.png 79
ucf/Shotput/samples/00543.png 79
ucf/Shotput/samples/00544.png 79
ucf/Shotput/samples/00545.png 79
ucf/Shotput/samples/00546.png 79
ucf/Shotput/samples/00547.png 79
ucf/Shotput/samples/00548.png 79
ucf/Shotput/samples/00549.png 79
ucf/Shotput/samples/00550.png 79
ucf/Shotput/samples/00551.png 79
ucf/Shotput/samples/00552.png 79
ucf/Shotput/samples/00553.png 79
ucf/Shotput/samples/00554.png 79
ucf/Shotput/samples/00555.png 79
ucf/Shotput/samples/00556.png 79
ucf/Shotput/samples/00557.png 79
ucf/Shotput/samples/00558.png 79
ucf/Shotput/samples/00559.png 79
ucf/Shotput/samples/00560.png 79
ucf/Shotput/samples/00561.png 79
ucf/Shotput/samples/00562.png 79
ucf/Shotput/samples/00563.png 79
ucf/Shotput/samples/00564.png 79
ucf/Shotput/samples/00565.png 79
ucf/Shotput/samples/00566.png 79
ucf/Shotput/samples/00567.png 79
ucf/Shotput/samples/00568.png 79
ucf/Shotput/samples/00569.png 79
ucf/Shotput/samples/00570.png 79
ucf/Shotput/samples/00571.png 79
ucf/Shotput/samples/00572.png 79
ucf/Shotput/samples/00573.png 79
ucf/Shotput/samples/00574.png 79
ucf/Shotput/samples/00575.png 79
ucf/Shotput/samples/00576.png 79
ucf/Shotput/samples/00577.png 79
ucf/Shotput/samples/00578.png 79
ucf/Shotput/samples/00579.png 79
ucf/Shotput/samples/00580.png 79
ucf/Shotput/samples/00581.png 79
ucf/Shotput/samples/00582.png 79
ucf/Shotput/samples/00583.png 79
ucf/Shotput/samples/00584.png 79
ucf/Shotput/samples/00585.png 79
ucf/Shotput/samples/00586.png 79
ucf/Shotput/samples/00587.png 79
ucf/Shotput/samples/00588.png 79
ucf/Shotput/samples/00589.png 79
ucf/Shotput/samples/00590.png 79
ucf/Shotput/samples/00591.png 79
ucf/Shotput/samples/00592.png 79
ucf/Shotput/samples/00593.png 79
ucf/Shotput/samples/00594.png 79
ucf/Shotput/samples/00595.png 79
ucf/Shotput/samples/00596.png 79
ucf/Shotput/samples/00597.png 79
ucf/Shotput/samples/00598.png 79
ucf/Shotput/samples/00599.png 79
ucf/Shotput/samples/00600.png 79
ucf/Shotput/samples/00601.png 79
ucf/Shotput/samples/00602.png 79
ucf/Shotput/samples/00603.png 79
ucf/Shotput/samples/00604.png 79
ucf/Shotput/samples/00605.png 79
ucf/Shotput/samples/00606.png 79
ucf/Shotput/samples/00607.png 79
ucf/Shotput/samples/00608.png 79
ucf/Shotput/samples/00609.png 79
ucf/Shotput/samples/00610.png 79
ucf/Shotput/samples/00611.png 79
ucf/Shotput/samples/00612.png 79
ucf/Shotput/samples/00613.png 79
ucf/Shotput/samples/00614.png 79
ucf/Shotput/samples/00615.png 79
ucf/Shotput/samples/00616.png 79
ucf/Shotput/samples/00617.png 79
ucf/Shotput/samples/00618.png 79
ucf/Shotput/samples/00619.png 79
ucf/Shotput/samples/00620.png 79
ucf/Shotput/samples/00621.png 79
ucf/Shotput/samples/00622.png 79
ucf/Shotput/samples/00623.png 79
ucf/Shotput/samples/00624.png 79
ucf/Shotput/samples/00625.png 79
ucf/Shotput/samples/00626.png 79
ucf/Shotput/samples/00627.png 79
ucf/Shotput/samples/00628.png 79
ucf/Shotput/samples/00629.png 79
ucf/Shotput/samples/00630.png 79
ucf/Shotput/samples/00631.png 79
ucf/Shotput/samples/00632.png 79
ucf/Shotput/samples/00633.png 79
ucf/Shotput/samples/00634.png 79
ucf/Shotput/samples/00635.png 79
ucf/Shotput/samples/00636.png 79
ucf/Shotput/samples/00637.png 79
ucf/Shotput/samples/00638.png 79
ucf/Shotput/samples/00639.png 79
ucf/Shotput/samples/00640.png 79
ucf/Shotput/samples/00641.png 79
ucf/Shotput/samples/00642.png 79
ucf/Shotput/samples/00643.png 79
ucf/Shotput/samples/00644.png 79
ucf/Shotput/samples/00645.png 79
ucf/Shotput/samples/00646.png 79
ucf/Shotput/samples/00647.png 79
ucf/Shotput/samples/00648.png 79
ucf/Shotput/samples/00649.png 79
ucf/Shotput/samples/00650.png 79
ucf/Shotput/samples/00651.png 79
ucf/Shotput/samples/00652.png 79
ucf/Shotput/samples/00653.png 79
ucf/Shotput/samples/00654.png 79
ucf/Shotput/samples/00655.png 79
ucf/Shotput/samples/00656.png 79
ucf/Shotput/samples/00657.png 79
ucf/Shotput/samples/00658.png 79
ucf/Shotput/samples/00659.png 79
ucf/Shotput/samples/00660.png 79
ucf/Shotput/samples/00661.png 79
ucf/Shotput/samples/00662.png 79
ucf/Shotput/samples/00663.png 79
ucf/Shotput/samples/00664.png 79
ucf/Shotput/samples/00665.png 79
ucf/Shotput/samples/00666.png 79
ucf/Shotput/samples/00667.png 79
ucf/Shotput/samples/00668.png 79
ucf/Shotput/samples/00669.png 79
ucf/Shotput/samples/00670.png 79
ucf/Shotput/samples/00671.png 79
ucf/Shotput/samples/00672.png 79
ucf/Shotput/samples/00673.png 79
ucf/Shotput/samples/00674.png 79
ucf/Shotput/samples/00675.png 79
ucf/Shotput/samples/00676.png 79
ucf/Shotput/samples/00677.png 79
ucf/Shotput/samples/00678.png 79
ucf/Shotput/samples/00679.png 79
ucf/Shotput/samples/00680.png 79
ucf/Shotput/samples/00681.png 79
ucf/Shotput/samples/00682.png 79
ucf/Shotput/samples/00683.png 79
ucf/Shotput/samples/00684.png 79
ucf/Shotput/samples/00685.png 79
ucf/Shotput/samples/00686.png 79
ucf/Shotput/samples/00687.png 79
ucf/Shotput/samples/00688.png 79
ucf/Shotput/samples/00689.png 79
ucf/Shotput/samples/00690.png 79
ucf/Shotput/samples/00691.png 79
ucf/Shotput/samples/00692.png 79
ucf/Shotput/samples/00693.png 79
ucf/Shotput/samples/00694.png 79
ucf/Shotput/samples/00695.png 79
ucf/Shotput/samples/00696.png 79
ucf/Shotput/samples/00697.png 79
ucf/Shotput/samples/00698.png 79
ucf/Shotput/samples/00699.png 79
ucf/Shotput/samples/00700.png 79
ucf/Shotput/samples/00701.png 79
ucf/Shotput/samples/00702.png 79
ucf/Shotput/samples/00703.png 79
ucf/Shotput/samples/00704.png 79
ucf/Shotput/samples/00705.png 79
ucf/Shotput/samples/00706.png 79
ucf/Shotput/samples/00707.png 79
ucf/Shotput/samples/00708.png 79
ucf/Shotput/samples/00709.png 79
ucf/Shotput/samples/00710.png 79
ucf/Shotput/samples/00711.png 79
ucf/Shotput/samples/00712.png 79
ucf/Shotput/samples/00713.png 79
ucf/Shotput/samples/00714.png 79
ucf/Shotput/samples/00715.png 79
ucf/Shotput/samples/00716.png 79
ucf/Shotput/samples/00717.png 79
ucf/Shotput/samples/00718.png 79
ucf/Shotput/samples/00719.png 79
ucf/Shotput/samples/00720.png 79
ucf/Shotput/samples/00721.png 79
ucf/Shotput/samples/00722.png 79
ucf/Shotput/samples/00723.png 79
ucf/Shotput/samples/00724.png 79
ucf/Shotput/samples/00725.png 79
ucf/Shotput/samples/00726.png 79
ucf/Shotput/samples/00727.png 79
ucf/Shotput/samples/00728.png 79
ucf/Shotput/samples/00729.png 79
ucf/Shotput/samples/00730.png 79
ucf/Shotput/samples/00731.png 79
ucf/Shotput/samples/00732.png 79
ucf/Shotput/samples/00733.png 79
ucf/Shotput/samples/00734.png 79
ucf/Shotput/samples/00735.png 79
ucf/Shotput/samples/00736.png 79
ucf/Shotput/samples/00737.png 79
ucf/Shotput/samples/00738.png 79
ucf/Shotput/samples/00739.png 79
ucf/Shotput/samples/00740.png 79
ucf/Shotput/samples/00741.png 79
ucf/Shotput/samples/00742.png 79
ucf/Shotput/samples/00743.png 79
ucf/Shotput/samples/00744.png 79
ucf/Shotput/samples/00745.png 79
ucf/Shotput/samples/00746.png 79
ucf/Shotput/samples/00747.png 79
ucf/Shotput/samples/00748.png 79
ucf/Shotput/samples/00749.png 79
ucf/Shotput/samples/00750.png 79
ucf/Shotput/samples/00751.png 79
ucf/Shotput/samples/00752.png 79
ucf/Shotput/samples/00753.png 79
ucf/Shotput/samples/00754.png 79
ucf/Shotput/samples/00755.png 79
ucf/Shotput/samples/00756.png 79
ucf/Shotput/samples/00757.png 79
ucf/Shotput/samples/00758.png 79
ucf/Shotput/samples/00759.png 79
ucf/Shotput/samples/00760.png 79
ucf/Shotput/samples/00761.png 79
ucf/Shotput/samples/00762.png 79
ucf/Shotput/samples/00763.png 79
ucf/Shotput/samples/00764.png 79
ucf/Shotput/samples/00765.png 79
ucf/Shotput/samples/00766.png 79
ucf/Shotput/samples/00767.png 79
ucf/Shotput/samples/00768.png 79
ucf/Shotput/samples/00769.png 79
ucf/Shotput/samples/00770.png 79
ucf/Shotput/samples/00771.png 79
ucf/Shotput/samples/00772.png 79
ucf/Shotput/samples/00773.png 79
ucf/Shotput/samples/00774.png 79
ucf/Shotput/samples/00775.png 79
ucf/Shotput/samples/00776.png 79
ucf/Shotput/samples/00777.png 79
ucf/Shotput/samples/00778.png 79
ucf/Shotput/samples/00779.png 79
ucf/Shotput/samples/00780.png 79
ucf/Shotput/samples/00781.png 79
ucf/Shotput/samples/00782.png 79
ucf/Shotput/samples/00783.png 79
ucf/Shotput/samples/00784.png 79
ucf/Shotput/samples/00785.png 79
ucf/Shotput/samples/00786.png 79
ucf/Shotput/samples/00787.png 79
ucf/Shotput/samples/00788.png 79
ucf/Shotput/samples/00789.png 79
ucf/Shotput/samples/00790.png 79
ucf/Shotput/samples/00791.png 79
ucf/Shotput/samples/00792.png 79
ucf/Shotput/samples/00793.png 79
ucf/Shotput/samples/00794.png 79
ucf/Shotput/samples/00795.png 79
ucf/Shotput/samples/00796.png 79
ucf/Shotput/samples/00797.png 79
ucf/Shotput/samples/00798.png 79
ucf/Shotput/samples/00799.png 79
ucf/Shotput/samples/00800.png 79
ucf/Shotput/samples/00801.png 79
ucf/Shotput/samples/00802.png 79
ucf/Shotput/samples/00803.png 79
ucf/Shotput/samples/00804.png 79
ucf/Shotput/samples/00805.png 79
ucf/Shotput/samples/00806.png 79
ucf/Shotput/samples/00807.png 79
ucf/Shotput/samples/00808.png 79
ucf/Shotput/samples/00809.png 79
ucf/Shotput/samples/00810.png 79
ucf/Shotput/samples/00811.png 79
ucf/Shotput/samples/00812.png 79
ucf/Shotput/samples/00813.png 79
ucf/Shotput/samples/00814.png 79
ucf/Shotput/samples/00815.png 79
ucf/Shotput/samples/00816.png 79
ucf/Shotput/samples/00817.png 79
ucf/Shotput/samples/00818.png 79
ucf/Shotput/samples/00819.png 79
ucf/Shotput/samples/00820.png 79
ucf/Shotput/samples/00821.png 79
ucf/Shotput/samples/00822.png 79
ucf/Shotput/samples/00823.png 79
ucf/Shotput/samples/00824.png 79
ucf/Shotput/samples/00825.png 79
ucf/Shotput/samples/00826.png 79
ucf/Shotput/samples/00827.png 79
ucf/Shotput/samples/00828.png 79
ucf/Shotput/samples/00829.png 79
ucf/Shotput/samples/00830.png 79
ucf/Shotput/samples/00831.png 79
ucf/Shotput/samples/00832.png 79
ucf/Shotput/samples/00833.png 79
ucf/Shotput/samples/00834.png 79
ucf/Shotput/samples/00835.png 79
ucf/Shotput/samples/00836.png 79
ucf/Shotput/samples/00837.png 79
ucf/Shotput/samples/00838.png 79
ucf/Shotput/samples/00839.png 79
ucf/Shotput/samples/00840.png 79
ucf/Shotput/samples/00841.png 79
ucf/Shotput/samples/00842.png 79
ucf/Shotput/samples/00843.png 79
ucf/Shotput/samples/00844.png 79
ucf/Shotput/samples/00845.png 79
ucf/Shotput/samples/00846.png 79
ucf/Shotput/samples/00847.png 79
ucf/Shotput/samples/00848.png 79
ucf/Shotput/samples/00849.png 79
ucf/Shotput/samples/00850.png 79
ucf/Shotput/samples/00851.png 79
ucf/Shotput/samples/00852.png 79
ucf/Shotput/samples/00853.png 79
ucf/Shotput/samples/00854.png 79
ucf/Shotput/samples/00855.png 79
ucf/Shotput/samples/00856.png 79
ucf/Shotput/samples/00857.png 79
ucf/Shotput/samples/00858.png 79
ucf/Shotput/samples/00859.png 79
ucf/Shotput/samples/00860.png 79
ucf/Shotput/samples/00861.png 79
ucf/Shotput/samples/00862.png 79
ucf/Shotput/samples/00863.png 79
ucf/Shotput/samples/00864.png 79
ucf/Shotput/samples/00865.png 79
ucf/Shotput/samples/00866.png 79
ucf/Shotput/samples/00867.png 79
ucf/Shotput/samples/00868.png 79
ucf/Shotput/samples/00869.png 79
ucf/Shotput/samples/00870.png 79
ucf/Shotput/samples/00871.png 79
ucf/Shotput/samples/00872.png 79
ucf/Shotput/samples/00873.png 79
ucf/Shotput/samples/00874.png 79
ucf/Shotput/samples/00875.png 79
ucf/Shotput/samples/00876.png 79
ucf/Shotput/samples/00877.png 79
ucf/Shotput/samples/00878.png 79
ucf/Shotput/samples/00879.png 79
ucf/Shotput/samples/00880.png 79
ucf/Shotput/samples/00881.png 79
ucf/Shotput/samples/00882.png 79
ucf/Shotput/samples/00883.png 79
ucf/Shotput/samples/00884.png 79
ucf/Shotput/samples/00885.png 79
ucf/Shotput/samples/00886.png 79
ucf/Shotput/samples/00887.png 79
ucf/Shotput/samples/00888.png 79
ucf/Shotput/samples/00889.png 79
ucf/Shotput/samples/00890.png 79
ucf/Shotput/samples/00891.png 79
ucf/Shotput/samples/00892.png 79
ucf/Shotput/samples/00893.png 79
ucf/Shotput/samples/00894.png 79
ucf/Shotput/samples/00895.png 79
ucf/Shotput/samples/00896.png 79
ucf/Shotput/samples/00897.png 79
ucf/Shotput/samples/00898.png 79
ucf/Shotput/samples/00899.png 79
ucf/Shotput/samples/00900.png 79
ucf/Shotput/samples/00901.png 79
ucf/Shotput/samples/00902.png 79
ucf/Shotput/samples/00903.png 79
ucf/Shotput/samples/00904.png 79
ucf/Shotput/samples/00905.png 79
ucf/Shotput/samples/00906.png 79
ucf/Shotput/samples/00907.png 79
ucf/Shotput/samples/00908.png 79
ucf/Shotput/samples/00909.png 79
ucf/Shotput/samples/00910.png 79
ucf/Shotput/samples/00911.png 79
ucf/Shotput/samples/00912.png 79
ucf/Shotput/samples/00913.png 79
ucf/Shotput/samples/00914.png 79
ucf/Shotput/samples/00915.png 79
ucf/Shotput/samples/00916.png 79
ucf/Shotput/samples/00917.png 79
ucf/Shotput/samples/00918.png 79
ucf/Shotput/samples/00919.png 79
ucf/Shotput/samples/00920.png 79
ucf/Shotput/samples/00921.png 79
ucf/Shotput/samples/00922.png 79
ucf/Shotput/samples/00923.png 79
ucf/Shotput/samples/00924.png 79
ucf/Shotput/samples/00925.png 79
ucf/Shotput/samples/00926.png 79
ucf/Shotput/samples/00927.png 79
ucf/Shotput/samples/00928.png 79
ucf/Shotput/samples/00929.png 79
ucf/Shotput/samples/00930.png 79
ucf/Shotput/samples/00931.png 79
ucf/Shotput/samples/00932.png 79
ucf/Shotput/samples/00933.png 79
ucf/Shotput/samples/00934.png 79
ucf/Shotput/samples/00935.png 79
ucf/Shotput/samples/00936.png 79
ucf/Shotput/samples/00937.png 79
ucf/Shotput/samples/00938.png 79
ucf/Shotput/samples/00939.png 79
ucf/Shotput/samples/00940.png 79
ucf/Shotput/samples/00941.png 79
ucf/Shotput/samples/00942.png 79
ucf/Shotput/samples/00943.png 79
ucf/Shotput/samples/00944.png 79
ucf/Shotput/samples/00945.png 79
ucf/Shotput/samples/00946.png 79
ucf/Shotput/samples/00947.png 79
ucf/Shotput/samples/00948.png 79
ucf/Shotput/samples/00949.png 79
ucf/Shotput/samples/00950.png 79
ucf/Shotput/samples/00951.png 79
ucf/Shotput/samples/00952.png 79
ucf/Shotput/samples/00953.png 79
ucf/Shotput/samples/00954.png 79
ucf/Shotput/samples/00955.png 79
ucf/Shotput/samples/00956.png 79
ucf/Shotput/samples/00957.png 79
ucf/Shotput/samples/00958.png 79
ucf/Shotput/samples/00959.png 79
ucf/Shotput/samples/00960.png 79
ucf/Shotput/samples/00961.png 79
ucf/Shotput/samples/00962.png 79
ucf/Shotput/samples/00963.png 79
ucf/Shotput/samples/00964.png 79
ucf/Shotput/samples/00965.png 79
ucf/Shotput/samples/00966.png 79
ucf/Shotput/samples/00967.png 79
ucf/Shotput/samples/00968.png 79
ucf/Shotput/samples/00969.png 79
ucf/Shotput/samples/00970.png 79
ucf/Shotput/samples/00971.png 79
ucf/Shotput/samples/00972.png 79
ucf/Shotput/samples/00973.png 79
ucf/Shotput/samples/00974.png 79
ucf/Shotput/samples/00975.png 79
ucf/Shotput/samples/00976.png 79
ucf/Shotput/samples/00977.png 79
ucf/Shotput/samples/00978.png 79
ucf/Shotput/samples/00979.png 79
ucf/Shotput/samples/00980.png 79
ucf/Shotput/samples/00981.png 79
ucf/Shotput/samples/00982.png 79
ucf/Shotput/samples/00983.png 79
ucf/Shotput/samples/00984.png 79
ucf/Shotput/samples/00985.png 79
ucf/Shotput/samples/00986.png 79
ucf/Shotput/samples/00987.png 79
ucf/Shotput/samples/00988.png 79
ucf/Shotput/samples/00989.png 79
ucf/Shotput/samples/00990.png 79
ucf/Shotput/samples/00991.png 79
ucf/Shotput/samples/00992.png 79
ucf/Shotput/samples/00993.png 79
ucf/Shotput/samples/00994.png 79
ucf/Shotput/samples/00995.png 79
ucf/Shotput/samples/00996.png 79
ucf/Shotput/samples/00997.png 79
ucf/Shotput/samples/00998.png 79
ucf/Shotput/samples/00999.png 79
ucf/LongJump/samples/00000.png 51
ucf/LongJump/samples/00001.png 51
ucf/LongJump/samples/00002.png 51
ucf/LongJump/samples/00003.png 51
ucf/LongJump/samples/00004.png 51
ucf/LongJump/samples/00005.png 51
ucf/LongJump/samples/00006.png 51
ucf/LongJump/samples/00007.png 51
ucf/LongJump/samples/00008.png 51
ucf/LongJump/samples/00009.png 51
ucf/LongJump/samples/00010.png 51
ucf/LongJump/samples/00011.png 51
ucf/LongJump/samples/00012.png 51
ucf/LongJump/samples/00013.png 51
ucf/LongJump/samples/00014.png 51
ucf/LongJump/samples/00015.png 51
ucf/LongJump/samples/00016.png 51
ucf/LongJump/samples/00017.png 51
ucf/LongJump/samples/00018.png 51
ucf/LongJump/samples/00019.png 51
ucf/LongJump/samples/00020.png 51
ucf/LongJump/samples/00021.png 51
ucf/LongJump/samples/00022.png 51
ucf/LongJump/samples/00023.png 51
ucf/LongJump/samples/00024.png 51
ucf/LongJump/samples/00025.png 51
ucf/LongJump/samples/00026.png 51
ucf/LongJump/samples/00027.png 51
ucf/LongJump/samples/00028.png 51
ucf/LongJump/samples/00029.png 51
ucf/LongJump/samples/00030.png 51
ucf/LongJump/samples/00031.png 51
ucf/LongJump/samples/00032.png 51
ucf/LongJump/samples/00033.png 51
ucf/LongJump/samples/00034.png 51
ucf/LongJump/samples/00035.png 51
ucf/LongJump/samples/00036.png 51
ucf/LongJump/samples/00037.png 51
ucf/LongJump/samples/00038.png 51
ucf/LongJump/samples/00039.png 51
ucf/LongJump/samples/00040.png 51
ucf/LongJump/samples/00041.png 51
ucf/LongJump/samples/00042.png 51
ucf/LongJump/samples/00043.png 51
ucf/LongJump/samples/00044.png 51
ucf/LongJump/samples/00045.png 51
ucf/LongJump/samples/00046.png 51
ucf/LongJump/samples/00047.png 51
ucf/LongJump/samples/00048.png 51
ucf/LongJump/samples/00049.png 51
ucf/LongJump/samples/00050.png 51
ucf/LongJump/samples/00051.png 51
ucf/LongJump/samples/00052.png 51
ucf/LongJump/samples/00053.png 51
ucf/LongJump/samples/00054.png 51
ucf/LongJump/samples/00055.png 51
ucf/LongJump/samples/00056.png 51
ucf/LongJump/samples/00057.png 51
ucf/LongJump/samples/00058.png 51
ucf/LongJump/samples/00059.png 51
ucf/LongJump/samples/00060.png 51
ucf/LongJump/samples/00061.png 51
ucf/LongJump/samples/00062.png 51
ucf/LongJump/samples/00063.png 51
ucf/LongJump/samples/00064.png 51
ucf/LongJump/samples/00065.png 51
ucf/LongJump/samples/00066.png 51
ucf/LongJump/samples/00067.png 51
ucf/LongJump/samples/00068.png 51
ucf/LongJump/samples/00069.png 51
ucf/LongJump/samples/00070.png 51
ucf/LongJump/samples/00071.png 51
ucf/LongJump/samples/00072.png 51
ucf/LongJump/samples/00073.png 51
ucf/LongJump/samples/00074.png 51
ucf/LongJump/samples/00075.png 51
ucf/LongJump/samples/00076.png 51
ucf/LongJump/samples/00077.png 51
ucf/LongJump/samples/00078.png 51
ucf/LongJump/samples/00079.png 51
ucf/LongJump/samples/00080.png 51
ucf/LongJump/samples/00081.png 51
ucf/LongJump/samples/00082.png 51
ucf/LongJump/samples/00083.png 51
ucf/LongJump/samples/00084.png 51
ucf/LongJump/samples/00085.png 51
ucf/LongJump/samples/00086.png 51
ucf/LongJump/samples/00087.png 51
ucf/LongJump/samples/00088.png 51
ucf/LongJump/samples/00089.png 51
ucf/LongJump/samples/00090.png 51
ucf/LongJump/samples/00091.png 51
ucf/LongJump/samples/00092.png 51
ucf/LongJump/samples/00093.png 51
ucf/LongJump/samples/00094.png 51
ucf/LongJump/samples/00095.png 51
ucf/LongJump/samples/00096.png 51
ucf/LongJump/samples/00097.png 51
ucf/LongJump/samples/00098.png 51
ucf/LongJump/samples/00099.png 51
ucf/LongJump/samples/00100.png 51
ucf/LongJump/samples/00101.png 51
ucf/LongJump/samples/00102.png 51
ucf/LongJump/samples/00103.png 51
ucf/LongJump/samples/00104.png 51
ucf/LongJump/samples/00105.png 51
ucf/LongJump/samples/00106.png 51
ucf/LongJump/samples/00107.png 51
ucf/LongJump/samples/00108.png 51
ucf/LongJump/samples/00109.png 51
ucf/LongJump/samples/00110.png 51
ucf/LongJump/samples/00111.png 51
ucf/LongJump/samples/00112.png 51
ucf/LongJump/samples/00113.png 51
ucf/LongJump/samples/00114.png 51
ucf/LongJump/samples/00115.png 51
ucf/LongJump/samples/00116.png 51
ucf/LongJump/samples/00117.png 51
ucf/LongJump/samples/00118.png 51
ucf/LongJump/samples/00119.png 51
ucf/LongJump/samples/00120.png 51
ucf/LongJump/samples/00121.png 51
ucf/LongJump/samples/00122.png 51
ucf/LongJump/samples/00123.png 51
ucf/LongJump/samples/00124.png 51
ucf/LongJump/samples/00125.png 51
ucf/LongJump/samples/00126.png 51
ucf/LongJump/samples/00127.png 51
ucf/LongJump/samples/00128.png 51
ucf/LongJump/samples/00129.png 51
ucf/LongJump/samples/00130.png 51
ucf/LongJump/samples/00131.png 51
ucf/LongJump/samples/00132.png 51
ucf/LongJump/samples/00133.png 51
ucf/LongJump/samples/00134.png 51
ucf/LongJump/samples/00135.png 51
ucf/LongJump/samples/00136.png 51
ucf/LongJump/samples/00137.png 51
ucf/LongJump/samples/00138.png 51
ucf/LongJump/samples/00139.png 51
ucf/LongJump/samples/00140.png 51
ucf/LongJump/samples/00141.png 51
ucf/LongJump/samples/00142.png 51
ucf/LongJump/samples/00143.png 51
ucf/LongJump/samples/00144.png 51
ucf/LongJump/samples/00145.png 51
ucf/LongJump/samples/00146.png 51
ucf/LongJump/samples/00147.png 51
ucf/LongJump/samples/00148.png 51
ucf/LongJump/samples/00149.png 51
ucf/LongJump/samples/00150.png 51
ucf/LongJump/samples/00151.png 51
ucf/LongJump/samples/00152.png 51
ucf/LongJump/samples/00153.png 51
ucf/LongJump/samples/00154.png 51
ucf/LongJump/samples/00155.png 51
ucf/LongJump/samples/00156.png 51
ucf/LongJump/samples/00157.png 51
ucf/LongJump/samples/00158.png 51
ucf/LongJump/samples/00159.png 51
ucf/LongJump/samples/00160.png 51
ucf/LongJump/samples/00161.png 51
ucf/LongJump/samples/00162.png 51
ucf/LongJump/samples/00163.png 51
ucf/LongJump/samples/00164.png 51
ucf/LongJump/samples/00165.png 51
ucf/LongJump/samples/00166.png 51
ucf/LongJump/samples/00167.png 51
ucf/LongJump/samples/00168.png 51
ucf/LongJump/samples/00169.png 51
ucf/LongJump/samples/00170.png 51
ucf/LongJump/samples/00171.png 51
ucf/LongJump/samples/00172.png 51
ucf/LongJump/samples/00173.png 51
ucf/LongJump/samples/00174.png 51
ucf/LongJump/samples/00175.png 51
ucf/LongJump/samples/00176.png 51
ucf/LongJump/samples/00177.png 51
ucf/LongJump/samples/00178.png 51
ucf/LongJump/samples/00179.png 51
ucf/LongJump/samples/00180.png 51
ucf/LongJump/samples/00181.png 51
ucf/LongJump/samples/00182.png 51
ucf/LongJump/samples/00183.png 51
ucf/LongJump/samples/00184.png 51
ucf/LongJump/samples/00185.png 51
ucf/LongJump/samples/00186.png 51
ucf/LongJump/samples/00187.png 51
ucf/LongJump/samples/00188.png 51
ucf/LongJump/samples/00189.png 51
ucf/LongJump/samples/00190.png 51
ucf/LongJump/samples/00191.png 51
ucf/LongJump/samples/00192.png 51
ucf/LongJump/samples/00193.png 51
ucf/LongJump/samples/00194.png 51
ucf/LongJump/samples/00195.png 51
ucf/LongJump/samples/00196.png 51
ucf/LongJump/samples/00197.png 51
ucf/LongJump/samples/00198.png 51
ucf/LongJump/samples/00199.png 51
ucf/LongJump/samples/00200.png 51
ucf/LongJump/samples/00201.png 51
ucf/LongJump/samples/00202.png 51
ucf/LongJump/samples/00203.png 51
ucf/LongJump/samples/00204.png 51
ucf/LongJump/samples/00205.png 51
ucf/LongJump/samples/00206.png 51
ucf/LongJump/samples/00207.png 51
ucf/LongJump/samples/00208.png 51
ucf/LongJump/samples/00209.png 51
ucf/LongJump/samples/00210.png 51
ucf/LongJump/samples/00211.png 51
ucf/LongJump/samples/00212.png 51
ucf/LongJump/samples/00213.png 51
ucf/LongJump/samples/00214.png 51
ucf/LongJump/samples/00215.png 51
ucf/LongJump/samples/00216.png 51
ucf/LongJump/samples/00217.png 51
ucf/LongJump/samples/00218.png 51
ucf/LongJump/samples/00219.png 51
ucf/LongJump/samples/00220.png 51
ucf/LongJump/samples/00221.png 51
ucf/LongJump/samples/00222.png 51
ucf/LongJump/samples/00223.png 51
ucf/LongJump/samples/00224.png 51
ucf/LongJump/samples/00225.png 51
ucf/LongJump/samples/00226.png 51
ucf/LongJump/samples/00227.png 51
ucf/LongJump/samples/00228.png 51
ucf/LongJump/samples/00229.png 51
ucf/LongJump/samples/00230.png 51
ucf/LongJump/samples/00231.png 51
ucf/LongJump/samples/00232.png 51
ucf/LongJump/samples/00233.png 51
ucf/LongJump/samples/00234.png 51
ucf/LongJump/samples/00235.png 51
ucf/LongJump/samples/00236.png 51
ucf/LongJump/samples/00237.png 51
ucf/LongJump/samples/00238.png 51
ucf/LongJump/samples/00239.png 51
ucf/LongJump/samples/00240.png 51
ucf/LongJump/samples/00241.png 51
ucf/LongJump/samples/00242.png 51
ucf/LongJump/samples/00243.png 51
ucf/LongJump/samples/00244.png 51
ucf/LongJump/samples/00245.png 51
ucf/LongJump/samples/00246.png 51
ucf/LongJump/samples/00247.png 51
ucf/LongJump/samples/00248.png 51
ucf/LongJump/samples/00249.png 51
ucf/LongJump/samples/00250.png 51
ucf/LongJump/samples/00251.png 51
ucf/LongJump/samples/00252.png 51
ucf/LongJump/samples/00253.png 51
ucf/LongJump/samples/00254.png 51
ucf/LongJump/samples/00255.png 51
ucf/LongJump/samples/00256.png 51
ucf/LongJump/samples/00257.png 51
ucf/LongJump/samples/00258.png 51
ucf/LongJump/samples/00259.png 51
ucf/LongJump/samples/00260.png 51
ucf/LongJump/samples/00261.png 51
ucf/LongJump/samples/00262.png 51
ucf/LongJump/samples/00263.png 51
ucf/LongJump/samples/00264.png 51
ucf/LongJump/samples/00265.png 51
ucf/LongJump/samples/00266.png 51
ucf/LongJump/samples/00267.png 51
ucf/LongJump/samples/00268.png 51
ucf/LongJump/samples/00269.png 51
ucf/LongJump/samples/00270.png 51
ucf/LongJump/samples/00271.png 51
ucf/LongJump/samples/00272.png 51
ucf/LongJump/samples/00273.png 51
ucf/LongJump/samples/00274.png 51
ucf/LongJump/samples/00275.png 51
ucf/LongJump/samples/00276.png 51
ucf/LongJump/samples/00277.png 51
ucf/LongJump/samples/00278.png 51
ucf/LongJump/samples/00279.png 51
ucf/LongJump/samples/00280.png 51
ucf/LongJump/samples/00281.png 51
ucf/LongJump/samples/00282.png 51
ucf/LongJump/samples/00283.png 51
ucf/LongJump/samples/00284.png 51
ucf/LongJump/samples/00285.png 51
ucf/LongJump/samples/00286.png 51
ucf/LongJump/samples/00287.png 51
ucf/LongJump/samples/00288.png 51
ucf/LongJump/samples/00289.png 51
ucf/LongJump/samples/00290.png 51
ucf/LongJump/samples/00291.png 51
ucf/LongJump/samples/00292.png 51
ucf/LongJump/samples/00293.png 51
ucf/LongJump/samples/00294.png 51
ucf/LongJump/samples/00295.png 51
ucf/LongJump/samples/00296.png 51
ucf/LongJump/samples/00297.png 51
ucf/LongJump/samples/00298.png 51
ucf/LongJump/samples/00299.png 51
ucf/LongJump/samples/00300.png 51
ucf/LongJump/samples/00301.png 51
ucf/LongJump/samples/00302.png 51
ucf/LongJump/samples/00303.png 51
ucf/LongJump/samples/00304.png 51
ucf/LongJump/samples/00305.png 51
ucf/LongJump/samples/00306.png 51
ucf/LongJump/samples/00307.png 51
ucf/LongJump/samples/00308.png 51
ucf/LongJump/samples/00309.png 51
ucf/LongJump/samples/00310.png 51
ucf/LongJump/samples/00311.png 51
ucf/LongJump/samples/00312.png 51
ucf/LongJump/samples/00313.png 51
ucf/LongJump/samples/00314.png 51
ucf/LongJump/samples/00315.png 51
ucf/LongJump/samples/00316.png 51
ucf/LongJump/samples/00317.png 51
ucf/LongJump/samples/00318.png 51
ucf/LongJump/samples/00319.png 51
ucf/LongJump/samples/00320.png 51
ucf/LongJump/samples/00321.png 51
ucf/LongJump/samples/00322.png 51
ucf/LongJump/samples/00323.png 51
ucf/LongJump/samples/00324.png 51
ucf/LongJump/samples/00325.png 51
ucf/LongJump/samples/00326.png 51
ucf/LongJump/samples/00327.png 51
ucf/LongJump/samples/00328.png 51
ucf/LongJump/samples/00329.png 51
ucf/LongJump/samples/00330.png 51
ucf/LongJump/samples/00331.png 51
ucf/LongJump/samples/00332.png 51
ucf/LongJump/samples/00333.png 51
ucf/LongJump/samples/00334.png 51
ucf/LongJump/samples/00335.png 51
ucf/LongJump/samples/00336.png 51
ucf/LongJump/samples/00337.png 51
ucf/LongJump/samples/00338.png 51
ucf/LongJump/samples/00339.png 51
ucf/LongJump/samples/00340.png 51
ucf/LongJump/samples/00341.png 51
ucf/LongJump/samples/00342.png 51
ucf/LongJump/samples/00343.png 51
ucf/LongJump/samples/00344.png 51
ucf/LongJump/samples/00345.png 51
ucf/LongJump/samples/00346.png 51
ucf/LongJump/samples/00347.png 51
ucf/LongJump/samples/00348.png 51
ucf/LongJump/samples/00349.png 51
ucf/LongJump/samples/00350.png 51
ucf/LongJump/samples/00351.png 51
ucf/LongJump/samples/00352.png 51
ucf/LongJump/samples/00353.png 51
ucf/LongJump/samples/00354.png 51
ucf/LongJump/samples/00355.png 51
ucf/LongJump/samples/00356.png 51
ucf/LongJump/samples/00357.png 51
ucf/LongJump/samples/00358.png 51
ucf/LongJump/samples/00359.png 51
ucf/LongJump/samples/00360.png 51
ucf/LongJump/samples/00361.png 51
ucf/LongJump/samples/00362.png 51
ucf/LongJump/samples/00363.png 51
ucf/LongJump/samples/00364.png 51
ucf/LongJump/samples/00365.png 51
ucf/LongJump/samples/00366.png 51
ucf/LongJump/samples/00367.png 51
ucf/LongJump/samples/00368.png 51
ucf/LongJump/samples/00369.png 51
ucf/LongJump/samples/00370.png 51
ucf/LongJump/samples/00371.png 51
ucf/LongJump/samples/00372.png 51
ucf/LongJump/samples/00373.png 51
ucf/LongJump/samples/00374.png 51
ucf/LongJump/samples/00375.png 51
ucf/LongJump/samples/00376.png 51
ucf/LongJump/samples/00377.png 51
ucf/LongJump/samples/00378.png 51
ucf/LongJump/samples/00379.png 51
ucf/LongJump/samples/00380.png 51
ucf/LongJump/samples/00381.png 51
ucf/LongJump/samples/00382.png 51
ucf/LongJump/samples/00383.png 51
ucf/LongJump/samples/00384.png 51
ucf/LongJump/samples/00385.png 51
ucf/LongJump/samples/00386.png 51
ucf/LongJump/samples/00387.png 51
ucf/LongJump/samples/00388.png 51
ucf/LongJump/samples/00389.png 51
ucf/LongJump/samples/00390.png 51
ucf/LongJump/samples/00391.png 51
ucf/LongJump/samples/00392.png 51
ucf/LongJump/samples/00393.png 51
ucf/LongJump/samples/00394.png 51
ucf/LongJump/samples/00395.png 51
ucf/LongJump/samples/00396.png 51
ucf/LongJump/samples/00397.png 51
ucf/LongJump/samples/00398.png 51
ucf/LongJump/samples/00399.png 51
ucf/LongJump/samples/00400.png 51
ucf/LongJump/samples/00401.png 51
ucf/LongJump/samples/00402.png 51
ucf/LongJump/samples/00403.png 51
ucf/LongJump/samples/00404.png 51
ucf/LongJump/samples/00405.png 51
ucf/LongJump/samples/00406.png 51
ucf/LongJump/samples/00407.png 51
ucf/LongJump/samples/00408.png 51
ucf/LongJump/samples/00409.png 51
ucf/LongJump/samples/00410.png 51
ucf/LongJump/samples/00411.png 51
ucf/LongJump/samples/00412.png 51
ucf/LongJump/samples/00413.png 51
ucf/LongJump/samples/00414.png 51
ucf/LongJump/samples/00415.png 51
ucf/LongJump/samples/00416.png 51
ucf/LongJump/samples/00417.png 51
ucf/LongJump/samples/00418.png 51
ucf/LongJump/samples/00419.png 51
ucf/LongJump/samples/00420.png 51
ucf/LongJump/samples/00421.png 51
ucf/LongJump/samples/00422.png 51
ucf/LongJump/samples/00423.png 51
ucf/LongJump/samples/00424.png 51
ucf/LongJump/samples/00425.png 51
ucf/LongJump/samples/00426.png 51
ucf/LongJump/samples/00427.png 51
ucf/LongJump/samples/00428.png 51
ucf/LongJump/samples/00429.png 51
ucf/LongJump/samples/00430.png 51
ucf/LongJump/samples/00431.png 51
ucf/LongJump/samples/00432.png 51
ucf/LongJump/samples/00433.png 51
ucf/LongJump/samples/00434.png 51
ucf/LongJump/samples/00435.png 51
ucf/LongJump/samples/00436.png 51
ucf/LongJump/samples/00437.png 51
ucf/LongJump/samples/00438.png 51
ucf/LongJump/samples/00439.png 51
ucf/LongJump/samples/00440.png 51
ucf/LongJump/samples/00441.png 51
ucf/LongJump/samples/00442.png 51
ucf/LongJump/samples/00443.png 51
ucf/LongJump/samples/00444.png 51
ucf/LongJump/samples/00445.png 51
ucf/LongJump/samples/00446.png 51
ucf/LongJump/samples/00447.png 51
ucf/LongJump/samples/00448.png 51
ucf/LongJump/samples/00449.png 51
ucf/LongJump/samples/00450.png 51
ucf/LongJump/samples/00451.png 51
ucf/LongJump/samples/00452.png 51
ucf/LongJump/samples/00453.png 51
ucf/LongJump/samples/00454.png 51
ucf/LongJump/samples/00455.png 51
ucf/LongJump/samples/00456.png 51
ucf/LongJump/samples/00457.png 51
ucf/LongJump/samples/00458.png 51
ucf/LongJump/samples/00459.png 51
ucf/LongJump/samples/00460.png 51
ucf/LongJump/samples/00461.png 51
ucf/LongJump/samples/00462.png 51
ucf/LongJump/samples/00463.png 51
ucf/LongJump/samples/00464.png 51
ucf/LongJump/samples/00465.png 51
ucf/LongJump/samples/00466.png 51
ucf/LongJump/samples/00467.png 51
ucf/LongJump/samples/00468.png 51
ucf/LongJump/samples/00469.png 51
ucf/LongJump/samples/00470.png 51
ucf/LongJump/samples/00471.png 51
ucf/LongJump/samples/00472.png 51
ucf/LongJump/samples/00473.png 51
ucf/LongJump/samples/00474.png 51
ucf/LongJump/samples/00475.png 51
ucf/LongJump/samples/00476.png 51
ucf/LongJump/samples/00477.png 51
ucf/LongJump/samples/00478.png 51
ucf/LongJump/samples/00479.png 51
ucf/LongJump/samples/00480.png 51
ucf/LongJump/samples/00481.png 51
ucf/LongJump/samples/00482.png 51
ucf/LongJump/samples/00483.png 51
ucf/LongJump/samples/00484.png 51
ucf/LongJump/samples/00485.png 51
ucf/LongJump/samples/00486.png 51
ucf/LongJump/samples/00487.png 51
ucf/LongJump/samples/00488.png 51
ucf/LongJump/samples/00489.png 51
ucf/LongJump/samples/00490.png 51
ucf/LongJump/samples/00491.png 51
ucf/LongJump/samples/00492.png 51
ucf/LongJump/samples/00493.png 51
ucf/LongJump/samples/00494.png 51
ucf/LongJump/samples/00495.png 51
ucf/LongJump/samples/00496.png 51
ucf/LongJump/samples/00497.png 51
ucf/LongJump/samples/00498.png 51
ucf/LongJump/samples/00499.png 51
ucf/LongJump/samples/00500.png 51
ucf/LongJump/samples/00501.png 51
ucf/LongJump/samples/00502.png 51
ucf/LongJump/samples/00503.png 51
ucf/LongJump/samples/00504.png 51
ucf/LongJump/samples/00505.png 51
ucf/LongJump/samples/00506.png 51
ucf/LongJump/samples/00507.png 51
ucf/LongJump/samples/00508.png 51
ucf/LongJump/samples/00509.png 51
ucf/LongJump/samples/00510.png 51
ucf/LongJump/samples/00511.png 51
ucf/LongJump/samples/00512.png 51
ucf/LongJump/samples/00513.png 51
ucf/LongJump/samples/00514.png 51
ucf/LongJump/samples/00515.png 51
ucf/LongJump/samples/00516.png 51
ucf/LongJump/samples/00517.png 51
ucf/LongJump/samples/00518.png 51
ucf/LongJump/samples/00519.png 51
ucf/LongJump/samples/00520.png 51
ucf/LongJump/samples/00521.png 51
ucf/LongJump/samples/00522.png 51
ucf/LongJump/samples/00523.png 51
ucf/LongJump/samples/00524.png 51
ucf/LongJump/samples/00525.png 51
ucf/LongJump/samples/00526.png 51
ucf/LongJump/samples/00527.png 51
ucf/LongJump/samples/00528.png 51
ucf/LongJump/samples/00529.png 51
ucf/LongJump/samples/00530.png 51
ucf/LongJump/samples/00531.png 51
ucf/LongJump/samples/00532.png 51
ucf/LongJump/samples/00533.png 51
ucf/LongJump/samples/00534.png 51
ucf/LongJump/samples/00535.png 51
ucf/LongJump/samples/00536.png 51
ucf/LongJump/samples/00537.png 51
ucf/LongJump/samples/00538.png 51
ucf/LongJump/samples/00539.png 51
ucf/LongJump/samples/00540.png 51
ucf/LongJump/samples/00541.png 51
ucf/LongJump/samples/00542.png 51
ucf/LongJump/samples/00543.png 51
ucf/LongJump/samples/00544.png 51
ucf/LongJump/samples/00545.png 51
ucf/LongJump/samples/00546.png 51
ucf/LongJump/samples/00547.png 51
ucf/LongJump/samples/00548.png 51
ucf/LongJump/samples/00549.png 51
ucf/LongJump/samples/00550.png 51
ucf/LongJump/samples/00551.png 51
ucf/LongJump/samples/00552.png 51
ucf/LongJump/samples/00553.png 51
ucf/LongJump/samples/00554.png 51
ucf/LongJump/samples/00555.png 51
ucf/LongJump/samples/00556.png 51
ucf/LongJump/samples/00557.png 51
ucf/LongJump/samples/00558.png 51
ucf/LongJump/samples/00559.png 51
ucf/LongJump/samples/00560.png 51
ucf/LongJump/samples/00561.png 51
ucf/LongJump/samples/00562.png 51
ucf/LongJump/samples/00563.png 51
ucf/LongJump/samples/00564.png 51
ucf/LongJump/samples/00565.png 51
ucf/LongJump/samples/00566.png 51
ucf/LongJump/samples/00567.png 51
ucf/LongJump/samples/00568.png 51
ucf/LongJump/samples/00569.png 51
ucf/LongJump/samples/00570.png 51
ucf/LongJump/samples/00571.png 51
ucf/LongJump/samples/00572.png 51
ucf/LongJump/samples/00573.png 51
ucf/LongJump/samples/00574.png 51
ucf/LongJump/samples/00575.png 51
ucf/LongJump/samples/00576.png 51
ucf/LongJump/samples/00577.png 51
ucf/LongJump/samples/00578.png 51
ucf/LongJump/samples/00579.png 51
ucf/LongJump/samples/00580.png 51
ucf/LongJump/samples/00581.png 51
ucf/LongJump/samples/00582.png 51
ucf/LongJump/samples/00583.png 51
ucf/LongJump/samples/00584.png 51
ucf/LongJump/samples/00585.png 51
ucf/LongJump/samples/00586.png 51
ucf/LongJump/samples/00587.png 51
ucf/LongJump/samples/00588.png 51
ucf/LongJump/samples/00589.png 51
ucf/LongJump/samples/00590.png 51
ucf/LongJump/samples/00591.png 51
ucf/LongJump/samples/00592.png 51
ucf/LongJump/samples/00593.png 51
ucf/LongJump/samples/00594.png 51
ucf/LongJump/samples/00595.png 51
ucf/LongJump/samples/00596.png 51
ucf/LongJump/samples/00597.png 51
ucf/LongJump/samples/00598.png 51
ucf/LongJump/samples/00599.png 51
ucf/LongJump/samples/00600.png 51
ucf/LongJump/samples/00601.png 51
ucf/LongJump/samples/00602.png 51
ucf/LongJump/samples/00603.png 51
ucf/LongJump/samples/00604.png 51
ucf/LongJump/samples/00605.png 51
ucf/LongJump/samples/00606.png 51
ucf/LongJump/samples/00607.png 51
ucf/LongJump/samples/00608.png 51
ucf/LongJump/samples/00609.png 51
ucf/LongJump/samples/00610.png 51
ucf/LongJump/samples/00611.png 51
ucf/LongJump/samples/00612.png 51
ucf/LongJump/samples/00613.png 51
ucf/LongJump/samples/00614.png 51
ucf/LongJump/samples/00615.png 51
ucf/LongJump/samples/00616.png 51
ucf/LongJump/samples/00617.png 51
ucf/LongJump/samples/00618.png 51
ucf/LongJump/samples/00619.png 51
ucf/LongJump/samples/00620.png 51
ucf/LongJump/samples/00621.png 51
ucf/LongJump/samples/00622.png 51
ucf/LongJump/samples/00623.png 51
ucf/LongJump/samples/00624.png 51
ucf/LongJump/samples/00625.png 51
ucf/LongJump/samples/00626.png 51
ucf/LongJump/samples/00627.png 51
ucf/LongJump/samples/00628.png 51
ucf/LongJump/samples/00629.png 51
ucf/LongJump/samples/00630.png 51
ucf/LongJump/samples/00631.png 51
ucf/LongJump/samples/00632.png 51
ucf/LongJump/samples/00633.png 51
ucf/LongJump/samples/00634.png 51
ucf/LongJump/samples/00635.png 51
ucf/LongJump/samples/00636.png 51
ucf/LongJump/samples/00637.png 51
ucf/LongJump/samples/00638.png 51
ucf/LongJump/samples/00639.png 51
ucf/LongJump/samples/00640.png 51
ucf/LongJump/samples/00641.png 51
ucf/LongJump/samples/00642.png 51
ucf/LongJump/samples/00643.png 51
ucf/LongJump/samples/00644.png 51
ucf/LongJump/samples/00645.png 51
ucf/LongJump/samples/00646.png 51
ucf/LongJump/samples/00647.png 51
ucf/LongJump/samples/00648.png 51
ucf/LongJump/samples/00649.png 51
ucf/LongJump/samples/00650.png 51
ucf/LongJump/samples/00651.png 51
ucf/LongJump/samples/00652.png 51
ucf/LongJump/samples/00653.png 51
ucf/LongJump/samples/00654.png 51
ucf/LongJump/samples/00655.png 51
ucf/LongJump/samples/00656.png 51
ucf/LongJump/samples/00657.png 51
ucf/LongJump/samples/00658.png 51
ucf/LongJump/samples/00659.png 51
ucf/LongJump/samples/00660.png 51
ucf/LongJump/samples/00661.png 51
ucf/LongJump/samples/00662.png 51
ucf/LongJump/samples/00663.png 51
ucf/LongJump/samples/00664.png 51
ucf/LongJump/samples/00665.png 51
ucf/LongJump/samples/00666.png 51
ucf/LongJump/samples/00667.png 51
ucf/LongJump/samples/00668.png 51
ucf/LongJump/samples/00669.png 51
ucf/LongJump/samples/00670.png 51
ucf/LongJump/samples/00671.png 51
ucf/LongJump/samples/00672.png 51
ucf/LongJump/samples/00673.png 51
ucf/LongJump/samples/00674.png 51
ucf/LongJump/samples/00675.png 51
ucf/LongJump/samples/00676.png 51
ucf/LongJump/samples/00677.png 51
ucf/LongJump/samples/00678.png 51
ucf/LongJump/samples/00679.png 51
ucf/LongJump/samples/00680.png 51
ucf/LongJump/samples/00681.png 51
ucf/LongJump/samples/00682.png 51
ucf/LongJump/samples/00683.png 51
ucf/LongJump/samples/00684.png 51
ucf/LongJump/samples/00685.png 51
ucf/LongJump/samples/00686.png 51
ucf/LongJump/samples/00687.png 51
ucf/LongJump/samples/00688.png 51
ucf/LongJump/samples/00689.png 51
ucf/LongJump/samples/00690.png 51
ucf/LongJump/samples/00691.png 51
ucf/LongJump/samples/00692.png 51
ucf/LongJump/samples/00693.png 51
ucf/LongJump/samples/00694.png 51
ucf/LongJump/samples/00695.png 51
ucf/LongJump/samples/00696.png 51
ucf/LongJump/samples/00697.png 51
ucf/LongJump/samples/00698.png 51
ucf/LongJump/samples/00699.png 51
ucf/LongJump/samples/00700.png 51
ucf/LongJump/samples/00701.png 51
ucf/LongJump/samples/00702.png 51
ucf/LongJump/samples/00703.png 51
ucf/LongJump/samples/00704.png 51
ucf/LongJump/samples/00705.png 51
ucf/LongJump/samples/00706.png 51
ucf/LongJump/samples/00707.png 51
ucf/LongJump/samples/00708.png 51
ucf/LongJump/samples/00709.png 51
ucf/LongJump/samples/00710.png 51
ucf/LongJump/samples/00711.png 51
ucf/LongJump/samples/00712.png 51
ucf/LongJump/samples/00713.png 51
ucf/LongJump/samples/00714.png 51
ucf/LongJump/samples/00715.png 51
ucf/LongJump/samples/00716.png 51
ucf/LongJump/samples/00717.png 51
ucf/LongJump/samples/00718.png 51
ucf/LongJump/samples/00719.png 51
ucf/LongJump/samples/00720.png 51
ucf/LongJump/samples/00721.png 51
ucf/LongJump/samples/00722.png 51
ucf/LongJump/samples/00723.png 51
ucf/LongJump/samples/00724.png 51
ucf/LongJump/samples/00725.png 51
ucf/LongJump/samples/00726.png 51
ucf/LongJump/samples/00727.png 51
ucf/LongJump/samples/00728.png 51
ucf/LongJump/samples/00729.png 51
ucf/LongJump/samples/00730.png 51
ucf/LongJump/samples/00731.png 51
ucf/LongJump/samples/00732.png 51
ucf/LongJump/samples/00733.png 51
ucf/LongJump/samples/00734.png 51
ucf/LongJump/samples/00735.png 51
ucf/LongJump/samples/00736.png 51
ucf/LongJump/samples/00737.png 51
ucf/LongJump/samples/00738.png 51
ucf/LongJump/samples/00739.png 51
ucf/LongJump/samples/00740.png 51
ucf/LongJump/samples/00741.png 51
ucf/LongJump/samples/00742.png 51
ucf/LongJump/samples/00743.png 51
ucf/LongJump/samples/00744.png 51
ucf/LongJump/samples/00745.png 51
ucf/LongJump/samples/00746.png 51
ucf/LongJump/samples/00747.png 51
ucf/LongJump/samples/00748.png 51
ucf/LongJump/samples/00749.png 51
ucf/LongJump/samples/00750.png 51
ucf/LongJump/samples/00751.png 51
ucf/LongJump/samples/00752.png 51
ucf/LongJump/samples/00753.png 51
ucf/LongJump/samples/00754.png 51
ucf/LongJump/samples/00755.png 51
ucf/LongJump/samples/00756.png 51
ucf/LongJump/samples/00757.png 51
ucf/LongJump/samples/00758.png 51
ucf/LongJump/samples/00759.png 51
ucf/LongJump/samples/00760.png 51
ucf/LongJump/samples/00761.png 51
ucf/LongJump/samples/00762.png 51
ucf/LongJump/samples/00763.png 51
ucf/LongJump/samples/00764.png 51
ucf/LongJump/samples/00765.png 51
ucf/LongJump/samples/00766.png 51
ucf/LongJump/samples/00767.png 51
ucf/LongJump/samples/00768.png 51
ucf/LongJump/samples/00769.png 51
ucf/LongJump/samples/00770.png 51
ucf/LongJump/samples/00771.png 51
ucf/LongJump/samples/00772.png 51
ucf/LongJump/samples/00773.png 51
ucf/LongJump/samples/00774.png 51
ucf/LongJump/samples/00775.png 51
ucf/LongJump/samples/00776.png 51
ucf/LongJump/samples/00777.png 51
ucf/LongJump/samples/00778.png 51
ucf/LongJump/samples/00779.png 51
ucf/LongJump/samples/00780.png 51
ucf/LongJump/samples/00781.png 51
ucf/LongJump/samples/00782.png 51
ucf/LongJump/samples/00783.png 51
ucf/LongJump/samples/00784.png 51
ucf/LongJump/samples/00785.png 51
ucf/LongJump/samples/00786.png 51
ucf/LongJump/samples/00787.png 51
ucf/LongJump/samples/00788.png 51
ucf/LongJump/samples/00789.png 51
ucf/LongJump/samples/00790.png 51
ucf/LongJump/samples/00791.png 51
ucf/LongJump/samples/00792.png 51
ucf/LongJump/samples/00793.png 51
ucf/LongJump/samples/00794.png 51
ucf/LongJump/samples/00795.png 51
ucf/LongJump/samples/00796.png 51
ucf/LongJump/samples/00797.png 51
ucf/LongJump/samples/00798.png 51
ucf/LongJump/samples/00799.png 51
ucf/LongJump/samples/00800.png 51
ucf/LongJump/samples/00801.png 51
ucf/LongJump/samples/00802.png 51
ucf/LongJump/samples/00803.png 51
ucf/LongJump/samples/00804.png 51
ucf/LongJump/samples/00805.png 51
ucf/LongJump/samples/00806.png 51
ucf/LongJump/samples/00807.png 51
ucf/LongJump/samples/00808.png 51
ucf/LongJump/samples/00809.png 51
ucf/LongJump/samples/00810.png 51
ucf/LongJump/samples/00811.png 51
ucf/LongJump/samples/00812.png 51
ucf/LongJump/samples/00813.png 51
ucf/LongJump/samples/00814.png 51
ucf/LongJump/samples/00815.png 51
ucf/LongJump/samples/00816.png 51
ucf/LongJump/samples/00817.png 51
ucf/LongJump/samples/00818.png 51
ucf/LongJump/samples/00819.png 51
ucf/LongJump/samples/00820.png 51
ucf/LongJump/samples/00821.png 51
ucf/LongJump/samples/00822.png 51
ucf/LongJump/samples/00823.png 51
ucf/LongJump/samples/00824.png 51
ucf/LongJump/samples/00825.png 51
ucf/LongJump/samples/00826.png 51
ucf/LongJump/samples/00827.png 51
ucf/LongJump/samples/00828.png 51
ucf/LongJump/samples/00829.png 51
ucf/LongJump/samples/00830.png 51
ucf/LongJump/samples/00831.png 51
ucf/LongJump/samples/00832.png 51
ucf/LongJump/samples/00833.png 51
ucf/LongJump/samples/00834.png 51
ucf/LongJump/samples/00835.png 51
ucf/LongJump/samples/00836.png 51
ucf/LongJump/samples/00837.png 51
ucf/LongJump/samples/00838.png 51
ucf/LongJump/samples/00839.png 51
ucf/LongJump/samples/00840.png 51
ucf/LongJump/samples/00841.png 51
ucf/LongJump/samples/00842.png 51
ucf/LongJump/samples/00843.png 51
ucf/LongJump/samples/00844.png 51
ucf/LongJump/samples/00845.png 51
ucf/LongJump/samples/00846.png 51
ucf/LongJump/samples/00847.png 51
ucf/LongJump/samples/00848.png 51
ucf/LongJump/samples/00849.png 51
ucf/LongJump/samples/00850.png 51
ucf/LongJump/samples/00851.png 51
ucf/LongJump/samples/00852.png 51
ucf/LongJump/samples/00853.png 51
ucf/LongJump/samples/00854.png 51
ucf/LongJump/samples/00855.png 51
ucf/LongJump/samples/00856.png 51
ucf/LongJump/samples/00857.png 51
ucf/LongJump/samples/00858.png 51
ucf/LongJump/samples/00859.png 51
ucf/LongJump/samples/00860.png 51
ucf/LongJump/samples/00861.png 51
ucf/LongJump/samples/00862.png 51
ucf/LongJump/samples/00863.png 51
ucf/LongJump/samples/00864.png 51
ucf/LongJump/samples/00865.png 51
ucf/LongJump/samples/00866.png 51
ucf/LongJump/samples/00867.png 51
ucf/LongJump/samples/00868.png 51
ucf/LongJump/samples/00869.png 51
ucf/LongJump/samples/00870.png 51
ucf/LongJump/samples/00871.png 51
ucf/LongJump/samples/00872.png 51
ucf/LongJump/samples/00873.png 51
ucf/LongJump/samples/00874.png 51
ucf/LongJump/samples/00875.png 51
ucf/LongJump/samples/00876.png 51
ucf/LongJump/samples/00877.png 51
ucf/LongJump/samples/00878.png 51
ucf/LongJump/samples/00879.png 51
ucf/LongJump/samples/00880.png 51
ucf/LongJump/samples/00881.png 51
ucf/LongJump/samples/00882.png 51
ucf/LongJump/samples/00883.png 51
ucf/LongJump/samples/00884.png 51
ucf/LongJump/samples/00885.png 51
ucf/LongJump/samples/00886.png 51
ucf/LongJump/samples/00887.png 51
ucf/LongJump/samples/00888.png 51
ucf/LongJump/samples/00889.png 51
ucf/LongJump/samples/00890.png 51
ucf/LongJump/samples/00891.png 51
ucf/LongJump/samples/00892.png 51
ucf/LongJump/samples/00893.png 51
ucf/LongJump/samples/00894.png 51
ucf/LongJump/samples/00895.png 51
ucf/LongJump/samples/00896.png 51
ucf/LongJump/samples/00897.png 51
ucf/LongJump/samples/00898.png 51
ucf/LongJump/samples/00899.png 51
ucf/LongJump/samples/00900.png 51
ucf/LongJump/samples/00901.png 51
ucf/LongJump/samples/00902.png 51
ucf/LongJump/samples/00903.png 51
ucf/LongJump/samples/00904.png 51
ucf/LongJump/samples/00905.png 51
ucf/LongJump/samples/00906.png 51
ucf/LongJump/samples/00907.png 51
ucf/LongJump/samples/00908.png 51
ucf/LongJump/samples/00909.png 51
ucf/LongJump/samples/00910.png 51
ucf/LongJump/samples/00911.png 51
ucf/LongJump/samples/00912.png 51
ucf/LongJump/samples/00913.png 51
ucf/LongJump/samples/00914.png 51
ucf/LongJump/samples/00915.png 51
ucf/LongJump/samples/00916.png 51
ucf/LongJump/samples/00917.png 51
ucf/LongJump/samples/00918.png 51
ucf/LongJump/samples/00919.png 51
ucf/LongJump/samples/00920.png 51
ucf/LongJump/samples/00921.png 51
ucf/LongJump/samples/00922.png 51
ucf/LongJump/samples/00923.png 51
ucf/LongJump/samples/00924.png 51
ucf/LongJump/samples/00925.png 51
ucf/LongJump/samples/00926.png 51
ucf/LongJump/samples/00927.png 51
ucf/LongJump/samples/00928.png 51
ucf/LongJump/samples/00929.png 51
ucf/LongJump/samples/00930.png 51
ucf/LongJump/samples/00931.png 51
ucf/LongJump/samples/00932.png 51
ucf/LongJump/samples/00933.png 51
ucf/LongJump/samples/00934.png 51
ucf/LongJump/samples/00935.png 51
ucf/LongJump/samples/00936.png 51
ucf/LongJump/samples/00937.png 51
ucf/LongJump/samples/00938.png 51
ucf/LongJump/samples/00939.png 51
ucf/LongJump/samples/00940.png 51
ucf/LongJump/samples/00941.png 51
ucf/LongJump/samples/00942.png 51
ucf/LongJump/samples/00943.png 51
ucf/LongJump/samples/00944.png 51
ucf/LongJump/samples/00945.png 51
ucf/LongJump/samples/00946.png 51
ucf/LongJump/samples/00947.png 51
ucf/LongJump/samples/00948.png 51
ucf/LongJump/samples/00949.png 51
ucf/LongJump/samples/00950.png 51
ucf/LongJump/samples/00951.png 51
ucf/LongJump/samples/00952.png 51
ucf/LongJump/samples/00953.png 51
ucf/LongJump/samples/00954.png 51
ucf/LongJump/samples/00955.png 51
ucf/LongJump/samples/00956.png 51
ucf/LongJump/samples/00957.png 51
ucf/LongJump/samples/00958.png 51
ucf/LongJump/samples/00959.png 51
ucf/LongJump/samples/00960.png 51
ucf/LongJump/samples/00961.png 51
ucf/LongJump/samples/00962.png 51
ucf/LongJump/samples/00963.png 51
ucf/LongJump/samples/00964.png 51
ucf/LongJump/samples/00965.png 51
ucf/LongJump/samples/00966.png 51
ucf/LongJump/samples/00967.png 51
ucf/LongJump/samples/00968.png 51
ucf/LongJump/samples/00969.png 51
ucf/LongJump/samples/00970.png 51
ucf/LongJump/samples/00971.png 51
ucf/LongJump/samples/00972.png 51
ucf/LongJump/samples/00973.png 51
ucf/LongJump/samples/00974.png 51
ucf/LongJump/samples/00975.png 51
ucf/LongJump/samples/00976.png 51
ucf/LongJump/samples/00977.png 51
ucf/LongJump/samples/00978.png 51
ucf/LongJump/samples/00979.png 51
ucf/LongJump/samples/00980.png 51
ucf/LongJump/samples/00981.png 51
ucf/LongJump/samples/00982.png 51
ucf/LongJump/samples/00983.png 51
ucf/LongJump/samples/00984.png 51
ucf/LongJump/samples/00985.png 51
ucf/LongJump/samples/00986.png 51
ucf/LongJump/samples/00987.png 51
ucf/LongJump/samples/00988.png 51
ucf/LongJump/samples/00989.png 51
ucf/LongJump/samples/00990.png 51
ucf/LongJump/samples/00991.png 51
ucf/LongJump/samples/00992.png 51
ucf/LongJump/samples/00993.png 51
ucf/LongJump/samples/00994.png 51
ucf/LongJump/samples/00995.png 51
ucf/LongJump/samples/00996.png 51
ucf/LongJump/samples/00997.png 51
ucf/LongJump/samples/00998.png 51
ucf/LongJump/samples/00999.png 51
ucf/Hammering/samples/00000.png 35
ucf/Hammering/samples/00001.png 35
ucf/Hammering/samples/00002.png 35
ucf/Hammering/samples/00003.png 35
ucf/Hammering/samples/00004.png 35
ucf/Hammering/samples/00005.png 35
ucf/Hammering/samples/00006.png 35
ucf/Hammering/samples/00007.png 35
ucf/Hammering/samples/00008.png 35
ucf/Hammering/samples/00009.png 35
ucf/Hammering/samples/00010.png 35
ucf/Hammering/samples/00011.png 35
ucf/Hammering/samples/00012.png 35
ucf/Hammering/samples/00013.png 35
ucf/Hammering/samples/00014.png 35
ucf/Hammering/samples/00015.png 35
ucf/Hammering/samples/00016.png 35
ucf/Hammering/samples/00017.png 35
ucf/Hammering/samples/00018.png 35
ucf/Hammering/samples/00019.png 35
ucf/Hammering/samples/00020.png 35
ucf/Hammering/samples/00021.png 35
ucf/Hammering/samples/00022.png 35
ucf/Hammering/samples/00023.png 35
ucf/Hammering/samples/00024.png 35
ucf/Hammering/samples/00025.png 35
ucf/Hammering/samples/00026.png 35
ucf/Hammering/samples/00027.png 35
ucf/Hammering/samples/00028.png 35
ucf/Hammering/samples/00029.png 35
ucf/Hammering/samples/00030.png 35
ucf/Hammering/samples/00031.png 35
ucf/Hammering/samples/00032.png 35
ucf/Hammering/samples/00033.png 35
ucf/Hammering/samples/00034.png 35
ucf/Hammering/samples/00035.png 35
ucf/Hammering/samples/00036.png 35
ucf/Hammering/samples/00037.png 35
ucf/Hammering/samples/00038.png 35
ucf/Hammering/samples/00039.png 35
ucf/Hammering/samples/00040.png 35
ucf/Hammering/samples/00041.png 35
ucf/Hammering/samples/00042.png 35
ucf/Hammering/samples/00043.png 35
ucf/Hammering/samples/00044.png 35
ucf/Hammering/samples/00045.png 35
ucf/Hammering/samples/00046.png 35
ucf/Hammering/samples/00047.png 35
ucf/Hammering/samples/00048.png 35
ucf/Hammering/samples/00049.png 35
ucf/Hammering/samples/00050.png 35
ucf/Hammering/samples/00051.png 35
ucf/Hammering/samples/00052.png 35
ucf/Hammering/samples/00053.png 35
ucf/Hammering/samples/00054.png 35
ucf/Hammering/samples/00055.png 35
ucf/Hammering/samples/00056.png 35
ucf/Hammering/samples/00057.png 35
ucf/Hammering/samples/00058.png 35
ucf/Hammering/samples/00059.png 35
ucf/Hammering/samples/00060.png 35
ucf/Hammering/samples/00061.png 35
ucf/Hammering/samples/00062.png 35
ucf/Hammering/samples/00063.png 35
ucf/Hammering/samples/00064.png 35
ucf/Hammering/samples/00065.png 35
ucf/Hammering/samples/00066.png 35
ucf/Hammering/samples/00067.png 35
ucf/Hammering/samples/00068.png 35
ucf/Hammering/samples/00069.png 35
ucf/Hammering/samples/00070.png 35
ucf/Hammering/samples/00071.png 35
ucf/Hammering/samples/00072.png 35
ucf/Hammering/samples/00073.png 35
ucf/Hammering/samples/00074.png 35
ucf/Hammering/samples/00075.png 35
ucf/Hammering/samples/00076.png 35
ucf/Hammering/samples/00077.png 35
ucf/Hammering/samples/00078.png 35
ucf/Hammering/samples/00079.png 35
ucf/Hammering/samples/00080.png 35
ucf/Hammering/samples/00081.png 35
ucf/Hammering/samples/00082.png 35
ucf/Hammering/samples/00083.png 35
ucf/Hammering/samples/00084.png 35
ucf/Hammering/samples/00085.png 35
ucf/Hammering/samples/00086.png 35
ucf/Hammering/samples/00087.png 35
ucf/Hammering/samples/00088.png 35
ucf/Hammering/samples/00089.png 35
ucf/Hammering/samples/00090.png 35
ucf/Hammering/samples/00091.png 35
ucf/Hammering/samples/00092.png 35
ucf/Hammering/samples/00093.png 35
ucf/Hammering/samples/00094.png 35
ucf/Hammering/samples/00095.png 35
ucf/Hammering/samples/00096.png 35
ucf/Hammering/samples/00097.png 35
ucf/Hammering/samples/00098.png 35
ucf/Hammering/samples/00099.png 35
ucf/Hammering/samples/00100.png 35
ucf/Hammering/samples/00101.png 35
ucf/Hammering/samples/00102.png 35
ucf/Hammering/samples/00103.png 35
ucf/Hammering/samples/00104.png 35
ucf/Hammering/samples/00105.png 35
ucf/Hammering/samples/00106.png 35
ucf/Hammering/samples/00107.png 35
ucf/Hammering/samples/00108.png 35
ucf/Hammering/samples/00109.png 35
ucf/Hammering/samples/00110.png 35
ucf/Hammering/samples/00111.png 35
ucf/Hammering/samples/00112.png 35
ucf/Hammering/samples/00113.png 35
ucf/Hammering/samples/00114.png 35
ucf/Hammering/samples/00115.png 35
ucf/Hammering/samples/00116.png 35
ucf/Hammering/samples/00117.png 35
ucf/Hammering/samples/00118.png 35
ucf/Hammering/samples/00119.png 35
ucf/Hammering/samples/00120.png 35
ucf/Hammering/samples/00121.png 35
ucf/Hammering/samples/00122.png 35
ucf/Hammering/samples/00123.png 35
ucf/Hammering/samples/00124.png 35
ucf/Hammering/samples/00125.png 35
ucf/Hammering/samples/00126.png 35
ucf/Hammering/samples/00127.png 35
ucf/Hammering/samples/00128.png 35
ucf/Hammering/samples/00129.png 35
ucf/Hammering/samples/00130.png 35
ucf/Hammering/samples/00131.png 35
ucf/Hammering/samples/00132.png 35
ucf/Hammering/samples/00133.png 35
ucf/Hammering/samples/00134.png 35
ucf/Hammering/samples/00135.png 35
ucf/Hammering/samples/00136.png 35
ucf/Hammering/samples/00137.png 35
ucf/Hammering/samples/00138.png 35
ucf/Hammering/samples/00139.png 35
ucf/Hammering/samples/00140.png 35
ucf/Hammering/samples/00141.png 35
ucf/Hammering/samples/00142.png 35
ucf/Hammering/samples/00143.png 35
ucf/Hammering/samples/00144.png 35
ucf/Hammering/samples/00145.png 35
ucf/Hammering/samples/00146.png 35
ucf/Hammering/samples/00147.png 35
ucf/Hammering/samples/00148.png 35
ucf/Hammering/samples/00149.png 35
ucf/Hammering/samples/00150.png 35
ucf/Hammering/samples/00151.png 35
ucf/Hammering/samples/00152.png 35
ucf/Hammering/samples/00153.png 35
ucf/Hammering/samples/00154.png 35
ucf/Hammering/samples/00155.png 35
ucf/Hammering/samples/00156.png 35
ucf/Hammering/samples/00157.png 35
ucf/Hammering/samples/00158.png 35
ucf/Hammering/samples/00159.png 35
ucf/Hammering/samples/00160.png 35
ucf/Hammering/samples/00161.png 35
ucf/Hammering/samples/00162.png 35
ucf/Hammering/samples/00163.png 35
ucf/Hammering/samples/00164.png 35
ucf/Hammering/samples/00165.png 35
ucf/Hammering/samples/00166.png 35
ucf/Hammering/samples/00167.png 35
ucf/Hammering/samples/00168.png 35
ucf/Hammering/samples/00169.png 35
ucf/Hammering/samples/00170.png 35
ucf/Hammering/samples/00171.png 35
ucf/Hammering/samples/00172.png 35
ucf/Hammering/samples/00173.png 35
ucf/Hammering/samples/00174.png 35
ucf/Hammering/samples/00175.png 35
ucf/Hammering/samples/00176.png 35
ucf/Hammering/samples/00177.png 35
ucf/Hammering/samples/00178.png 35
ucf/Hammering/samples/00179.png 35
ucf/Hammering/samples/00180.png 35
ucf/Hammering/samples/00181.png 35
ucf/Hammering/samples/00182.png 35
ucf/Hammering/samples/00183.png 35
ucf/Hammering/samples/00184.png 35
ucf/Hammering/samples/00185.png 35
ucf/Hammering/samples/00186.png 35
ucf/Hammering/samples/00187.png 35
ucf/Hammering/samples/00188.png 35
ucf/Hammering/samples/00189.png 35
ucf/Hammering/samples/00190.png 35
ucf/Hammering/samples/00191.png 35
ucf/Hammering/samples/00192.png 35
ucf/Hammering/samples/00193.png 35
ucf/Hammering/samples/00194.png 35
ucf/Hammering/samples/00195.png 35
ucf/Hammering/samples/00196.png 35
ucf/Hammering/samples/00197.png 35
ucf/Hammering/samples/00198.png 35
ucf/Hammering/samples/00199.png 35
ucf/Hammering/samples/00200.png 35
ucf/Hammering/samples/00201.png 35
ucf/Hammering/samples/00202.png 35
ucf/Hammering/samples/00203.png 35
ucf/Hammering/samples/00204.png 35
ucf/Hammering/samples/00205.png 35
ucf/Hammering/samples/00206.png 35
ucf/Hammering/samples/00207.png 35
ucf/Hammering/samples/00208.png 35
ucf/Hammering/samples/00209.png 35
ucf/Hammering/samples/00210.png 35
ucf/Hammering/samples/00211.png 35
ucf/Hammering/samples/00212.png 35
ucf/Hammering/samples/00213.png 35
ucf/Hammering/samples/00214.png 35
ucf/Hammering/samples/00215.png 35
ucf/Hammering/samples/00216.png 35
ucf/Hammering/samples/00217.png 35
ucf/Hammering/samples/00218.png 35
ucf/Hammering/samples/00219.png 35
ucf/Hammering/samples/00220.png 35
ucf/Hammering/samples/00221.png 35
ucf/Hammering/samples/00222.png 35
ucf/Hammering/samples/00223.png 35
ucf/Hammering/samples/00224.png 35
ucf/Hammering/samples/00225.png 35
ucf/Hammering/samples/00226.png 35
ucf/Hammering/samples/00227.png 35
ucf/Hammering/samples/00228.png 35
ucf/Hammering/samples/00229.png 35
ucf/Hammering/samples/00230.png 35
ucf/Hammering/samples/00231.png 35
ucf/Hammering/samples/00232.png 35
ucf/Hammering/samples/00233.png 35
ucf/Hammering/samples/00234.png 35
ucf/Hammering/samples/00235.png 35
ucf/Hammering/samples/00236.png 35
ucf/Hammering/samples/00237.png 35
ucf/Hammering/samples/00238.png 35
ucf/Hammering/samples/00239.png 35
ucf/Hammering/samples/00240.png 35
ucf/Hammering/samples/00241.png 35
ucf/Hammering/samples/00242.png 35
ucf/Hammering/samples/00243.png 35
ucf/Hammering/samples/00244.png 35
ucf/Hammering/samples/00245.png 35
ucf/Hammering/samples/00246.png 35
ucf/Hammering/samples/00247.png 35
ucf/Hammering/samples/00248.png 35
ucf/Hammering/samples/00249.png 35
ucf/Hammering/samples/00250.png 35
ucf/Hammering/samples/00251.png 35
ucf/Hammering/samples/00252.png 35
ucf/Hammering/samples/00253.png 35
ucf/Hammering/samples/00254.png 35
ucf/Hammering/samples/00255.png 35
ucf/Hammering/samples/00256.png 35
ucf/Hammering/samples/00257.png 35
ucf/Hammering/samples/00258.png 35
ucf/Hammering/samples/00259.png 35
ucf/Hammering/samples/00260.png 35
ucf/Hammering/samples/00261.png 35
ucf/Hammering/samples/00262.png 35
ucf/Hammering/samples/00263.png 35
ucf/Hammering/samples/00264.png 35
ucf/Hammering/samples/00265.png 35
ucf/Hammering/samples/00266.png 35
ucf/Hammering/samples/00267.png 35
ucf/Hammering/samples/00268.png 35
ucf/Hammering/samples/00269.png 35
ucf/Hammering/samples/00270.png 35
ucf/Hammering/samples/00271.png 35
ucf/Hammering/samples/00272.png 35
ucf/Hammering/samples/00273.png 35
ucf/Hammering/samples/00274.png 35
ucf/Hammering/samples/00275.png 35
ucf/Hammering/samples/00276.png 35
ucf/Hammering/samples/00277.png 35
ucf/Hammering/samples/00278.png 35
ucf/Hammering/samples/00279.png 35
ucf/Hammering/samples/00280.png 35
ucf/Hammering/samples/00281.png 35
ucf/Hammering/samples/00282.png 35
ucf/Hammering/samples/00283.png 35
ucf/Hammering/samples/00284.png 35
ucf/Hammering/samples/00285.png 35
ucf/Hammering/samples/00286.png 35
ucf/Hammering/samples/00287.png 35
ucf/Hammering/samples/00288.png 35
ucf/Hammering/samples/00289.png 35
ucf/Hammering/samples/00290.png 35
ucf/Hammering/samples/00291.png 35
ucf/Hammering/samples/00292.png 35
ucf/Hammering/samples/00293.png 35
ucf/Hammering/samples/00294.png 35
ucf/Hammering/samples/00295.png 35
ucf/Hammering/samples/00296.png 35
ucf/Hammering/samples/00297.png 35
ucf/Hammering/samples/00298.png 35
ucf/Hammering/samples/00299.png 35
ucf/Hammering/samples/00300.png 35
ucf/Hammering/samples/00301.png 35
ucf/Hammering/samples/00302.png 35
ucf/Hammering/samples/00303.png 35
ucf/Hammering/samples/00304.png 35
ucf/Hammering/samples/00305.png 35
ucf/Hammering/samples/00306.png 35
ucf/Hammering/samples/00307.png 35
ucf/Hammering/samples/00308.png 35
ucf/Hammering/samples/00309.png 35
ucf/Hammering/samples/00310.png 35
ucf/Hammering/samples/00311.png 35
ucf/Hammering/samples/00312.png 35
ucf/Hammering/samples/00313.png 35
ucf/Hammering/samples/00314.png 35
ucf/Hammering/samples/00315.png 35
ucf/Hammering/samples/00316.png 35
ucf/Hammering/samples/00317.png 35
ucf/Hammering/samples/00318.png 35
ucf/Hammering/samples/00319.png 35
ucf/Hammering/samples/00320.png 35
ucf/Hammering/samples/00321.png 35
ucf/Hammering/samples/00322.png 35
ucf/Hammering/samples/00323.png 35
ucf/Hammering/samples/00324.png 35
ucf/Hammering/samples/00325.png 35
ucf/Hammering/samples/00326.png 35
ucf/Hammering/samples/00327.png 35
ucf/Hammering/samples/00328.png 35
ucf/Hammering/samples/00329.png 35
ucf/Hammering/samples/00330.png 35
ucf/Hammering/samples/00331.png 35
ucf/Hammering/samples/00332.png 35
ucf/Hammering/samples/00333.png 35
ucf/Hammering/samples/00334.png 35
ucf/Hammering/samples/00335.png 35
ucf/Hammering/samples/00336.png 35
ucf/Hammering/samples/00337.png 35
ucf/Hammering/samples/00338.png 35
ucf/Hammering/samples/00339.png 35
ucf/Hammering/samples/00340.png 35
ucf/Hammering/samples/00341.png 35
ucf/Hammering/samples/00342.png 35
ucf/Hammering/samples/00343.png 35
ucf/Hammering/samples/00344.png 35
ucf/Hammering/samples/00345.png 35
ucf/Hammering/samples/00346.png 35
ucf/Hammering/samples/00347.png 35
ucf/Hammering/samples/00348.png 35
ucf/Hammering/samples/00349.png 35
ucf/Hammering/samples/00350.png 35
ucf/Hammering/samples/00351.png 35
ucf/Hammering/samples/00352.png 35
ucf/Hammering/samples/00353.png 35
ucf/Hammering/samples/00354.png 35
ucf/Hammering/samples/00355.png 35
ucf/Hammering/samples/00356.png 35
ucf/Hammering/samples/00357.png 35
ucf/Hammering/samples/00358.png 35
ucf/Hammering/samples/00359.png 35
ucf/Hammering/samples/00360.png 35
ucf/Hammering/samples/00361.png 35
ucf/Hammering/samples/00362.png 35
ucf/Hammering/samples/00363.png 35
ucf/Hammering/samples/00364.png 35
ucf/Hammering/samples/00365.png 35
ucf/Hammering/samples/00366.png 35
ucf/Hammering/samples/00367.png 35
ucf/Hammering/samples/00368.png 35
ucf/Hammering/samples/00369.png 35
ucf/Hammering/samples/00370.png 35
ucf/Hammering/samples/00371.png 35
ucf/Hammering/samples/00372.png 35
ucf/Hammering/samples/00373.png 35
ucf/Hammering/samples/00374.png 35
ucf/Hammering/samples/00375.png 35
ucf/Hammering/samples/00376.png 35
ucf/Hammering/samples/00377.png 35
ucf/Hammering/samples/00378.png 35
ucf/Hammering/samples/00379.png 35
ucf/Hammering/samples/00380.png 35
ucf/Hammering/samples/00381.png 35
ucf/Hammering/samples/00382.png 35
ucf/Hammering/samples/00383.png 35
ucf/Hammering/samples/00384.png 35
ucf/Hammering/samples/00385.png 35
ucf/Hammering/samples/00386.png 35
ucf/Hammering/samples/00387.png 35
ucf/Hammering/samples/00388.png 35
ucf/Hammering/samples/00389.png 35
ucf/Hammering/samples/00390.png 35
ucf/Hammering/samples/00391.png 35
ucf/Hammering/samples/00392.png 35
ucf/Hammering/samples/00393.png 35
ucf/Hammering/samples/00394.png 35
ucf/Hammering/samples/00395.png 35
ucf/Hammering/samples/00396.png 35
ucf/Hammering/samples/00397.png 35
ucf/Hammering/samples/00398.png 35
ucf/Hammering/samples/00399.png 35
ucf/Hammering/samples/00400.png 35
ucf/Hammering/samples/00401.png 35
ucf/Hammering/samples/00402.png 35
ucf/Hammering/samples/00403.png 35
ucf/Hammering/samples/00404.png 35
ucf/Hammering/samples/00405.png 35
ucf/Hammering/samples/00406.png 35
ucf/Hammering/samples/00407.png 35
ucf/Hammering/samples/00408.png 35
ucf/Hammering/samples/00409.png 35
ucf/Hammering/samples/00410.png 35
ucf/Hammering/samples/00411.png 35
ucf/Hammering/samples/00412.png 35
ucf/Hammering/samples/00413.png 35
ucf/Hammering/samples/00414.png 35
ucf/Hammering/samples/00415.png 35
ucf/Hammering/samples/00416.png 35
ucf/Hammering/samples/00417.png 35
ucf/Hammering/samples/00418.png 35
ucf/Hammering/samples/00419.png 35
ucf/Hammering/samples/00420.png 35
ucf/Hammering/samples/00421.png 35
ucf/Hammering/samples/00422.png 35
ucf/Hammering/samples/00423.png 35
ucf/Hammering/samples/00424.png 35
ucf/Hammering/samples/00425.png 35
ucf/Hammering/samples/00426.png 35
ucf/Hammering/samples/00427.png 35
ucf/Hammering/samples/00428.png 35
ucf/Hammering/samples/00429.png 35
ucf/Hammering/samples/00430.png 35
ucf/Hammering/samples/00431.png 35
ucf/Hammering/samples/00432.png 35
ucf/Hammering/samples/00433.png 35
ucf/Hammering/samples/00434.png 35
ucf/Hammering/samples/00435.png 35
ucf/Hammering/samples/00436.png 35
ucf/Hammering/samples/00437.png 35
ucf/Hammering/samples/00438.png 35
ucf/Hammering/samples/00439.png 35
ucf/Hammering/samples/00440.png 35
ucf/Hammering/samples/00441.png 35
ucf/Hammering/samples/00442.png 35
ucf/Hammering/samples/00443.png 35
ucf/Hammering/samples/00444.png 35
ucf/Hammering/samples/00445.png 35
ucf/Hammering/samples/00446.png 35
ucf/Hammering/samples/00447.png 35
ucf/Hammering/samples/00448.png 35
ucf/Hammering/samples/00449.png 35
ucf/Hammering/samples/00450.png 35
ucf/Hammering/samples/00451.png 35
ucf/Hammering/samples/00452.png 35
ucf/Hammering/samples/00453.png 35
ucf/Hammering/samples/00454.png 35
ucf/Hammering/samples/00455.png 35
ucf/Hammering/samples/00456.png 35
ucf/Hammering/samples/00457.png 35
ucf/Hammering/samples/00458.png 35
ucf/Hammering/samples/00459.png 35
ucf/Hammering/samples/00460.png 35
ucf/Hammering/samples/00461.png 35
ucf/Hammering/samples/00462.png 35
ucf/Hammering/samples/00463.png 35
ucf/Hammering/samples/00464.png 35
ucf/Hammering/samples/00465.png 35
ucf/Hammering/samples/00466.png 35
ucf/Hammering/samples/00467.png 35
ucf/Hammering/samples/00468.png 35
ucf/Hammering/samples/00469.png 35
ucf/Hammering/samples/00470.png 35
ucf/Hammering/samples/00471.png 35
ucf/Hammering/samples/00472.png 35
ucf/Hammering/samples/00473.png 35
ucf/Hammering/samples/00474.png 35
ucf/Hammering/samples/00475.png 35
ucf/Hammering/samples/00476.png 35
ucf/Hammering/samples/00477.png 35
ucf/Hammering/samples/00478.png 35
ucf/Hammering/samples/00479.png 35
ucf/Hammering/samples/00480.png 35
ucf/Hammering/samples/00481.png 35
ucf/Hammering/samples/00482.png 35
ucf/Hammering/samples/00483.png 35
ucf/Hammering/samples/00484.png 35
ucf/Hammering/samples/00485.png 35
ucf/Hammering/samples/00486.png 35
ucf/Hammering/samples/00487.png 35
ucf/Hammering/samples/00488.png 35
ucf/Hammering/samples/00489.png 35
ucf/Hammering/samples/00490.png 35
ucf/Hammering/samples/00491.png 35
ucf/Hammering/samples/00492.png 35
ucf/Hammering/samples/00493.png 35
ucf/Hammering/samples/00494.png 35
ucf/Hammering/samples/00495.png 35
ucf/Hammering/samples/00496.png 35
ucf/Hammering/samples/00497.png 35
ucf/Hammering/samples/00498.png 35
ucf/Hammering/samples/00499.png 35
ucf/Hammering/samples/00500.png 35
ucf/Hammering/samples/00501.png 35
ucf/Hammering/samples/00502.png 35
ucf/Hammering/samples/00503.png 35
ucf/Hammering/samples/00504.png 35
ucf/Hammering/samples/00505.png 35
ucf/Hammering/samples/00506.png 35
ucf/Hammering/samples/00507.png 35
ucf/Hammering/samples/00508.png 35
ucf/Hammering/samples/00509.png 35
ucf/Hammering/samples/00510.png 35
ucf/Hammering/samples/00511.png 35
ucf/Hammering/samples/00512.png 35
ucf/Hammering/samples/00513.png 35
ucf/Hammering/samples/00514.png 35
ucf/Hammering/samples/00515.png 35
ucf/Hammering/samples/00516.png 35
ucf/Hammering/samples/00517.png 35
ucf/Hammering/samples/00518.png 35
ucf/Hammering/samples/00519.png 35
ucf/Hammering/samples/00520.png 35
ucf/Hammering/samples/00521.png 35
ucf/Hammering/samples/00522.png 35
ucf/Hammering/samples/00523.png 35
ucf/Hammering/samples/00524.png 35
ucf/Hammering/samples/00525.png 35
ucf/Hammering/samples/00526.png 35
ucf/Hammering/samples/00527.png 35
ucf/Hammering/samples/00528.png 35
ucf/Hammering/samples/00529.png 35
ucf/Hammering/samples/00530.png 35
ucf/Hammering/samples/00531.png 35
ucf/Hammering/samples/00532.png 35
ucf/Hammering/samples/00533.png 35
ucf/Hammering/samples/00534.png 35
ucf/Hammering/samples/00535.png 35
ucf/Hammering/samples/00536.png 35
ucf/Hammering/samples/00537.png 35
ucf/Hammering/samples/00538.png 35
ucf/Hammering/samples/00539.png 35
ucf/Hammering/samples/00540.png 35
ucf/Hammering/samples/00541.png 35
ucf/Hammering/samples/00542.png 35
ucf/Hammering/samples/00543.png 35
ucf/Hammering/samples/00544.png 35
ucf/Hammering/samples/00545.png 35
ucf/Hammering/samples/00546.png 35
ucf/Hammering/samples/00547.png 35
ucf/Hammering/samples/00548.png 35
ucf/Hammering/samples/00549.png 35
ucf/Hammering/samples/00550.png 35
ucf/Hammering/samples/00551.png 35
ucf/Hammering/samples/00552.png 35
ucf/Hammering/samples/00553.png 35
ucf/Hammering/samples/00554.png 35
ucf/Hammering/samples/00555.png 35
ucf/Hammering/samples/00556.png 35
ucf/Hammering/samples/00557.png 35
ucf/Hammering/samples/00558.png 35
ucf/Hammering/samples/00559.png 35
ucf/Hammering/samples/00560.png 35
ucf/Hammering/samples/00561.png 35
ucf/Hammering/samples/00562.png 35
ucf/Hammering/samples/00563.png 35
ucf/Hammering/samples/00564.png 35
ucf/Hammering/samples/00565.png 35
ucf/Hammering/samples/00566.png 35
ucf/Hammering/samples/00567.png 35
ucf/Hammering/samples/00568.png 35
ucf/Hammering/samples/00569.png 35
ucf/Hammering/samples/00570.png 35
ucf/Hammering/samples/00571.png 35
ucf/Hammering/samples/00572.png 35
ucf/Hammering/samples/00573.png 35
ucf/Hammering/samples/00574.png 35
ucf/Hammering/samples/00575.png 35
ucf/Hammering/samples/00576.png 35
ucf/Hammering/samples/00577.png 35
ucf/Hammering/samples/00578.png 35
ucf/Hammering/samples/00579.png 35
ucf/Hammering/samples/00580.png 35
ucf/Hammering/samples/00581.png 35
ucf/Hammering/samples/00582.png 35
ucf/Hammering/samples/00583.png 35
ucf/Hammering/samples/00584.png 35
ucf/Hammering/samples/00585.png 35
ucf/Hammering/samples/00586.png 35
ucf/Hammering/samples/00587.png 35
ucf/Hammering/samples/00588.png 35
ucf/Hammering/samples/00589.png 35
ucf/Hammering/samples/00590.png 35
ucf/Hammering/samples/00591.png 35
ucf/Hammering/samples/00592.png 35
ucf/Hammering/samples/00593.png 35
ucf/Hammering/samples/00594.png 35
ucf/Hammering/samples/00595.png 35
ucf/Hammering/samples/00596.png 35
ucf/Hammering/samples/00597.png 35
ucf/Hammering/samples/00598.png 35
ucf/Hammering/samples/00599.png 35
ucf/Hammering/samples/00600.png 35
ucf/Hammering/samples/00601.png 35
ucf/Hammering/samples/00602.png 35
ucf/Hammering/samples/00603.png 35
ucf/Hammering/samples/00604.png 35
ucf/Hammering/samples/00605.png 35
ucf/Hammering/samples/00606.png 35
ucf/Hammering/samples/00607.png 35
ucf/Hammering/samples/00608.png 35
ucf/Hammering/samples/00609.png 35
ucf/Hammering/samples/00610.png 35
ucf/Hammering/samples/00611.png 35
ucf/Hammering/samples/00612.png 35
ucf/Hammering/samples/00613.png 35
ucf/Hammering/samples/00614.png 35
ucf/Hammering/samples/00615.png 35
ucf/Hammering/samples/00616.png 35
ucf/Hammering/samples/00617.png 35
ucf/Hammering/samples/00618.png 35
ucf/Hammering/samples/00619.png 35
ucf/Hammering/samples/00620.png 35
ucf/Hammering/samples/00621.png 35
ucf/Hammering/samples/00622.png 35
ucf/Hammering/samples/00623.png 35
ucf/Hammering/samples/00624.png 35
ucf/Hammering/samples/00625.png 35
ucf/Hammering/samples/00626.png 35
ucf/Hammering/samples/00627.png 35
ucf/Hammering/samples/00628.png 35
ucf/Hammering/samples/00629.png 35
ucf/Hammering/samples/00630.png 35
ucf/Hammering/samples/00631.png 35
ucf/Hammering/samples/00632.png 35
ucf/Hammering/samples/00633.png 35
ucf/Hammering/samples/00634.png 35
ucf/Hammering/samples/00635.png 35
ucf/Hammering/samples/00636.png 35
ucf/Hammering/samples/00637.png 35
ucf/Hammering/samples/00638.png 35
ucf/Hammering/samples/00639.png 35
ucf/Hammering/samples/00640.png 35
ucf/Hammering/samples/00641.png 35
ucf/Hammering/samples/00642.png 35
ucf/Hammering/samples/00643.png 35
ucf/Hammering/samples/00644.png 35
ucf/Hammering/samples/00645.png 35
ucf/Hammering/samples/00646.png 35
ucf/Hammering/samples/00647.png 35
ucf/Hammering/samples/00648.png 35
ucf/Hammering/samples/00649.png 35
ucf/Hammering/samples/00650.png 35
ucf/Hammering/samples/00651.png 35
ucf/Hammering/samples/00652.png 35
ucf/Hammering/samples/00653.png 35
ucf/Hammering/samples/00654.png 35
ucf/Hammering/samples/00655.png 35
ucf/Hammering/samples/00656.png 35
ucf/Hammering/samples/00657.png 35
ucf/Hammering/samples/00658.png 35
ucf/Hammering/samples/00659.png 35
ucf/Hammering/samples/00660.png 35
ucf/Hammering/samples/00661.png 35
ucf/Hammering/samples/00662.png 35
ucf/Hammering/samples/00663.png 35
ucf/Hammering/samples/00664.png 35
ucf/Hammering/samples/00665.png 35
ucf/Hammering/samples/00666.png 35
ucf/Hammering/samples/00667.png 35
ucf/Hammering/samples/00668.png 35
ucf/Hammering/samples/00669.png 35
ucf/Hammering/samples/00670.png 35
ucf/Hammering/samples/00671.png 35
ucf/Hammering/samples/00672.png 35
ucf/Hammering/samples/00673.png 35
ucf/Hammering/samples/00674.png 35
ucf/Hammering/samples/00675.png 35
ucf/Hammering/samples/00676.png 35
ucf/Hammering/samples/00677.png 35
ucf/Hammering/samples/00678.png 35
ucf/Hammering/samples/00679.png 35
ucf/Hammering/samples/00680.png 35
ucf/Hammering/samples/00681.png 35
ucf/Hammering/samples/00682.png 35
ucf/Hammering/samples/00683.png 35
ucf/Hammering/samples/00684.png 35
ucf/Hammering/samples/00685.png 35
ucf/Hammering/samples/00686.png 35
ucf/Hammering/samples/00687.png 35
ucf/Hammering/samples/00688.png 35
ucf/Hammering/samples/00689.png 35
ucf/Hammering/samples/00690.png 35
ucf/Hammering/samples/00691.png 35
ucf/Hammering/samples/00692.png 35
ucf/Hammering/samples/00693.png 35
ucf/Hammering/samples/00694.png 35
ucf/Hammering/samples/00695.png 35
ucf/Hammering/samples/00696.png 35
ucf/Hammering/samples/00697.png 35
ucf/Hammering/samples/00698.png 35
ucf/Hammering/samples/00699.png 35
ucf/Hammering/samples/00700.png 35
ucf/Hammering/samples/00701.png 35
ucf/Hammering/samples/00702.png 35
ucf/Hammering/samples/00703.png 35
ucf/Hammering/samples/00704.png 35
ucf/Hammering/samples/00705.png 35
ucf/Hammering/samples/00706.png 35
ucf/Hammering/samples/00707.png 35
ucf/Hammering/samples/00708.png 35
ucf/Hammering/samples/00709.png 35
ucf/Hammering/samples/00710.png 35
ucf/Hammering/samples/00711.png 35
ucf/Hammering/samples/00712.png 35
ucf/Hammering/samples/00713.png 35
ucf/Hammering/samples/00714.png 35
ucf/Hammering/samples/00715.png 35
ucf/Hammering/samples/00716.png 35
ucf/Hammering/samples/00717.png 35
ucf/Hammering/samples/00718.png 35
ucf/Hammering/samples/00719.png 35
ucf/Hammering/samples/00720.png 35
ucf/Hammering/samples/00721.png 35
ucf/Hammering/samples/00722.png 35
ucf/Hammering/samples/00723.png 35
ucf/Hammering/samples/00724.png 35
ucf/Hammering/samples/00725.png 35
ucf/Hammering/samples/00726.png 35
ucf/Hammering/samples/00727.png 35
ucf/Hammering/samples/00728.png 35
ucf/Hammering/samples/00729.png 35
ucf/Hammering/samples/00730.png 35
ucf/Hammering/samples/00731.png 35
ucf/Hammering/samples/00732.png 35
ucf/Hammering/samples/00733.png 35
ucf/Hammering/samples/00734.png 35
ucf/Hammering/samples/00735.png 35
ucf/Hammering/samples/00736.png 35
ucf/Hammering/samples/00737.png 35
ucf/Hammering/samples/00738.png 35
ucf/Hammering/samples/00739.png 35
ucf/Hammering/samples/00740.png 35
ucf/Hammering/samples/00741.png 35
ucf/Hammering/samples/00742.png 35
ucf/Hammering/samples/00743.png 35
ucf/Hammering/samples/00744.png 35
ucf/Hammering/samples/00745.png 35
ucf/Hammering/samples/00746.png 35
ucf/Hammering/samples/00747.png 35
ucf/Hammering/samples/00748.png 35
ucf/Hammering/samples/00749.png 35
ucf/Hammering/samples/00750.png 35
ucf/Hammering/samples/00751.png 35
ucf/Hammering/samples/00752.png 35
ucf/Hammering/samples/00753.png 35
ucf/Hammering/samples/00754.png 35
ucf/Hammering/samples/00755.png 35
ucf/Hammering/samples/00756.png 35
ucf/Hammering/samples/00757.png 35
ucf/Hammering/samples/00758.png 35
ucf/Hammering/samples/00759.png 35
ucf/Hammering/samples/00760.png 35
ucf/Hammering/samples/00761.png 35
ucf/Hammering/samples/00762.png 35
ucf/Hammering/samples/00763.png 35
ucf/Hammering/samples/00764.png 35
ucf/Hammering/samples/00765.png 35
ucf/Hammering/samples/00766.png 35
ucf/Hammering/samples/00767.png 35
ucf/Hammering/samples/00768.png 35
ucf/Hammering/samples/00769.png 35
ucf/Hammering/samples/00770.png 35
ucf/Hammering/samples/00771.png 35
ucf/Hammering/samples/00772.png 35
ucf/Hammering/samples/00773.png 35
ucf/Hammering/samples/00774.png 35
ucf/Hammering/samples/00775.png 35
ucf/Hammering/samples/00776.png 35
ucf/Hammering/samples/00777.png 35
ucf/Hammering/samples/00778.png 35
ucf/Hammering/samples/00779.png 35
ucf/Hammering/samples/00780.png 35
ucf/Hammering/samples/00781.png 35
ucf/Hammering/samples/00782.png 35
ucf/Hammering/samples/00783.png 35
ucf/Hammering/samples/00784.png 35
ucf/Hammering/samples/00785.png 35
ucf/Hammering/samples/00786.png 35
ucf/Hammering/samples/00787.png 35
ucf/Hammering/samples/00788.png 35
ucf/Hammering/samples/00789.png 35
ucf/Hammering/samples/00790.png 35
ucf/Hammering/samples/00791.png 35
ucf/Hammering/samples/00792.png 35
ucf/Hammering/samples/00793.png 35
ucf/Hammering/samples/00794.png 35
ucf/Hammering/samples/00795.png 35
ucf/Hammering/samples/00796.png 35
ucf/Hammering/samples/00797.png 35
ucf/Hammering/samples/00798.png 35
ucf/Hammering/samples/00799.png 35
ucf/Hammering/samples/00800.png 35
ucf/Hammering/samples/00801.png 35
ucf/Hammering/samples/00802.png 35
ucf/Hammering/samples/00803.png 35
ucf/Hammering/samples/00804.png 35
ucf/Hammering/samples/00805.png 35
ucf/Hammering/samples/00806.png 35
ucf/Hammering/samples/00807.png 35
ucf/Hammering/samples/00808.png 35
ucf/Hammering/samples/00809.png 35
ucf/Hammering/samples/00810.png 35
ucf/Hammering/samples/00811.png 35
ucf/Hammering/samples/00812.png 35
ucf/Hammering/samples/00813.png 35
ucf/Hammering/samples/00814.png 35
ucf/Hammering/samples/00815.png 35
ucf/Hammering/samples/00816.png 35
ucf/Hammering/samples/00817.png 35
ucf/Hammering/samples/00818.png 35
ucf/Hammering/samples/00819.png 35
ucf/Hammering/samples/00820.png 35
ucf/Hammering/samples/00821.png 35
ucf/Hammering/samples/00822.png 35
ucf/Hammering/samples/00823.png 35
ucf/Hammering/samples/00824.png 35
ucf/Hammering/samples/00825.png 35
ucf/Hammering/samples/00826.png 35
ucf/Hammering/samples/00827.png 35
ucf/Hammering/samples/00828.png 35
ucf/Hammering/samples/00829.png 35
ucf/Hammering/samples/00830.png 35
ucf/Hammering/samples/00831.png 35
ucf/Hammering/samples/00832.png 35
ucf/Hammering/samples/00833.png 35
ucf/Hammering/samples/00834.png 35
ucf/Hammering/samples/00835.png 35
ucf/Hammering/samples/00836.png 35
ucf/Hammering/samples/00837.png 35
ucf/Hammering/samples/00838.png 35
ucf/Hammering/samples/00839.png 35
ucf/Hammering/samples/00840.png 35
ucf/Hammering/samples/00841.png 35
ucf/Hammering/samples/00842.png 35
ucf/Hammering/samples/00843.png 35
ucf/Hammering/samples/00844.png 35
ucf/Hammering/samples/00845.png 35
ucf/Hammering/samples/00846.png 35
ucf/Hammering/samples/00847.png 35
ucf/Hammering/samples/00848.png 35
ucf/Hammering/samples/00849.png 35
ucf/Hammering/samples/00850.png 35
ucf/Hammering/samples/00851.png 35
ucf/Hammering/samples/00852.png 35
ucf/Hammering/samples/00853.png 35
ucf/Hammering/samples/00854.png 35
ucf/Hammering/samples/00855.png 35
ucf/Hammering/samples/00856.png 35
ucf/Hammering/samples/00857.png 35
ucf/Hammering/samples/00858.png 35
ucf/Hammering/samples/00859.png 35
ucf/Hammering/samples/00860.png 35
ucf/Hammering/samples/00861.png 35
ucf/Hammering/samples/00862.png 35
ucf/Hammering/samples/00863.png 35
ucf/Hammering/samples/00864.png 35
ucf/Hammering/samples/00865.png 35
ucf/Hammering/samples/00866.png 35
ucf/Hammering/samples/00867.png 35
ucf/Hammering/samples/00868.png 35
ucf/Hammering/samples/00869.png 35
ucf/Hammering/samples/00870.png 35
ucf/Hammering/samples/00871.png 35
ucf/Hammering/samples/00872.png 35
ucf/Hammering/samples/00873.png 35
ucf/Hammering/samples/00874.png 35
ucf/Hammering/samples/00875.png 35
ucf/Hammering/samples/00876.png 35
ucf/Hammering/samples/00877.png 35
ucf/Hammering/samples/00878.png 35
ucf/Hammering/samples/00879.png 35
ucf/Hammering/samples/00880.png 35
ucf/Hammering/samples/00881.png 35
ucf/Hammering/samples/00882.png 35
ucf/Hammering/samples/00883.png 35
ucf/Hammering/samples/00884.png 35
ucf/Hammering/samples/00885.png 35
ucf/Hammering/samples/00886.png 35
ucf/Hammering/samples/00887.png 35
ucf/Hammering/samples/00888.png 35
ucf/Hammering/samples/00889.png 35
ucf/Hammering/samples/00890.png 35
ucf/Hammering/samples/00891.png 35
ucf/Hammering/samples/00892.png 35
ucf/Hammering/samples/00893.png 35
ucf/Hammering/samples/00894.png 35
ucf/Hammering/samples/00895.png 35
ucf/Hammering/samples/00896.png 35
ucf/Hammering/samples/00897.png 35
ucf/Hammering/samples/00898.png 35
ucf/Hammering/samples/00899.png 35
ucf/Hammering/samples/00900.png 35
ucf/Hammering/samples/00901.png 35
ucf/Hammering/samples/00902.png 35
ucf/Hammering/samples/00903.png 35
ucf/Hammering/samples/00904.png 35
ucf/Hammering/samples/00905.png 35
ucf/Hammering/samples/00906.png 35
ucf/Hammering/samples/00907.png 35
ucf/Hammering/samples/00908.png 35
ucf/Hammering/samples/00909.png 35
ucf/Hammering/samples/00910.png 35
ucf/Hammering/samples/00911.png 35
ucf/Hammering/samples/00912.png 35
ucf/Hammering/samples/00913.png 35
ucf/Hammering/samples/00914.png 35
ucf/Hammering/samples/00915.png 35
ucf/Hammering/samples/00916.png 35
ucf/Hammering/samples/00917.png 35
ucf/Hammering/samples/00918.png 35
ucf/Hammering/samples/00919.png 35
ucf/Hammering/samples/00920.png 35
ucf/Hammering/samples/00921.png 35
ucf/Hammering/samples/00922.png 35
ucf/Hammering/samples/00923.png 35
ucf/Hammering/samples/00924.png 35
ucf/Hammering/samples/00925.png 35
ucf/Hammering/samples/00926.png 35
ucf/Hammering/samples/00927.png 35
ucf/Hammering/samples/00928.png 35
ucf/Hammering/samples/00929.png 35
ucf/Hammering/samples/00930.png 35
ucf/Hammering/samples/00931.png 35
ucf/Hammering/samples/00932.png 35
ucf/Hammering/samples/00933.png 35
ucf/Hammering/samples/00934.png 35
ucf/Hammering/samples/00935.png 35
ucf/Hammering/samples/00936.png 35
ucf/Hammering/samples/00937.png 35
ucf/Hammering/samples/00938.png 35
ucf/Hammering/samples/00939.png 35
ucf/Hammering/samples/00940.png 35
ucf/Hammering/samples/00941.png 35
ucf/Hammering/samples/00942.png 35
ucf/Hammering/samples/00943.png 35
ucf/Hammering/samples/00944.png 35
ucf/Hammering/samples/00945.png 35
ucf/Hammering/samples/00946.png 35
ucf/Hammering/samples/00947.png 35
ucf/Hammering/samples/00948.png 35
ucf/Hammering/samples/00949.png 35
ucf/Hammering/samples/00950.png 35
ucf/Hammering/samples/00951.png 35
ucf/Hammering/samples/00952.png 35
ucf/Hammering/samples/00953.png 35
ucf/Hammering/samples/00954.png 35
ucf/Hammering/samples/00955.png 35
ucf/Hammering/samples/00956.png 35
ucf/Hammering/samples/00957.png 35
ucf/Hammering/samples/00958.png 35
ucf/Hammering/samples/00959.png 35
ucf/Hammering/samples/00960.png 35
ucf/Hammering/samples/00961.png 35
ucf/Hammering/samples/00962.png 35
ucf/Hammering/samples/00963.png 35
ucf/Hammering/samples/00964.png 35
ucf/Hammering/samples/00965.png 35
ucf/Hammering/samples/00966.png 35
ucf/Hammering/samples/00967.png 35
ucf/Hammering/samples/00968.png 35
ucf/Hammering/samples/00969.png 35
ucf/Hammering/samples/00970.png 35
ucf/Hammering/samples/00971.png 35
ucf/Hammering/samples/00972.png 35
ucf/Hammering/samples/00973.png 35
ucf/Hammering/samples/00974.png 35
ucf/Hammering/samples/00975.png 35
ucf/Hammering/samples/00976.png 35
ucf/Hammering/samples/00977.png 35
ucf/Hammering/samples/00978.png 35
ucf/Hammering/samples/00979.png 35
ucf/Hammering/samples/00980.png 35
ucf/Hammering/samples/00981.png 35
ucf/Hammering/samples/00982.png 35
ucf/Hammering/samples/00983.png 35
ucf/Hammering/samples/00984.png 35
ucf/Hammering/samples/00985.png 35
ucf/Hammering/samples/00986.png 35
ucf/Hammering/samples/00987.png 35
ucf/Hammering/samples/00988.png 35
ucf/Hammering/samples/00989.png 35
ucf/Hammering/samples/00990.png 35
ucf/Hammering/samples/00991.png 35
ucf/Hammering/samples/00992.png 35
ucf/Hammering/samples/00993.png 35
ucf/Hammering/samples/00994.png 35
ucf/Hammering/samples/00995.png 35
ucf/Hammering/samples/00996.png 35
ucf/Hammering/samples/00997.png 35
ucf/Hammering/samples/00998.png 35
ucf/Hammering/samples/00999.png 35
ucf/Rowing/samples/00000.png 76
ucf/Rowing/samples/00001.png 76
ucf/Rowing/samples/00002.png 76
ucf/Rowing/samples/00003.png 76
ucf/Rowing/samples/00004.png 76
ucf/Rowing/samples/00005.png 76
ucf/Rowing/samples/00006.png 76
ucf/Rowing/samples/00007.png 76
ucf/Rowing/samples/00008.png 76
ucf/Rowing/samples/00009.png 76
ucf/Rowing/samples/00010.png 76
ucf/Rowing/samples/00011.png 76
ucf/Rowing/samples/00012.png 76
ucf/Rowing/samples/00013.png 76
ucf/Rowing/samples/00014.png 76
ucf/Rowing/samples/00015.png 76
ucf/Rowing/samples/00016.png 76
ucf/Rowing/samples/00017.png 76
ucf/Rowing/samples/00018.png 76
ucf/Rowing/samples/00019.png 76
ucf/Rowing/samples/00020.png 76
ucf/Rowing/samples/00021.png 76
ucf/Rowing/samples/00022.png 76
ucf/Rowing/samples/00023.png 76
ucf/Rowing/samples/00024.png 76
ucf/Rowing/samples/00025.png 76
ucf/Rowing/samples/00026.png 76
ucf/Rowing/samples/00027.png 76
ucf/Rowing/samples/00028.png 76
ucf/Rowing/samples/00029.png 76
ucf/Rowing/samples/00030.png 76
ucf/Rowing/samples/00031.png 76
ucf/Rowing/samples/00032.png 76
ucf/Rowing/samples/00033.png 76
ucf/Rowing/samples/00034.png 76
ucf/Rowing/samples/00035.png 76
ucf/Rowing/samples/00036.png 76
ucf/Rowing/samples/00037.png 76
ucf/Rowing/samples/00038.png 76
ucf/Rowing/samples/00039.png 76
ucf/Rowing/samples/00040.png 76
ucf/Rowing/samples/00041.png 76
ucf/Rowing/samples/00042.png 76
ucf/Rowing/samples/00043.png 76
ucf/Rowing/samples/00044.png 76
ucf/Rowing/samples/00045.png 76
ucf/Rowing/samples/00046.png 76
ucf/Rowing/samples/00047.png 76
ucf/Rowing/samples/00048.png 76
ucf/Rowing/samples/00049.png 76
ucf/Rowing/samples/00050.png 76
ucf/Rowing/samples/00051.png 76
ucf/Rowing/samples/00052.png 76
ucf/Rowing/samples/00053.png 76
ucf/Rowing/samples/00054.png 76
ucf/Rowing/samples/00055.png 76
ucf/Rowing/samples/00056.png 76
ucf/Rowing/samples/00057.png 76
ucf/Rowing/samples/00058.png 76
ucf/Rowing/samples/00059.png 76
ucf/Rowing/samples/00060.png 76
ucf/Rowing/samples/00061.png 76
ucf/Rowing/samples/00062.png 76
ucf/Rowing/samples/00063.png 76
ucf/Rowing/samples/00064.png 76
ucf/Rowing/samples/00065.png 76
ucf/Rowing/samples/00066.png 76
ucf/Rowing/samples/00067.png 76
ucf/Rowing/samples/00068.png 76
ucf/Rowing/samples/00069.png 76
ucf/Rowing/samples/00070.png 76
ucf/Rowing/samples/00071.png 76
ucf/Rowing/samples/00072.png 76
ucf/Rowing/samples/00073.png 76
ucf/Rowing/samples/00074.png 76
ucf/Rowing/samples/00075.png 76
ucf/Rowing/samples/00076.png 76
ucf/Rowing/samples/00077.png 76
ucf/Rowing/samples/00078.png 76
ucf/Rowing/samples/00079.png 76
ucf/Rowing/samples/00080.png 76
ucf/Rowing/samples/00081.png 76
ucf/Rowing/samples/00082.png 76
ucf/Rowing/samples/00083.png 76
ucf/Rowing/samples/00084.png 76
ucf/Rowing/samples/00085.png 76
ucf/Rowing/samples/00086.png 76
ucf/Rowing/samples/00087.png 76
ucf/Rowing/samples/00088.png 76
ucf/Rowing/samples/00089.png 76
ucf/Rowing/samples/00090.png 76
ucf/Rowing/samples/00091.png 76
ucf/Rowing/samples/00092.png 76
ucf/Rowing/samples/00093.png 76
ucf/Rowing/samples/00094.png 76
ucf/Rowing/samples/00095.png 76
ucf/Rowing/samples/00096.png 76
ucf/Rowing/samples/00097.png 76
ucf/Rowing/samples/00098.png 76
ucf/Rowing/samples/00099.png 76
ucf/Rowing/samples/00100.png 76
ucf/Rowing/samples/00101.png 76
ucf/Rowing/samples/00102.png 76
ucf/Rowing/samples/00103.png 76
ucf/Rowing/samples/00104.png 76
ucf/Rowing/samples/00105.png 76
ucf/Rowing/samples/00106.png 76
ucf/Rowing/samples/00107.png 76
ucf/Rowing/samples/00108.png 76
ucf/Rowing/samples/00109.png 76
ucf/Rowing/samples/00110.png 76
ucf/Rowing/samples/00111.png 76
ucf/Rowing/samples/00112.png 76
ucf/Rowing/samples/00113.png 76
ucf/Rowing/samples/00114.png 76
ucf/Rowing/samples/00115.png 76
ucf/Rowing/samples/00116.png 76
ucf/Rowing/samples/00117.png 76
ucf/Rowing/samples/00118.png 76
ucf/Rowing/samples/00119.png 76
ucf/Rowing/samples/00120.png 76
ucf/Rowing/samples/00121.png 76
ucf/Rowing/samples/00122.png 76
ucf/Rowing/samples/00123.png 76
ucf/Rowing/samples/00124.png 76
ucf/Rowing/samples/00125.png 76
ucf/Rowing/samples/00126.png 76
ucf/Rowing/samples/00127.png 76
ucf/Rowing/samples/00128.png 76
ucf/Rowing/samples/00129.png 76
ucf/Rowing/samples/00130.png 76
ucf/Rowing/samples/00131.png 76
ucf/Rowing/samples/00132.png 76
ucf/Rowing/samples/00133.png 76
ucf/Rowing/samples/00134.png 76
ucf/Rowing/samples/00135.png 76
ucf/Rowing/samples/00136.png 76
ucf/Rowing/samples/00137.png 76
ucf/Rowing/samples/00138.png 76
ucf/Rowing/samples/00139.png 76
ucf/Rowing/samples/00140.png 76
ucf/Rowing/samples/00141.png 76
ucf/Rowing/samples/00142.png 76
ucf/Rowing/samples/00143.png 76
ucf/Rowing/samples/00144.png 76
ucf/Rowing/samples/00145.png 76
ucf/Rowing/samples/00146.png 76
ucf/Rowing/samples/00147.png 76
ucf/Rowing/samples/00148.png 76
ucf/Rowing/samples/00149.png 76
ucf/Rowing/samples/00150.png 76
ucf/Rowing/samples/00151.png 76
ucf/Rowing/samples/00152.png 76
ucf/Rowing/samples/00153.png 76
ucf/Rowing/samples/00154.png 76
ucf/Rowing/samples/00155.png 76
ucf/Rowing/samples/00156.png 76
ucf/Rowing/samples/00157.png 76
ucf/Rowing/samples/00158.png 76
ucf/Rowing/samples/00159.png 76
ucf/Rowing/samples/00160.png 76
ucf/Rowing/samples/00161.png 76
ucf/Rowing/samples/00162.png 76
ucf/Rowing/samples/00163.png 76
ucf/Rowing/samples/00164.png 76
ucf/Rowing/samples/00165.png 76
ucf/Rowing/samples/00166.png 76
ucf/Rowing/samples/00167.png 76
ucf/Rowing/samples/00168.png 76
ucf/Rowing/samples/00169.png 76
ucf/Rowing/samples/00170.png 76
ucf/Rowing/samples/00171.png 76
ucf/Rowing/samples/00172.png 76
ucf/Rowing/samples/00173.png 76
ucf/Rowing/samples/00174.png 76
ucf/Rowing/samples/00175.png 76
ucf/Rowing/samples/00176.png 76
ucf/Rowing/samples/00177.png 76
ucf/Rowing/samples/00178.png 76
ucf/Rowing/samples/00179.png 76
ucf/Rowing/samples/00180.png 76
ucf/Rowing/samples/00181.png 76
ucf/Rowing/samples/00182.png 76
ucf/Rowing/samples/00183.png 76
ucf/Rowing/samples/00184.png 76
ucf/Rowing/samples/00185.png 76
ucf/Rowing/samples/00186.png 76
ucf/Rowing/samples/00187.png 76
ucf/Rowing/samples/00188.png 76
ucf/Rowing/samples/00189.png 76
ucf/Rowing/samples/00190.png 76
ucf/Rowing/samples/00191.png 76
ucf/Rowing/samples/00192.png 76
ucf/Rowing/samples/00193.png 76
ucf/Rowing/samples/00194.png 76
ucf/Rowing/samples/00195.png 76
ucf/Rowing/samples/00196.png 76
ucf/Rowing/samples/00197.png 76
ucf/Rowing/samples/00198.png 76
ucf/Rowing/samples/00199.png 76
ucf/Rowing/samples/00200.png 76
ucf/Rowing/samples/00201.png 76
ucf/Rowing/samples/00202.png 76
ucf/Rowing/samples/00203.png 76
ucf/Rowing/samples/00204.png 76
ucf/Rowing/samples/00205.png 76
ucf/Rowing/samples/00206.png 76
ucf/Rowing/samples/00207.png 76
ucf/Rowing/samples/00208.png 76
ucf/Rowing/samples/00209.png 76
ucf/Rowing/samples/00210.png 76
ucf/Rowing/samples/00211.png 76
ucf/Rowing/samples/00212.png 76
ucf/Rowing/samples/00213.png 76
ucf/Rowing/samples/00214.png 76
ucf/Rowing/samples/00215.png 76
ucf/Rowing/samples/00216.png 76
ucf/Rowing/samples/00217.png 76
ucf/Rowing/samples/00218.png 76
ucf/Rowing/samples/00219.png 76
ucf/Rowing/samples/00220.png 76
ucf/Rowing/samples/00221.png 76
ucf/Rowing/samples/00222.png 76
ucf/Rowing/samples/00223.png 76
ucf/Rowing/samples/00224.png 76
ucf/Rowing/samples/00225.png 76
ucf/Rowing/samples/00226.png 76
ucf/Rowing/samples/00227.png 76
ucf/Rowing/samples/00228.png 76
ucf/Rowing/samples/00229.png 76
ucf/Rowing/samples/00230.png 76
ucf/Rowing/samples/00231.png 76
ucf/Rowing/samples/00232.png 76
ucf/Rowing/samples/00233.png 76
ucf/Rowing/samples/00234.png 76
ucf/Rowing/samples/00235.png 76
ucf/Rowing/samples/00236.png 76
ucf/Rowing/samples/00237.png 76
ucf/Rowing/samples/00238.png 76
ucf/Rowing/samples/00239.png 76
ucf/Rowing/samples/00240.png 76
ucf/Rowing/samples/00241.png 76
ucf/Rowing/samples/00242.png 76
ucf/Rowing/samples/00243.png 76
ucf/Rowing/samples/00244.png 76
ucf/Rowing/samples/00245.png 76
ucf/Rowing/samples/00246.png 76
ucf/Rowing/samples/00247.png 76
ucf/Rowing/samples/00248.png 76
ucf/Rowing/samples/00249.png 76
ucf/Rowing/samples/00250.png 76
ucf/Rowing/samples/00251.png 76
ucf/Rowing/samples/00252.png 76
ucf/Rowing/samples/00253.png 76
ucf/Rowing/samples/00254.png 76
ucf/Rowing/samples/00255.png 76
ucf/Rowing/samples/00256.png 76
ucf/Rowing/samples/00257.png 76
ucf/Rowing/samples/00258.png 76
ucf/Rowing/samples/00259.png 76
ucf/Rowing/samples/00260.png 76
ucf/Rowing/samples/00261.png 76
ucf/Rowing/samples/00262.png 76
ucf/Rowing/samples/00263.png 76
ucf/Rowing/samples/00264.png 76
ucf/Rowing/samples/00265.png 76
ucf/Rowing/samples/00266.png 76
ucf/Rowing/samples/00267.png 76
ucf/Rowing/samples/00268.png 76
ucf/Rowing/samples/00269.png 76
ucf/Rowing/samples/00270.png 76
ucf/Rowing/samples/00271.png 76
ucf/Rowing/samples/00272.png 76
ucf/Rowing/samples/00273.png 76
ucf/Rowing/samples/00274.png 76
ucf/Rowing/samples/00275.png 76
ucf/Rowing/samples/00276.png 76
ucf/Rowing/samples/00277.png 76
ucf/Rowing/samples/00278.png 76
ucf/Rowing/samples/00279.png 76
ucf/Rowing/samples/00280.png 76
ucf/Rowing/samples/00281.png 76
ucf/Rowing/samples/00282.png 76
ucf/Rowing/samples/00283.png 76
ucf/Rowing/samples/00284.png 76
ucf/Rowing/samples/00285.png 76
ucf/Rowing/samples/00286.png 76
ucf/Rowing/samples/00287.png 76
ucf/Rowing/samples/00288.png 76
ucf/Rowing/samples/00289.png 76
ucf/Rowing/samples/00290.png 76
ucf/Rowing/samples/00291.png 76
ucf/Rowing/samples/00292.png 76
ucf/Rowing/samples/00293.png 76
ucf/Rowing/samples/00294.png 76
ucf/Rowing/samples/00295.png 76
ucf/Rowing/samples/00296.png 76
ucf/Rowing/samples/00297.png 76
ucf/Rowing/samples/00298.png 76
ucf/Rowing/samples/00299.png 76
ucf/Rowing/samples/00300.png 76
ucf/Rowing/samples/00301.png 76
ucf/Rowing/samples/00302.png 76
ucf/Rowing/samples/00303.png 76
ucf/Rowing/samples/00304.png 76
ucf/Rowing/samples/00305.png 76
ucf/Rowing/samples/00306.png 76
ucf/Rowing/samples/00307.png 76
ucf/Rowing/samples/00308.png 76
ucf/Rowing/samples/00309.png 76
ucf/Rowing/samples/00310.png 76
ucf/Rowing/samples/00311.png 76
ucf/Rowing/samples/00312.png 76
ucf/Rowing/samples/00313.png 76
ucf/Rowing/samples/00314.png 76
ucf/Rowing/samples/00315.png 76
ucf/Rowing/samples/00316.png 76
ucf/Rowing/samples/00317.png 76
ucf/Rowing/samples/00318.png 76
ucf/Rowing/samples/00319.png 76
ucf/Rowing/samples/00320.png 76
ucf/Rowing/samples/00321.png 76
ucf/Rowing/samples/00322.png 76
ucf/Rowing/samples/00323.png 76
ucf/Rowing/samples/00324.png 76
ucf/Rowing/samples/00325.png 76
ucf/Rowing/samples/00326.png 76
ucf/Rowing/samples/00327.png 76
ucf/Rowing/samples/00328.png 76
ucf/Rowing/samples/00329.png 76
ucf/Rowing/samples/00330.png 76
ucf/Rowing/samples/00331.png 76
ucf/Rowing/samples/00332.png 76
ucf/Rowing/samples/00333.png 76
ucf/Rowing/samples/00334.png 76
ucf/Rowing/samples/00335.png 76
ucf/Rowing/samples/00336.png 76
ucf/Rowing/samples/00337.png 76
ucf/Rowing/samples/00338.png 76
ucf/Rowing/samples/00339.png 76
ucf/Rowing/samples/00340.png 76
ucf/Rowing/samples/00341.png 76
ucf/Rowing/samples/00342.png 76
ucf/Rowing/samples/00343.png 76
ucf/Rowing/samples/00344.png 76
ucf/Rowing/samples/00345.png 76
ucf/Rowing/samples/00346.png 76
ucf/Rowing/samples/00347.png 76
ucf/Rowing/samples/00348.png 76
ucf/Rowing/samples/00349.png 76
ucf/Rowing/samples/00350.png 76
ucf/Rowing/samples/00351.png 76
ucf/Rowing/samples/00352.png 76
ucf/Rowing/samples/00353.png 76
ucf/Rowing/samples/00354.png 76
ucf/Rowing/samples/00355.png 76
ucf/Rowing/samples/00356.png 76
ucf/Rowing/samples/00357.png 76
ucf/Rowing/samples/00358.png 76
ucf/Rowing/samples/00359.png 76
ucf/Rowing/samples/00360.png 76
ucf/Rowing/samples/00361.png 76
ucf/Rowing/samples/00362.png 76
ucf/Rowing/samples/00363.png 76
ucf/Rowing/samples/00364.png 76
ucf/Rowing/samples/00365.png 76
ucf/Rowing/samples/00366.png 76
ucf/Rowing/samples/00367.png 76
ucf/Rowing/samples/00368.png 76
ucf/Rowing/samples/00369.png 76
ucf/Rowing/samples/00370.png 76
ucf/Rowing/samples/00371.png 76
ucf/Rowing/samples/00372.png 76
ucf/Rowing/samples/00373.png 76
ucf/Rowing/samples/00374.png 76
ucf/Rowing/samples/00375.png 76
ucf/Rowing/samples/00376.png 76
ucf/Rowing/samples/00377.png 76
ucf/Rowing/samples/00378.png 76
ucf/Rowing/samples/00379.png 76
ucf/Rowing/samples/00380.png 76
ucf/Rowing/samples/00381.png 76
ucf/Rowing/samples/00382.png 76
ucf/Rowing/samples/00383.png 76
ucf/Rowing/samples/00384.png 76
ucf/Rowing/samples/00385.png 76
ucf/Rowing/samples/00386.png 76
ucf/Rowing/samples/00387.png 76
ucf/Rowing/samples/00388.png 76
ucf/Rowing/samples/00389.png 76
ucf/Rowing/samples/00390.png 76
ucf/Rowing/samples/00391.png 76
ucf/Rowing/samples/00392.png 76
ucf/Rowing/samples/00393.png 76
ucf/Rowing/samples/00394.png 76
ucf/Rowing/samples/00395.png 76
ucf/Rowing/samples/00396.png 76
ucf/Rowing/samples/00397.png 76
ucf/Rowing/samples/00398.png 76
ucf/Rowing/samples/00399.png 76
ucf/Rowing/samples/00400.png 76
ucf/Rowing/samples/00401.png 76
ucf/Rowing/samples/00402.png 76
ucf/Rowing/samples/00403.png 76
ucf/Rowing/samples/00404.png 76
ucf/Rowing/samples/00405.png 76
ucf/Rowing/samples/00406.png 76
ucf/Rowing/samples/00407.png 76
ucf/Rowing/samples/00408.png 76
ucf/Rowing/samples/00409.png 76
ucf/Rowing/samples/00410.png 76
ucf/Rowing/samples/00411.png 76
ucf/Rowing/samples/00412.png 76
ucf/Rowing/samples/00413.png 76
ucf/Rowing/samples/00414.png 76
ucf/Rowing/samples/00415.png 76
ucf/Rowing/samples/00416.png 76
ucf/Rowing/samples/00417.png 76
ucf/Rowing/samples/00418.png 76
ucf/Rowing/samples/00419.png 76
ucf/Rowing/samples/00420.png 76
ucf/Rowing/samples/00421.png 76
ucf/Rowing/samples/00422.png 76
ucf/Rowing/samples/00423.png 76
ucf/Rowing/samples/00424.png 76
ucf/Rowing/samples/00425.png 76
ucf/Rowing/samples/00426.png 76
ucf/Rowing/samples/00427.png 76
ucf/Rowing/samples/00428.png 76
ucf/Rowing/samples/00429.png 76
ucf/Rowing/samples/00430.png 76
ucf/Rowing/samples/00431.png 76
ucf/Rowing/samples/00432.png 76
ucf/Rowing/samples/00433.png 76
ucf/Rowing/samples/00434.png 76
ucf/Rowing/samples/00435.png 76
ucf/Rowing/samples/00436.png 76
ucf/Rowing/samples/00437.png 76
ucf/Rowing/samples/00438.png 76
ucf/Rowing/samples/00439.png 76
ucf/Rowing/samples/00440.png 76
ucf/Rowing/samples/00441.png 76
ucf/Rowing/samples/00442.png 76
ucf/Rowing/samples/00443.png 76
ucf/Rowing/samples/00444.png 76
ucf/Rowing/samples/00445.png 76
ucf/Rowing/samples/00446.png 76
ucf/Rowing/samples/00447.png 76
ucf/Rowing/samples/00448.png 76
ucf/Rowing/samples/00449.png 76
ucf/Rowing/samples/00450.png 76
ucf/Rowing/samples/00451.png 76
ucf/Rowing/samples/00452.png 76
ucf/Rowing/samples/00453.png 76
ucf/Rowing/samples/00454.png 76
ucf/Rowing/samples/00455.png 76
ucf/Rowing/samples/00456.png 76
ucf/Rowing/samples/00457.png 76
ucf/Rowing/samples/00458.png 76
ucf/Rowing/samples/00459.png 76
ucf/Rowing/samples/00460.png 76
ucf/Rowing/samples/00461.png 76
ucf/Rowing/samples/00462.png 76
ucf/Rowing/samples/00463.png 76
ucf/Rowing/samples/00464.png 76
ucf/Rowing/samples/00465.png 76
ucf/Rowing/samples/00466.png 76
ucf/Rowing/samples/00467.png 76
ucf/Rowing/samples/00468.png 76
ucf/Rowing/samples/00469.png 76
ucf/Rowing/samples/00470.png 76
ucf/Rowing/samples/00471.png 76
ucf/Rowing/samples/00472.png 76
ucf/Rowing/samples/00473.png 76
ucf/Rowing/samples/00474.png 76
ucf/Rowing/samples/00475.png 76
ucf/Rowing/samples/00476.png 76
ucf/Rowing/samples/00477.png 76
ucf/Rowing/samples/00478.png 76
ucf/Rowing/samples/00479.png 76
ucf/Rowing/samples/00480.png 76
ucf/Rowing/samples/00481.png 76
ucf/Rowing/samples/00482.png 76
ucf/Rowing/samples/00483.png 76
ucf/Rowing/samples/00484.png 76
ucf/Rowing/samples/00485.png 76
ucf/Rowing/samples/00486.png 76
ucf/Rowing/samples/00487.png 76
ucf/Rowing/samples/00488.png 76
ucf/Rowing/samples/00489.png 76
ucf/Rowing/samples/00490.png 76
ucf/Rowing/samples/00491.png 76
ucf/Rowing/samples/00492.png 76
ucf/Rowing/samples/00493.png 76
ucf/Rowing/samples/00494.png 76
ucf/Rowing/samples/00495.png 76
ucf/Rowing/samples/00496.png 76
ucf/Rowing/samples/00497.png 76
ucf/Rowing/samples/00498.png 76
ucf/Rowing/samples/00499.png 76
ucf/Rowing/samples/00500.png 76
ucf/Rowing/samples/00501.png 76
ucf/Rowing/samples/00502.png 76
ucf/Rowing/samples/00503.png 76
ucf/Rowing/samples/00504.png 76
ucf/Rowing/samples/00505.png 76
ucf/Rowing/samples/00506.png 76
ucf/Rowing/samples/00507.png 76
ucf/Rowing/samples/00508.png 76
ucf/Rowing/samples/00509.png 76
ucf/Rowing/samples/00510.png 76
ucf/Rowing/samples/00511.png 76
ucf/Rowing/samples/00512.png 76
ucf/Rowing/samples/00513.png 76
ucf/Rowing/samples/00514.png 76
ucf/Rowing/samples/00515.png 76
ucf/Rowing/samples/00516.png 76
ucf/Rowing/samples/00517.png 76
ucf/Rowing/samples/00518.png 76
ucf/Rowing/samples/00519.png 76
ucf/Rowing/samples/00520.png 76
ucf/Rowing/samples/00521.png 76
ucf/Rowing/samples/00522.png 76
ucf/Rowing/samples/00523.png 76
ucf/Rowing/samples/00524.png 76
ucf/Rowing/samples/00525.png 76
ucf/Rowing/samples/00526.png 76
ucf/Rowing/samples/00527.png 76
ucf/Rowing/samples/00528.png 76
ucf/Rowing/samples/00529.png 76
ucf/Rowing/samples/00530.png 76
ucf/Rowing/samples/00531.png 76
ucf/Rowing/samples/00532.png 76
ucf/Rowing/samples/00533.png 76
ucf/Rowing/samples/00534.png 76
ucf/Rowing/samples/00535.png 76
ucf/Rowing/samples/00536.png 76
ucf/Rowing/samples/00537.png 76
ucf/Rowing/samples/00538.png 76
ucf/Rowing/samples/00539.png 76
ucf/Rowing/samples/00540.png 76
ucf/Rowing/samples/00541.png 76
ucf/Rowing/samples/00542.png 76
ucf/Rowing/samples/00543.png 76
ucf/Rowing/samples/00544.png 76
ucf/Rowing/samples/00545.png 76
ucf/Rowing/samples/00546.png 76
ucf/Rowing/samples/00547.png 76
ucf/Rowing/samples/00548.png 76
ucf/Rowing/samples/00549.png 76
ucf/Rowing/samples/00550.png 76
ucf/Rowing/samples/00551.png 76
ucf/Rowing/samples/00552.png 76
ucf/Rowing/samples/00553.png 76
ucf/Rowing/samples/00554.png 76
ucf/Rowing/samples/00555.png 76
ucf/Rowing/samples/00556.png 76
ucf/Rowing/samples/00557.png 76
ucf/Rowing/samples/00558.png 76
ucf/Rowing/samples/00559.png 76
ucf/Rowing/samples/00560.png 76
ucf/Rowing/samples/00561.png 76
ucf/Rowing/samples/00562.png 76
ucf/Rowing/samples/00563.png 76
ucf/Rowing/samples/00564.png 76
ucf/Rowing/samples/00565.png 76
ucf/Rowing/samples/00566.png 76
ucf/Rowing/samples/00567.png 76
ucf/Rowing/samples/00568.png 76
ucf/Rowing/samples/00569.png 76
ucf/Rowing/samples/00570.png 76
ucf/Rowing/samples/00571.png 76
ucf/Rowing/samples/00572.png 76
ucf/Rowing/samples/00573.png 76
ucf/Rowing/samples/00574.png 76
ucf/Rowing/samples/00575.png 76
ucf/Rowing/samples/00576.png 76
ucf/Rowing/samples/00577.png 76
ucf/Rowing/samples/00578.png 76
ucf/Rowing/samples/00579.png 76
ucf/Rowing/samples/00580.png 76
ucf/Rowing/samples/00581.png 76
ucf/Rowing/samples/00582.png 76
ucf/Rowing/samples/00583.png 76
ucf/Rowing/samples/00584.png 76
ucf/Rowing/samples/00585.png 76
ucf/Rowing/samples/00586.png 76
ucf/Rowing/samples/00587.png 76
ucf/Rowing/samples/00588.png 76
ucf/Rowing/samples/00589.png 76
ucf/Rowing/samples/00590.png 76
ucf/Rowing/samples/00591.png 76
ucf/Rowing/samples/00592.png 76
ucf/Rowing/samples/00593.png 76
ucf/Rowing/samples/00594.png 76
ucf/Rowing/samples/00595.png 76
ucf/Rowing/samples/00596.png 76
ucf/Rowing/samples/00597.png 76
ucf/Rowing/samples/00598.png 76
ucf/Rowing/samples/00599.png 76
ucf/Rowing/samples/00600.png 76
ucf/Rowing/samples/00601.png 76
ucf/Rowing/samples/00602.png 76
ucf/Rowing/samples/00603.png 76
ucf/Rowing/samples/00604.png 76
ucf/Rowing/samples/00605.png 76
ucf/Rowing/samples/00606.png 76
ucf/Rowing/samples/00607.png 76
ucf/Rowing/samples/00608.png 76
ucf/Rowing/samples/00609.png 76
ucf/Rowing/samples/00610.png 76
ucf/Rowing/samples/00611.png 76
ucf/Rowing/samples/00612.png 76
ucf/Rowing/samples/00613.png 76
ucf/Rowing/samples/00614.png 76
ucf/Rowing/samples/00615.png 76
ucf/Rowing/samples/00616.png 76
ucf/Rowing/samples/00617.png 76
ucf/Rowing/samples/00618.png 76
ucf/Rowing/samples/00619.png 76
ucf/Rowing/samples/00620.png 76
ucf/Rowing/samples/00621.png 76
ucf/Rowing/samples/00622.png 76
ucf/Rowing/samples/00623.png 76
ucf/Rowing/samples/00624.png 76
ucf/Rowing/samples/00625.png 76
ucf/Rowing/samples/00626.png 76
ucf/Rowing/samples/00627.png 76
ucf/Rowing/samples/00628.png 76
ucf/Rowing/samples/00629.png 76
ucf/Rowing/samples/00630.png 76
ucf/Rowing/samples/00631.png 76
ucf/Rowing/samples/00632.png 76
ucf/Rowing/samples/00633.png 76
ucf/Rowing/samples/00634.png 76
ucf/Rowing/samples/00635.png 76
ucf/Rowing/samples/00636.png 76
ucf/Rowing/samples/00637.png 76
ucf/Rowing/samples/00638.png 76
ucf/Rowing/samples/00639.png 76
ucf/Rowing/samples/00640.png 76
ucf/Rowing/samples/00641.png 76
ucf/Rowing/samples/00642.png 76
ucf/Rowing/samples/00643.png 76
ucf/Rowing/samples/00644.png 76
ucf/Rowing/samples/00645.png 76
ucf/Rowing/samples/00646.png 76
ucf/Rowing/samples/00647.png 76
ucf/Rowing/samples/00648.png 76
ucf/Rowing/samples/00649.png 76
ucf/Rowing/samples/00650.png 76
ucf/Rowing/samples/00651.png 76
ucf/Rowing/samples/00652.png 76
ucf/Rowing/samples/00653.png 76
ucf/Rowing/samples/00654.png 76
ucf/Rowing/samples/00655.png 76
ucf/Rowing/samples/00656.png 76
ucf/Rowing/samples/00657.png 76
ucf/Rowing/samples/00658.png 76
ucf/Rowing/samples/00659.png 76
ucf/Rowing/samples/00660.png 76
ucf/Rowing/samples/00661.png 76
ucf/Rowing/samples/00662.png 76
ucf/Rowing/samples/00663.png 76
ucf/Rowing/samples/00664.png 76
ucf/Rowing/samples/00665.png 76
ucf/Rowing/samples/00666.png 76
ucf/Rowing/samples/00667.png 76
ucf/Rowing/samples/00668.png 76
ucf/Rowing/samples/00669.png 76
ucf/Rowing/samples/00670.png 76
ucf/Rowing/samples/00671.png 76
ucf/Rowing/samples/00672.png 76
ucf/Rowing/samples/00673.png 76
ucf/Rowing/samples/00674.png 76
ucf/Rowing/samples/00675.png 76
ucf/Rowing/samples/00676.png 76
ucf/Rowing/samples/00677.png 76
ucf/Rowing/samples/00678.png 76
ucf/Rowing/samples/00679.png 76
ucf/Rowing/samples/00680.png 76
ucf/Rowing/samples/00681.png 76
ucf/Rowing/samples/00682.png 76
ucf/Rowing/samples/00683.png 76
ucf/Rowing/samples/00684.png 76
ucf/Rowing/samples/00685.png 76
ucf/Rowing/samples/00686.png 76
ucf/Rowing/samples/00687.png 76
ucf/Rowing/samples/00688.png 76
ucf/Rowing/samples/00689.png 76
ucf/Rowing/samples/00690.png 76
ucf/Rowing/samples/00691.png 76
ucf/Rowing/samples/00692.png 76
ucf/Rowing/samples/00693.png 76
ucf/Rowing/samples/00694.png 76
ucf/Rowing/samples/00695.png 76
ucf/Rowing/samples/00696.png 76
ucf/Rowing/samples/00697.png 76
ucf/Rowing/samples/00698.png 76
ucf/Rowing/samples/00699.png 76
ucf/Rowing/samples/00700.png 76
ucf/Rowing/samples/00701.png 76
ucf/Rowing/samples/00702.png 76
ucf/Rowing/samples/00703.png 76
ucf/Rowing/samples/00704.png 76
ucf/Rowing/samples/00705.png 76
ucf/Rowing/samples/00706.png 76
ucf/Rowing/samples/00707.png 76
ucf/Rowing/samples/00708.png 76
ucf/Rowing/samples/00709.png 76
ucf/Rowing/samples/00710.png 76
ucf/Rowing/samples/00711.png 76
ucf/Rowing/samples/00712.png 76
ucf/Rowing/samples/00713.png 76
ucf/Rowing/samples/00714.png 76
ucf/Rowing/samples/00715.png 76
ucf/Rowing/samples/00716.png 76
ucf/Rowing/samples/00717.png 76
ucf/Rowing/samples/00718.png 76
ucf/Rowing/samples/00719.png 76
ucf/Rowing/samples/00720.png 76
ucf/Rowing/samples/00721.png 76
ucf/Rowing/samples/00722.png 76
ucf/Rowing/samples/00723.png 76
ucf/Rowing/samples/00724.png 76
ucf/Rowing/samples/00725.png 76
ucf/Rowing/samples/00726.png 76
ucf/Rowing/samples/00727.png 76
ucf/Rowing/samples/00728.png 76
ucf/Rowing/samples/00729.png 76
ucf/Rowing/samples/00730.png 76
ucf/Rowing/samples/00731.png 76
ucf/Rowing/samples/00732.png 76
ucf/Rowing/samples/00733.png 76
ucf/Rowing/samples/00734.png 76
ucf/Rowing/samples/00735.png 76
ucf/Rowing/samples/00736.png 76
ucf/Rowing/samples/00737.png 76
ucf/Rowing/samples/00738.png 76
ucf/Rowing/samples/00739.png 76
ucf/Rowing/samples/00740.png 76
ucf/Rowing/samples/00741.png 76
ucf/Rowing/samples/00742.png 76
ucf/Rowing/samples/00743.png 76
ucf/Rowing/samples/00744.png 76
ucf/Rowing/samples/00745.png 76
ucf/Rowing/samples/00746.png 76
ucf/Rowing/samples/00747.png 76
ucf/Rowing/samples/00748.png 76
ucf/Rowing/samples/00749.png 76
ucf/Rowing/samples/00750.png 76
ucf/Rowing/samples/00751.png 76
ucf/Rowing/samples/00752.png 76
ucf/Rowing/samples/00753.png 76
ucf/Rowing/samples/00754.png 76
ucf/Rowing/samples/00755.png 76
ucf/Rowing/samples/00756.png 76
ucf/Rowing/samples/00757.png 76
ucf/Rowing/samples/00758.png 76
ucf/Rowing/samples/00759.png 76
ucf/Rowing/samples/00760.png 76
ucf/Rowing/samples/00761.png 76
ucf/Rowing/samples/00762.png 76
ucf/Rowing/samples/00763.png 76
ucf/Rowing/samples/00764.png 76
ucf/Rowing/samples/00765.png 76
ucf/Rowing/samples/00766.png 76
ucf/Rowing/samples/00767.png 76
ucf/Rowing/samples/00768.png 76
ucf/Rowing/samples/00769.png 76
ucf/Rowing/samples/00770.png 76
ucf/Rowing/samples/00771.png 76
ucf/Rowing/samples/00772.png 76
ucf/Rowing/samples/00773.png 76
ucf/Rowing/samples/00774.png 76
ucf/Rowing/samples/00775.png 76
ucf/Rowing/samples/00776.png 76
ucf/Rowing/samples/00777.png 76
ucf/Rowing/samples/00778.png 76
ucf/Rowing/samples/00779.png 76
ucf/Rowing/samples/00780.png 76
ucf/Rowing/samples/00781.png 76
ucf/Rowing/samples/00782.png 76
ucf/Rowing/samples/00783.png 76
ucf/Rowing/samples/00784.png 76
ucf/Rowing/samples/00785.png 76
ucf/Rowing/samples/00786.png 76
ucf/Rowing/samples/00787.png 76
ucf/Rowing/samples/00788.png 76
ucf/Rowing/samples/00789.png 76
ucf/Rowing/samples/00790.png 76
ucf/Rowing/samples/00791.png 76
ucf/Rowing/samples/00792.png 76
ucf/Rowing/samples/00793.png 76
ucf/Rowing/samples/00794.png 76
ucf/Rowing/samples/00795.png 76
ucf/Rowing/samples/00796.png 76
ucf/Rowing/samples/00797.png 76
ucf/Rowing/samples/00798.png 76
ucf/Rowing/samples/00799.png 76
ucf/Rowing/samples/00800.png 76
ucf/Rowing/samples/00801.png 76
ucf/Rowing/samples/00802.png 76
ucf/Rowing/samples/00803.png 76
ucf/Rowing/samples/00804.png 76
ucf/Rowing/samples/00805.png 76
ucf/Rowing/samples/00806.png 76
ucf/Rowing/samples/00807.png 76
ucf/Rowing/samples/00808.png 76
ucf/Rowing/samples/00809.png 76
ucf/Rowing/samples/00810.png 76
ucf/Rowing/samples/00811.png 76
ucf/Rowing/samples/00812.png 76
ucf/Rowing/samples/00813.png 76
ucf/Rowing/samples/00814.png 76
ucf/Rowing/samples/00815.png 76
ucf/Rowing/samples/00816.png 76
ucf/Rowing/samples/00817.png 76
ucf/Rowing/samples/00818.png 76
ucf/Rowing/samples/00819.png 76
ucf/Rowing/samples/00820.png 76
ucf/Rowing/samples/00821.png 76
ucf/Rowing/samples/00822.png 76
ucf/Rowing/samples/00823.png 76
ucf/Rowing/samples/00824.png 76
ucf/Rowing/samples/00825.png 76
ucf/Rowing/samples/00826.png 76
ucf/Rowing/samples/00827.png 76
ucf/Rowing/samples/00828.png 76
ucf/Rowing/samples/00829.png 76
ucf/Rowing/samples/00830.png 76
ucf/Rowing/samples/00831.png 76
ucf/Rowing/samples/00832.png 76
ucf/Rowing/samples/00833.png 76
ucf/Rowing/samples/00834.png 76
ucf/Rowing/samples/00835.png 76
ucf/Rowing/samples/00836.png 76
ucf/Rowing/samples/00837.png 76
ucf/Rowing/samples/00838.png 76
ucf/Rowing/samples/00839.png 76
ucf/Rowing/samples/00840.png 76
ucf/Rowing/samples/00841.png 76
ucf/Rowing/samples/00842.png 76
ucf/Rowing/samples/00843.png 76
ucf/Rowing/samples/00844.png 76
ucf/Rowing/samples/00845.png 76
ucf/Rowing/samples/00846.png 76
ucf/Rowing/samples/00847.png 76
ucf/Rowing/samples/00848.png 76
ucf/Rowing/samples/00849.png 76
ucf/Rowing/samples/00850.png 76
ucf/Rowing/samples/00851.png 76
ucf/Rowing/samples/00852.png 76
ucf/Rowing/samples/00853.png 76
ucf/Rowing/samples/00854.png 76
ucf/Rowing/samples/00855.png 76
ucf/Rowing/samples/00856.png 76
ucf/Rowing/samples/00857.png 76
ucf/Rowing/samples/00858.png 76
ucf/Rowing/samples/00859.png 76
ucf/Rowing/samples/00860.png 76
ucf/Rowing/samples/00861.png 76
ucf/Rowing/samples/00862.png 76
ucf/Rowing/samples/00863.png 76
ucf/Rowing/samples/00864.png 76
ucf/Rowing/samples/00865.png 76
ucf/Rowing/samples/00866.png 76
ucf/Rowing/samples/00867.png 76
ucf/Rowing/samples/00868.png 76
ucf/Rowing/samples/00869.png 76
ucf/Rowing/samples/00870.png 76
ucf/Rowing/samples/00871.png 76
ucf/Rowing/samples/00872.png 76
ucf/Rowing/samples/00873.png 76
ucf/Rowing/samples/00874.png 76
ucf/Rowing/samples/00875.png 76
ucf/Rowing/samples/00876.png 76
ucf/Rowing/samples/00877.png 76
ucf/Rowing/samples/00878.png 76
ucf/Rowing/samples/00879.png 76
ucf/Rowing/samples/00880.png 76
ucf/Rowing/samples/00881.png 76
ucf/Rowing/samples/00882.png 76
ucf/Rowing/samples/00883.png 76
ucf/Rowing/samples/00884.png 76
ucf/Rowing/samples/00885.png 76
ucf/Rowing/samples/00886.png 76
ucf/Rowing/samples/00887.png 76
ucf/Rowing/samples/00888.png 76
ucf/Rowing/samples/00889.png 76
ucf/Rowing/samples/00890.png 76
ucf/Rowing/samples/00891.png 76
ucf/Rowing/samples/00892.png 76
ucf/Rowing/samples/00893.png 76
ucf/Rowing/samples/00894.png 76
ucf/Rowing/samples/00895.png 76
ucf/Rowing/samples/00896.png 76
ucf/Rowing/samples/00897.png 76
ucf/Rowing/samples/00898.png 76
ucf/Rowing/samples/00899.png 76
ucf/Rowing/samples/00900.png 76
ucf/Rowing/samples/00901.png 76
ucf/Rowing/samples/00902.png 76
ucf/Rowing/samples/00903.png 76
ucf/Rowing/samples/00904.png 76
ucf/Rowing/samples/00905.png 76
ucf/Rowing/samples/00906.png 76
ucf/Rowing/samples/00907.png 76
ucf/Rowing/samples/00908.png 76
ucf/Rowing/samples/00909.png 76
ucf/Rowing/samples/00910.png 76
ucf/Rowing/samples/00911.png 76
ucf/Rowing/samples/00912.png 76
ucf/Rowing/samples/00913.png 76
ucf/Rowing/samples/00914.png 76
ucf/Rowing/samples/00915.png 76
ucf/Rowing/samples/00916.png 76
ucf/Rowing/samples/00917.png 76
ucf/Rowing/samples/00918.png 76
ucf/Rowing/samples/00919.png 76
ucf/Rowing/samples/00920.png 76
ucf/Rowing/samples/00921.png 76
ucf/Rowing/samples/00922.png 76
ucf/Rowing/samples/00923.png 76
ucf/Rowing/samples/00924.png 76
ucf/Rowing/samples/00925.png 76
ucf/Rowing/samples/00926.png 76
ucf/Rowing/samples/00927.png 76
ucf/Rowing/samples/00928.png 76
ucf/Rowing/samples/00929.png 76
ucf/Rowing/samples/00930.png 76
ucf/Rowing/samples/00931.png 76
ucf/Rowing/samples/00932.png 76
ucf/Rowing/samples/00933.png 76
ucf/Rowing/samples/00934.png 76
ucf/Rowing/samples/00935.png 76
ucf/Rowing/samples/00936.png 76
ucf/Rowing/samples/00937.png 76
ucf/Rowing/samples/00938.png 76
ucf/Rowing/samples/00939.png 76
ucf/Rowing/samples/00940.png 76
ucf/Rowing/samples/00941.png 76
ucf/Rowing/samples/00942.png 76
ucf/Rowing/samples/00943.png 76
ucf/Rowing/samples/00944.png 76
ucf/Rowing/samples/00945.png 76
ucf/Rowing/samples/00946.png 76
ucf/Rowing/samples/00947.png 76
ucf/Rowing/samples/00948.png 76
ucf/Rowing/samples/00949.png 76
ucf/Rowing/samples/00950.png 76
ucf/Rowing/samples/00951.png 76
ucf/Rowing/samples/00952.png 76
ucf/Rowing/samples/00953.png 76
ucf/Rowing/samples/00954.png 76
ucf/Rowing/samples/00955.png 76
ucf/Rowing/samples/00956.png 76
ucf/Rowing/samples/00957.png 76
ucf/Rowing/samples/00958.png 76
ucf/Rowing/samples/00959.png 76
ucf/Rowing/samples/00960.png 76
ucf/Rowing/samples/00961.png 76
ucf/Rowing/samples/00962.png 76
ucf/Rowing/samples/00963.png 76
ucf/Rowing/samples/00964.png 76
ucf/Rowing/samples/00965.png 76
ucf/Rowing/samples/00966.png 76
ucf/Rowing/samples/00967.png 76
ucf/Rowing/samples/00968.png 76
ucf/Rowing/samples/00969.png 76
ucf/Rowing/samples/00970.png 76
ucf/Rowing/samples/00971.png 76
ucf/Rowing/samples/00972.png 76
ucf/Rowing/samples/00973.png 76
ucf/Rowing/samples/00974.png 76
ucf/Rowing/samples/00975.png 76
ucf/Rowing/samples/00976.png 76
ucf/Rowing/samples/00977.png 76
ucf/Rowing/samples/00978.png 76
ucf/Rowing/samples/00979.png 76
ucf/Rowing/samples/00980.png 76
ucf/Rowing/samples/00981.png 76
ucf/Rowing/samples/00982.png 76
ucf/Rowing/samples/00983.png 76
ucf/Rowing/samples/00984.png 76
ucf/Rowing/samples/00985.png 76
ucf/Rowing/samples/00986.png 76
ucf/Rowing/samples/00987.png 76
ucf/Rowing/samples/00988.png 76
ucf/Rowing/samples/00989.png 76
ucf/Rowing/samples/00990.png 76
ucf/Rowing/samples/00991.png 76
ucf/Rowing/samples/00992.png 76
ucf/Rowing/samples/00993.png 76
ucf/Rowing/samples/00994.png 76
ucf/Rowing/samples/00995.png 76
ucf/Rowing/samples/00996.png 76
ucf/Rowing/samples/00997.png 76
ucf/Rowing/samples/00998.png 76
ucf/Rowing/samples/00999.png 76
ucf/SumoWrestling/samples/00000.png 87
ucf/SumoWrestling/samples/00001.png 87
ucf/SumoWrestling/samples/00002.png 87
ucf/SumoWrestling/samples/00003.png 87
ucf/SumoWrestling/samples/00004.png 87
ucf/SumoWrestling/samples/00005.png 87
ucf/SumoWrestling/samples/00006.png 87
ucf/SumoWrestling/samples/00007.png 87
ucf/SumoWrestling/samples/00008.png 87
ucf/SumoWrestling/samples/00009.png 87
ucf/SumoWrestling/samples/00010.png 87
ucf/SumoWrestling/samples/00011.png 87
ucf/SumoWrestling/samples/00012.png 87
ucf/SumoWrestling/samples/00013.png 87
ucf/SumoWrestling/samples/00014.png 87
ucf/SumoWrestling/samples/00015.png 87
ucf/SumoWrestling/samples/00016.png 87
ucf/SumoWrestling/samples/00017.png 87
ucf/SumoWrestling/samples/00018.png 87
ucf/SumoWrestling/samples/00019.png 87
ucf/SumoWrestling/samples/00020.png 87
ucf/SumoWrestling/samples/00021.png 87
ucf/SumoWrestling/samples/00022.png 87
ucf/SumoWrestling/samples/00023.png 87
ucf/SumoWrestling/samples/00024.png 87
ucf/SumoWrestling/samples/00025.png 87
ucf/SumoWrestling/samples/00026.png 87
ucf/SumoWrestling/samples/00027.png 87
ucf/SumoWrestling/samples/00028.png 87
ucf/SumoWrestling/samples/00029.png 87
ucf/SumoWrestling/samples/00030.png 87
ucf/SumoWrestling/samples/00031.png 87
ucf/SumoWrestling/samples/00032.png 87
ucf/SumoWrestling/samples/00033.png 87
ucf/SumoWrestling/samples/00034.png 87
ucf/SumoWrestling/samples/00035.png 87
ucf/SumoWrestling/samples/00036.png 87
ucf/SumoWrestling/samples/00037.png 87
ucf/SumoWrestling/samples/00038.png 87
ucf/SumoWrestling/samples/00039.png 87
ucf/SumoWrestling/samples/00040.png 87
ucf/SumoWrestling/samples/00041.png 87
ucf/SumoWrestling/samples/00042.png 87
ucf/SumoWrestling/samples/00043.png 87
ucf/SumoWrestling/samples/00044.png 87
ucf/SumoWrestling/samples/00045.png 87
ucf/SumoWrestling/samples/00046.png 87
ucf/SumoWrestling/samples/00047.png 87
ucf/SumoWrestling/samples/00048.png 87
ucf/SumoWrestling/samples/00049.png 87
ucf/SumoWrestling/samples/00050.png 87
ucf/SumoWrestling/samples/00051.png 87
ucf/SumoWrestling/samples/00052.png 87
ucf/SumoWrestling/samples/00053.png 87
ucf/SumoWrestling/samples/00054.png 87
ucf/SumoWrestling/samples/00055.png 87
ucf/SumoWrestling/samples/00056.png 87
ucf/SumoWrestling/samples/00057.png 87
ucf/SumoWrestling/samples/00058.png 87
ucf/SumoWrestling/samples/00059.png 87
ucf/SumoWrestling/samples/00060.png 87
ucf/SumoWrestling/samples/00061.png 87
ucf/SumoWrestling/samples/00062.png 87
ucf/SumoWrestling/samples/00063.png 87
ucf/SumoWrestling/samples/00064.png 87
ucf/SumoWrestling/samples/00065.png 87
ucf/SumoWrestling/samples/00066.png 87
ucf/SumoWrestling/samples/00067.png 87
ucf/SumoWrestling/samples/00068.png 87
ucf/SumoWrestling/samples/00069.png 87
ucf/SumoWrestling/samples/00070.png 87
ucf/SumoWrestling/samples/00071.png 87
ucf/SumoWrestling/samples/00072.png 87
ucf/SumoWrestling/samples/00073.png 87
ucf/SumoWrestling/samples/00074.png 87
ucf/SumoWrestling/samples/00075.png 87
ucf/SumoWrestling/samples/00076.png 87
ucf/SumoWrestling/samples/00077.png 87
ucf/SumoWrestling/samples/00078.png 87
ucf/SumoWrestling/samples/00079.png 87
ucf/SumoWrestling/samples/00080.png 87
ucf/SumoWrestling/samples/00081.png 87
ucf/SumoWrestling/samples/00082.png 87
ucf/SumoWrestling/samples/00083.png 87
ucf/SumoWrestling/samples/00084.png 87
ucf/SumoWrestling/samples/00085.png 87
ucf/SumoWrestling/samples/00086.png 87
ucf/SumoWrestling/samples/00087.png 87
ucf/SumoWrestling/samples/00088.png 87
ucf/SumoWrestling/samples/00089.png 87
ucf/SumoWrestling/samples/00090.png 87
ucf/SumoWrestling/samples/00091.png 87
ucf/SumoWrestling/samples/00092.png 87
ucf/SumoWrestling/samples/00093.png 87
ucf/SumoWrestling/samples/00094.png 87
ucf/SumoWrestling/samples/00095.png 87
ucf/SumoWrestling/samples/00096.png 87
ucf/SumoWrestling/samples/00097.png 87
ucf/SumoWrestling/samples/00098.png 87
ucf/SumoWrestling/samples/00099.png 87
ucf/SumoWrestling/samples/00100.png 87
ucf/SumoWrestling/samples/00101.png 87
ucf/SumoWrestling/samples/00102.png 87
ucf/SumoWrestling/samples/00103.png 87
ucf/SumoWrestling/samples/00104.png 87
ucf/SumoWrestling/samples/00105.png 87
ucf/SumoWrestling/samples/00106.png 87
ucf/SumoWrestling/samples/00107.png 87
ucf/SumoWrestling/samples/00108.png 87
ucf/SumoWrestling/samples/00109.png 87
ucf/SumoWrestling/samples/00110.png 87
ucf/SumoWrestling/samples/00111.png 87
ucf/SumoWrestling/samples/00112.png 87
ucf/SumoWrestling/samples/00113.png 87
ucf/SumoWrestling/samples/00114.png 87
ucf/SumoWrestling/samples/00115.png 87
ucf/SumoWrestling/samples/00116.png 87
ucf/SumoWrestling/samples/00117.png 87
ucf/SumoWrestling/samples/00118.png 87
ucf/SumoWrestling/samples/00119.png 87
ucf/SumoWrestling/samples/00120.png 87
ucf/SumoWrestling/samples/00121.png 87
ucf/SumoWrestling/samples/00122.png 87
ucf/SumoWrestling/samples/00123.png 87
ucf/SumoWrestling/samples/00124.png 87
ucf/SumoWrestling/samples/00125.png 87
ucf/SumoWrestling/samples/00126.png 87
ucf/SumoWrestling/samples/00127.png 87
ucf/SumoWrestling/samples/00128.png 87
ucf/SumoWrestling/samples/00129.png 87
ucf/SumoWrestling/samples/00130.png 87
ucf/SumoWrestling/samples/00131.png 87
ucf/SumoWrestling/samples/00132.png 87
ucf/SumoWrestling/samples/00133.png 87
ucf/SumoWrestling/samples/00134.png 87
ucf/SumoWrestling/samples/00135.png 87
ucf/SumoWrestling/samples/00136.png 87
ucf/SumoWrestling/samples/00137.png 87
ucf/SumoWrestling/samples/00138.png 87
ucf/SumoWrestling/samples/00139.png 87
ucf/SumoWrestling/samples/00140.png 87
ucf/SumoWrestling/samples/00141.png 87
ucf/SumoWrestling/samples/00142.png 87
ucf/SumoWrestling/samples/00143.png 87
ucf/SumoWrestling/samples/00144.png 87
ucf/SumoWrestling/samples/00145.png 87
ucf/SumoWrestling/samples/00146.png 87
ucf/SumoWrestling/samples/00147.png 87
ucf/SumoWrestling/samples/00148.png 87
ucf/SumoWrestling/samples/00149.png 87
ucf/SumoWrestling/samples/00150.png 87
ucf/SumoWrestling/samples/00151.png 87
ucf/SumoWrestling/samples/00152.png 87
ucf/SumoWrestling/samples/00153.png 87
ucf/SumoWrestling/samples/00154.png 87
ucf/SumoWrestling/samples/00155.png 87
ucf/SumoWrestling/samples/00156.png 87
ucf/SumoWrestling/samples/00157.png 87
ucf/SumoWrestling/samples/00158.png 87
ucf/SumoWrestling/samples/00159.png 87
ucf/SumoWrestling/samples/00160.png 87
ucf/SumoWrestling/samples/00161.png 87
ucf/SumoWrestling/samples/00162.png 87
ucf/SumoWrestling/samples/00163.png 87
ucf/SumoWrestling/samples/00164.png 87
ucf/SumoWrestling/samples/00165.png 87
ucf/SumoWrestling/samples/00166.png 87
ucf/SumoWrestling/samples/00167.png 87
ucf/SumoWrestling/samples/00168.png 87
ucf/SumoWrestling/samples/00169.png 87
ucf/SumoWrestling/samples/00170.png 87
ucf/SumoWrestling/samples/00171.png 87
ucf/SumoWrestling/samples/00172.png 87
ucf/SumoWrestling/samples/00173.png 87
ucf/SumoWrestling/samples/00174.png 87
ucf/SumoWrestling/samples/00175.png 87
ucf/SumoWrestling/samples/00176.png 87
ucf/SumoWrestling/samples/00177.png 87
ucf/SumoWrestling/samples/00178.png 87
ucf/SumoWrestling/samples/00179.png 87
ucf/SumoWrestling/samples/00180.png 87
ucf/SumoWrestling/samples/00181.png 87
ucf/SumoWrestling/samples/00182.png 87
ucf/SumoWrestling/samples/00183.png 87
ucf/SumoWrestling/samples/00184.png 87
ucf/SumoWrestling/samples/00185.png 87
ucf/SumoWrestling/samples/00186.png 87
ucf/SumoWrestling/samples/00187.png 87
ucf/SumoWrestling/samples/00188.png 87
ucf/SumoWrestling/samples/00189.png 87
ucf/SumoWrestling/samples/00190.png 87
ucf/SumoWrestling/samples/00191.png 87
ucf/SumoWrestling/samples/00192.png 87
ucf/SumoWrestling/samples/00193.png 87
ucf/SumoWrestling/samples/00194.png 87
ucf/SumoWrestling/samples/00195.png 87
ucf/SumoWrestling/samples/00196.png 87
ucf/SumoWrestling/samples/00197.png 87
ucf/SumoWrestling/samples/00198.png 87
ucf/SumoWrestling/samples/00199.png 87
ucf/SumoWrestling/samples/00200.png 87
ucf/SumoWrestling/samples/00201.png 87
ucf/SumoWrestling/samples/00202.png 87
ucf/SumoWrestling/samples/00203.png 87
ucf/SumoWrestling/samples/00204.png 87
ucf/SumoWrestling/samples/00205.png 87
ucf/SumoWrestling/samples/00206.png 87
ucf/SumoWrestling/samples/00207.png 87
ucf/SumoWrestling/samples/00208.png 87
ucf/SumoWrestling/samples/00209.png 87
ucf/SumoWrestling/samples/00210.png 87
ucf/SumoWrestling/samples/00211.png 87
ucf/SumoWrestling/samples/00212.png 87
ucf/SumoWrestling/samples/00213.png 87
ucf/SumoWrestling/samples/00214.png 87
ucf/SumoWrestling/samples/00215.png 87
ucf/SumoWrestling/samples/00216.png 87
ucf/SumoWrestling/samples/00217.png 87
ucf/SumoWrestling/samples/00218.png 87
ucf/SumoWrestling/samples/00219.png 87
ucf/SumoWrestling/samples/00220.png 87
ucf/SumoWrestling/samples/00221.png 87
ucf/SumoWrestling/samples/00222.png 87
ucf/SumoWrestling/samples/00223.png 87
ucf/SumoWrestling/samples/00224.png 87
ucf/SumoWrestling/samples/00225.png 87
ucf/SumoWrestling/samples/00226.png 87
ucf/SumoWrestling/samples/00227.png 87
ucf/SumoWrestling/samples/00228.png 87
ucf/SumoWrestling/samples/00229.png 87
ucf/SumoWrestling/samples/00230.png 87
ucf/SumoWrestling/samples/00231.png 87
ucf/SumoWrestling/samples/00232.png 87
ucf/SumoWrestling/samples/00233.png 87
ucf/SumoWrestling/samples/00234.png 87
ucf/SumoWrestling/samples/00235.png 87
ucf/SumoWrestling/samples/00236.png 87
ucf/SumoWrestling/samples/00237.png 87
ucf/SumoWrestling/samples/00238.png 87
ucf/SumoWrestling/samples/00239.png 87
ucf/SumoWrestling/samples/00240.png 87
ucf/SumoWrestling/samples/00241.png 87
ucf/SumoWrestling/samples/00242.png 87
ucf/SumoWrestling/samples/00243.png 87
ucf/SumoWrestling/samples/00244.png 87
ucf/SumoWrestling/samples/00245.png 87
ucf/SumoWrestling/samples/00246.png 87
ucf/SumoWrestling/samples/00247.png 87
ucf/SumoWrestling/samples/00248.png 87
ucf/SumoWrestling/samples/00249.png 87
ucf/SumoWrestling/samples/00250.png 87
ucf/SumoWrestling/samples/00251.png 87
ucf/SumoWrestling/samples/00252.png 87
ucf/SumoWrestling/samples/00253.png 87
ucf/SumoWrestling/samples/00254.png 87
ucf/SumoWrestling/samples/00255.png 87
ucf/SumoWrestling/samples/00256.png 87
ucf/SumoWrestling/samples/00257.png 87
ucf/SumoWrestling/samples/00258.png 87
ucf/SumoWrestling/samples/00259.png 87
ucf/SumoWrestling/samples/00260.png 87
ucf/SumoWrestling/samples/00261.png 87
ucf/SumoWrestling/samples/00262.png 87
ucf/SumoWrestling/samples/00263.png 87
ucf/SumoWrestling/samples/00264.png 87
ucf/SumoWrestling/samples/00265.png 87
ucf/SumoWrestling/samples/00266.png 87
ucf/SumoWrestling/samples/00267.png 87
ucf/SumoWrestling/samples/00268.png 87
ucf/SumoWrestling/samples/00269.png 87
ucf/SumoWrestling/samples/00270.png 87
ucf/SumoWrestling/samples/00271.png 87
ucf/SumoWrestling/samples/00272.png 87
ucf/SumoWrestling/samples/00273.png 87
ucf/SumoWrestling/samples/00274.png 87
ucf/SumoWrestling/samples/00275.png 87
ucf/SumoWrestling/samples/00276.png 87
ucf/SumoWrestling/samples/00277.png 87
ucf/SumoWrestling/samples/00278.png 87
ucf/SumoWrestling/samples/00279.png 87
ucf/SumoWrestling/samples/00280.png 87
ucf/SumoWrestling/samples/00281.png 87
ucf/SumoWrestling/samples/00282.png 87
ucf/SumoWrestling/samples/00283.png 87
ucf/SumoWrestling/samples/00284.png 87
ucf/SumoWrestling/samples/00285.png 87
ucf/SumoWrestling/samples/00286.png 87
ucf/SumoWrestling/samples/00287.png 87
ucf/SumoWrestling/samples/00288.png 87
ucf/SumoWrestling/samples/00289.png 87
ucf/SumoWrestling/samples/00290.png 87
ucf/SumoWrestling/samples/00291.png 87
ucf/SumoWrestling/samples/00292.png 87
ucf/SumoWrestling/samples/00293.png 87
ucf/SumoWrestling/samples/00294.png 87
ucf/SumoWrestling/samples/00295.png 87
ucf/SumoWrestling/samples/00296.png 87
ucf/SumoWrestling/samples/00297.png 87
ucf/SumoWrestling/samples/00298.png 87
ucf/SumoWrestling/samples/00299.png 87
ucf/SumoWrestling/samples/00300.png 87
ucf/SumoWrestling/samples/00301.png 87
ucf/SumoWrestling/samples/00302.png 87
ucf/SumoWrestling/samples/00303.png 87
ucf/SumoWrestling/samples/00304.png 87
ucf/SumoWrestling/samples/00305.png 87
ucf/SumoWrestling/samples/00306.png 87
ucf/SumoWrestling/samples/00307.png 87
ucf/SumoWrestling/samples/00308.png 87
ucf/SumoWrestling/samples/00309.png 87
ucf/SumoWrestling/samples/00310.png 87
ucf/SumoWrestling/samples/00311.png 87
ucf/SumoWrestling/samples/00312.png 87
ucf/SumoWrestling/samples/00313.png 87
ucf/SumoWrestling/samples/00314.png 87
ucf/SumoWrestling/samples/00315.png 87
ucf/SumoWrestling/samples/00316.png 87
ucf/SumoWrestling/samples/00317.png 87
ucf/SumoWrestling/samples/00318.png 87
ucf/SumoWrestling/samples/00319.png 87
ucf/SumoWrestling/samples/00320.png 87
ucf/SumoWrestling/samples/00321.png 87
ucf/SumoWrestling/samples/00322.png 87
ucf/SumoWrestling/samples/00323.png 87
ucf/SumoWrestling/samples/00324.png 87
ucf/SumoWrestling/samples/00325.png 87
ucf/SumoWrestling/samples/00326.png 87
ucf/SumoWrestling/samples/00327.png 87
ucf/SumoWrestling/samples/00328.png 87
ucf/SumoWrestling/samples/00329.png 87
ucf/SumoWrestling/samples/00330.png 87
ucf/SumoWrestling/samples/00331.png 87
ucf/SumoWrestling/samples/00332.png 87
ucf/SumoWrestling/samples/00333.png 87
ucf/SumoWrestling/samples/00334.png 87
ucf/SumoWrestling/samples/00335.png 87
ucf/SumoWrestling/samples/00336.png 87
ucf/SumoWrestling/samples/00337.png 87
ucf/SumoWrestling/samples/00338.png 87
ucf/SumoWrestling/samples/00339.png 87
ucf/SumoWrestling/samples/00340.png 87
ucf/SumoWrestling/samples/00341.png 87
ucf/SumoWrestling/samples/00342.png 87
ucf/SumoWrestling/samples/00343.png 87
ucf/SumoWrestling/samples/00344.png 87
ucf/SumoWrestling/samples/00345.png 87
ucf/SumoWrestling/samples/00346.png 87
ucf/SumoWrestling/samples/00347.png 87
ucf/SumoWrestling/samples/00348.png 87
ucf/SumoWrestling/samples/00349.png 87
ucf/SumoWrestling/samples/00350.png 87
ucf/SumoWrestling/samples/00351.png 87
ucf/SumoWrestling/samples/00352.png 87
ucf/SumoWrestling/samples/00353.png 87
ucf/SumoWrestling/samples/00354.png 87
ucf/SumoWrestling/samples/00355.png 87
ucf/SumoWrestling/samples/00356.png 87
ucf/SumoWrestling/samples/00357.png 87
ucf/SumoWrestling/samples/00358.png 87
ucf/SumoWrestling/samples/00359.png 87
ucf/SumoWrestling/samples/00360.png 87
ucf/SumoWrestling/samples/00361.png 87
ucf/SumoWrestling/samples/00362.png 87
ucf/SumoWrestling/samples/00363.png 87
ucf/SumoWrestling/samples/00364.png 87
ucf/SumoWrestling/samples/00365.png 87
ucf/SumoWrestling/samples/00366.png 87
ucf/SumoWrestling/samples/00367.png 87
ucf/SumoWrestling/samples/00368.png 87
ucf/SumoWrestling/samples/00369.png 87
ucf/SumoWrestling/samples/00370.png 87
ucf/SumoWrestling/samples/00371.png 87
ucf/SumoWrestling/samples/00372.png 87
ucf/SumoWrestling/samples/00373.png 87
ucf/SumoWrestling/samples/00374.png 87
ucf/SumoWrestling/samples/00375.png 87
ucf/SumoWrestling/samples/00376.png 87
ucf/SumoWrestling/samples/00377.png 87
ucf/SumoWrestling/samples/00378.png 87
ucf/SumoWrestling/samples/00379.png 87
ucf/SumoWrestling/samples/00380.png 87
ucf/SumoWrestling/samples/00381.png 87
ucf/SumoWrestling/samples/00382.png 87
ucf/SumoWrestling/samples/00383.png 87
ucf/SumoWrestling/samples/00384.png 87
ucf/SumoWrestling/samples/00385.png 87
ucf/SumoWrestling/samples/00386.png 87
ucf/SumoWrestling/samples/00387.png 87
ucf/SumoWrestling/samples/00388.png 87
ucf/SumoWrestling/samples/00389.png 87
ucf/SumoWrestling/samples/00390.png 87
ucf/SumoWrestling/samples/00391.png 87
ucf/SumoWrestling/samples/00392.png 87
ucf/SumoWrestling/samples/00393.png 87
ucf/SumoWrestling/samples/00394.png 87
ucf/SumoWrestling/samples/00395.png 87
ucf/SumoWrestling/samples/00396.png 87
ucf/SumoWrestling/samples/00397.png 87
ucf/SumoWrestling/samples/00398.png 87
ucf/SumoWrestling/samples/00399.png 87
ucf/SumoWrestling/samples/00400.png 87
ucf/SumoWrestling/samples/00401.png 87
ucf/SumoWrestling/samples/00402.png 87
ucf/SumoWrestling/samples/00403.png 87
ucf/SumoWrestling/samples/00404.png 87
ucf/SumoWrestling/samples/00405.png 87
ucf/SumoWrestling/samples/00406.png 87
ucf/SumoWrestling/samples/00407.png 87
ucf/SumoWrestling/samples/00408.png 87
ucf/SumoWrestling/samples/00409.png 87
ucf/SumoWrestling/samples/00410.png 87
ucf/SumoWrestling/samples/00411.png 87
ucf/SumoWrestling/samples/00412.png 87
ucf/SumoWrestling/samples/00413.png 87
ucf/SumoWrestling/samples/00414.png 87
ucf/SumoWrestling/samples/00415.png 87
ucf/SumoWrestling/samples/00416.png 87
ucf/SumoWrestling/samples/00417.png 87
ucf/SumoWrestling/samples/00418.png 87
ucf/SumoWrestling/samples/00419.png 87
ucf/SumoWrestling/samples/00420.png 87
ucf/SumoWrestling/samples/00421.png 87
ucf/SumoWrestling/samples/00422.png 87
ucf/SumoWrestling/samples/00423.png 87
ucf/SumoWrestling/samples/00424.png 87
ucf/SumoWrestling/samples/00425.png 87
ucf/SumoWrestling/samples/00426.png 87
ucf/SumoWrestling/samples/00427.png 87
ucf/SumoWrestling/samples/00428.png 87
ucf/SumoWrestling/samples/00429.png 87
ucf/SumoWrestling/samples/00430.png 87
ucf/SumoWrestling/samples/00431.png 87
ucf/SumoWrestling/samples/00432.png 87
ucf/SumoWrestling/samples/00433.png 87
ucf/SumoWrestling/samples/00434.png 87
ucf/SumoWrestling/samples/00435.png 87
ucf/SumoWrestling/samples/00436.png 87
ucf/SumoWrestling/samples/00437.png 87
ucf/SumoWrestling/samples/00438.png 87
ucf/SumoWrestling/samples/00439.png 87
ucf/SumoWrestling/samples/00440.png 87
ucf/SumoWrestling/samples/00441.png 87
ucf/SumoWrestling/samples/00442.png 87
ucf/SumoWrestling/samples/00443.png 87
ucf/SumoWrestling/samples/00444.png 87
ucf/SumoWrestling/samples/00445.png 87
ucf/SumoWrestling/samples/00446.png 87
ucf/SumoWrestling/samples/00447.png 87
ucf/SumoWrestling/samples/00448.png 87
ucf/SumoWrestling/samples/00449.png 87
ucf/SumoWrestling/samples/00450.png 87
ucf/SumoWrestling/samples/00451.png 87
ucf/SumoWrestling/samples/00452.png 87
ucf/SumoWrestling/samples/00453.png 87
ucf/SumoWrestling/samples/00454.png 87
ucf/SumoWrestling/samples/00455.png 87
ucf/SumoWrestling/samples/00456.png 87
ucf/SumoWrestling/samples/00457.png 87
ucf/SumoWrestling/samples/00458.png 87
ucf/SumoWrestling/samples/00459.png 87
ucf/SumoWrestling/samples/00460.png 87
ucf/SumoWrestling/samples/00461.png 87
ucf/SumoWrestling/samples/00462.png 87
ucf/SumoWrestling/samples/00463.png 87
ucf/SumoWrestling/samples/00464.png 87
ucf/SumoWrestling/samples/00465.png 87
ucf/SumoWrestling/samples/00466.png 87
ucf/SumoWrestling/samples/00467.png 87
ucf/SumoWrestling/samples/00468.png 87
ucf/SumoWrestling/samples/00469.png 87
ucf/SumoWrestling/samples/00470.png 87
ucf/SumoWrestling/samples/00471.png 87
ucf/SumoWrestling/samples/00472.png 87
ucf/SumoWrestling/samples/00473.png 87
ucf/SumoWrestling/samples/00474.png 87
ucf/SumoWrestling/samples/00475.png 87
ucf/SumoWrestling/samples/00476.png 87
ucf/SumoWrestling/samples/00477.png 87
ucf/SumoWrestling/samples/00478.png 87
ucf/SumoWrestling/samples/00479.png 87
ucf/SumoWrestling/samples/00480.png 87
ucf/SumoWrestling/samples/00481.png 87
ucf/SumoWrestling/samples/00482.png 87
ucf/SumoWrestling/samples/00483.png 87
ucf/SumoWrestling/samples/00484.png 87
ucf/SumoWrestling/samples/00485.png 87
ucf/SumoWrestling/samples/00486.png 87
ucf/SumoWrestling/samples/00487.png 87
ucf/SumoWrestling/samples/00488.png 87
ucf/SumoWrestling/samples/00489.png 87
ucf/SumoWrestling/samples/00490.png 87
ucf/SumoWrestling/samples/00491.png 87
ucf/SumoWrestling/samples/00492.png 87
ucf/SumoWrestling/samples/00493.png 87
ucf/SumoWrestling/samples/00494.png 87
ucf/SumoWrestling/samples/00495.png 87
ucf/SumoWrestling/samples/00496.png 87
ucf/SumoWrestling/samples/00497.png 87
ucf/SumoWrestling/samples/00498.png 87
ucf/SumoWrestling/samples/00499.png 87
ucf/SumoWrestling/samples/00500.png 87
ucf/SumoWrestling/samples/00501.png 87
ucf/SumoWrestling/samples/00502.png 87
ucf/SumoWrestling/samples/00503.png 87
ucf/SumoWrestling/samples/00504.png 87
ucf/SumoWrestling/samples/00505.png 87
ucf/SumoWrestling/samples/00506.png 87
ucf/SumoWrestling/samples/00507.png 87
ucf/SumoWrestling/samples/00508.png 87
ucf/SumoWrestling/samples/00509.png 87
ucf/SumoWrestling/samples/00510.png 87
ucf/SumoWrestling/samples/00511.png 87
ucf/SumoWrestling/samples/00512.png 87
ucf/SumoWrestling/samples/00513.png 87
ucf/SumoWrestling/samples/00514.png 87
ucf/SumoWrestling/samples/00515.png 87
ucf/SumoWrestling/samples/00516.png 87
ucf/SumoWrestling/samples/00517.png 87
ucf/SumoWrestling/samples/00518.png 87
ucf/SumoWrestling/samples/00519.png 87
ucf/SumoWrestling/samples/00520.png 87
ucf/SumoWrestling/samples/00521.png 87
ucf/SumoWrestling/samples/00522.png 87
ucf/SumoWrestling/samples/00523.png 87
ucf/SumoWrestling/samples/00524.png 87
ucf/SumoWrestling/samples/00525.png 87
ucf/SumoWrestling/samples/00526.png 87
ucf/SumoWrestling/samples/00527.png 87
ucf/SumoWrestling/samples/00528.png 87
ucf/SumoWrestling/samples/00529.png 87
ucf/SumoWrestling/samples/00530.png 87
ucf/SumoWrestling/samples/00531.png 87
ucf/SumoWrestling/samples/00532.png 87
ucf/SumoWrestling/samples/00533.png 87
ucf/SumoWrestling/samples/00534.png 87
ucf/SumoWrestling/samples/00535.png 87
ucf/SumoWrestling/samples/00536.png 87
ucf/SumoWrestling/samples/00537.png 87
ucf/SumoWrestling/samples/00538.png 87
ucf/SumoWrestling/samples/00539.png 87
ucf/SumoWrestling/samples/00540.png 87
ucf/SumoWrestling/samples/00541.png 87
ucf/SumoWrestling/samples/00542.png 87
ucf/SumoWrestling/samples/00543.png 87
ucf/SumoWrestling/samples/00544.png 87
ucf/SumoWrestling/samples/00545.png 87
ucf/SumoWrestling/samples/00546.png 87
ucf/SumoWrestling/samples/00547.png 87
ucf/SumoWrestling/samples/00548.png 87
ucf/SumoWrestling/samples/00549.png 87
ucf/SumoWrestling/samples/00550.png 87
ucf/SumoWrestling/samples/00551.png 87
ucf/SumoWrestling/samples/00552.png 87
ucf/SumoWrestling/samples/00553.png 87
ucf/SumoWrestling/samples/00554.png 87
ucf/SumoWrestling/samples/00555.png 87
ucf/SumoWrestling/samples/00556.png 87
ucf/SumoWrestling/samples/00557.png 87
ucf/SumoWrestling/samples/00558.png 87
ucf/SumoWrestling/samples/00559.png 87
ucf/SumoWrestling/samples/00560.png 87
ucf/SumoWrestling/samples/00561.png 87
ucf/SumoWrestling/samples/00562.png 87
ucf/SumoWrestling/samples/00563.png 87
ucf/SumoWrestling/samples/00564.png 87
ucf/SumoWrestling/samples/00565.png 87
ucf/SumoWrestling/samples/00566.png 87
ucf/SumoWrestling/samples/00567.png 87
ucf/SumoWrestling/samples/00568.png 87
ucf/SumoWrestling/samples/00569.png 87
ucf/SumoWrestling/samples/00570.png 87
ucf/SumoWrestling/samples/00571.png 87
ucf/SumoWrestling/samples/00572.png 87
ucf/SumoWrestling/samples/00573.png 87
ucf/SumoWrestling/samples/00574.png 87
ucf/SumoWrestling/samples/00575.png 87
ucf/SumoWrestling/samples/00576.png 87
ucf/SumoWrestling/samples/00577.png 87
ucf/SumoWrestling/samples/00578.png 87
ucf/SumoWrestling/samples/00579.png 87
ucf/SumoWrestling/samples/00580.png 87
ucf/SumoWrestling/samples/00581.png 87
ucf/SumoWrestling/samples/00582.png 87
ucf/SumoWrestling/samples/00583.png 87
ucf/SumoWrestling/samples/00584.png 87
ucf/SumoWrestling/samples/00585.png 87
ucf/SumoWrestling/samples/00586.png 87
ucf/SumoWrestling/samples/00587.png 87
ucf/SumoWrestling/samples/00588.png 87
ucf/SumoWrestling/samples/00589.png 87
ucf/SumoWrestling/samples/00590.png 87
ucf/SumoWrestling/samples/00591.png 87
ucf/SumoWrestling/samples/00592.png 87
ucf/SumoWrestling/samples/00593.png 87
ucf/SumoWrestling/samples/00594.png 87
ucf/SumoWrestling/samples/00595.png 87
ucf/SumoWrestling/samples/00596.png 87
ucf/SumoWrestling/samples/00597.png 87
ucf/SumoWrestling/samples/00598.png 87
ucf/SumoWrestling/samples/00599.png 87
ucf/SumoWrestling/samples/00600.png 87
ucf/SumoWrestling/samples/00601.png 87
ucf/SumoWrestling/samples/00602.png 87
ucf/SumoWrestling/samples/00603.png 87
ucf/SumoWrestling/samples/00604.png 87
ucf/SumoWrestling/samples/00605.png 87
ucf/SumoWrestling/samples/00606.png 87
ucf/SumoWrestling/samples/00607.png 87
ucf/SumoWrestling/samples/00608.png 87
ucf/SumoWrestling/samples/00609.png 87
ucf/SumoWrestling/samples/00610.png 87
ucf/SumoWrestling/samples/00611.png 87
ucf/SumoWrestling/samples/00612.png 87
ucf/SumoWrestling/samples/00613.png 87
ucf/SumoWrestling/samples/00614.png 87
ucf/SumoWrestling/samples/00615.png 87
ucf/SumoWrestling/samples/00616.png 87
ucf/SumoWrestling/samples/00617.png 87
ucf/SumoWrestling/samples/00618.png 87
ucf/SumoWrestling/samples/00619.png 87
ucf/SumoWrestling/samples/00620.png 87
ucf/SumoWrestling/samples/00621.png 87
ucf/SumoWrestling/samples/00622.png 87
ucf/SumoWrestling/samples/00623.png 87
ucf/SumoWrestling/samples/00624.png 87
ucf/SumoWrestling/samples/00625.png 87
ucf/SumoWrestling/samples/00626.png 87
ucf/SumoWrestling/samples/00627.png 87
ucf/SumoWrestling/samples/00628.png 87
ucf/SumoWrestling/samples/00629.png 87
ucf/SumoWrestling/samples/00630.png 87
ucf/SumoWrestling/samples/00631.png 87
ucf/SumoWrestling/samples/00632.png 87
ucf/SumoWrestling/samples/00633.png 87
ucf/SumoWrestling/samples/00634.png 87
ucf/SumoWrestling/samples/00635.png 87
ucf/SumoWrestling/samples/00636.png 87
ucf/SumoWrestling/samples/00637.png 87
ucf/SumoWrestling/samples/00638.png 87
ucf/SumoWrestling/samples/00639.png 87
ucf/SumoWrestling/samples/00640.png 87
ucf/SumoWrestling/samples/00641.png 87
ucf/SumoWrestling/samples/00642.png 87
ucf/SumoWrestling/samples/00643.png 87
ucf/SumoWrestling/samples/00644.png 87
ucf/SumoWrestling/samples/00645.png 87
ucf/SumoWrestling/samples/00646.png 87
ucf/SumoWrestling/samples/00647.png 87
ucf/SumoWrestling/samples/00648.png 87
ucf/SumoWrestling/samples/00649.png 87
ucf/SumoWrestling/samples/00650.png 87
ucf/SumoWrestling/samples/00651.png 87
ucf/SumoWrestling/samples/00652.png 87
ucf/SumoWrestling/samples/00653.png 87
ucf/SumoWrestling/samples/00654.png 87
ucf/SumoWrestling/samples/00655.png 87
ucf/SumoWrestling/samples/00656.png 87
ucf/SumoWrestling/samples/00657.png 87
ucf/SumoWrestling/samples/00658.png 87
ucf/SumoWrestling/samples/00659.png 87
ucf/SumoWrestling/samples/00660.png 87
ucf/SumoWrestling/samples/00661.png 87
ucf/SumoWrestling/samples/00662.png 87
ucf/SumoWrestling/samples/00663.png 87
ucf/SumoWrestling/samples/00664.png 87
ucf/SumoWrestling/samples/00665.png 87
ucf/SumoWrestling/samples/00666.png 87
ucf/SumoWrestling/samples/00667.png 87
ucf/SumoWrestling/samples/00668.png 87
ucf/SumoWrestling/samples/00669.png 87
ucf/SumoWrestling/samples/00670.png 87
ucf/SumoWrestling/samples/00671.png 87
ucf/SumoWrestling/samples/00672.png 87
ucf/SumoWrestling/samples/00673.png 87
ucf/SumoWrestling/samples/00674.png 87
ucf/SumoWrestling/samples/00675.png 87
ucf/SumoWrestling/samples/00676.png 87
ucf/SumoWrestling/samples/00677.png 87
ucf/SumoWrestling/samples/00678.png 87
ucf/SumoWrestling/samples/00679.png 87
ucf/SumoWrestling/samples/00680.png 87
ucf/SumoWrestling/samples/00681.png 87
ucf/SumoWrestling/samples/00682.png 87
ucf/SumoWrestling/samples/00683.png 87
ucf/SumoWrestling/samples/00684.png 87
ucf/SumoWrestling/samples/00685.png 87
ucf/SumoWrestling/samples/00686.png 87
ucf/SumoWrestling/samples/00687.png 87
ucf/SumoWrestling/samples/00688.png 87
ucf/SumoWrestling/samples/00689.png 87
ucf/SumoWrestling/samples/00690.png 87
ucf/SumoWrestling/samples/00691.png 87
ucf/SumoWrestling/samples/00692.png 87
ucf/SumoWrestling/samples/00693.png 87
ucf/SumoWrestling/samples/00694.png 87
ucf/SumoWrestling/samples/00695.png 87
ucf/SumoWrestling/samples/00696.png 87
ucf/SumoWrestling/samples/00697.png 87
ucf/SumoWrestling/samples/00698.png 87
ucf/SumoWrestling/samples/00699.png 87
ucf/SumoWrestling/samples/00700.png 87
ucf/SumoWrestling/samples/00701.png 87
ucf/SumoWrestling/samples/00702.png 87
ucf/SumoWrestling/samples/00703.png 87
ucf/SumoWrestling/samples/00704.png 87
ucf/SumoWrestling/samples/00705.png 87
ucf/SumoWrestling/samples/00706.png 87
ucf/SumoWrestling/samples/00707.png 87
ucf/SumoWrestling/samples/00708.png 87
ucf/SumoWrestling/samples/00709.png 87
ucf/SumoWrestling/samples/00710.png 87
ucf/SumoWrestling/samples/00711.png 87
ucf/SumoWrestling/samples/00712.png 87
ucf/SumoWrestling/samples/00713.png 87
ucf/SumoWrestling/samples/00714.png 87
ucf/SumoWrestling/samples/00715.png 87
ucf/SumoWrestling/samples/00716.png 87
ucf/SumoWrestling/samples/00717.png 87
ucf/SumoWrestling/samples/00718.png 87
ucf/SumoWrestling/samples/00719.png 87
ucf/SumoWrestling/samples/00720.png 87
ucf/SumoWrestling/samples/00721.png 87
ucf/SumoWrestling/samples/00722.png 87
ucf/SumoWrestling/samples/00723.png 87
ucf/SumoWrestling/samples/00724.png 87
ucf/SumoWrestling/samples/00725.png 87
ucf/SumoWrestling/samples/00726.png 87
ucf/SumoWrestling/samples/00727.png 87
ucf/SumoWrestling/samples/00728.png 87
ucf/SumoWrestling/samples/00729.png 87
ucf/SumoWrestling/samples/00730.png 87
ucf/SumoWrestling/samples/00731.png 87
ucf/SumoWrestling/samples/00732.png 87
ucf/SumoWrestling/samples/00733.png 87
ucf/SumoWrestling/samples/00734.png 87
ucf/SumoWrestling/samples/00735.png 87
ucf/SumoWrestling/samples/00736.png 87
ucf/SumoWrestling/samples/00737.png 87
ucf/SumoWrestling/samples/00738.png 87
ucf/SumoWrestling/samples/00739.png 87
ucf/SumoWrestling/samples/00740.png 87
ucf/SumoWrestling/samples/00741.png 87
ucf/SumoWrestling/samples/00742.png 87
ucf/SumoWrestling/samples/00743.png 87
ucf/SumoWrestling/samples/00744.png 87
ucf/SumoWrestling/samples/00745.png 87
ucf/SumoWrestling/samples/00746.png 87
ucf/SumoWrestling/samples/00747.png 87
ucf/SumoWrestling/samples/00748.png 87
ucf/SumoWrestling/samples/00749.png 87
ucf/SumoWrestling/samples/00750.png 87
ucf/SumoWrestling/samples/00751.png 87
ucf/SumoWrestling/samples/00752.png 87
ucf/SumoWrestling/samples/00753.png 87
ucf/SumoWrestling/samples/00754.png 87
ucf/SumoWrestling/samples/00755.png 87
ucf/SumoWrestling/samples/00756.png 87
ucf/SumoWrestling/samples/00757.png 87
ucf/SumoWrestling/samples/00758.png 87
ucf/SumoWrestling/samples/00759.png 87
ucf/SumoWrestling/samples/00760.png 87
ucf/SumoWrestling/samples/00761.png 87
ucf/SumoWrestling/samples/00762.png 87
ucf/SumoWrestling/samples/00763.png 87
ucf/SumoWrestling/samples/00764.png 87
ucf/SumoWrestling/samples/00765.png 87
ucf/SumoWrestling/samples/00766.png 87
ucf/SumoWrestling/samples/00767.png 87
ucf/SumoWrestling/samples/00768.png 87
ucf/SumoWrestling/samples/00769.png 87
ucf/SumoWrestling/samples/00770.png 87
ucf/SumoWrestling/samples/00771.png 87
ucf/SumoWrestling/samples/00772.png 87
ucf/SumoWrestling/samples/00773.png 87
ucf/SumoWrestling/samples/00774.png 87
ucf/SumoWrestling/samples/00775.png 87
ucf/SumoWrestling/samples/00776.png 87
ucf/SumoWrestling/samples/00777.png 87
ucf/SumoWrestling/samples/00778.png 87
ucf/SumoWrestling/samples/00779.png 87
ucf/SumoWrestling/samples/00780.png 87
ucf/SumoWrestling/samples/00781.png 87
ucf/SumoWrestling/samples/00782.png 87
ucf/SumoWrestling/samples/00783.png 87
ucf/SumoWrestling/samples/00784.png 87
ucf/SumoWrestling/samples/00785.png 87
ucf/SumoWrestling/samples/00786.png 87
ucf/SumoWrestling/samples/00787.png 87
ucf/SumoWrestling/samples/00788.png 87
ucf/SumoWrestling/samples/00789.png 87
ucf/SumoWrestling/samples/00790.png 87
ucf/SumoWrestling/samples/00791.png 87
ucf/SumoWrestling/samples/00792.png 87
ucf/SumoWrestling/samples/00793.png 87
ucf/SumoWrestling/samples/00794.png 87
ucf/SumoWrestling/samples/00795.png 87
ucf/SumoWrestling/samples/00796.png 87
ucf/SumoWrestling/samples/00797.png 87
ucf/SumoWrestling/samples/00798.png 87
ucf/SumoWrestling/samples/00799.png 87
ucf/SumoWrestling/samples/00800.png 87
ucf/SumoWrestling/samples/00801.png 87
ucf/SumoWrestling/samples/00802.png 87
ucf/SumoWrestling/samples/00803.png 87
ucf/SumoWrestling/samples/00804.png 87
ucf/SumoWrestling/samples/00805.png 87
ucf/SumoWrestling/samples/00806.png 87
ucf/SumoWrestling/samples/00807.png 87
ucf/SumoWrestling/samples/00808.png 87
ucf/SumoWrestling/samples/00809.png 87
ucf/SumoWrestling/samples/00810.png 87
ucf/SumoWrestling/samples/00811.png 87
ucf/SumoWrestling/samples/00812.png 87
ucf/SumoWrestling/samples/00813.png 87
ucf/SumoWrestling/samples/00814.png 87
ucf/SumoWrestling/samples/00815.png 87
ucf/SumoWrestling/samples/00816.png 87
ucf/SumoWrestling/samples/00817.png 87
ucf/SumoWrestling/samples/00818.png 87
ucf/SumoWrestling/samples/00819.png 87
ucf/SumoWrestling/samples/00820.png 87
ucf/SumoWrestling/samples/00821.png 87
ucf/SumoWrestling/samples/00822.png 87
ucf/SumoWrestling/samples/00823.png 87
ucf/SumoWrestling/samples/00824.png 87
ucf/SumoWrestling/samples/00825.png 87
ucf/SumoWrestling/samples/00826.png 87
ucf/SumoWrestling/samples/00827.png 87
ucf/SumoWrestling/samples/00828.png 87
ucf/SumoWrestling/samples/00829.png 87
ucf/SumoWrestling/samples/00830.png 87
ucf/SumoWrestling/samples/00831.png 87
ucf/SumoWrestling/samples/00832.png 87
ucf/SumoWrestling/samples/00833.png 87
ucf/SumoWrestling/samples/00834.png 87
ucf/SumoWrestling/samples/00835.png 87
ucf/SumoWrestling/samples/00836.png 87
ucf/SumoWrestling/samples/00837.png 87
ucf/SumoWrestling/samples/00838.png 87
ucf/SumoWrestling/samples/00839.png 87
ucf/SumoWrestling/samples/00840.png 87
ucf/SumoWrestling/samples/00841.png 87
ucf/SumoWrestling/samples/00842.png 87
ucf/SumoWrestling/samples/00843.png 87
ucf/SumoWrestling/samples/00844.png 87
ucf/SumoWrestling/samples/00845.png 87
ucf/SumoWrestling/samples/00846.png 87
ucf/SumoWrestling/samples/00847.png 87
ucf/SumoWrestling/samples/00848.png 87
ucf/SumoWrestling/samples/00849.png 87
ucf/SumoWrestling/samples/00850.png 87
ucf/SumoWrestling/samples/00851.png 87
ucf/SumoWrestling/samples/00852.png 87
ucf/SumoWrestling/samples/00853.png 87
ucf/SumoWrestling/samples/00854.png 87
ucf/SumoWrestling/samples/00855.png 87
ucf/SumoWrestling/samples/00856.png 87
ucf/SumoWrestling/samples/00857.png 87
ucf/SumoWrestling/samples/00858.png 87
ucf/SumoWrestling/samples/00859.png 87
ucf/SumoWrestling/samples/00860.png 87
ucf/SumoWrestling/samples/00861.png 87
ucf/SumoWrestling/samples/00862.png 87
ucf/SumoWrestling/samples/00863.png 87
ucf/SumoWrestling/samples/00864.png 87
ucf/SumoWrestling/samples/00865.png 87
ucf/SumoWrestling/samples/00866.png 87
ucf/SumoWrestling/samples/00867.png 87
ucf/SumoWrestling/samples/00868.png 87
ucf/SumoWrestling/samples/00869.png 87
ucf/SumoWrestling/samples/00870.png 87
ucf/SumoWrestling/samples/00871.png 87
ucf/SumoWrestling/samples/00872.png 87
ucf/SumoWrestling/samples/00873.png 87
ucf/SumoWrestling/samples/00874.png 87
ucf/SumoWrestling/samples/00875.png 87
ucf/SumoWrestling/samples/00876.png 87
ucf/SumoWrestling/samples/00877.png 87
ucf/SumoWrestling/samples/00878.png 87
ucf/SumoWrestling/samples/00879.png 87
ucf/SumoWrestling/samples/00880.png 87
ucf/SumoWrestling/samples/00881.png 87
ucf/SumoWrestling/samples/00882.png 87
ucf/SumoWrestling/samples/00883.png 87
ucf/SumoWrestling/samples/00884.png 87
ucf/SumoWrestling/samples/00885.png 87
ucf/SumoWrestling/samples/00886.png 87
ucf/SumoWrestling/samples/00887.png 87
ucf/SumoWrestling/samples/00888.png 87
ucf/SumoWrestling/samples/00889.png 87
ucf/SumoWrestling/samples/00890.png 87
ucf/SumoWrestling/samples/00891.png 87
ucf/SumoWrestling/samples/00892.png 87
ucf/SumoWrestling/samples/00893.png 87
ucf/SumoWrestling/samples/00894.png 87
ucf/SumoWrestling/samples/00895.png 87
ucf/SumoWrestling/samples/00896.png 87
ucf/SumoWrestling/samples/00897.png 87
ucf/SumoWrestling/samples/00898.png 87
ucf/SumoWrestling/samples/00899.png 87
ucf/SumoWrestling/samples/00900.png 87
ucf/SumoWrestling/samples/00901.png 87
ucf/SumoWrestling/samples/00902.png 87
ucf/SumoWrestling/samples/00903.png 87
ucf/SumoWrestling/samples/00904.png 87
ucf/SumoWrestling/samples/00905.png 87
ucf/SumoWrestling/samples/00906.png 87
ucf/SumoWrestling/samples/00907.png 87
ucf/SumoWrestling/samples/00908.png 87
ucf/SumoWrestling/samples/00909.png 87
ucf/SumoWrestling/samples/00910.png 87
ucf/SumoWrestling/samples/00911.png 87
ucf/SumoWrestling/samples/00912.png 87
ucf/SumoWrestling/samples/00913.png 87
ucf/SumoWrestling/samples/00914.png 87
ucf/SumoWrestling/samples/00915.png 87
ucf/SumoWrestling/samples/00916.png 87
ucf/SumoWrestling/samples/00917.png 87
ucf/SumoWrestling/samples/00918.png 87
ucf/SumoWrestling/samples/00919.png 87
ucf/SumoWrestling/samples/00920.png 87
ucf/SumoWrestling/samples/00921.png 87
ucf/SumoWrestling/samples/00922.png 87
ucf/SumoWrestling/samples/00923.png 87
ucf/SumoWrestling/samples/00924.png 87
ucf/SumoWrestling/samples/00925.png 87
ucf/SumoWrestling/samples/00926.png 87
ucf/SumoWrestling/samples/00927.png 87
ucf/SumoWrestling/samples/00928.png 87
ucf/SumoWrestling/samples/00929.png 87
ucf/SumoWrestling/samples/00930.png 87
ucf/SumoWrestling/samples/00931.png 87
ucf/SumoWrestling/samples/00932.png 87
ucf/SumoWrestling/samples/00933.png 87
ucf/SumoWrestling/samples/00934.png 87
ucf/SumoWrestling/samples/00935.png 87
ucf/SumoWrestling/samples/00936.png 87
ucf/SumoWrestling/samples/00937.png 87
ucf/SumoWrestling/samples/00938.png 87
ucf/SumoWrestling/samples/00939.png 87
ucf/SumoWrestling/samples/00940.png 87
ucf/SumoWrestling/samples/00941.png 87
ucf/SumoWrestling/samples/00942.png 87
ucf/SumoWrestling/samples/00943.png 87
ucf/SumoWrestling/samples/00944.png 87
ucf/SumoWrestling/samples/00945.png 87
ucf/SumoWrestling/samples/00946.png 87
ucf/SumoWrestling/samples/00947.png 87
ucf/SumoWrestling/samples/00948.png 87
ucf/SumoWrestling/samples/00949.png 87
ucf/SumoWrestling/samples/00950.png 87
ucf/SumoWrestling/samples/00951.png 87
ucf/SumoWrestling/samples/00952.png 87
ucf/SumoWrestling/samples/00953.png 87
ucf/SumoWrestling/samples/00954.png 87
ucf/SumoWrestling/samples/00955.png 87
ucf/SumoWrestling/samples/00956.png 87
ucf/SumoWrestling/samples/00957.png 87
ucf/SumoWrestling/samples/00958.png 87
ucf/SumoWrestling/samples/00959.png 87
ucf/SumoWrestling/samples/00960.png 87
ucf/SumoWrestling/samples/00961.png 87
ucf/SumoWrestling/samples/00962.png 87
ucf/SumoWrestling/samples/00963.png 87
ucf/SumoWrestling/samples/00964.png 87
ucf/SumoWrestling/samples/00965.png 87
ucf/SumoWrestling/samples/00966.png 87
ucf/SumoWrestling/samples/00967.png 87
ucf/SumoWrestling/samples/00968.png 87
ucf/SumoWrestling/samples/00969.png 87
ucf/SumoWrestling/samples/00970.png 87
ucf/SumoWrestling/samples/00971.png 87
ucf/SumoWrestling/samples/00972.png 87
ucf/SumoWrestling/samples/00973.png 87
ucf/SumoWrestling/samples/00974.png 87
ucf/SumoWrestling/samples/00975.png 87
ucf/SumoWrestling/samples/00976.png 87
ucf/SumoWrestling/samples/00977.png 87
ucf/SumoWrestling/samples/00978.png 87
ucf/SumoWrestling/samples/00979.png 87
ucf/SumoWrestling/samples/00980.png 87
ucf/SumoWrestling/samples/00981.png 87
ucf/SumoWrestling/samples/00982.png 87
ucf/SumoWrestling/samples/00983.png 87
ucf/SumoWrestling/samples/00984.png 87
ucf/SumoWrestling/samples/00985.png 87
ucf/SumoWrestling/samples/00986.png 87
ucf/SumoWrestling/samples/00987.png 87
ucf/SumoWrestling/samples/00988.png 87
ucf/SumoWrestling/samples/00989.png 87
ucf/SumoWrestling/samples/00990.png 87
ucf/SumoWrestling/samples/00991.png 87
ucf/SumoWrestling/samples/00992.png 87
ucf/SumoWrestling/samples/00993.png 87
ucf/SumoWrestling/samples/00994.png 87
ucf/SumoWrestling/samples/00995.png 87
ucf/SumoWrestling/samples/00996.png 87
ucf/SumoWrestling/samples/00997.png 87
ucf/SumoWrestling/samples/00998.png 87
ucf/SumoWrestling/samples/00999.png 87
ucf/WritingOnBoard/samples/00000.png 100
ucf/WritingOnBoard/samples/00001.png 100
ucf/WritingOnBoard/samples/00002.png 100
ucf/WritingOnBoard/samples/00003.png 100
ucf/WritingOnBoard/samples/00004.png 100
ucf/WritingOnBoard/samples/00005.png 100
ucf/WritingOnBoard/samples/00006.png 100
ucf/WritingOnBoard/samples/00007.png 100
ucf/WritingOnBoard/samples/00008.png 100
ucf/WritingOnBoard/samples/00009.png 100
ucf/WritingOnBoard/samples/00010.png 100
ucf/WritingOnBoard/samples/00011.png 100
ucf/WritingOnBoard/samples/00012.png 100
ucf/WritingOnBoard/samples/00013.png 100
ucf/WritingOnBoard/samples/00014.png 100
ucf/WritingOnBoard/samples/00015.png 100
ucf/WritingOnBoard/samples/00016.png 100
ucf/WritingOnBoard/samples/00017.png 100
ucf/WritingOnBoard/samples/00018.png 100
ucf/WritingOnBoard/samples/00019.png 100
ucf/WritingOnBoard/samples/00020.png 100
ucf/WritingOnBoard/samples/00021.png 100
ucf/WritingOnBoard/samples/00022.png 100
ucf/WritingOnBoard/samples/00023.png 100
ucf/WritingOnBoard/samples/00024.png 100
ucf/WritingOnBoard/samples/00025.png 100
ucf/WritingOnBoard/samples/00026.png 100
ucf/WritingOnBoard/samples/00027.png 100
ucf/WritingOnBoard/samples/00028.png 100
ucf/WritingOnBoard/samples/00029.png 100
ucf/WritingOnBoard/samples/00030.png 100
ucf/WritingOnBoard/samples/00031.png 100
ucf/WritingOnBoard/samples/00032.png 100
ucf/WritingOnBoard/samples/00033.png 100
ucf/WritingOnBoard/samples/00034.png 100
ucf/WritingOnBoard/samples/00035.png 100
ucf/WritingOnBoard/samples/00036.png 100
ucf/WritingOnBoard/samples/00037.png 100
ucf/WritingOnBoard/samples/00038.png 100
ucf/WritingOnBoard/samples/00039.png 100
ucf/WritingOnBoard/samples/00040.png 100
ucf/WritingOnBoard/samples/00041.png 100
ucf/WritingOnBoard/samples/00042.png 100
ucf/WritingOnBoard/samples/00043.png 100
ucf/WritingOnBoard/samples/00044.png 100
ucf/WritingOnBoard/samples/00045.png 100
ucf/WritingOnBoard/samples/00046.png 100
ucf/WritingOnBoard/samples/00047.png 100
ucf/WritingOnBoard/samples/00048.png 100
ucf/WritingOnBoard/samples/00049.png 100
ucf/WritingOnBoard/samples/00050.png 100
ucf/WritingOnBoard/samples/00051.png 100
ucf/WritingOnBoard/samples/00052.png 100
ucf/WritingOnBoard/samples/00053.png 100
ucf/WritingOnBoard/samples/00054.png 100
ucf/WritingOnBoard/samples/00055.png 100
ucf/WritingOnBoard/samples/00056.png 100
ucf/WritingOnBoard/samples/00057.png 100
ucf/WritingOnBoard/samples/00058.png 100
ucf/WritingOnBoard/samples/00059.png 100
ucf/WritingOnBoard/samples/00060.png 100
ucf/WritingOnBoard/samples/00061.png 100
ucf/WritingOnBoard/samples/00062.png 100
ucf/WritingOnBoard/samples/00063.png 100
ucf/WritingOnBoard/samples/00064.png 100
ucf/WritingOnBoard/samples/00065.png 100
ucf/WritingOnBoard/samples/00066.png 100
ucf/WritingOnBoard/samples/00067.png 100
ucf/WritingOnBoard/samples/00068.png 100
ucf/WritingOnBoard/samples/00069.png 100
ucf/WritingOnBoard/samples/00070.png 100
ucf/WritingOnBoard/samples/00071.png 100
ucf/WritingOnBoard/samples/00072.png 100
ucf/WritingOnBoard/samples/00073.png 100
ucf/WritingOnBoard/samples/00074.png 100
ucf/WritingOnBoard/samples/00075.png 100
ucf/WritingOnBoard/samples/00076.png 100
ucf/WritingOnBoard/samples/00077.png 100
ucf/WritingOnBoard/samples/00078.png 100
ucf/WritingOnBoard/samples/00079.png 100
ucf/WritingOnBoard/samples/00080.png 100
ucf/WritingOnBoard/samples/00081.png 100
ucf/WritingOnBoard/samples/00082.png 100
ucf/WritingOnBoard/samples/00083.png 100
ucf/WritingOnBoard/samples/00084.png 100
ucf/WritingOnBoard/samples/00085.png 100
ucf/WritingOnBoard/samples/00086.png 100
ucf/WritingOnBoard/samples/00087.png 100
ucf/WritingOnBoard/samples/00088.png 100
ucf/WritingOnBoard/samples/00089.png 100
ucf/WritingOnBoard/samples/00090.png 100
ucf/WritingOnBoard/samples/00091.png 100
ucf/WritingOnBoard/samples/00092.png 100
ucf/WritingOnBoard/samples/00093.png 100
ucf/WritingOnBoard/samples/00094.png 100
ucf/WritingOnBoard/samples/00095.png 100
ucf/WritingOnBoard/samples/00096.png 100
ucf/WritingOnBoard/samples/00097.png 100
ucf/WritingOnBoard/samples/00098.png 100
ucf/WritingOnBoard/samples/00099.png 100
ucf/WritingOnBoard/samples/00100.png 100
ucf/WritingOnBoard/samples/00101.png 100
ucf/WritingOnBoard/samples/00102.png 100
ucf/WritingOnBoard/samples/00103.png 100
ucf/WritingOnBoard/samples/00104.png 100
ucf/WritingOnBoard/samples/00105.png 100
ucf/WritingOnBoard/samples/00106.png 100
ucf/WritingOnBoard/samples/00107.png 100
ucf/WritingOnBoard/samples/00108.png 100
ucf/WritingOnBoard/samples/00109.png 100
ucf/WritingOnBoard/samples/00110.png 100
ucf/WritingOnBoard/samples/00111.png 100
ucf/WritingOnBoard/samples/00112.png 100
ucf/WritingOnBoard/samples/00113.png 100
ucf/WritingOnBoard/samples/00114.png 100
ucf/WritingOnBoard/samples/00115.png 100
ucf/WritingOnBoard/samples/00116.png 100
ucf/WritingOnBoard/samples/00117.png 100
ucf/WritingOnBoard/samples/00118.png 100
ucf/WritingOnBoard/samples/00119.png 100
ucf/WritingOnBoard/samples/00120.png 100
ucf/WritingOnBoard/samples/00121.png 100
ucf/WritingOnBoard/samples/00122.png 100
ucf/WritingOnBoard/samples/00123.png 100
ucf/WritingOnBoard/samples/00124.png 100
ucf/WritingOnBoard/samples/00125.png 100
ucf/WritingOnBoard/samples/00126.png 100
ucf/WritingOnBoard/samples/00127.png 100
ucf/WritingOnBoard/samples/00128.png 100
ucf/WritingOnBoard/samples/00129.png 100
ucf/WritingOnBoard/samples/00130.png 100
ucf/WritingOnBoard/samples/00131.png 100
ucf/WritingOnBoard/samples/00132.png 100
ucf/WritingOnBoard/samples/00133.png 100
ucf/WritingOnBoard/samples/00134.png 100
ucf/WritingOnBoard/samples/00135.png 100
ucf/WritingOnBoard/samples/00136.png 100
ucf/WritingOnBoard/samples/00137.png 100
ucf/WritingOnBoard/samples/00138.png 100
ucf/WritingOnBoard/samples/00139.png 100
ucf/WritingOnBoard/samples/00140.png 100
ucf/WritingOnBoard/samples/00141.png 100
ucf/WritingOnBoard/samples/00142.png 100
ucf/WritingOnBoard/samples/00143.png 100
ucf/WritingOnBoard/samples/00144.png 100
ucf/WritingOnBoard/samples/00145.png 100
ucf/WritingOnBoard/samples/00146.png 100
ucf/WritingOnBoard/samples/00147.png 100
ucf/WritingOnBoard/samples/00148.png 100
ucf/WritingOnBoard/samples/00149.png 100
ucf/WritingOnBoard/samples/00150.png 100
ucf/WritingOnBoard/samples/00151.png 100
ucf/WritingOnBoard/samples/00152.png 100
ucf/WritingOnBoard/samples/00153.png 100
ucf/WritingOnBoard/samples/00154.png 100
ucf/WritingOnBoard/samples/00155.png 100
ucf/WritingOnBoard/samples/00156.png 100
ucf/WritingOnBoard/samples/00157.png 100
ucf/WritingOnBoard/samples/00158.png 100
ucf/WritingOnBoard/samples/00159.png 100
ucf/WritingOnBoard/samples/00160.png 100
ucf/WritingOnBoard/samples/00161.png 100
ucf/WritingOnBoard/samples/00162.png 100
ucf/WritingOnBoard/samples/00163.png 100
ucf/WritingOnBoard/samples/00164.png 100
ucf/WritingOnBoard/samples/00165.png 100
ucf/WritingOnBoard/samples/00166.png 100
ucf/WritingOnBoard/samples/00167.png 100
ucf/WritingOnBoard/samples/00168.png 100
ucf/WritingOnBoard/samples/00169.png 100
ucf/WritingOnBoard/samples/00170.png 100
ucf/WritingOnBoard/samples/00171.png 100
ucf/WritingOnBoard/samples/00172.png 100
ucf/WritingOnBoard/samples/00173.png 100
ucf/WritingOnBoard/samples/00174.png 100
ucf/WritingOnBoard/samples/00175.png 100
ucf/WritingOnBoard/samples/00176.png 100
ucf/WritingOnBoard/samples/00177.png 100
ucf/WritingOnBoard/samples/00178.png 100
ucf/WritingOnBoard/samples/00179.png 100
ucf/WritingOnBoard/samples/00180.png 100
ucf/WritingOnBoard/samples/00181.png 100
ucf/WritingOnBoard/samples/00182.png 100
ucf/WritingOnBoard/samples/00183.png 100
ucf/WritingOnBoard/samples/00184.png 100
ucf/WritingOnBoard/samples/00185.png 100
ucf/WritingOnBoard/samples/00186.png 100
ucf/WritingOnBoard/samples/00187.png 100
ucf/WritingOnBoard/samples/00188.png 100
ucf/WritingOnBoard/samples/00189.png 100
ucf/WritingOnBoard/samples/00190.png 100
ucf/WritingOnBoard/samples/00191.png 100
ucf/WritingOnBoard/samples/00192.png 100
ucf/WritingOnBoard/samples/00193.png 100
ucf/WritingOnBoard/samples/00194.png 100
ucf/WritingOnBoard/samples/00195.png 100
ucf/WritingOnBoard/samples/00196.png 100
ucf/WritingOnBoard/samples/00197.png 100
ucf/WritingOnBoard/samples/00198.png 100
ucf/WritingOnBoard/samples/00199.png 100
ucf/WritingOnBoard/samples/00200.png 100
ucf/WritingOnBoard/samples/00201.png 100
ucf/WritingOnBoard/samples/00202.png 100
ucf/WritingOnBoard/samples/00203.png 100
ucf/WritingOnBoard/samples/00204.png 100
ucf/WritingOnBoard/samples/00205.png 100
ucf/WritingOnBoard/samples/00206.png 100
ucf/WritingOnBoard/samples/00207.png 100
ucf/WritingOnBoard/samples/00208.png 100
ucf/WritingOnBoard/samples/00209.png 100
ucf/WritingOnBoard/samples/00210.png 100
ucf/WritingOnBoard/samples/00211.png 100
ucf/WritingOnBoard/samples/00212.png 100
ucf/WritingOnBoard/samples/00213.png 100
ucf/WritingOnBoard/samples/00214.png 100
ucf/WritingOnBoard/samples/00215.png 100
ucf/WritingOnBoard/samples/00216.png 100
ucf/WritingOnBoard/samples/00217.png 100
ucf/WritingOnBoard/samples/00218.png 100
ucf/WritingOnBoard/samples/00219.png 100
ucf/WritingOnBoard/samples/00220.png 100
ucf/WritingOnBoard/samples/00221.png 100
ucf/WritingOnBoard/samples/00222.png 100
ucf/WritingOnBoard/samples/00223.png 100
ucf/WritingOnBoard/samples/00224.png 100
ucf/WritingOnBoard/samples/00225.png 100
ucf/WritingOnBoard/samples/00226.png 100
ucf/WritingOnBoard/samples/00227.png 100
ucf/WritingOnBoard/samples/00228.png 100
ucf/WritingOnBoard/samples/00229.png 100
ucf/WritingOnBoard/samples/00230.png 100
ucf/WritingOnBoard/samples/00231.png 100
ucf/WritingOnBoard/samples/00232.png 100
ucf/WritingOnBoard/samples/00233.png 100
ucf/WritingOnBoard/samples/00234.png 100
ucf/WritingOnBoard/samples/00235.png 100
ucf/WritingOnBoard/samples/00236.png 100
ucf/WritingOnBoard/samples/00237.png 100
ucf/WritingOnBoard/samples/00238.png 100
ucf/WritingOnBoard/samples/00239.png 100
ucf/WritingOnBoard/samples/00240.png 100
ucf/WritingOnBoard/samples/00241.png 100
ucf/WritingOnBoard/samples/00242.png 100
ucf/WritingOnBoard/samples/00243.png 100
ucf/WritingOnBoard/samples/00244.png 100
ucf/WritingOnBoard/samples/00245.png 100
ucf/WritingOnBoard/samples/00246.png 100
ucf/WritingOnBoard/samples/00247.png 100
ucf/WritingOnBoard/samples/00248.png 100
ucf/WritingOnBoard/samples/00249.png 100
ucf/WritingOnBoard/samples/00250.png 100
ucf/WritingOnBoard/samples/00251.png 100
ucf/WritingOnBoard/samples/00252.png 100
ucf/WritingOnBoard/samples/00253.png 100
ucf/WritingOnBoard/samples/00254.png 100
ucf/WritingOnBoard/samples/00255.png 100
ucf/WritingOnBoard/samples/00256.png 100
ucf/WritingOnBoard/samples/00257.png 100
ucf/WritingOnBoard/samples/00258.png 100
ucf/WritingOnBoard/samples/00259.png 100
ucf/WritingOnBoard/samples/00260.png 100
ucf/WritingOnBoard/samples/00261.png 100
ucf/WritingOnBoard/samples/00262.png 100
ucf/WritingOnBoard/samples/00263.png 100
ucf/WritingOnBoard/samples/00264.png 100
ucf/WritingOnBoard/samples/00265.png 100
ucf/WritingOnBoard/samples/00266.png 100
ucf/WritingOnBoard/samples/00267.png 100
ucf/WritingOnBoard/samples/00268.png 100
ucf/WritingOnBoard/samples/00269.png 100
ucf/WritingOnBoard/samples/00270.png 100
ucf/WritingOnBoard/samples/00271.png 100
ucf/WritingOnBoard/samples/00272.png 100
ucf/WritingOnBoard/samples/00273.png 100
ucf/WritingOnBoard/samples/00274.png 100
ucf/WritingOnBoard/samples/00275.png 100
ucf/WritingOnBoard/samples/00276.png 100
ucf/WritingOnBoard/samples/00277.png 100
ucf/WritingOnBoard/samples/00278.png 100
ucf/WritingOnBoard/samples/00279.png 100
ucf/WritingOnBoard/samples/00280.png 100
ucf/WritingOnBoard/samples/00281.png 100
ucf/WritingOnBoard/samples/00282.png 100
ucf/WritingOnBoard/samples/00283.png 100
ucf/WritingOnBoard/samples/00284.png 100
ucf/WritingOnBoard/samples/00285.png 100
ucf/WritingOnBoard/samples/00286.png 100
ucf/WritingOnBoard/samples/00287.png 100
ucf/WritingOnBoard/samples/00288.png 100
ucf/WritingOnBoard/samples/00289.png 100
ucf/WritingOnBoard/samples/00290.png 100
ucf/WritingOnBoard/samples/00291.png 100
ucf/WritingOnBoard/samples/00292.png 100
ucf/WritingOnBoard/samples/00293.png 100
ucf/WritingOnBoard/samples/00294.png 100
ucf/WritingOnBoard/samples/00295.png 100
ucf/WritingOnBoard/samples/00296.png 100
ucf/WritingOnBoard/samples/00297.png 100
ucf/WritingOnBoard/samples/00298.png 100
ucf/WritingOnBoard/samples/00299.png 100
ucf/WritingOnBoard/samples/00300.png 100
ucf/WritingOnBoard/samples/00301.png 100
ucf/WritingOnBoard/samples/00302.png 100
ucf/WritingOnBoard/samples/00303.png 100
ucf/WritingOnBoard/samples/00304.png 100
ucf/WritingOnBoard/samples/00305.png 100
ucf/WritingOnBoard/samples/00306.png 100
ucf/WritingOnBoard/samples/00307.png 100
ucf/WritingOnBoard/samples/00308.png 100
ucf/WritingOnBoard/samples/00309.png 100
ucf/WritingOnBoard/samples/00310.png 100
ucf/WritingOnBoard/samples/00311.png 100
ucf/WritingOnBoard/samples/00312.png 100
ucf/WritingOnBoard/samples/00313.png 100
ucf/WritingOnBoard/samples/00314.png 100
ucf/WritingOnBoard/samples/00315.png 100
ucf/WritingOnBoard/samples/00316.png 100
ucf/WritingOnBoard/samples/00317.png 100
ucf/WritingOnBoard/samples/00318.png 100
ucf/WritingOnBoard/samples/00319.png 100
ucf/WritingOnBoard/samples/00320.png 100
ucf/WritingOnBoard/samples/00321.png 100
ucf/WritingOnBoard/samples/00322.png 100
ucf/WritingOnBoard/samples/00323.png 100
ucf/WritingOnBoard/samples/00324.png 100
ucf/WritingOnBoard/samples/00325.png 100
ucf/WritingOnBoard/samples/00326.png 100
ucf/WritingOnBoard/samples/00327.png 100
ucf/WritingOnBoard/samples/00328.png 100
ucf/WritingOnBoard/samples/00329.png 100
ucf/WritingOnBoard/samples/00330.png 100
ucf/WritingOnBoard/samples/00331.png 100
ucf/WritingOnBoard/samples/00332.png 100
ucf/WritingOnBoard/samples/00333.png 100
ucf/WritingOnBoard/samples/00334.png 100
ucf/WritingOnBoard/samples/00335.png 100
ucf/WritingOnBoard/samples/00336.png 100
ucf/WritingOnBoard/samples/00337.png 100
ucf/WritingOnBoard/samples/00338.png 100
ucf/WritingOnBoard/samples/00339.png 100
ucf/WritingOnBoard/samples/00340.png 100
ucf/WritingOnBoard/samples/00341.png 100
ucf/WritingOnBoard/samples/00342.png 100
ucf/WritingOnBoard/samples/00343.png 100
ucf/WritingOnBoard/samples/00344.png 100
ucf/WritingOnBoard/samples/00345.png 100
ucf/WritingOnBoard/samples/00346.png 100
ucf/WritingOnBoard/samples/00347.png 100
ucf/WritingOnBoard/samples/00348.png 100
ucf/WritingOnBoard/samples/00349.png 100
ucf/WritingOnBoard/samples/00350.png 100
ucf/WritingOnBoard/samples/00351.png 100
ucf/WritingOnBoard/samples/00352.png 100
ucf/WritingOnBoard/samples/00353.png 100
ucf/WritingOnBoard/samples/00354.png 100
ucf/WritingOnBoard/samples/00355.png 100
ucf/WritingOnBoard/samples/00356.png 100
ucf/WritingOnBoard/samples/00357.png 100
ucf/WritingOnBoard/samples/00358.png 100
ucf/WritingOnBoard/samples/00359.png 100
ucf/WritingOnBoard/samples/00360.png 100
ucf/WritingOnBoard/samples/00361.png 100
ucf/WritingOnBoard/samples/00362.png 100
ucf/WritingOnBoard/samples/00363.png 100
ucf/WritingOnBoard/samples/00364.png 100
ucf/WritingOnBoard/samples/00365.png 100
ucf/WritingOnBoard/samples/00366.png 100
ucf/WritingOnBoard/samples/00367.png 100
ucf/WritingOnBoard/samples/00368.png 100
ucf/WritingOnBoard/samples/00369.png 100
ucf/WritingOnBoard/samples/00370.png 100
ucf/WritingOnBoard/samples/00371.png 100
ucf/WritingOnBoard/samples/00372.png 100
ucf/WritingOnBoard/samples/00373.png 100
ucf/WritingOnBoard/samples/00374.png 100
ucf/WritingOnBoard/samples/00375.png 100
ucf/WritingOnBoard/samples/00376.png 100
ucf/WritingOnBoard/samples/00377.png 100
ucf/WritingOnBoard/samples/00378.png 100
ucf/WritingOnBoard/samples/00379.png 100
ucf/WritingOnBoard/samples/00380.png 100
ucf/WritingOnBoard/samples/00381.png 100
ucf/WritingOnBoard/samples/00382.png 100
ucf/WritingOnBoard/samples/00383.png 100
ucf/WritingOnBoard/samples/00384.png 100
ucf/WritingOnBoard/samples/00385.png 100
ucf/WritingOnBoard/samples/00386.png 100
ucf/WritingOnBoard/samples/00387.png 100
ucf/WritingOnBoard/samples/00388.png 100
ucf/WritingOnBoard/samples/00389.png 100
ucf/WritingOnBoard/samples/00390.png 100
ucf/WritingOnBoard/samples/00391.png 100
ucf/WritingOnBoard/samples/00392.png 100
ucf/WritingOnBoard/samples/00393.png 100
ucf/WritingOnBoard/samples/00394.png 100
ucf/WritingOnBoard/samples/00395.png 100
ucf/WritingOnBoard/samples/00396.png 100
ucf/WritingOnBoard/samples/00397.png 100
ucf/WritingOnBoard/samples/00398.png 100
ucf/WritingOnBoard/samples/00399.png 100
ucf/WritingOnBoard/samples/00400.png 100
ucf/WritingOnBoard/samples/00401.png 100
ucf/WritingOnBoard/samples/00402.png 100
ucf/WritingOnBoard/samples/00403.png 100
ucf/WritingOnBoard/samples/00404.png 100
ucf/WritingOnBoard/samples/00405.png 100
ucf/WritingOnBoard/samples/00406.png 100
ucf/WritingOnBoard/samples/00407.png 100
ucf/WritingOnBoard/samples/00408.png 100
ucf/WritingOnBoard/samples/00409.png 100
ucf/WritingOnBoard/samples/00410.png 100
ucf/WritingOnBoard/samples/00411.png 100
ucf/WritingOnBoard/samples/00412.png 100
ucf/WritingOnBoard/samples/00413.png 100
ucf/WritingOnBoard/samples/00414.png 100
ucf/WritingOnBoard/samples/00415.png 100
ucf/WritingOnBoard/samples/00416.png 100
ucf/WritingOnBoard/samples/00417.png 100
ucf/WritingOnBoard/samples/00418.png 100
ucf/WritingOnBoard/samples/00419.png 100
ucf/WritingOnBoard/samples/00420.png 100
ucf/WritingOnBoard/samples/00421.png 100
ucf/WritingOnBoard/samples/00422.png 100
ucf/WritingOnBoard/samples/00423.png 100
ucf/WritingOnBoard/samples/00424.png 100
ucf/WritingOnBoard/samples/00425.png 100
ucf/WritingOnBoard/samples/00426.png 100
ucf/WritingOnBoard/samples/00427.png 100
ucf/WritingOnBoard/samples/00428.png 100
ucf/WritingOnBoard/samples/00429.png 100
ucf/WritingOnBoard/samples/00430.png 100
ucf/WritingOnBoard/samples/00431.png 100
ucf/WritingOnBoard/samples/00432.png 100
ucf/WritingOnBoard/samples/00433.png 100
ucf/WritingOnBoard/samples/00434.png 100
ucf/WritingOnBoard/samples/00435.png 100
ucf/WritingOnBoard/samples/00436.png 100
ucf/WritingOnBoard/samples/00437.png 100
ucf/WritingOnBoard/samples/00438.png 100
ucf/WritingOnBoard/samples/00439.png 100
ucf/WritingOnBoard/samples/00440.png 100
ucf/WritingOnBoard/samples/00441.png 100
ucf/WritingOnBoard/samples/00442.png 100
ucf/WritingOnBoard/samples/00443.png 100
ucf/WritingOnBoard/samples/00444.png 100
ucf/WritingOnBoard/samples/00445.png 100
ucf/WritingOnBoard/samples/00446.png 100
ucf/WritingOnBoard/samples/00447.png 100
ucf/WritingOnBoard/samples/00448.png 100
ucf/WritingOnBoard/samples/00449.png 100
ucf/WritingOnBoard/samples/00450.png 100
ucf/WritingOnBoard/samples/00451.png 100
ucf/WritingOnBoard/samples/00452.png 100
ucf/WritingOnBoard/samples/00453.png 100
ucf/WritingOnBoard/samples/00454.png 100
ucf/WritingOnBoard/samples/00455.png 100
ucf/WritingOnBoard/samples/00456.png 100
ucf/WritingOnBoard/samples/00457.png 100
ucf/WritingOnBoard/samples/00458.png 100
ucf/WritingOnBoard/samples/00459.png 100
ucf/WritingOnBoard/samples/00460.png 100
ucf/WritingOnBoard/samples/00461.png 100
ucf/WritingOnBoard/samples/00462.png 100
ucf/WritingOnBoard/samples/00463.png 100
ucf/WritingOnBoard/samples/00464.png 100
ucf/WritingOnBoard/samples/00465.png 100
ucf/WritingOnBoard/samples/00466.png 100
ucf/WritingOnBoard/samples/00467.png 100
ucf/WritingOnBoard/samples/00468.png 100
ucf/WritingOnBoard/samples/00469.png 100
ucf/WritingOnBoard/samples/00470.png 100
ucf/WritingOnBoard/samples/00471.png 100
ucf/WritingOnBoard/samples/00472.png 100
ucf/WritingOnBoard/samples/00473.png 100
ucf/WritingOnBoard/samples/00474.png 100
ucf/WritingOnBoard/samples/00475.png 100
ucf/WritingOnBoard/samples/00476.png 100
ucf/WritingOnBoard/samples/00477.png 100
ucf/WritingOnBoard/samples/00478.png 100
ucf/WritingOnBoard/samples/00479.png 100
ucf/WritingOnBoard/samples/00480.png 100
ucf/WritingOnBoard/samples/00481.png 100
ucf/WritingOnBoard/samples/00482.png 100
ucf/WritingOnBoard/samples/00483.png 100
ucf/WritingOnBoard/samples/00484.png 100
ucf/WritingOnBoard/samples/00485.png 100
ucf/WritingOnBoard/samples/00486.png 100
ucf/WritingOnBoard/samples/00487.png 100
ucf/WritingOnBoard/samples/00488.png 100
ucf/WritingOnBoard/samples/00489.png 100
ucf/WritingOnBoard/samples/00490.png 100
ucf/WritingOnBoard/samples/00491.png 100
ucf/WritingOnBoard/samples/00492.png 100
ucf/WritingOnBoard/samples/00493.png 100
ucf/WritingOnBoard/samples/00494.png 100
ucf/WritingOnBoard/samples/00495.png 100
ucf/WritingOnBoard/samples/00496.png 100
ucf/WritingOnBoard/samples/00497.png 100
ucf/WritingOnBoard/samples/00498.png 100
ucf/WritingOnBoard/samples/00499.png 100
ucf/WritingOnBoard/samples/00500.png 100
ucf/WritingOnBoard/samples/00501.png 100
ucf/WritingOnBoard/samples/00502.png 100
ucf/WritingOnBoard/samples/00503.png 100
ucf/WritingOnBoard/samples/00504.png 100
ucf/WritingOnBoard/samples/00505.png 100
ucf/WritingOnBoard/samples/00506.png 100
ucf/WritingOnBoard/samples/00507.png 100
ucf/WritingOnBoard/samples/00508.png 100
ucf/WritingOnBoard/samples/00509.png 100
ucf/WritingOnBoard/samples/00510.png 100
ucf/WritingOnBoard/samples/00511.png 100
ucf/WritingOnBoard/samples/00512.png 100
ucf/WritingOnBoard/samples/00513.png 100
ucf/WritingOnBoard/samples/00514.png 100
ucf/WritingOnBoard/samples/00515.png 100
ucf/WritingOnBoard/samples/00516.png 100
ucf/WritingOnBoard/samples/00517.png 100
ucf/WritingOnBoard/samples/00518.png 100
ucf/WritingOnBoard/samples/00519.png 100
ucf/WritingOnBoard/samples/00520.png 100
ucf/WritingOnBoard/samples/00521.png 100
ucf/WritingOnBoard/samples/00522.png 100
ucf/WritingOnBoard/samples/00523.png 100
ucf/WritingOnBoard/samples/00524.png 100
ucf/WritingOnBoard/samples/00525.png 100
ucf/WritingOnBoard/samples/00526.png 100
ucf/WritingOnBoard/samples/00527.png 100
ucf/WritingOnBoard/samples/00528.png 100
ucf/WritingOnBoard/samples/00529.png 100
ucf/WritingOnBoard/samples/00530.png 100
ucf/WritingOnBoard/samples/00531.png 100
ucf/WritingOnBoard/samples/00532.png 100
ucf/WritingOnBoard/samples/00533.png 100
ucf/WritingOnBoard/samples/00534.png 100
ucf/WritingOnBoard/samples/00535.png 100
ucf/WritingOnBoard/samples/00536.png 100
ucf/WritingOnBoard/samples/00537.png 100
ucf/WritingOnBoard/samples/00538.png 100
ucf/WritingOnBoard/samples/00539.png 100
ucf/WritingOnBoard/samples/00540.png 100
ucf/WritingOnBoard/samples/00541.png 100
ucf/WritingOnBoard/samples/00542.png 100
ucf/WritingOnBoard/samples/00543.png 100
ucf/WritingOnBoard/samples/00544.png 100
ucf/WritingOnBoard/samples/00545.png 100
ucf/WritingOnBoard/samples/00546.png 100
ucf/WritingOnBoard/samples/00547.png 100
ucf/WritingOnBoard/samples/00548.png 100
ucf/WritingOnBoard/samples/00549.png 100
ucf/WritingOnBoard/samples/00550.png 100
ucf/WritingOnBoard/samples/00551.png 100
ucf/WritingOnBoard/samples/00552.png 100
ucf/WritingOnBoard/samples/00553.png 100
ucf/WritingOnBoard/samples/00554.png 100
ucf/WritingOnBoard/samples/00555.png 100
ucf/WritingOnBoard/samples/00556.png 100
ucf/WritingOnBoard/samples/00557.png 100
ucf/WritingOnBoard/samples/00558.png 100
ucf/WritingOnBoard/samples/00559.png 100
ucf/WritingOnBoard/samples/00560.png 100
ucf/WritingOnBoard/samples/00561.png 100
ucf/WritingOnBoard/samples/00562.png 100
ucf/WritingOnBoard/samples/00563.png 100
ucf/WritingOnBoard/samples/00564.png 100
ucf/WritingOnBoard/samples/00565.png 100
ucf/WritingOnBoard/samples/00566.png 100
ucf/WritingOnBoard/samples/00567.png 100
ucf/WritingOnBoard/samples/00568.png 100
ucf/WritingOnBoard/samples/00569.png 100
ucf/WritingOnBoard/samples/00570.png 100
ucf/WritingOnBoard/samples/00571.png 100
ucf/WritingOnBoard/samples/00572.png 100
ucf/WritingOnBoard/samples/00573.png 100
ucf/WritingOnBoard/samples/00574.png 100
ucf/WritingOnBoard/samples/00575.png 100
ucf/WritingOnBoard/samples/00576.png 100
ucf/WritingOnBoard/samples/00577.png 100
ucf/WritingOnBoard/samples/00578.png 100
ucf/WritingOnBoard/samples/00579.png 100
ucf/WritingOnBoard/samples/00580.png 100
ucf/WritingOnBoard/samples/00581.png 100
ucf/WritingOnBoard/samples/00582.png 100
ucf/WritingOnBoard/samples/00583.png 100
ucf/WritingOnBoard/samples/00584.png 100
ucf/WritingOnBoard/samples/00585.png 100
ucf/WritingOnBoard/samples/00586.png 100
ucf/WritingOnBoard/samples/00587.png 100
ucf/WritingOnBoard/samples/00588.png 100
ucf/WritingOnBoard/samples/00589.png 100
ucf/WritingOnBoard/samples/00590.png 100
ucf/WritingOnBoard/samples/00591.png 100
ucf/WritingOnBoard/samples/00592.png 100
ucf/WritingOnBoard/samples/00593.png 100
ucf/WritingOnBoard/samples/00594.png 100
ucf/WritingOnBoard/samples/00595.png 100
ucf/WritingOnBoard/samples/00596.png 100
ucf/WritingOnBoard/samples/00597.png 100
ucf/WritingOnBoard/samples/00598.png 100
ucf/WritingOnBoard/samples/00599.png 100
ucf/WritingOnBoard/samples/00600.png 100
ucf/WritingOnBoard/samples/00601.png 100
ucf/WritingOnBoard/samples/00602.png 100
ucf/WritingOnBoard/samples/00603.png 100
ucf/WritingOnBoard/samples/00604.png 100
ucf/WritingOnBoard/samples/00605.png 100
ucf/WritingOnBoard/samples/00606.png 100
ucf/WritingOnBoard/samples/00607.png 100
ucf/WritingOnBoard/samples/00608.png 100
ucf/WritingOnBoard/samples/00609.png 100
ucf/WritingOnBoard/samples/00610.png 100
ucf/WritingOnBoard/samples/00611.png 100
ucf/WritingOnBoard/samples/00612.png 100
ucf/WritingOnBoard/samples/00613.png 100
ucf/WritingOnBoard/samples/00614.png 100
ucf/WritingOnBoard/samples/00615.png 100
ucf/WritingOnBoard/samples/00616.png 100
ucf/WritingOnBoard/samples/00617.png 100
ucf/WritingOnBoard/samples/00618.png 100
ucf/WritingOnBoard/samples/00619.png 100
ucf/WritingOnBoard/samples/00620.png 100
ucf/WritingOnBoard/samples/00621.png 100
ucf/WritingOnBoard/samples/00622.png 100
ucf/WritingOnBoard/samples/00623.png 100
ucf/WritingOnBoard/samples/00624.png 100
ucf/WritingOnBoard/samples/00625.png 100
ucf/WritingOnBoard/samples/00626.png 100
ucf/WritingOnBoard/samples/00627.png 100
ucf/WritingOnBoard/samples/00628.png 100
ucf/WritingOnBoard/samples/00629.png 100
ucf/WritingOnBoard/samples/00630.png 100
ucf/WritingOnBoard/samples/00631.png 100
ucf/WritingOnBoard/samples/00632.png 100
ucf/WritingOnBoard/samples/00633.png 100
ucf/WritingOnBoard/samples/00634.png 100
ucf/WritingOnBoard/samples/00635.png 100
ucf/WritingOnBoard/samples/00636.png 100
ucf/WritingOnBoard/samples/00637.png 100
ucf/WritingOnBoard/samples/00638.png 100
ucf/WritingOnBoard/samples/00639.png 100
ucf/WritingOnBoard/samples/00640.png 100
ucf/WritingOnBoard/samples/00641.png 100
ucf/WritingOnBoard/samples/00642.png 100
ucf/WritingOnBoard/samples/00643.png 100
ucf/WritingOnBoard/samples/00644.png 100
ucf/WritingOnBoard/samples/00645.png 100
ucf/WritingOnBoard/samples/00646.png 100
ucf/WritingOnBoard/samples/00647.png 100
ucf/WritingOnBoard/samples/00648.png 100
ucf/WritingOnBoard/samples/00649.png 100
ucf/WritingOnBoard/samples/00650.png 100
ucf/WritingOnBoard/samples/00651.png 100
ucf/WritingOnBoard/samples/00652.png 100
ucf/WritingOnBoard/samples/00653.png 100
ucf/WritingOnBoard/samples/00654.png 100
ucf/WritingOnBoard/samples/00655.png 100
ucf/WritingOnBoard/samples/00656.png 100
ucf/WritingOnBoard/samples/00657.png 100
ucf/WritingOnBoard/samples/00658.png 100
ucf/WritingOnBoard/samples/00659.png 100
ucf/WritingOnBoard/samples/00660.png 100
ucf/WritingOnBoard/samples/00661.png 100
ucf/WritingOnBoard/samples/00662.png 100
ucf/WritingOnBoard/samples/00663.png 100
ucf/WritingOnBoard/samples/00664.png 100
ucf/WritingOnBoard/samples/00665.png 100
ucf/WritingOnBoard/samples/00666.png 100
ucf/WritingOnBoard/samples/00667.png 100
ucf/WritingOnBoard/samples/00668.png 100
ucf/WritingOnBoard/samples/00669.png 100
ucf/WritingOnBoard/samples/00670.png 100
ucf/WritingOnBoard/samples/00671.png 100
ucf/WritingOnBoard/samples/00672.png 100
ucf/WritingOnBoard/samples/00673.png 100
ucf/WritingOnBoard/samples/00674.png 100
ucf/WritingOnBoard/samples/00675.png 100
ucf/WritingOnBoard/samples/00676.png 100
ucf/WritingOnBoard/samples/00677.png 100
ucf/WritingOnBoard/samples/00678.png 100
ucf/WritingOnBoard/samples/00679.png 100
ucf/WritingOnBoard/samples/00680.png 100
ucf/WritingOnBoard/samples/00681.png 100
ucf/WritingOnBoard/samples/00682.png 100
ucf/WritingOnBoard/samples/00683.png 100
ucf/WritingOnBoard/samples/00684.png 100
ucf/WritingOnBoard/samples/00685.png 100
ucf/WritingOnBoard/samples/00686.png 100
ucf/WritingOnBoard/samples/00687.png 100
ucf/WritingOnBoard/samples/00688.png 100
ucf/WritingOnBoard/samples/00689.png 100
ucf/WritingOnBoard/samples/00690.png 100
ucf/WritingOnBoard/samples/00691.png 100
ucf/WritingOnBoard/samples/00692.png 100
ucf/WritingOnBoard/samples/00693.png 100
ucf/WritingOnBoard/samples/00694.png 100
ucf/WritingOnBoard/samples/00695.png 100
ucf/WritingOnBoard/samples/00696.png 100
ucf/WritingOnBoard/samples/00697.png 100
ucf/WritingOnBoard/samples/00698.png 100
ucf/WritingOnBoard/samples/00699.png 100
ucf/WritingOnBoard/samples/00700.png 100
ucf/WritingOnBoard/samples/00701.png 100
ucf/WritingOnBoard/samples/00702.png 100
ucf/WritingOnBoard/samples/00703.png 100
ucf/WritingOnBoard/samples/00704.png 100
ucf/WritingOnBoard/samples/00705.png 100
ucf/WritingOnBoard/samples/00706.png 100
ucf/WritingOnBoard/samples/00707.png 100
ucf/WritingOnBoard/samples/00708.png 100
ucf/WritingOnBoard/samples/00709.png 100
ucf/WritingOnBoard/samples/00710.png 100
ucf/WritingOnBoard/samples/00711.png 100
ucf/WritingOnBoard/samples/00712.png 100
ucf/WritingOnBoard/samples/00713.png 100
ucf/WritingOnBoard/samples/00714.png 100
ucf/WritingOnBoard/samples/00715.png 100
ucf/WritingOnBoard/samples/00716.png 100
ucf/WritingOnBoard/samples/00717.png 100
ucf/WritingOnBoard/samples/00718.png 100
ucf/WritingOnBoard/samples/00719.png 100
ucf/WritingOnBoard/samples/00720.png 100
ucf/WritingOnBoard/samples/00721.png 100
ucf/WritingOnBoard/samples/00722.png 100
ucf/WritingOnBoard/samples/00723.png 100
ucf/WritingOnBoard/samples/00724.png 100
ucf/WritingOnBoard/samples/00725.png 100
ucf/WritingOnBoard/samples/00726.png 100
ucf/WritingOnBoard/samples/00727.png 100
ucf/WritingOnBoard/samples/00728.png 100
ucf/WritingOnBoard/samples/00729.png 100
ucf/WritingOnBoard/samples/00730.png 100
ucf/WritingOnBoard/samples/00731.png 100
ucf/WritingOnBoard/samples/00732.png 100
ucf/WritingOnBoard/samples/00733.png 100
ucf/WritingOnBoard/samples/00734.png 100
ucf/WritingOnBoard/samples/00735.png 100
ucf/WritingOnBoard/samples/00736.png 100
ucf/WritingOnBoard/samples/00737.png 100
ucf/WritingOnBoard/samples/00738.png 100
ucf/WritingOnBoard/samples/00739.png 100
ucf/WritingOnBoard/samples/00740.png 100
ucf/WritingOnBoard/samples/00741.png 100
ucf/WritingOnBoard/samples/00742.png 100
ucf/WritingOnBoard/samples/00743.png 100
ucf/WritingOnBoard/samples/00744.png 100
ucf/WritingOnBoard/samples/00745.png 100
ucf/WritingOnBoard/samples/00746.png 100
ucf/WritingOnBoard/samples/00747.png 100
ucf/WritingOnBoard/samples/00748.png 100
ucf/WritingOnBoard/samples/00749.png 100
ucf/WritingOnBoard/samples/00750.png 100
ucf/WritingOnBoard/samples/00751.png 100
ucf/WritingOnBoard/samples/00752.png 100
ucf/WritingOnBoard/samples/00753.png 100
ucf/WritingOnBoard/samples/00754.png 100
ucf/WritingOnBoard/samples/00755.png 100
ucf/WritingOnBoard/samples/00756.png 100
ucf/WritingOnBoard/samples/00757.png 100
ucf/WritingOnBoard/samples/00758.png 100
ucf/WritingOnBoard/samples/00759.png 100
ucf/WritingOnBoard/samples/00760.png 100
ucf/WritingOnBoard/samples/00761.png 100
ucf/WritingOnBoard/samples/00762.png 100
ucf/WritingOnBoard/samples/00763.png 100
ucf/WritingOnBoard/samples/00764.png 100
ucf/WritingOnBoard/samples/00765.png 100
ucf/WritingOnBoard/samples/00766.png 100
ucf/WritingOnBoard/samples/00767.png 100
ucf/WritingOnBoard/samples/00768.png 100
ucf/WritingOnBoard/samples/00769.png 100
ucf/WritingOnBoard/samples/00770.png 100
ucf/WritingOnBoard/samples/00771.png 100
ucf/WritingOnBoard/samples/00772.png 100
ucf/WritingOnBoard/samples/00773.png 100
ucf/WritingOnBoard/samples/00774.png 100
ucf/WritingOnBoard/samples/00775.png 100
ucf/WritingOnBoard/samples/00776.png 100
ucf/WritingOnBoard/samples/00777.png 100
ucf/WritingOnBoard/samples/00778.png 100
ucf/WritingOnBoard/samples/00779.png 100
ucf/WritingOnBoard/samples/00780.png 100
ucf/WritingOnBoard/samples/00781.png 100
ucf/WritingOnBoard/samples/00782.png 100
ucf/WritingOnBoard/samples/00783.png 100
ucf/WritingOnBoard/samples/00784.png 100
ucf/WritingOnBoard/samples/00785.png 100
ucf/WritingOnBoard/samples/00786.png 100
ucf/WritingOnBoard/samples/00787.png 100
ucf/WritingOnBoard/samples/00788.png 100
ucf/WritingOnBoard/samples/00789.png 100
ucf/WritingOnBoard/samples/00790.png 100
ucf/WritingOnBoard/samples/00791.png 100
ucf/WritingOnBoard/samples/00792.png 100
ucf/WritingOnBoard/samples/00793.png 100
ucf/WritingOnBoard/samples/00794.png 100
ucf/WritingOnBoard/samples/00795.png 100
ucf/WritingOnBoard/samples/00796.png 100
ucf/WritingOnBoard/samples/00797.png 100
ucf/WritingOnBoard/samples/00798.png 100
ucf/WritingOnBoard/samples/00799.png 100
ucf/WritingOnBoard/samples/00800.png 100
ucf/WritingOnBoard/samples/00801.png 100
ucf/WritingOnBoard/samples/00802.png 100
ucf/WritingOnBoard/samples/00803.png 100
ucf/WritingOnBoard/samples/00804.png 100
ucf/WritingOnBoard/samples/00805.png 100
ucf/WritingOnBoard/samples/00806.png 100
ucf/WritingOnBoard/samples/00807.png 100
ucf/WritingOnBoard/samples/00808.png 100
ucf/WritingOnBoard/samples/00809.png 100
ucf/WritingOnBoard/samples/00810.png 100
ucf/WritingOnBoard/samples/00811.png 100
ucf/WritingOnBoard/samples/00812.png 100
ucf/WritingOnBoard/samples/00813.png 100
ucf/WritingOnBoard/samples/00814.png 100
ucf/WritingOnBoard/samples/00815.png 100
ucf/WritingOnBoard/samples/00816.png 100
ucf/WritingOnBoard/samples/00817.png 100
ucf/WritingOnBoard/samples/00818.png 100
ucf/WritingOnBoard/samples/00819.png 100
ucf/WritingOnBoard/samples/00820.png 100
ucf/WritingOnBoard/samples/00821.png 100
ucf/WritingOnBoard/samples/00822.png 100
ucf/WritingOnBoard/samples/00823.png 100
ucf/WritingOnBoard/samples/00824.png 100
ucf/WritingOnBoard/samples/00825.png 100
ucf/WritingOnBoard/samples/00826.png 100
ucf/WritingOnBoard/samples/00827.png 100
ucf/WritingOnBoard/samples/00828.png 100
ucf/WritingOnBoard/samples/00829.png 100
ucf/WritingOnBoard/samples/00830.png 100
ucf/WritingOnBoard/samples/00831.png 100
ucf/WritingOnBoard/samples/00832.png 100
ucf/WritingOnBoard/samples/00833.png 100
ucf/WritingOnBoard/samples/00834.png 100
ucf/WritingOnBoard/samples/00835.png 100
ucf/WritingOnBoard/samples/00836.png 100
ucf/WritingOnBoard/samples/00837.png 100
ucf/WritingOnBoard/samples/00838.png 100
ucf/WritingOnBoard/samples/00839.png 100
ucf/WritingOnBoard/samples/00840.png 100
ucf/WritingOnBoard/samples/00841.png 100
ucf/WritingOnBoard/samples/00842.png 100
ucf/WritingOnBoard/samples/00843.png 100
ucf/WritingOnBoard/samples/00844.png 100
ucf/WritingOnBoard/samples/00845.png 100
ucf/WritingOnBoard/samples/00846.png 100
ucf/WritingOnBoard/samples/00847.png 100
ucf/WritingOnBoard/samples/00848.png 100
ucf/WritingOnBoard/samples/00849.png 100
ucf/WritingOnBoard/samples/00850.png 100
ucf/WritingOnBoard/samples/00851.png 100
ucf/WritingOnBoard/samples/00852.png 100
ucf/WritingOnBoard/samples/00853.png 100
ucf/WritingOnBoard/samples/00854.png 100
ucf/WritingOnBoard/samples/00855.png 100
ucf/WritingOnBoard/samples/00856.png 100
ucf/WritingOnBoard/samples/00857.png 100
ucf/WritingOnBoard/samples/00858.png 100
ucf/WritingOnBoard/samples/00859.png 100
ucf/WritingOnBoard/samples/00860.png 100
ucf/WritingOnBoard/samples/00861.png 100
ucf/WritingOnBoard/samples/00862.png 100
ucf/WritingOnBoard/samples/00863.png 100
ucf/WritingOnBoard/samples/00864.png 100
ucf/WritingOnBoard/samples/00865.png 100
ucf/WritingOnBoard/samples/00866.png 100
ucf/WritingOnBoard/samples/00867.png 100
ucf/WritingOnBoard/samples/00868.png 100
ucf/WritingOnBoard/samples/00869.png 100
ucf/WritingOnBoard/samples/00870.png 100
ucf/WritingOnBoard/samples/00871.png 100
ucf/WritingOnBoard/samples/00872.png 100
ucf/WritingOnBoard/samples/00873.png 100
ucf/WritingOnBoard/samples/00874.png 100
ucf/WritingOnBoard/samples/00875.png 100
ucf/WritingOnBoard/samples/00876.png 100
ucf/WritingOnBoard/samples/00877.png 100
ucf/WritingOnBoard/samples/00878.png 100
ucf/WritingOnBoard/samples/00879.png 100
ucf/WritingOnBoard/samples/00880.png 100
ucf/WritingOnBoard/samples/00881.png 100
ucf/WritingOnBoard/samples/00882.png 100
ucf/WritingOnBoard/samples/00883.png 100
ucf/WritingOnBoard/samples/00884.png 100
ucf/WritingOnBoard/samples/00885.png 100
ucf/WritingOnBoard/samples/00886.png 100
ucf/WritingOnBoard/samples/00887.png 100
ucf/WritingOnBoard/samples/00888.png 100
ucf/WritingOnBoard/samples/00889.png 100
ucf/WritingOnBoard/samples/00890.png 100
ucf/WritingOnBoard/samples/00891.png 100
ucf/WritingOnBoard/samples/00892.png 100
ucf/WritingOnBoard/samples/00893.png 100
ucf/WritingOnBoard/samples/00894.png 100
ucf/WritingOnBoard/samples/00895.png 100
ucf/WritingOnBoard/samples/00896.png 100
ucf/WritingOnBoard/samples/00897.png 100
ucf/WritingOnBoard/samples/00898.png 100
ucf/WritingOnBoard/samples/00899.png 100
ucf/WritingOnBoard/samples/00900.png 100
ucf/WritingOnBoard/samples/00901.png 100
ucf/WritingOnBoard/samples/00902.png 100
ucf/WritingOnBoard/samples/00903.png 100
ucf/WritingOnBoard/samples/00904.png 100
ucf/WritingOnBoard/samples/00905.png 100
ucf/WritingOnBoard/samples/00906.png 100
ucf/WritingOnBoard/samples/00907.png 100
ucf/WritingOnBoard/samples/00908.png 100
ucf/WritingOnBoard/samples/00909.png 100
ucf/WritingOnBoard/samples/00910.png 100
ucf/WritingOnBoard/samples/00911.png 100
ucf/WritingOnBoard/samples/00912.png 100
ucf/WritingOnBoard/samples/00913.png 100
ucf/WritingOnBoard/samples/00914.png 100
ucf/WritingOnBoard/samples/00915.png 100
ucf/WritingOnBoard/samples/00916.png 100
ucf/WritingOnBoard/samples/00917.png 100
ucf/WritingOnBoard/samples/00918.png 100
ucf/WritingOnBoard/samples/00919.png 100
ucf/WritingOnBoard/samples/00920.png 100
ucf/WritingOnBoard/samples/00921.png 100
ucf/WritingOnBoard/samples/00922.png 100
ucf/WritingOnBoard/samples/00923.png 100
ucf/WritingOnBoard/samples/00924.png 100
ucf/WritingOnBoard/samples/00925.png 100
ucf/WritingOnBoard/samples/00926.png 100
ucf/WritingOnBoard/samples/00927.png 100
ucf/WritingOnBoard/samples/00928.png 100
ucf/WritingOnBoard/samples/00929.png 100
ucf/WritingOnBoard/samples/00930.png 100
ucf/WritingOnBoard/samples/00931.png 100
ucf/WritingOnBoard/samples/00932.png 100
ucf/WritingOnBoard/samples/00933.png 100
ucf/WritingOnBoard/samples/00934.png 100
ucf/WritingOnBoard/samples/00935.png 100
ucf/WritingOnBoard/samples/00936.png 100
ucf/WritingOnBoard/samples/00937.png 100
ucf/WritingOnBoard/samples/00938.png 100
ucf/WritingOnBoard/samples/00939.png 100
ucf/WritingOnBoard/samples/00940.png 100
ucf/WritingOnBoard/samples/00941.png 100
ucf/WritingOnBoard/samples/00942.png 100
ucf/WritingOnBoard/samples/00943.png 100
ucf/WritingOnBoard/samples/00944.png 100
ucf/WritingOnBoard/samples/00945.png 100
ucf/WritingOnBoard/samples/00946.png 100
ucf/WritingOnBoard/samples/00947.png 100
ucf/WritingOnBoard/samples/00948.png 100
ucf/WritingOnBoard/samples/00949.png 100
ucf/WritingOnBoard/samples/00950.png 100
ucf/WritingOnBoard/samples/00951.png 100
ucf/WritingOnBoard/samples/00952.png 100
ucf/WritingOnBoard/samples/00953.png 100
ucf/WritingOnBoard/samples/00954.png 100
ucf/WritingOnBoard/samples/00955.png 100
ucf/WritingOnBoard/samples/00956.png 100
ucf/WritingOnBoard/samples/00957.png 100
ucf/WritingOnBoard/samples/00958.png 100
ucf/WritingOnBoard/samples/00959.png 100
ucf/WritingOnBoard/samples/00960.png 100
ucf/WritingOnBoard/samples/00961.png 100
ucf/WritingOnBoard/samples/00962.png 100
ucf/WritingOnBoard/samples/00963.png 100
ucf/WritingOnBoard/samples/00964.png 100
ucf/WritingOnBoard/samples/00965.png 100
ucf/WritingOnBoard/samples/00966.png 100
ucf/WritingOnBoard/samples/00967.png 100
ucf/WritingOnBoard/samples/00968.png 100
ucf/WritingOnBoard/samples/00969.png 100
ucf/WritingOnBoard/samples/00970.png 100
ucf/WritingOnBoard/samples/00971.png 100
ucf/WritingOnBoard/samples/00972.png 100
ucf/WritingOnBoard/samples/00973.png 100
ucf/WritingOnBoard/samples/00974.png 100
ucf/WritingOnBoard/samples/00975.png 100
ucf/WritingOnBoard/samples/00976.png 100
ucf/WritingOnBoard/samples/00977.png 100
ucf/WritingOnBoard/samples/00978.png 100
ucf/WritingOnBoard/samples/00979.png 100
ucf/WritingOnBoard/samples/00980.png 100
ucf/WritingOnBoard/samples/00981.png 100
ucf/WritingOnBoard/samples/00982.png 100
ucf/WritingOnBoard/samples/00983.png 100
ucf/WritingOnBoard/samples/00984.png 100
ucf/WritingOnBoard/samples/00985.png 100
ucf/WritingOnBoard/samples/00986.png 100
ucf/WritingOnBoard/samples/00987.png 100
ucf/WritingOnBoard/samples/00988.png 100
ucf/WritingOnBoard/samples/00989.png 100
ucf/WritingOnBoard/samples/00990.png 100
ucf/WritingOnBoard/samples/00991.png 100
ucf/WritingOnBoard/samples/00992.png 100
ucf/WritingOnBoard/samples/00993.png 100
ucf/WritingOnBoard/samples/00994.png 100
ucf/WritingOnBoard/samples/00995.png 100
ucf/WritingOnBoard/samples/00996.png 100
ucf/WritingOnBoard/samples/00997.png 100
ucf/WritingOnBoard/samples/00998.png 100
ucf/WritingOnBoard/samples/00999.png 100
ucf/SalsaSpin/samples/00000.png 77
ucf/SalsaSpin/samples/00001.png 77
ucf/SalsaSpin/samples/00002.png 77
ucf/SalsaSpin/samples/00003.png 77
ucf/SalsaSpin/samples/00004.png 77
ucf/SalsaSpin/samples/00005.png 77
ucf/SalsaSpin/samples/00006.png 77
ucf/SalsaSpin/samples/00007.png 77
ucf/SalsaSpin/samples/00008.png 77
ucf/SalsaSpin/samples/00009.png 77
ucf/SalsaSpin/samples/00010.png 77
ucf/SalsaSpin/samples/00011.png 77
ucf/SalsaSpin/samples/00012.png 77
ucf/SalsaSpin/samples/00013.png 77
ucf/SalsaSpin/samples/00014.png 77
ucf/SalsaSpin/samples/00015.png 77
ucf/SalsaSpin/samples/00016.png 77
ucf/SalsaSpin/samples/00017.png 77
ucf/SalsaSpin/samples/00018.png 77
ucf/SalsaSpin/samples/00019.png 77
ucf/SalsaSpin/samples/00020.png 77
ucf/SalsaSpin/samples/00021.png 77
ucf/SalsaSpin/samples/00022.png 77
ucf/SalsaSpin/samples/00023.png 77
ucf/SalsaSpin/samples/00024.png 77
ucf/SalsaSpin/samples/00025.png 77
ucf/SalsaSpin/samples/00026.png 77
ucf/SalsaSpin/samples/00027.png 77
ucf/SalsaSpin/samples/00028.png 77
ucf/SalsaSpin/samples/00029.png 77
ucf/SalsaSpin/samples/00030.png 77
ucf/SalsaSpin/samples/00031.png 77
ucf/SalsaSpin/samples/00032.png 77
ucf/SalsaSpin/samples/00033.png 77
ucf/SalsaSpin/samples/00034.png 77
ucf/SalsaSpin/samples/00035.png 77
ucf/SalsaSpin/samples/00036.png 77
ucf/SalsaSpin/samples/00037.png 77
ucf/SalsaSpin/samples/00038.png 77
ucf/SalsaSpin/samples/00039.png 77
ucf/SalsaSpin/samples/00040.png 77
ucf/SalsaSpin/samples/00041.png 77
ucf/SalsaSpin/samples/00042.png 77
ucf/SalsaSpin/samples/00043.png 77
ucf/SalsaSpin/samples/00044.png 77
ucf/SalsaSpin/samples/00045.png 77
ucf/SalsaSpin/samples/00046.png 77
ucf/SalsaSpin/samples/00047.png 77
ucf/SalsaSpin/samples/00048.png 77
ucf/SalsaSpin/samples/00049.png 77
ucf/SalsaSpin/samples/00050.png 77
ucf/SalsaSpin/samples/00051.png 77
ucf/SalsaSpin/samples/00052.png 77
ucf/SalsaSpin/samples/00053.png 77
ucf/SalsaSpin/samples/00054.png 77
ucf/SalsaSpin/samples/00055.png 77
ucf/SalsaSpin/samples/00056.png 77
ucf/SalsaSpin/samples/00057.png 77
ucf/SalsaSpin/samples/00058.png 77
ucf/SalsaSpin/samples/00059.png 77
ucf/SalsaSpin/samples/00060.png 77
ucf/SalsaSpin/samples/00061.png 77
ucf/SalsaSpin/samples/00062.png 77
ucf/SalsaSpin/samples/00063.png 77
ucf/SalsaSpin/samples/00064.png 77
ucf/SalsaSpin/samples/00065.png 77
ucf/SalsaSpin/samples/00066.png 77
ucf/SalsaSpin/samples/00067.png 77
ucf/SalsaSpin/samples/00068.png 77
ucf/SalsaSpin/samples/00069.png 77
ucf/SalsaSpin/samples/00070.png 77
ucf/SalsaSpin/samples/00071.png 77
ucf/SalsaSpin/samples/00072.png 77
ucf/SalsaSpin/samples/00073.png 77
ucf/SalsaSpin/samples/00074.png 77
ucf/SalsaSpin/samples/00075.png 77
ucf/SalsaSpin/samples/00076.png 77
ucf/SalsaSpin/samples/00077.png 77
ucf/SalsaSpin/samples/00078.png 77
ucf/SalsaSpin/samples/00079.png 77
ucf/SalsaSpin/samples/00080.png 77
ucf/SalsaSpin/samples/00081.png 77
ucf/SalsaSpin/samples/00082.png 77
ucf/SalsaSpin/samples/00083.png 77
ucf/SalsaSpin/samples/00084.png 77
ucf/SalsaSpin/samples/00085.png 77
ucf/SalsaSpin/samples/00086.png 77
ucf/SalsaSpin/samples/00087.png 77
ucf/SalsaSpin/samples/00088.png 77
ucf/SalsaSpin/samples/00089.png 77
ucf/SalsaSpin/samples/00090.png 77
ucf/SalsaSpin/samples/00091.png 77
ucf/SalsaSpin/samples/00092.png 77
ucf/SalsaSpin/samples/00093.png 77
ucf/SalsaSpin/samples/00094.png 77
ucf/SalsaSpin/samples/00095.png 77
ucf/SalsaSpin/samples/00096.png 77
ucf/SalsaSpin/samples/00097.png 77
ucf/SalsaSpin/samples/00098.png 77
ucf/SalsaSpin/samples/00099.png 77
ucf/SalsaSpin/samples/00100.png 77
ucf/SalsaSpin/samples/00101.png 77
ucf/SalsaSpin/samples/00102.png 77
ucf/SalsaSpin/samples/00103.png 77
ucf/SalsaSpin/samples/00104.png 77
ucf/SalsaSpin/samples/00105.png 77
ucf/SalsaSpin/samples/00106.png 77
ucf/SalsaSpin/samples/00107.png 77
ucf/SalsaSpin/samples/00108.png 77
ucf/SalsaSpin/samples/00109.png 77
ucf/SalsaSpin/samples/00110.png 77
ucf/SalsaSpin/samples/00111.png 77
ucf/SalsaSpin/samples/00112.png 77
ucf/SalsaSpin/samples/00113.png 77
ucf/SalsaSpin/samples/00114.png 77
ucf/SalsaSpin/samples/00115.png 77
ucf/SalsaSpin/samples/00116.png 77
ucf/SalsaSpin/samples/00117.png 77
ucf/SalsaSpin/samples/00118.png 77
ucf/SalsaSpin/samples/00119.png 77
ucf/SalsaSpin/samples/00120.png 77
ucf/SalsaSpin/samples/00121.png 77
ucf/SalsaSpin/samples/00122.png 77
ucf/SalsaSpin/samples/00123.png 77
ucf/SalsaSpin/samples/00124.png 77
ucf/SalsaSpin/samples/00125.png 77
ucf/SalsaSpin/samples/00126.png 77
ucf/SalsaSpin/samples/00127.png 77
ucf/SalsaSpin/samples/00128.png 77
ucf/SalsaSpin/samples/00129.png 77
ucf/SalsaSpin/samples/00130.png 77
ucf/SalsaSpin/samples/00131.png 77
ucf/SalsaSpin/samples/00132.png 77
ucf/SalsaSpin/samples/00133.png 77
ucf/SalsaSpin/samples/00134.png 77
ucf/SalsaSpin/samples/00135.png 77
ucf/SalsaSpin/samples/00136.png 77
ucf/SalsaSpin/samples/00137.png 77
ucf/SalsaSpin/samples/00138.png 77
ucf/SalsaSpin/samples/00139.png 77
ucf/SalsaSpin/samples/00140.png 77
ucf/SalsaSpin/samples/00141.png 77
ucf/SalsaSpin/samples/00142.png 77
ucf/SalsaSpin/samples/00143.png 77
ucf/SalsaSpin/samples/00144.png 77
ucf/SalsaSpin/samples/00145.png 77
ucf/SalsaSpin/samples/00146.png 77
ucf/SalsaSpin/samples/00147.png 77
ucf/SalsaSpin/samples/00148.png 77
ucf/SalsaSpin/samples/00149.png 77
ucf/SalsaSpin/samples/00150.png 77
ucf/SalsaSpin/samples/00151.png 77
ucf/SalsaSpin/samples/00152.png 77
ucf/SalsaSpin/samples/00153.png 77
ucf/SalsaSpin/samples/00154.png 77
ucf/SalsaSpin/samples/00155.png 77
ucf/SalsaSpin/samples/00156.png 77
ucf/SalsaSpin/samples/00157.png 77
ucf/SalsaSpin/samples/00158.png 77
ucf/SalsaSpin/samples/00159.png 77
ucf/SalsaSpin/samples/00160.png 77
ucf/SalsaSpin/samples/00161.png 77
ucf/SalsaSpin/samples/00162.png 77
ucf/SalsaSpin/samples/00163.png 77
ucf/SalsaSpin/samples/00164.png 77
ucf/SalsaSpin/samples/00165.png 77
ucf/SalsaSpin/samples/00166.png 77
ucf/SalsaSpin/samples/00167.png 77
ucf/SalsaSpin/samples/00168.png 77
ucf/SalsaSpin/samples/00169.png 77
ucf/SalsaSpin/samples/00170.png 77
ucf/SalsaSpin/samples/00171.png 77
ucf/SalsaSpin/samples/00172.png 77
ucf/SalsaSpin/samples/00173.png 77
ucf/SalsaSpin/samples/00174.png 77
ucf/SalsaSpin/samples/00175.png 77
ucf/SalsaSpin/samples/00176.png 77
ucf/SalsaSpin/samples/00177.png 77
ucf/SalsaSpin/samples/00178.png 77
ucf/SalsaSpin/samples/00179.png 77
ucf/SalsaSpin/samples/00180.png 77
ucf/SalsaSpin/samples/00181.png 77
ucf/SalsaSpin/samples/00182.png 77
ucf/SalsaSpin/samples/00183.png 77
ucf/SalsaSpin/samples/00184.png 77
ucf/SalsaSpin/samples/00185.png 77
ucf/SalsaSpin/samples/00186.png 77
ucf/SalsaSpin/samples/00187.png 77
ucf/SalsaSpin/samples/00188.png 77
ucf/SalsaSpin/samples/00189.png 77
ucf/SalsaSpin/samples/00190.png 77
ucf/SalsaSpin/samples/00191.png 77
ucf/SalsaSpin/samples/00192.png 77
ucf/SalsaSpin/samples/00193.png 77
ucf/SalsaSpin/samples/00194.png 77
ucf/SalsaSpin/samples/00195.png 77
ucf/SalsaSpin/samples/00196.png 77
ucf/SalsaSpin/samples/00197.png 77
ucf/SalsaSpin/samples/00198.png 77
ucf/SalsaSpin/samples/00199.png 77
ucf/SalsaSpin/samples/00200.png 77
ucf/SalsaSpin/samples/00201.png 77
ucf/SalsaSpin/samples/00202.png 77
ucf/SalsaSpin/samples/00203.png 77
ucf/SalsaSpin/samples/00204.png 77
ucf/SalsaSpin/samples/00205.png 77
ucf/SalsaSpin/samples/00206.png 77
ucf/SalsaSpin/samples/00207.png 77
ucf/SalsaSpin/samples/00208.png 77
ucf/SalsaSpin/samples/00209.png 77
ucf/SalsaSpin/samples/00210.png 77
ucf/SalsaSpin/samples/00211.png 77
ucf/SalsaSpin/samples/00212.png 77
ucf/SalsaSpin/samples/00213.png 77
ucf/SalsaSpin/samples/00214.png 77
ucf/SalsaSpin/samples/00215.png 77
ucf/SalsaSpin/samples/00216.png 77
ucf/SalsaSpin/samples/00217.png 77
ucf/SalsaSpin/samples/00218.png 77
ucf/SalsaSpin/samples/00219.png 77
ucf/SalsaSpin/samples/00220.png 77
ucf/SalsaSpin/samples/00221.png 77
ucf/SalsaSpin/samples/00222.png 77
ucf/SalsaSpin/samples/00223.png 77
ucf/SalsaSpin/samples/00224.png 77
ucf/SalsaSpin/samples/00225.png 77
ucf/SalsaSpin/samples/00226.png 77
ucf/SalsaSpin/samples/00227.png 77
ucf/SalsaSpin/samples/00228.png 77
ucf/SalsaSpin/samples/00229.png 77
ucf/SalsaSpin/samples/00230.png 77
ucf/SalsaSpin/samples/00231.png 77
ucf/SalsaSpin/samples/00232.png 77
ucf/SalsaSpin/samples/00233.png 77
ucf/SalsaSpin/samples/00234.png 77
ucf/SalsaSpin/samples/00235.png 77
ucf/SalsaSpin/samples/00236.png 77
ucf/SalsaSpin/samples/00237.png 77
ucf/SalsaSpin/samples/00238.png 77
ucf/SalsaSpin/samples/00239.png 77
ucf/SalsaSpin/samples/00240.png 77
ucf/SalsaSpin/samples/00241.png 77
ucf/SalsaSpin/samples/00242.png 77
ucf/SalsaSpin/samples/00243.png 77
ucf/SalsaSpin/samples/00244.png 77
ucf/SalsaSpin/samples/00245.png 77
ucf/SalsaSpin/samples/00246.png 77
ucf/SalsaSpin/samples/00247.png 77
ucf/SalsaSpin/samples/00248.png 77
ucf/SalsaSpin/samples/00249.png 77
ucf/SalsaSpin/samples/00250.png 77
ucf/SalsaSpin/samples/00251.png 77
ucf/SalsaSpin/samples/00252.png 77
ucf/SalsaSpin/samples/00253.png 77
ucf/SalsaSpin/samples/00254.png 77
ucf/SalsaSpin/samples/00255.png 77
ucf/SalsaSpin/samples/00256.png 77
ucf/SalsaSpin/samples/00257.png 77
ucf/SalsaSpin/samples/00258.png 77
ucf/SalsaSpin/samples/00259.png 77
ucf/SalsaSpin/samples/00260.png 77
ucf/SalsaSpin/samples/00261.png 77
ucf/SalsaSpin/samples/00262.png 77
ucf/SalsaSpin/samples/00263.png 77
ucf/SalsaSpin/samples/00264.png 77
ucf/SalsaSpin/samples/00265.png 77
ucf/SalsaSpin/samples/00266.png 77
ucf/SalsaSpin/samples/00267.png 77
ucf/SalsaSpin/samples/00268.png 77
ucf/SalsaSpin/samples/00269.png 77
ucf/SalsaSpin/samples/00270.png 77
ucf/SalsaSpin/samples/00271.png 77
ucf/SalsaSpin/samples/00272.png 77
ucf/SalsaSpin/samples/00273.png 77
ucf/SalsaSpin/samples/00274.png 77
ucf/SalsaSpin/samples/00275.png 77
ucf/SalsaSpin/samples/00276.png 77
ucf/SalsaSpin/samples/00277.png 77
ucf/SalsaSpin/samples/00278.png 77
ucf/SalsaSpin/samples/00279.png 77
ucf/SalsaSpin/samples/00280.png 77
ucf/SalsaSpin/samples/00281.png 77
ucf/SalsaSpin/samples/00282.png 77
ucf/SalsaSpin/samples/00283.png 77
ucf/SalsaSpin/samples/00284.png 77
ucf/SalsaSpin/samples/00285.png 77
ucf/SalsaSpin/samples/00286.png 77
ucf/SalsaSpin/samples/00287.png 77
ucf/SalsaSpin/samples/00288.png 77
ucf/SalsaSpin/samples/00289.png 77
ucf/SalsaSpin/samples/00290.png 77
ucf/SalsaSpin/samples/00291.png 77
ucf/SalsaSpin/samples/00292.png 77
ucf/SalsaSpin/samples/00293.png 77
ucf/SalsaSpin/samples/00294.png 77
ucf/SalsaSpin/samples/00295.png 77
ucf/SalsaSpin/samples/00296.png 77
ucf/SalsaSpin/samples/00297.png 77
ucf/SalsaSpin/samples/00298.png 77
ucf/SalsaSpin/samples/00299.png 77
ucf/SalsaSpin/samples/00300.png 77
ucf/SalsaSpin/samples/00301.png 77
ucf/SalsaSpin/samples/00302.png 77
ucf/SalsaSpin/samples/00303.png 77
ucf/SalsaSpin/samples/00304.png 77
ucf/SalsaSpin/samples/00305.png 77
ucf/SalsaSpin/samples/00306.png 77
ucf/SalsaSpin/samples/00307.png 77
ucf/SalsaSpin/samples/00308.png 77
ucf/SalsaSpin/samples/00309.png 77
ucf/SalsaSpin/samples/00310.png 77
ucf/SalsaSpin/samples/00311.png 77
ucf/SalsaSpin/samples/00312.png 77
ucf/SalsaSpin/samples/00313.png 77
ucf/SalsaSpin/samples/00314.png 77
ucf/SalsaSpin/samples/00315.png 77
ucf/SalsaSpin/samples/00316.png 77
ucf/SalsaSpin/samples/00317.png 77
ucf/SalsaSpin/samples/00318.png 77
ucf/SalsaSpin/samples/00319.png 77
ucf/SalsaSpin/samples/00320.png 77
ucf/SalsaSpin/samples/00321.png 77
ucf/SalsaSpin/samples/00322.png 77
ucf/SalsaSpin/samples/00323.png 77
ucf/SalsaSpin/samples/00324.png 77
ucf/SalsaSpin/samples/00325.png 77
ucf/SalsaSpin/samples/00326.png 77
ucf/SalsaSpin/samples/00327.png 77
ucf/SalsaSpin/samples/00328.png 77
ucf/SalsaSpin/samples/00329.png 77
ucf/SalsaSpin/samples/00330.png 77
ucf/SalsaSpin/samples/00331.png 77
ucf/SalsaSpin/samples/00332.png 77
ucf/SalsaSpin/samples/00333.png 77
ucf/SalsaSpin/samples/00334.png 77
ucf/SalsaSpin/samples/00335.png 77
ucf/SalsaSpin/samples/00336.png 77
ucf/SalsaSpin/samples/00337.png 77
ucf/SalsaSpin/samples/00338.png 77
ucf/SalsaSpin/samples/00339.png 77
ucf/SalsaSpin/samples/00340.png 77
ucf/SalsaSpin/samples/00341.png 77
ucf/SalsaSpin/samples/00342.png 77
ucf/SalsaSpin/samples/00343.png 77
ucf/SalsaSpin/samples/00344.png 77
ucf/SalsaSpin/samples/00345.png 77
ucf/SalsaSpin/samples/00346.png 77
ucf/SalsaSpin/samples/00347.png 77
ucf/SalsaSpin/samples/00348.png 77
ucf/SalsaSpin/samples/00349.png 77
ucf/SalsaSpin/samples/00350.png 77
ucf/SalsaSpin/samples/00351.png 77
ucf/SalsaSpin/samples/00352.png 77
ucf/SalsaSpin/samples/00353.png 77
ucf/SalsaSpin/samples/00354.png 77
ucf/SalsaSpin/samples/00355.png 77
ucf/SalsaSpin/samples/00356.png 77
ucf/SalsaSpin/samples/00357.png 77
ucf/SalsaSpin/samples/00358.png 77
ucf/SalsaSpin/samples/00359.png 77
ucf/SalsaSpin/samples/00360.png 77
ucf/SalsaSpin/samples/00361.png 77
ucf/SalsaSpin/samples/00362.png 77
ucf/SalsaSpin/samples/00363.png 77
ucf/SalsaSpin/samples/00364.png 77
ucf/SalsaSpin/samples/00365.png 77
ucf/SalsaSpin/samples/00366.png 77
ucf/SalsaSpin/samples/00367.png 77
ucf/SalsaSpin/samples/00368.png 77
ucf/SalsaSpin/samples/00369.png 77
ucf/SalsaSpin/samples/00370.png 77
ucf/SalsaSpin/samples/00371.png 77
ucf/SalsaSpin/samples/00372.png 77
ucf/SalsaSpin/samples/00373.png 77
ucf/SalsaSpin/samples/00374.png 77
ucf/SalsaSpin/samples/00375.png 77
ucf/SalsaSpin/samples/00376.png 77
ucf/SalsaSpin/samples/00377.png 77
ucf/SalsaSpin/samples/00378.png 77
ucf/SalsaSpin/samples/00379.png 77
ucf/SalsaSpin/samples/00380.png 77
ucf/SalsaSpin/samples/00381.png 77
ucf/SalsaSpin/samples/00382.png 77
ucf/SalsaSpin/samples/00383.png 77
ucf/SalsaSpin/samples/00384.png 77
ucf/SalsaSpin/samples/00385.png 77
ucf/SalsaSpin/samples/00386.png 77
ucf/SalsaSpin/samples/00387.png 77
ucf/SalsaSpin/samples/00388.png 77
ucf/SalsaSpin/samples/00389.png 77
ucf/SalsaSpin/samples/00390.png 77
ucf/SalsaSpin/samples/00391.png 77
ucf/SalsaSpin/samples/00392.png 77
ucf/SalsaSpin/samples/00393.png 77
ucf/SalsaSpin/samples/00394.png 77
ucf/SalsaSpin/samples/00395.png 77
ucf/SalsaSpin/samples/00396.png 77
ucf/SalsaSpin/samples/00397.png 77
ucf/SalsaSpin/samples/00398.png 77
ucf/SalsaSpin/samples/00399.png 77
ucf/SalsaSpin/samples/00400.png 77
ucf/SalsaSpin/samples/00401.png 77
ucf/SalsaSpin/samples/00402.png 77
ucf/SalsaSpin/samples/00403.png 77
ucf/SalsaSpin/samples/00404.png 77
ucf/SalsaSpin/samples/00405.png 77
ucf/SalsaSpin/samples/00406.png 77
ucf/SalsaSpin/samples/00407.png 77
ucf/SalsaSpin/samples/00408.png 77
ucf/SalsaSpin/samples/00409.png 77
ucf/SalsaSpin/samples/00410.png 77
ucf/SalsaSpin/samples/00411.png 77
ucf/SalsaSpin/samples/00412.png 77
ucf/SalsaSpin/samples/00413.png 77
ucf/SalsaSpin/samples/00414.png 77
ucf/SalsaSpin/samples/00415.png 77
ucf/SalsaSpin/samples/00416.png 77
ucf/SalsaSpin/samples/00417.png 77
ucf/SalsaSpin/samples/00418.png 77
ucf/SalsaSpin/samples/00419.png 77
ucf/SalsaSpin/samples/00420.png 77
ucf/SalsaSpin/samples/00421.png 77
ucf/SalsaSpin/samples/00422.png 77
ucf/SalsaSpin/samples/00423.png 77
ucf/SalsaSpin/samples/00424.png 77
ucf/SalsaSpin/samples/00425.png 77
ucf/SalsaSpin/samples/00426.png 77
ucf/SalsaSpin/samples/00427.png 77
ucf/SalsaSpin/samples/00428.png 77
ucf/SalsaSpin/samples/00429.png 77
ucf/SalsaSpin/samples/00430.png 77
ucf/SalsaSpin/samples/00431.png 77
ucf/SalsaSpin/samples/00432.png 77
ucf/SalsaSpin/samples/00433.png 77
ucf/SalsaSpin/samples/00434.png 77
ucf/SalsaSpin/samples/00435.png 77
ucf/SalsaSpin/samples/00436.png 77
ucf/SalsaSpin/samples/00437.png 77
ucf/SalsaSpin/samples/00438.png 77
ucf/SalsaSpin/samples/00439.png 77
ucf/SalsaSpin/samples/00440.png 77
ucf/SalsaSpin/samples/00441.png 77
ucf/SalsaSpin/samples/00442.png 77
ucf/SalsaSpin/samples/00443.png 77
ucf/SalsaSpin/samples/00444.png 77
ucf/SalsaSpin/samples/00445.png 77
ucf/SalsaSpin/samples/00446.png 77
ucf/SalsaSpin/samples/00447.png 77
ucf/SalsaSpin/samples/00448.png 77
ucf/SalsaSpin/samples/00449.png 77
ucf/SalsaSpin/samples/00450.png 77
ucf/SalsaSpin/samples/00451.png 77
ucf/SalsaSpin/samples/00452.png 77
ucf/SalsaSpin/samples/00453.png 77
ucf/SalsaSpin/samples/00454.png 77
ucf/SalsaSpin/samples/00455.png 77
ucf/SalsaSpin/samples/00456.png 77
ucf/SalsaSpin/samples/00457.png 77
ucf/SalsaSpin/samples/00458.png 77
ucf/SalsaSpin/samples/00459.png 77
ucf/SalsaSpin/samples/00460.png 77
ucf/SalsaSpin/samples/00461.png 77
ucf/SalsaSpin/samples/00462.png 77
ucf/SalsaSpin/samples/00463.png 77
ucf/SalsaSpin/samples/00464.png 77
ucf/SalsaSpin/samples/00465.png 77
ucf/SalsaSpin/samples/00466.png 77
ucf/SalsaSpin/samples/00467.png 77
ucf/SalsaSpin/samples/00468.png 77
ucf/SalsaSpin/samples/00469.png 77
ucf/SalsaSpin/samples/00470.png 77
ucf/SalsaSpin/samples/00471.png 77
ucf/SalsaSpin/samples/00472.png 77
ucf/SalsaSpin/samples/00473.png 77
ucf/SalsaSpin/samples/00474.png 77
ucf/SalsaSpin/samples/00475.png 77
ucf/SalsaSpin/samples/00476.png 77
ucf/SalsaSpin/samples/00477.png 77
ucf/SalsaSpin/samples/00478.png 77
ucf/SalsaSpin/samples/00479.png 77
ucf/SalsaSpin/samples/00480.png 77
ucf/SalsaSpin/samples/00481.png 77
ucf/SalsaSpin/samples/00482.png 77
ucf/SalsaSpin/samples/00483.png 77
ucf/SalsaSpin/samples/00484.png 77
ucf/SalsaSpin/samples/00485.png 77
ucf/SalsaSpin/samples/00486.png 77
ucf/SalsaSpin/samples/00487.png 77
ucf/SalsaSpin/samples/00488.png 77
ucf/SalsaSpin/samples/00489.png 77
ucf/SalsaSpin/samples/00490.png 77
ucf/SalsaSpin/samples/00491.png 77
ucf/SalsaSpin/samples/00492.png 77
ucf/SalsaSpin/samples/00493.png 77
ucf/SalsaSpin/samples/00494.png 77
ucf/SalsaSpin/samples/00495.png 77
ucf/SalsaSpin/samples/00496.png 77
ucf/SalsaSpin/samples/00497.png 77
ucf/SalsaSpin/samples/00498.png 77
ucf/SalsaSpin/samples/00499.png 77
ucf/SalsaSpin/samples/00500.png 77
ucf/SalsaSpin/samples/00501.png 77
ucf/SalsaSpin/samples/00502.png 77
ucf/SalsaSpin/samples/00503.png 77
ucf/SalsaSpin/samples/00504.png 77
ucf/SalsaSpin/samples/00505.png 77
ucf/SalsaSpin/samples/00506.png 77
ucf/SalsaSpin/samples/00507.png 77
ucf/SalsaSpin/samples/00508.png 77
ucf/SalsaSpin/samples/00509.png 77
ucf/SalsaSpin/samples/00510.png 77
ucf/SalsaSpin/samples/00511.png 77
ucf/SalsaSpin/samples/00512.png 77
ucf/SalsaSpin/samples/00513.png 77
ucf/SalsaSpin/samples/00514.png 77
ucf/SalsaSpin/samples/00515.png 77
ucf/SalsaSpin/samples/00516.png 77
ucf/SalsaSpin/samples/00517.png 77
ucf/SalsaSpin/samples/00518.png 77
ucf/SalsaSpin/samples/00519.png 77
ucf/SalsaSpin/samples/00520.png 77
ucf/SalsaSpin/samples/00521.png 77
ucf/SalsaSpin/samples/00522.png 77
ucf/SalsaSpin/samples/00523.png 77
ucf/SalsaSpin/samples/00524.png 77
ucf/SalsaSpin/samples/00525.png 77
ucf/SalsaSpin/samples/00526.png 77
ucf/SalsaSpin/samples/00527.png 77
ucf/SalsaSpin/samples/00528.png 77
ucf/SalsaSpin/samples/00529.png 77
ucf/SalsaSpin/samples/00530.png 77
ucf/SalsaSpin/samples/00531.png 77
ucf/SalsaSpin/samples/00532.png 77
ucf/SalsaSpin/samples/00533.png 77
ucf/SalsaSpin/samples/00534.png 77
ucf/SalsaSpin/samples/00535.png 77
ucf/SalsaSpin/samples/00536.png 77
ucf/SalsaSpin/samples/00537.png 77
ucf/SalsaSpin/samples/00538.png 77
ucf/SalsaSpin/samples/00539.png 77
ucf/SalsaSpin/samples/00540.png 77
ucf/SalsaSpin/samples/00541.png 77
ucf/SalsaSpin/samples/00542.png 77
ucf/SalsaSpin/samples/00543.png 77
ucf/SalsaSpin/samples/00544.png 77
ucf/SalsaSpin/samples/00545.png 77
ucf/SalsaSpin/samples/00546.png 77
ucf/SalsaSpin/samples/00547.png 77
ucf/SalsaSpin/samples/00548.png 77
ucf/SalsaSpin/samples/00549.png 77
ucf/SalsaSpin/samples/00550.png 77
ucf/SalsaSpin/samples/00551.png 77
ucf/SalsaSpin/samples/00552.png 77
ucf/SalsaSpin/samples/00553.png 77
ucf/SalsaSpin/samples/00554.png 77
ucf/SalsaSpin/samples/00555.png 77
ucf/SalsaSpin/samples/00556.png 77
ucf/SalsaSpin/samples/00557.png 77
ucf/SalsaSpin/samples/00558.png 77
ucf/SalsaSpin/samples/00559.png 77
ucf/SalsaSpin/samples/00560.png 77
ucf/SalsaSpin/samples/00561.png 77
ucf/SalsaSpin/samples/00562.png 77
ucf/SalsaSpin/samples/00563.png 77
ucf/SalsaSpin/samples/00564.png 77
ucf/SalsaSpin/samples/00565.png 77
ucf/SalsaSpin/samples/00566.png 77
ucf/SalsaSpin/samples/00567.png 77
ucf/SalsaSpin/samples/00568.png 77
ucf/SalsaSpin/samples/00569.png 77
ucf/SalsaSpin/samples/00570.png 77
ucf/SalsaSpin/samples/00571.png 77
ucf/SalsaSpin/samples/00572.png 77
ucf/SalsaSpin/samples/00573.png 77
ucf/SalsaSpin/samples/00574.png 77
ucf/SalsaSpin/samples/00575.png 77
ucf/SalsaSpin/samples/00576.png 77
ucf/SalsaSpin/samples/00577.png 77
ucf/SalsaSpin/samples/00578.png 77
ucf/SalsaSpin/samples/00579.png 77
ucf/SalsaSpin/samples/00580.png 77
ucf/SalsaSpin/samples/00581.png 77
ucf/SalsaSpin/samples/00582.png 77
ucf/SalsaSpin/samples/00583.png 77
ucf/SalsaSpin/samples/00584.png 77
ucf/SalsaSpin/samples/00585.png 77
ucf/SalsaSpin/samples/00586.png 77
ucf/SalsaSpin/samples/00587.png 77
ucf/SalsaSpin/samples/00588.png 77
ucf/SalsaSpin/samples/00589.png 77
ucf/SalsaSpin/samples/00590.png 77
ucf/SalsaSpin/samples/00591.png 77
ucf/SalsaSpin/samples/00592.png 77
ucf/SalsaSpin/samples/00593.png 77
ucf/SalsaSpin/samples/00594.png 77
ucf/SalsaSpin/samples/00595.png 77
ucf/SalsaSpin/samples/00596.png 77
ucf/SalsaSpin/samples/00597.png 77
ucf/SalsaSpin/samples/00598.png 77
ucf/SalsaSpin/samples/00599.png 77
ucf/SalsaSpin/samples/00600.png 77
ucf/SalsaSpin/samples/00601.png 77
ucf/SalsaSpin/samples/00602.png 77
ucf/SalsaSpin/samples/00603.png 77
ucf/SalsaSpin/samples/00604.png 77
ucf/SalsaSpin/samples/00605.png 77
ucf/SalsaSpin/samples/00606.png 77
ucf/SalsaSpin/samples/00607.png 77
ucf/SalsaSpin/samples/00608.png 77
ucf/SalsaSpin/samples/00609.png 77
ucf/SalsaSpin/samples/00610.png 77
ucf/SalsaSpin/samples/00611.png 77
ucf/SalsaSpin/samples/00612.png 77
ucf/SalsaSpin/samples/00613.png 77
ucf/SalsaSpin/samples/00614.png 77
ucf/SalsaSpin/samples/00615.png 77
ucf/SalsaSpin/samples/00616.png 77
ucf/SalsaSpin/samples/00617.png 77
ucf/SalsaSpin/samples/00618.png 77
ucf/SalsaSpin/samples/00619.png 77
ucf/SalsaSpin/samples/00620.png 77
ucf/SalsaSpin/samples/00621.png 77
ucf/SalsaSpin/samples/00622.png 77
ucf/SalsaSpin/samples/00623.png 77
ucf/SalsaSpin/samples/00624.png 77
ucf/SalsaSpin/samples/00625.png 77
ucf/SalsaSpin/samples/00626.png 77
ucf/SalsaSpin/samples/00627.png 77
ucf/SalsaSpin/samples/00628.png 77
ucf/SalsaSpin/samples/00629.png 77
ucf/SalsaSpin/samples/00630.png 77
ucf/SalsaSpin/samples/00631.png 77
ucf/SalsaSpin/samples/00632.png 77
ucf/SalsaSpin/samples/00633.png 77
ucf/SalsaSpin/samples/00634.png 77
ucf/SalsaSpin/samples/00635.png 77
ucf/SalsaSpin/samples/00636.png 77
ucf/SalsaSpin/samples/00637.png 77
ucf/SalsaSpin/samples/00638.png 77
ucf/SalsaSpin/samples/00639.png 77
ucf/SalsaSpin/samples/00640.png 77
ucf/SalsaSpin/samples/00641.png 77
ucf/SalsaSpin/samples/00642.png 77
ucf/SalsaSpin/samples/00643.png 77
ucf/SalsaSpin/samples/00644.png 77
ucf/SalsaSpin/samples/00645.png 77
ucf/SalsaSpin/samples/00646.png 77
ucf/SalsaSpin/samples/00647.png 77
ucf/SalsaSpin/samples/00648.png 77
ucf/SalsaSpin/samples/00649.png 77
ucf/SalsaSpin/samples/00650.png 77
ucf/SalsaSpin/samples/00651.png 77
ucf/SalsaSpin/samples/00652.png 77
ucf/SalsaSpin/samples/00653.png 77
ucf/SalsaSpin/samples/00654.png 77
ucf/SalsaSpin/samples/00655.png 77
ucf/SalsaSpin/samples/00656.png 77
ucf/SalsaSpin/samples/00657.png 77
ucf/SalsaSpin/samples/00658.png 77
ucf/SalsaSpin/samples/00659.png 77
ucf/SalsaSpin/samples/00660.png 77
ucf/SalsaSpin/samples/00661.png 77
ucf/SalsaSpin/samples/00662.png 77
ucf/SalsaSpin/samples/00663.png 77
ucf/SalsaSpin/samples/00664.png 77
ucf/SalsaSpin/samples/00665.png 77
ucf/SalsaSpin/samples/00666.png 77
ucf/SalsaSpin/samples/00667.png 77
ucf/SalsaSpin/samples/00668.png 77
ucf/SalsaSpin/samples/00669.png 77
ucf/SalsaSpin/samples/00670.png 77
ucf/SalsaSpin/samples/00671.png 77
ucf/SalsaSpin/samples/00672.png 77
ucf/SalsaSpin/samples/00673.png 77
ucf/SalsaSpin/samples/00674.png 77
ucf/SalsaSpin/samples/00675.png 77
ucf/SalsaSpin/samples/00676.png 77
ucf/SalsaSpin/samples/00677.png 77
ucf/SalsaSpin/samples/00678.png 77
ucf/SalsaSpin/samples/00679.png 77
ucf/SalsaSpin/samples/00680.png 77
ucf/SalsaSpin/samples/00681.png 77
ucf/SalsaSpin/samples/00682.png 77
ucf/SalsaSpin/samples/00683.png 77
ucf/SalsaSpin/samples/00684.png 77
ucf/SalsaSpin/samples/00685.png 77
ucf/SalsaSpin/samples/00686.png 77
ucf/SalsaSpin/samples/00687.png 77
ucf/SalsaSpin/samples/00688.png 77
ucf/SalsaSpin/samples/00689.png 77
ucf/SalsaSpin/samples/00690.png 77
ucf/SalsaSpin/samples/00691.png 77
ucf/SalsaSpin/samples/00692.png 77
ucf/SalsaSpin/samples/00693.png 77
ucf/SalsaSpin/samples/00694.png 77
ucf/SalsaSpin/samples/00695.png 77
ucf/SalsaSpin/samples/00696.png 77
ucf/SalsaSpin/samples/00697.png 77
ucf/SalsaSpin/samples/00698.png 77
ucf/SalsaSpin/samples/00699.png 77
ucf/SalsaSpin/samples/00700.png 77
ucf/SalsaSpin/samples/00701.png 77
ucf/SalsaSpin/samples/00702.png 77
ucf/SalsaSpin/samples/00703.png 77
ucf/SalsaSpin/samples/00704.png 77
ucf/SalsaSpin/samples/00705.png 77
ucf/SalsaSpin/samples/00706.png 77
ucf/SalsaSpin/samples/00707.png 77
ucf/SalsaSpin/samples/00708.png 77
ucf/SalsaSpin/samples/00709.png 77
ucf/SalsaSpin/samples/00710.png 77
ucf/SalsaSpin/samples/00711.png 77
ucf/SalsaSpin/samples/00712.png 77
ucf/SalsaSpin/samples/00713.png 77
ucf/SalsaSpin/samples/00714.png 77
ucf/SalsaSpin/samples/00715.png 77
ucf/SalsaSpin/samples/00716.png 77
ucf/SalsaSpin/samples/00717.png 77
ucf/SalsaSpin/samples/00718.png 77
ucf/SalsaSpin/samples/00719.png 77
ucf/SalsaSpin/samples/00720.png 77
ucf/SalsaSpin/samples/00721.png 77
ucf/SalsaSpin/samples/00722.png 77
ucf/SalsaSpin/samples/00723.png 77
ucf/SalsaSpin/samples/00724.png 77
ucf/SalsaSpin/samples/00725.png 77
ucf/SalsaSpin/samples/00726.png 77
ucf/SalsaSpin/samples/00727.png 77
ucf/SalsaSpin/samples/00728.png 77
ucf/SalsaSpin/samples/00729.png 77
ucf/SalsaSpin/samples/00730.png 77
ucf/SalsaSpin/samples/00731.png 77
ucf/SalsaSpin/samples/00732.png 77
ucf/SalsaSpin/samples/00733.png 77
ucf/SalsaSpin/samples/00734.png 77
ucf/SalsaSpin/samples/00735.png 77
ucf/SalsaSpin/samples/00736.png 77
ucf/SalsaSpin/samples/00737.png 77
ucf/SalsaSpin/samples/00738.png 77
ucf/SalsaSpin/samples/00739.png 77
ucf/SalsaSpin/samples/00740.png 77
ucf/SalsaSpin/samples/00741.png 77
ucf/SalsaSpin/samples/00742.png 77
ucf/SalsaSpin/samples/00743.png 77
ucf/SalsaSpin/samples/00744.png 77
ucf/SalsaSpin/samples/00745.png 77
ucf/SalsaSpin/samples/00746.png 77
ucf/SalsaSpin/samples/00747.png 77
ucf/SalsaSpin/samples/00748.png 77
ucf/SalsaSpin/samples/00749.png 77
ucf/SalsaSpin/samples/00750.png 77
ucf/SalsaSpin/samples/00751.png 77
ucf/SalsaSpin/samples/00752.png 77
ucf/SalsaSpin/samples/00753.png 77
ucf/SalsaSpin/samples/00754.png 77
ucf/SalsaSpin/samples/00755.png 77
ucf/SalsaSpin/samples/00756.png 77
ucf/SalsaSpin/samples/00757.png 77
ucf/SalsaSpin/samples/00758.png 77
ucf/SalsaSpin/samples/00759.png 77
ucf/SalsaSpin/samples/00760.png 77
ucf/SalsaSpin/samples/00761.png 77
ucf/SalsaSpin/samples/00762.png 77
ucf/SalsaSpin/samples/00763.png 77
ucf/SalsaSpin/samples/00764.png 77
ucf/SalsaSpin/samples/00765.png 77
ucf/SalsaSpin/samples/00766.png 77
ucf/SalsaSpin/samples/00767.png 77
ucf/SalsaSpin/samples/00768.png 77
ucf/SalsaSpin/samples/00769.png 77
ucf/SalsaSpin/samples/00770.png 77
ucf/SalsaSpin/samples/00771.png 77
ucf/SalsaSpin/samples/00772.png 77
ucf/SalsaSpin/samples/00773.png 77
ucf/SalsaSpin/samples/00774.png 77
ucf/SalsaSpin/samples/00775.png 77
ucf/SalsaSpin/samples/00776.png 77
ucf/SalsaSpin/samples/00777.png 77
ucf/SalsaSpin/samples/00778.png 77
ucf/SalsaSpin/samples/00779.png 77
ucf/SalsaSpin/samples/00780.png 77
ucf/SalsaSpin/samples/00781.png 77
ucf/SalsaSpin/samples/00782.png 77
ucf/SalsaSpin/samples/00783.png 77
ucf/SalsaSpin/samples/00784.png 77
ucf/SalsaSpin/samples/00785.png 77
ucf/SalsaSpin/samples/00786.png 77
ucf/SalsaSpin/samples/00787.png 77
ucf/SalsaSpin/samples/00788.png 77
ucf/SalsaSpin/samples/00789.png 77
ucf/SalsaSpin/samples/00790.png 77
ucf/SalsaSpin/samples/00791.png 77
ucf/SalsaSpin/samples/00792.png 77
ucf/SalsaSpin/samples/00793.png 77
ucf/SalsaSpin/samples/00794.png 77
ucf/SalsaSpin/samples/00795.png 77
ucf/SalsaSpin/samples/00796.png 77
ucf/SalsaSpin/samples/00797.png 77
ucf/SalsaSpin/samples/00798.png 77
ucf/SalsaSpin/samples/00799.png 77
ucf/SalsaSpin/samples/00800.png 77
ucf/SalsaSpin/samples/00801.png 77
ucf/SalsaSpin/samples/00802.png 77
ucf/SalsaSpin/samples/00803.png 77
ucf/SalsaSpin/samples/00804.png 77
ucf/SalsaSpin/samples/00805.png 77
ucf/SalsaSpin/samples/00806.png 77
ucf/SalsaSpin/samples/00807.png 77
ucf/SalsaSpin/samples/00808.png 77
ucf/SalsaSpin/samples/00809.png 77
ucf/SalsaSpin/samples/00810.png 77
ucf/SalsaSpin/samples/00811.png 77
ucf/SalsaSpin/samples/00812.png 77
ucf/SalsaSpin/samples/00813.png 77
ucf/SalsaSpin/samples/00814.png 77
ucf/SalsaSpin/samples/00815.png 77
ucf/SalsaSpin/samples/00816.png 77
ucf/SalsaSpin/samples/00817.png 77
ucf/SalsaSpin/samples/00818.png 77
ucf/SalsaSpin/samples/00819.png 77
ucf/SalsaSpin/samples/00820.png 77
ucf/SalsaSpin/samples/00821.png 77
ucf/SalsaSpin/samples/00822.png 77
ucf/SalsaSpin/samples/00823.png 77
ucf/SalsaSpin/samples/00824.png 77
ucf/SalsaSpin/samples/00825.png 77
ucf/SalsaSpin/samples/00826.png 77
ucf/SalsaSpin/samples/00827.png 77
ucf/SalsaSpin/samples/00828.png 77
ucf/SalsaSpin/samples/00829.png 77
ucf/SalsaSpin/samples/00830.png 77
ucf/SalsaSpin/samples/00831.png 77
ucf/SalsaSpin/samples/00832.png 77
ucf/SalsaSpin/samples/00833.png 77
ucf/SalsaSpin/samples/00834.png 77
ucf/SalsaSpin/samples/00835.png 77
ucf/SalsaSpin/samples/00836.png 77
ucf/SalsaSpin/samples/00837.png 77
ucf/SalsaSpin/samples/00838.png 77
ucf/SalsaSpin/samples/00839.png 77
ucf/SalsaSpin/samples/00840.png 77
ucf/SalsaSpin/samples/00841.png 77
ucf/SalsaSpin/samples/00842.png 77
ucf/SalsaSpin/samples/00843.png 77
ucf/SalsaSpin/samples/00844.png 77
ucf/SalsaSpin/samples/00845.png 77
ucf/SalsaSpin/samples/00846.png 77
ucf/SalsaSpin/samples/00847.png 77
ucf/SalsaSpin/samples/00848.png 77
ucf/SalsaSpin/samples/00849.png 77
ucf/SalsaSpin/samples/00850.png 77
ucf/SalsaSpin/samples/00851.png 77
ucf/SalsaSpin/samples/00852.png 77
ucf/SalsaSpin/samples/00853.png 77
ucf/SalsaSpin/samples/00854.png 77
ucf/SalsaSpin/samples/00855.png 77
ucf/SalsaSpin/samples/00856.png 77
ucf/SalsaSpin/samples/00857.png 77
ucf/SalsaSpin/samples/00858.png 77
ucf/SalsaSpin/samples/00859.png 77
ucf/SalsaSpin/samples/00860.png 77
ucf/SalsaSpin/samples/00861.png 77
ucf/SalsaSpin/samples/00862.png 77
ucf/SalsaSpin/samples/00863.png 77
ucf/SalsaSpin/samples/00864.png 77
ucf/SalsaSpin/samples/00865.png 77
ucf/SalsaSpin/samples/00866.png 77
ucf/SalsaSpin/samples/00867.png 77
ucf/SalsaSpin/samples/00868.png 77
ucf/SalsaSpin/samples/00869.png 77
ucf/SalsaSpin/samples/00870.png 77
ucf/SalsaSpin/samples/00871.png 77
ucf/SalsaSpin/samples/00872.png 77
ucf/SalsaSpin/samples/00873.png 77
ucf/SalsaSpin/samples/00874.png 77
ucf/SalsaSpin/samples/00875.png 77
ucf/SalsaSpin/samples/00876.png 77
ucf/SalsaSpin/samples/00877.png 77
ucf/SalsaSpin/samples/00878.png 77
ucf/SalsaSpin/samples/00879.png 77
ucf/SalsaSpin/samples/00880.png 77
ucf/SalsaSpin/samples/00881.png 77
ucf/SalsaSpin/samples/00882.png 77
ucf/SalsaSpin/samples/00883.png 77
ucf/SalsaSpin/samples/00884.png 77
ucf/SalsaSpin/samples/00885.png 77
ucf/SalsaSpin/samples/00886.png 77
ucf/SalsaSpin/samples/00887.png 77
ucf/SalsaSpin/samples/00888.png 77
ucf/SalsaSpin/samples/00889.png 77
ucf/SalsaSpin/samples/00890.png 77
ucf/SalsaSpin/samples/00891.png 77
ucf/SalsaSpin/samples/00892.png 77
ucf/SalsaSpin/samples/00893.png 77
ucf/SalsaSpin/samples/00894.png 77
ucf/SalsaSpin/samples/00895.png 77
ucf/SalsaSpin/samples/00896.png 77
ucf/SalsaSpin/samples/00897.png 77
ucf/SalsaSpin/samples/00898.png 77
ucf/SalsaSpin/samples/00899.png 77
ucf/SalsaSpin/samples/00900.png 77
ucf/SalsaSpin/samples/00901.png 77
ucf/SalsaSpin/samples/00902.png 77
ucf/SalsaSpin/samples/00903.png 77
ucf/SalsaSpin/samples/00904.png 77
ucf/SalsaSpin/samples/00905.png 77
ucf/SalsaSpin/samples/00906.png 77
ucf/SalsaSpin/samples/00907.png 77
ucf/SalsaSpin/samples/00908.png 77
ucf/SalsaSpin/samples/00909.png 77
ucf/SalsaSpin/samples/00910.png 77
ucf/SalsaSpin/samples/00911.png 77
ucf/SalsaSpin/samples/00912.png 77
ucf/SalsaSpin/samples/00913.png 77
ucf/SalsaSpin/samples/00914.png 77
ucf/SalsaSpin/samples/00915.png 77
ucf/SalsaSpin/samples/00916.png 77
ucf/SalsaSpin/samples/00917.png 77
ucf/SalsaSpin/samples/00918.png 77
ucf/SalsaSpin/samples/00919.png 77
ucf/SalsaSpin/samples/00920.png 77
ucf/SalsaSpin/samples/00921.png 77
ucf/SalsaSpin/samples/00922.png 77
ucf/SalsaSpin/samples/00923.png 77
ucf/SalsaSpin/samples/00924.png 77
ucf/SalsaSpin/samples/00925.png 77
ucf/SalsaSpin/samples/00926.png 77
ucf/SalsaSpin/samples/00927.png 77
ucf/SalsaSpin/samples/00928.png 77
ucf/SalsaSpin/samples/00929.png 77
ucf/SalsaSpin/samples/00930.png 77
ucf/SalsaSpin/samples/00931.png 77
ucf/SalsaSpin/samples/00932.png 77
ucf/SalsaSpin/samples/00933.png 77
ucf/SalsaSpin/samples/00934.png 77
ucf/SalsaSpin/samples/00935.png 77
ucf/SalsaSpin/samples/00936.png 77
ucf/SalsaSpin/samples/00937.png 77
ucf/SalsaSpin/samples/00938.png 77
ucf/SalsaSpin/samples/00939.png 77
ucf/SalsaSpin/samples/00940.png 77
ucf/SalsaSpin/samples/00941.png 77
ucf/SalsaSpin/samples/00942.png 77
ucf/SalsaSpin/samples/00943.png 77
ucf/SalsaSpin/samples/00944.png 77
ucf/SalsaSpin/samples/00945.png 77
ucf/SalsaSpin/samples/00946.png 77
ucf/SalsaSpin/samples/00947.png 77
ucf/SalsaSpin/samples/00948.png 77
ucf/SalsaSpin/samples/00949.png 77
ucf/SalsaSpin/samples/00950.png 77
ucf/SalsaSpin/samples/00951.png 77
ucf/SalsaSpin/samples/00952.png 77
ucf/SalsaSpin/samples/00953.png 77
ucf/SalsaSpin/samples/00954.png 77
ucf/SalsaSpin/samples/00955.png 77
ucf/SalsaSpin/samples/00956.png 77
ucf/SalsaSpin/samples/00957.png 77
ucf/SalsaSpin/samples/00958.png 77
ucf/SalsaSpin/samples/00959.png 77
ucf/SalsaSpin/samples/00960.png 77
ucf/SalsaSpin/samples/00961.png 77
ucf/SalsaSpin/samples/00962.png 77
ucf/SalsaSpin/samples/00963.png 77
ucf/SalsaSpin/samples/00964.png 77
ucf/SalsaSpin/samples/00965.png 77
ucf/SalsaSpin/samples/00966.png 77
ucf/SalsaSpin/samples/00967.png 77
ucf/SalsaSpin/samples/00968.png 77
ucf/SalsaSpin/samples/00969.png 77
ucf/SalsaSpin/samples/00970.png 77
ucf/SalsaSpin/samples/00971.png 77
ucf/SalsaSpin/samples/00972.png 77
ucf/SalsaSpin/samples/00973.png 77
ucf/SalsaSpin/samples/00974.png 77
ucf/SalsaSpin/samples/00975.png 77
ucf/SalsaSpin/samples/00976.png 77
ucf/SalsaSpin/samples/00977.png 77
ucf/SalsaSpin/samples/00978.png 77
ucf/SalsaSpin/samples/00979.png 77
ucf/SalsaSpin/samples/00980.png 77
ucf/SalsaSpin/samples/00981.png 77
ucf/SalsaSpin/samples/00982.png 77
ucf/SalsaSpin/samples/00983.png 77
ucf/SalsaSpin/samples/00984.png 77
ucf/SalsaSpin/samples/00985.png 77
ucf/SalsaSpin/samples/00986.png 77
ucf/SalsaSpin/samples/00987.png 77
ucf/SalsaSpin/samples/00988.png 77
ucf/SalsaSpin/samples/00989.png 77
ucf/SalsaSpin/samples/00990.png 77
ucf/SalsaSpin/samples/00991.png 77
ucf/SalsaSpin/samples/00992.png 77
ucf/SalsaSpin/samples/00993.png 77
ucf/SalsaSpin/samples/00994.png 77
ucf/SalsaSpin/samples/00995.png 77
ucf/SalsaSpin/samples/00996.png 77
ucf/SalsaSpin/samples/00997.png 77
ucf/SalsaSpin/samples/00998.png 77
ucf/SalsaSpin/samples/00999.png 77
ucf/TableTennisShot/samples/00000.png 90
ucf/TableTennisShot/samples/00001.png 90
ucf/TableTennisShot/samples/00002.png 90
ucf/TableTennisShot/samples/00003.png 90
ucf/TableTennisShot/samples/00004.png 90
ucf/TableTennisShot/samples/00005.png 90
ucf/TableTennisShot/samples/00006.png 90
ucf/TableTennisShot/samples/00007.png 90
ucf/TableTennisShot/samples/00008.png 90
ucf/TableTennisShot/samples/00009.png 90
ucf/TableTennisShot/samples/00010.png 90
ucf/TableTennisShot/samples/00011.png 90
ucf/TableTennisShot/samples/00012.png 90
ucf/TableTennisShot/samples/00013.png 90
ucf/TableTennisShot/samples/00014.png 90
ucf/TableTennisShot/samples/00015.png 90
ucf/TableTennisShot/samples/00016.png 90
ucf/TableTennisShot/samples/00017.png 90
ucf/TableTennisShot/samples/00018.png 90
ucf/TableTennisShot/samples/00019.png 90
ucf/TableTennisShot/samples/00020.png 90
ucf/TableTennisShot/samples/00021.png 90
ucf/TableTennisShot/samples/00022.png 90
ucf/TableTennisShot/samples/00023.png 90
ucf/TableTennisShot/samples/00024.png 90
ucf/TableTennisShot/samples/00025.png 90
ucf/TableTennisShot/samples/00026.png 90
ucf/TableTennisShot/samples/00027.png 90
ucf/TableTennisShot/samples/00028.png 90
ucf/TableTennisShot/samples/00029.png 90
ucf/TableTennisShot/samples/00030.png 90
ucf/TableTennisShot/samples/00031.png 90
ucf/TableTennisShot/samples/00032.png 90
ucf/TableTennisShot/samples/00033.png 90
ucf/TableTennisShot/samples/00034.png 90
ucf/TableTennisShot/samples/00035.png 90
ucf/TableTennisShot/samples/00036.png 90
ucf/TableTennisShot/samples/00037.png 90
ucf/TableTennisShot/samples/00038.png 90
ucf/TableTennisShot/samples/00039.png 90
ucf/TableTennisShot/samples/00040.png 90
ucf/TableTennisShot/samples/00041.png 90
ucf/TableTennisShot/samples/00042.png 90
ucf/TableTennisShot/samples/00043.png 90
ucf/TableTennisShot/samples/00044.png 90
ucf/TableTennisShot/samples/00045.png 90
ucf/TableTennisShot/samples/00046.png 90
ucf/TableTennisShot/samples/00047.png 90
ucf/TableTennisShot/samples/00048.png 90
ucf/TableTennisShot/samples/00049.png 90
ucf/TableTennisShot/samples/00050.png 90
ucf/TableTennisShot/samples/00051.png 90
ucf/TableTennisShot/samples/00052.png 90
ucf/TableTennisShot/samples/00053.png 90
ucf/TableTennisShot/samples/00054.png 90
ucf/TableTennisShot/samples/00055.png 90
ucf/TableTennisShot/samples/00056.png 90
ucf/TableTennisShot/samples/00057.png 90
ucf/TableTennisShot/samples/00058.png 90
ucf/TableTennisShot/samples/00059.png 90
ucf/TableTennisShot/samples/00060.png 90
ucf/TableTennisShot/samples/00061.png 90
ucf/TableTennisShot/samples/00062.png 90
ucf/TableTennisShot/samples/00063.png 90
ucf/TableTennisShot/samples/00064.png 90
ucf/TableTennisShot/samples/00065.png 90
ucf/TableTennisShot/samples/00066.png 90
ucf/TableTennisShot/samples/00067.png 90
ucf/TableTennisShot/samples/00068.png 90
ucf/TableTennisShot/samples/00069.png 90
ucf/TableTennisShot/samples/00070.png 90
ucf/TableTennisShot/samples/00071.png 90
ucf/TableTennisShot/samples/00072.png 90
ucf/TableTennisShot/samples/00073.png 90
ucf/TableTennisShot/samples/00074.png 90
ucf/TableTennisShot/samples/00075.png 90
ucf/TableTennisShot/samples/00076.png 90
ucf/TableTennisShot/samples/00077.png 90
ucf/TableTennisShot/samples/00078.png 90
ucf/TableTennisShot/samples/00079.png 90
ucf/TableTennisShot/samples/00080.png 90
ucf/TableTennisShot/samples/00081.png 90
ucf/TableTennisShot/samples/00082.png 90
ucf/TableTennisShot/samples/00083.png 90
ucf/TableTennisShot/samples/00084.png 90
ucf/TableTennisShot/samples/00085.png 90
ucf/TableTennisShot/samples/00086.png 90
ucf/TableTennisShot/samples/00087.png 90
ucf/TableTennisShot/samples/00088.png 90
ucf/TableTennisShot/samples/00089.png 90
ucf/TableTennisShot/samples/00090.png 90
ucf/TableTennisShot/samples/00091.png 90
ucf/TableTennisShot/samples/00092.png 90
ucf/TableTennisShot/samples/00093.png 90
ucf/TableTennisShot/samples/00094.png 90
ucf/TableTennisShot/samples/00095.png 90
ucf/TableTennisShot/samples/00096.png 90
ucf/TableTennisShot/samples/00097.png 90
ucf/TableTennisShot/samples/00098.png 90
ucf/TableTennisShot/samples/00099.png 90
ucf/TableTennisShot/samples/00100.png 90
ucf/TableTennisShot/samples/00101.png 90
ucf/TableTennisShot/samples/00102.png 90
ucf/TableTennisShot/samples/00103.png 90
ucf/TableTennisShot/samples/00104.png 90
ucf/TableTennisShot/samples/00105.png 90
ucf/TableTennisShot/samples/00106.png 90
ucf/TableTennisShot/samples/00107.png 90
ucf/TableTennisShot/samples/00108.png 90
ucf/TableTennisShot/samples/00109.png 90
ucf/TableTennisShot/samples/00110.png 90
ucf/TableTennisShot/samples/00111.png 90
ucf/TableTennisShot/samples/00112.png 90
ucf/TableTennisShot/samples/00113.png 90
ucf/TableTennisShot/samples/00114.png 90
ucf/TableTennisShot/samples/00115.png 90
ucf/TableTennisShot/samples/00116.png 90
ucf/TableTennisShot/samples/00117.png 90
ucf/TableTennisShot/samples/00118.png 90
ucf/TableTennisShot/samples/00119.png 90
ucf/TableTennisShot/samples/00120.png 90
ucf/TableTennisShot/samples/00121.png 90
ucf/TableTennisShot/samples/00122.png 90
ucf/TableTennisShot/samples/00123.png 90
ucf/TableTennisShot/samples/00124.png 90
ucf/TableTennisShot/samples/00125.png 90
ucf/TableTennisShot/samples/00126.png 90
ucf/TableTennisShot/samples/00127.png 90
ucf/TableTennisShot/samples/00128.png 90
ucf/TableTennisShot/samples/00129.png 90
ucf/TableTennisShot/samples/00130.png 90
ucf/TableTennisShot/samples/00131.png 90
ucf/TableTennisShot/samples/00132.png 90
ucf/TableTennisShot/samples/00133.png 90
ucf/TableTennisShot/samples/00134.png 90
ucf/TableTennisShot/samples/00135.png 90
ucf/TableTennisShot/samples/00136.png 90
ucf/TableTennisShot/samples/00137.png 90
ucf/TableTennisShot/samples/00138.png 90
ucf/TableTennisShot/samples/00139.png 90
ucf/TableTennisShot/samples/00140.png 90
ucf/TableTennisShot/samples/00141.png 90
ucf/TableTennisShot/samples/00142.png 90
ucf/TableTennisShot/samples/00143.png 90
ucf/TableTennisShot/samples/00144.png 90
ucf/TableTennisShot/samples/00145.png 90
ucf/TableTennisShot/samples/00146.png 90
ucf/TableTennisShot/samples/00147.png 90
ucf/TableTennisShot/samples/00148.png 90
ucf/TableTennisShot/samples/00149.png 90
ucf/TableTennisShot/samples/00150.png 90
ucf/TableTennisShot/samples/00151.png 90
ucf/TableTennisShot/samples/00152.png 90
ucf/TableTennisShot/samples/00153.png 90
ucf/TableTennisShot/samples/00154.png 90
ucf/TableTennisShot/samples/00155.png 90
ucf/TableTennisShot/samples/00156.png 90
ucf/TableTennisShot/samples/00157.png 90
ucf/TableTennisShot/samples/00158.png 90
ucf/TableTennisShot/samples/00159.png 90
ucf/TableTennisShot/samples/00160.png 90
ucf/TableTennisShot/samples/00161.png 90
ucf/TableTennisShot/samples/00162.png 90
ucf/TableTennisShot/samples/00163.png 90
ucf/TableTennisShot/samples/00164.png 90
ucf/TableTennisShot/samples/00165.png 90
ucf/TableTennisShot/samples/00166.png 90
ucf/TableTennisShot/samples/00167.png 90
ucf/TableTennisShot/samples/00168.png 90
ucf/TableTennisShot/samples/00169.png 90
ucf/TableTennisShot/samples/00170.png 90
ucf/TableTennisShot/samples/00171.png 90
ucf/TableTennisShot/samples/00172.png 90
ucf/TableTennisShot/samples/00173.png 90
ucf/TableTennisShot/samples/00174.png 90
ucf/TableTennisShot/samples/00175.png 90
ucf/TableTennisShot/samples/00176.png 90
ucf/TableTennisShot/samples/00177.png 90
ucf/TableTennisShot/samples/00178.png 90
ucf/TableTennisShot/samples/00179.png 90
ucf/TableTennisShot/samples/00180.png 90
ucf/TableTennisShot/samples/00181.png 90
ucf/TableTennisShot/samples/00182.png 90
ucf/TableTennisShot/samples/00183.png 90
ucf/TableTennisShot/samples/00184.png 90
ucf/TableTennisShot/samples/00185.png 90
ucf/TableTennisShot/samples/00186.png 90
ucf/TableTennisShot/samples/00187.png 90
ucf/TableTennisShot/samples/00188.png 90
ucf/TableTennisShot/samples/00189.png 90
ucf/TableTennisShot/samples/00190.png 90
ucf/TableTennisShot/samples/00191.png 90
ucf/TableTennisShot/samples/00192.png 90
ucf/TableTennisShot/samples/00193.png 90
ucf/TableTennisShot/samples/00194.png 90
ucf/TableTennisShot/samples/00195.png 90
ucf/TableTennisShot/samples/00196.png 90
ucf/TableTennisShot/samples/00197.png 90
ucf/TableTennisShot/samples/00198.png 90
ucf/TableTennisShot/samples/00199.png 90
ucf/TableTennisShot/samples/00200.png 90
ucf/TableTennisShot/samples/00201.png 90
ucf/TableTennisShot/samples/00202.png 90
ucf/TableTennisShot/samples/00203.png 90
ucf/TableTennisShot/samples/00204.png 90
ucf/TableTennisShot/samples/00205.png 90
ucf/TableTennisShot/samples/00206.png 90
ucf/TableTennisShot/samples/00207.png 90
ucf/TableTennisShot/samples/00208.png 90
ucf/TableTennisShot/samples/00209.png 90
ucf/TableTennisShot/samples/00210.png 90
ucf/TableTennisShot/samples/00211.png 90
ucf/TableTennisShot/samples/00212.png 90
ucf/TableTennisShot/samples/00213.png 90
ucf/TableTennisShot/samples/00214.png 90
ucf/TableTennisShot/samples/00215.png 90
ucf/TableTennisShot/samples/00216.png 90
ucf/TableTennisShot/samples/00217.png 90
ucf/TableTennisShot/samples/00218.png 90
ucf/TableTennisShot/samples/00219.png 90
ucf/TableTennisShot/samples/00220.png 90
ucf/TableTennisShot/samples/00221.png 90
ucf/TableTennisShot/samples/00222.png 90
ucf/TableTennisShot/samples/00223.png 90
ucf/TableTennisShot/samples/00224.png 90
ucf/TableTennisShot/samples/00225.png 90
ucf/TableTennisShot/samples/00226.png 90
ucf/TableTennisShot/samples/00227.png 90
ucf/TableTennisShot/samples/00228.png 90
ucf/TableTennisShot/samples/00229.png 90
ucf/TableTennisShot/samples/00230.png 90
ucf/TableTennisShot/samples/00231.png 90
ucf/TableTennisShot/samples/00232.png 90
ucf/TableTennisShot/samples/00233.png 90
ucf/TableTennisShot/samples/00234.png 90
ucf/TableTennisShot/samples/00235.png 90
ucf/TableTennisShot/samples/00236.png 90
ucf/TableTennisShot/samples/00237.png 90
ucf/TableTennisShot/samples/00238.png 90
ucf/TableTennisShot/samples/00239.png 90
ucf/TableTennisShot/samples/00240.png 90
ucf/TableTennisShot/samples/00241.png 90
ucf/TableTennisShot/samples/00242.png 90
ucf/TableTennisShot/samples/00243.png 90
ucf/TableTennisShot/samples/00244.png 90
ucf/TableTennisShot/samples/00245.png 90
ucf/TableTennisShot/samples/00246.png 90
ucf/TableTennisShot/samples/00247.png 90
ucf/TableTennisShot/samples/00248.png 90
ucf/TableTennisShot/samples/00249.png 90
ucf/TableTennisShot/samples/00250.png 90
ucf/TableTennisShot/samples/00251.png 90
ucf/TableTennisShot/samples/00252.png 90
ucf/TableTennisShot/samples/00253.png 90
ucf/TableTennisShot/samples/00254.png 90
ucf/TableTennisShot/samples/00255.png 90
ucf/TableTennisShot/samples/00256.png 90
ucf/TableTennisShot/samples/00257.png 90
ucf/TableTennisShot/samples/00258.png 90
ucf/TableTennisShot/samples/00259.png 90
ucf/TableTennisShot/samples/00260.png 90
ucf/TableTennisShot/samples/00261.png 90
ucf/TableTennisShot/samples/00262.png 90
ucf/TableTennisShot/samples/00263.png 90
ucf/TableTennisShot/samples/00264.png 90
ucf/TableTennisShot/samples/00265.png 90
ucf/TableTennisShot/samples/00266.png 90
ucf/TableTennisShot/samples/00267.png 90
ucf/TableTennisShot/samples/00268.png 90
ucf/TableTennisShot/samples/00269.png 90
ucf/TableTennisShot/samples/00270.png 90
ucf/TableTennisShot/samples/00271.png 90
ucf/TableTennisShot/samples/00272.png 90
ucf/TableTennisShot/samples/00273.png 90
ucf/TableTennisShot/samples/00274.png 90
ucf/TableTennisShot/samples/00275.png 90
ucf/TableTennisShot/samples/00276.png 90
ucf/TableTennisShot/samples/00277.png 90
ucf/TableTennisShot/samples/00278.png 90
ucf/TableTennisShot/samples/00279.png 90
ucf/TableTennisShot/samples/00280.png 90
ucf/TableTennisShot/samples/00281.png 90
ucf/TableTennisShot/samples/00282.png 90
ucf/TableTennisShot/samples/00283.png 90
ucf/TableTennisShot/samples/00284.png 90
ucf/TableTennisShot/samples/00285.png 90
ucf/TableTennisShot/samples/00286.png 90
ucf/TableTennisShot/samples/00287.png 90
ucf/TableTennisShot/samples/00288.png 90
ucf/TableTennisShot/samples/00289.png 90
ucf/TableTennisShot/samples/00290.png 90
ucf/TableTennisShot/samples/00291.png 90
ucf/TableTennisShot/samples/00292.png 90
ucf/TableTennisShot/samples/00293.png 90
ucf/TableTennisShot/samples/00294.png 90
ucf/TableTennisShot/samples/00295.png 90
ucf/TableTennisShot/samples/00296.png 90
ucf/TableTennisShot/samples/00297.png 90
ucf/TableTennisShot/samples/00298.png 90
ucf/TableTennisShot/samples/00299.png 90
ucf/TableTennisShot/samples/00300.png 90
ucf/TableTennisShot/samples/00301.png 90
ucf/TableTennisShot/samples/00302.png 90
ucf/TableTennisShot/samples/00303.png 90
ucf/TableTennisShot/samples/00304.png 90
ucf/TableTennisShot/samples/00305.png 90
ucf/TableTennisShot/samples/00306.png 90
ucf/TableTennisShot/samples/00307.png 90
ucf/TableTennisShot/samples/00308.png 90
ucf/TableTennisShot/samples/00309.png 90
ucf/TableTennisShot/samples/00310.png 90
ucf/TableTennisShot/samples/00311.png 90
ucf/TableTennisShot/samples/00312.png 90
ucf/TableTennisShot/samples/00313.png 90
ucf/TableTennisShot/samples/00314.png 90
ucf/TableTennisShot/samples/00315.png 90
ucf/TableTennisShot/samples/00316.png 90
ucf/TableTennisShot/samples/00317.png 90
ucf/TableTennisShot/samples/00318.png 90
ucf/TableTennisShot/samples/00319.png 90
ucf/TableTennisShot/samples/00320.png 90
ucf/TableTennisShot/samples/00321.png 90
ucf/TableTennisShot/samples/00322.png 90
ucf/TableTennisShot/samples/00323.png 90
ucf/TableTennisShot/samples/00324.png 90
ucf/TableTennisShot/samples/00325.png 90
ucf/TableTennisShot/samples/00326.png 90
ucf/TableTennisShot/samples/00327.png 90
ucf/TableTennisShot/samples/00328.png 90
ucf/TableTennisShot/samples/00329.png 90
ucf/TableTennisShot/samples/00330.png 90
ucf/TableTennisShot/samples/00331.png 90
ucf/TableTennisShot/samples/00332.png 90
ucf/TableTennisShot/samples/00333.png 90
ucf/TableTennisShot/samples/00334.png 90
ucf/TableTennisShot/samples/00335.png 90
ucf/TableTennisShot/samples/00336.png 90
ucf/TableTennisShot/samples/00337.png 90
ucf/TableTennisShot/samples/00338.png 90
ucf/TableTennisShot/samples/00339.png 90
ucf/TableTennisShot/samples/00340.png 90
ucf/TableTennisShot/samples/00341.png 90
ucf/TableTennisShot/samples/00342.png 90
ucf/TableTennisShot/samples/00343.png 90
ucf/TableTennisShot/samples/00344.png 90
ucf/TableTennisShot/samples/00345.png 90
ucf/TableTennisShot/samples/00346.png 90
ucf/TableTennisShot/samples/00347.png 90
ucf/TableTennisShot/samples/00348.png 90
ucf/TableTennisShot/samples/00349.png 90
ucf/TableTennisShot/samples/00350.png 90
ucf/TableTennisShot/samples/00351.png 90
ucf/TableTennisShot/samples/00352.png 90
ucf/TableTennisShot/samples/00353.png 90
ucf/TableTennisShot/samples/00354.png 90
ucf/TableTennisShot/samples/00355.png 90
ucf/TableTennisShot/samples/00356.png 90
ucf/TableTennisShot/samples/00357.png 90
ucf/TableTennisShot/samples/00358.png 90
ucf/TableTennisShot/samples/00359.png 90
ucf/TableTennisShot/samples/00360.png 90
ucf/TableTennisShot/samples/00361.png 90
ucf/TableTennisShot/samples/00362.png 90
ucf/TableTennisShot/samples/00363.png 90
ucf/TableTennisShot/samples/00364.png 90
ucf/TableTennisShot/samples/00365.png 90
ucf/TableTennisShot/samples/00366.png 90
ucf/TableTennisShot/samples/00367.png 90
ucf/TableTennisShot/samples/00368.png 90
ucf/TableTennisShot/samples/00369.png 90
ucf/TableTennisShot/samples/00370.png 90
ucf/TableTennisShot/samples/00371.png 90
ucf/TableTennisShot/samples/00372.png 90
ucf/TableTennisShot/samples/00373.png 90
ucf/TableTennisShot/samples/00374.png 90
ucf/TableTennisShot/samples/00375.png 90
ucf/TableTennisShot/samples/00376.png 90
ucf/TableTennisShot/samples/00377.png 90
ucf/TableTennisShot/samples/00378.png 90
ucf/TableTennisShot/samples/00379.png 90
ucf/TableTennisShot/samples/00380.png 90
ucf/TableTennisShot/samples/00381.png 90
ucf/TableTennisShot/samples/00382.png 90
ucf/TableTennisShot/samples/00383.png 90
ucf/TableTennisShot/samples/00384.png 90
ucf/TableTennisShot/samples/00385.png 90
ucf/TableTennisShot/samples/00386.png 90
ucf/TableTennisShot/samples/00387.png 90
ucf/TableTennisShot/samples/00388.png 90
ucf/TableTennisShot/samples/00389.png 90
ucf/TableTennisShot/samples/00390.png 90
ucf/TableTennisShot/samples/00391.png 90
ucf/TableTennisShot/samples/00392.png 90
ucf/TableTennisShot/samples/00393.png 90
ucf/TableTennisShot/samples/00394.png 90
ucf/TableTennisShot/samples/00395.png 90
ucf/TableTennisShot/samples/00396.png 90
ucf/TableTennisShot/samples/00397.png 90
ucf/TableTennisShot/samples/00398.png 90
ucf/TableTennisShot/samples/00399.png 90
ucf/TableTennisShot/samples/00400.png 90
ucf/TableTennisShot/samples/00401.png 90
ucf/TableTennisShot/samples/00402.png 90
ucf/TableTennisShot/samples/00403.png 90
ucf/TableTennisShot/samples/00404.png 90
ucf/TableTennisShot/samples/00405.png 90
ucf/TableTennisShot/samples/00406.png 90
ucf/TableTennisShot/samples/00407.png 90
ucf/TableTennisShot/samples/00408.png 90
ucf/TableTennisShot/samples/00409.png 90
ucf/TableTennisShot/samples/00410.png 90
ucf/TableTennisShot/samples/00411.png 90
ucf/TableTennisShot/samples/00412.png 90
ucf/TableTennisShot/samples/00413.png 90
ucf/TableTennisShot/samples/00414.png 90
ucf/TableTennisShot/samples/00415.png 90
ucf/TableTennisShot/samples/00416.png 90
ucf/TableTennisShot/samples/00417.png 90
ucf/TableTennisShot/samples/00418.png 90
ucf/TableTennisShot/samples/00419.png 90
ucf/TableTennisShot/samples/00420.png 90
ucf/TableTennisShot/samples/00421.png 90
ucf/TableTennisShot/samples/00422.png 90
ucf/TableTennisShot/samples/00423.png 90
ucf/TableTennisShot/samples/00424.png 90
ucf/TableTennisShot/samples/00425.png 90
ucf/TableTennisShot/samples/00426.png 90
ucf/TableTennisShot/samples/00427.png 90
ucf/TableTennisShot/samples/00428.png 90
ucf/TableTennisShot/samples/00429.png 90
ucf/TableTennisShot/samples/00430.png 90
ucf/TableTennisShot/samples/00431.png 90
ucf/TableTennisShot/samples/00432.png 90
ucf/TableTennisShot/samples/00433.png 90
ucf/TableTennisShot/samples/00434.png 90
ucf/TableTennisShot/samples/00435.png 90
ucf/TableTennisShot/samples/00436.png 90
ucf/TableTennisShot/samples/00437.png 90
ucf/TableTennisShot/samples/00438.png 90
ucf/TableTennisShot/samples/00439.png 90
ucf/TableTennisShot/samples/00440.png 90
ucf/TableTennisShot/samples/00441.png 90
ucf/TableTennisShot/samples/00442.png 90
ucf/TableTennisShot/samples/00443.png 90
ucf/TableTennisShot/samples/00444.png 90
ucf/TableTennisShot/samples/00445.png 90
ucf/TableTennisShot/samples/00446.png 90
ucf/TableTennisShot/samples/00447.png 90
ucf/TableTennisShot/samples/00448.png 90
ucf/TableTennisShot/samples/00449.png 90
ucf/TableTennisShot/samples/00450.png 90
ucf/TableTennisShot/samples/00451.png 90
ucf/TableTennisShot/samples/00452.png 90
ucf/TableTennisShot/samples/00453.png 90
ucf/TableTennisShot/samples/00454.png 90
ucf/TableTennisShot/samples/00455.png 90
ucf/TableTennisShot/samples/00456.png 90
ucf/TableTennisShot/samples/00457.png 90
ucf/TableTennisShot/samples/00458.png 90
ucf/TableTennisShot/samples/00459.png 90
ucf/TableTennisShot/samples/00460.png 90
ucf/TableTennisShot/samples/00461.png 90
ucf/TableTennisShot/samples/00462.png 90
ucf/TableTennisShot/samples/00463.png 90
ucf/TableTennisShot/samples/00464.png 90
ucf/TableTennisShot/samples/00465.png 90
ucf/TableTennisShot/samples/00466.png 90
ucf/TableTennisShot/samples/00467.png 90
ucf/TableTennisShot/samples/00468.png 90
ucf/TableTennisShot/samples/00469.png 90
ucf/TableTennisShot/samples/00470.png 90
ucf/TableTennisShot/samples/00471.png 90
ucf/TableTennisShot/samples/00472.png 90
ucf/TableTennisShot/samples/00473.png 90
ucf/TableTennisShot/samples/00474.png 90
ucf/TableTennisShot/samples/00475.png 90
ucf/TableTennisShot/samples/00476.png 90
ucf/TableTennisShot/samples/00477.png 90
ucf/TableTennisShot/samples/00478.png 90
ucf/TableTennisShot/samples/00479.png 90
ucf/TableTennisShot/samples/00480.png 90
ucf/TableTennisShot/samples/00481.png 90
ucf/TableTennisShot/samples/00482.png 90
ucf/TableTennisShot/samples/00483.png 90
ucf/TableTennisShot/samples/00484.png 90
ucf/TableTennisShot/samples/00485.png 90
ucf/TableTennisShot/samples/00486.png 90
ucf/TableTennisShot/samples/00487.png 90
ucf/TableTennisShot/samples/00488.png 90
ucf/TableTennisShot/samples/00489.png 90
ucf/TableTennisShot/samples/00490.png 90
ucf/TableTennisShot/samples/00491.png 90
ucf/TableTennisShot/samples/00492.png 90
ucf/TableTennisShot/samples/00493.png 90
ucf/TableTennisShot/samples/00494.png 90
ucf/TableTennisShot/samples/00495.png 90
ucf/TableTennisShot/samples/00496.png 90
ucf/TableTennisShot/samples/00497.png 90
ucf/TableTennisShot/samples/00498.png 90
ucf/TableTennisShot/samples/00499.png 90
ucf/TableTennisShot/samples/00500.png 90
ucf/TableTennisShot/samples/00501.png 90
ucf/TableTennisShot/samples/00502.png 90
ucf/TableTennisShot/samples/00503.png 90
ucf/TableTennisShot/samples/00504.png 90
ucf/TableTennisShot/samples/00505.png 90
ucf/TableTennisShot/samples/00506.png 90
ucf/TableTennisShot/samples/00507.png 90
ucf/TableTennisShot/samples/00508.png 90
ucf/TableTennisShot/samples/00509.png 90
ucf/TableTennisShot/samples/00510.png 90
ucf/TableTennisShot/samples/00511.png 90
ucf/TableTennisShot/samples/00512.png 90
ucf/TableTennisShot/samples/00513.png 90
ucf/TableTennisShot/samples/00514.png 90
ucf/TableTennisShot/samples/00515.png 90
ucf/TableTennisShot/samples/00516.png 90
ucf/TableTennisShot/samples/00517.png 90
ucf/TableTennisShot/samples/00518.png 90
ucf/TableTennisShot/samples/00519.png 90
ucf/TableTennisShot/samples/00520.png 90
ucf/TableTennisShot/samples/00521.png 90
ucf/TableTennisShot/samples/00522.png 90
ucf/TableTennisShot/samples/00523.png 90
ucf/TableTennisShot/samples/00524.png 90
ucf/TableTennisShot/samples/00525.png 90
ucf/TableTennisShot/samples/00526.png 90
ucf/TableTennisShot/samples/00527.png 90
ucf/TableTennisShot/samples/00528.png 90
ucf/TableTennisShot/samples/00529.png 90
ucf/TableTennisShot/samples/00530.png 90
ucf/TableTennisShot/samples/00531.png 90
ucf/TableTennisShot/samples/00532.png 90
ucf/TableTennisShot/samples/00533.png 90
ucf/TableTennisShot/samples/00534.png 90
ucf/TableTennisShot/samples/00535.png 90
ucf/TableTennisShot/samples/00536.png 90
ucf/TableTennisShot/samples/00537.png 90
ucf/TableTennisShot/samples/00538.png 90
ucf/TableTennisShot/samples/00539.png 90
ucf/TableTennisShot/samples/00540.png 90
ucf/TableTennisShot/samples/00541.png 90
ucf/TableTennisShot/samples/00542.png 90
ucf/TableTennisShot/samples/00543.png 90
ucf/TableTennisShot/samples/00544.png 90
ucf/TableTennisShot/samples/00545.png 90
ucf/TableTennisShot/samples/00546.png 90
ucf/TableTennisShot/samples/00547.png 90
ucf/TableTennisShot/samples/00548.png 90
ucf/TableTennisShot/samples/00549.png 90
ucf/TableTennisShot/samples/00550.png 90
ucf/TableTennisShot/samples/00551.png 90
ucf/TableTennisShot/samples/00552.png 90
ucf/TableTennisShot/samples/00553.png 90
ucf/TableTennisShot/samples/00554.png 90
ucf/TableTennisShot/samples/00555.png 90
ucf/TableTennisShot/samples/00556.png 90
ucf/TableTennisShot/samples/00557.png 90
ucf/TableTennisShot/samples/00558.png 90
ucf/TableTennisShot/samples/00559.png 90
ucf/TableTennisShot/samples/00560.png 90
ucf/TableTennisShot/samples/00561.png 90
ucf/TableTennisShot/samples/00562.png 90
ucf/TableTennisShot/samples/00563.png 90
ucf/TableTennisShot/samples/00564.png 90
ucf/TableTennisShot/samples/00565.png 90
ucf/TableTennisShot/samples/00566.png 90
ucf/TableTennisShot/samples/00567.png 90
ucf/TableTennisShot/samples/00568.png 90
ucf/TableTennisShot/samples/00569.png 90
ucf/TableTennisShot/samples/00570.png 90
ucf/TableTennisShot/samples/00571.png 90
ucf/TableTennisShot/samples/00572.png 90
ucf/TableTennisShot/samples/00573.png 90
ucf/TableTennisShot/samples/00574.png 90
ucf/TableTennisShot/samples/00575.png 90
ucf/TableTennisShot/samples/00576.png 90
ucf/TableTennisShot/samples/00577.png 90
ucf/TableTennisShot/samples/00578.png 90
ucf/TableTennisShot/samples/00579.png 90
ucf/TableTennisShot/samples/00580.png 90
ucf/TableTennisShot/samples/00581.png 90
ucf/TableTennisShot/samples/00582.png 90
ucf/TableTennisShot/samples/00583.png 90
ucf/TableTennisShot/samples/00584.png 90
ucf/TableTennisShot/samples/00585.png 90
ucf/TableTennisShot/samples/00586.png 90
ucf/TableTennisShot/samples/00587.png 90
ucf/TableTennisShot/samples/00588.png 90
ucf/TableTennisShot/samples/00589.png 90
ucf/TableTennisShot/samples/00590.png 90
ucf/TableTennisShot/samples/00591.png 90
ucf/TableTennisShot/samples/00592.png 90
ucf/TableTennisShot/samples/00593.png 90
ucf/TableTennisShot/samples/00594.png 90
ucf/TableTennisShot/samples/00595.png 90
ucf/TableTennisShot/samples/00596.png 90
ucf/TableTennisShot/samples/00597.png 90
ucf/TableTennisShot/samples/00598.png 90
ucf/TableTennisShot/samples/00599.png 90
ucf/TableTennisShot/samples/00600.png 90
ucf/TableTennisShot/samples/00601.png 90
ucf/TableTennisShot/samples/00602.png 90
ucf/TableTennisShot/samples/00603.png 90
ucf/TableTennisShot/samples/00604.png 90
ucf/TableTennisShot/samples/00605.png 90
ucf/TableTennisShot/samples/00606.png 90
ucf/TableTennisShot/samples/00607.png 90
ucf/TableTennisShot/samples/00608.png 90
ucf/TableTennisShot/samples/00609.png 90
ucf/TableTennisShot/samples/00610.png 90
ucf/TableTennisShot/samples/00611.png 90
ucf/TableTennisShot/samples/00612.png 90
ucf/TableTennisShot/samples/00613.png 90
ucf/TableTennisShot/samples/00614.png 90
ucf/TableTennisShot/samples/00615.png 90
ucf/TableTennisShot/samples/00616.png 90
ucf/TableTennisShot/samples/00617.png 90
ucf/TableTennisShot/samples/00618.png 90
ucf/TableTennisShot/samples/00619.png 90
ucf/TableTennisShot/samples/00620.png 90
ucf/TableTennisShot/samples/00621.png 90
ucf/TableTennisShot/samples/00622.png 90
ucf/TableTennisShot/samples/00623.png 90
ucf/TableTennisShot/samples/00624.png 90
ucf/TableTennisShot/samples/00625.png 90
ucf/TableTennisShot/samples/00626.png 90
ucf/TableTennisShot/samples/00627.png 90
ucf/TableTennisShot/samples/00628.png 90
ucf/TableTennisShot/samples/00629.png 90
ucf/TableTennisShot/samples/00630.png 90
ucf/TableTennisShot/samples/00631.png 90
ucf/TableTennisShot/samples/00632.png 90
ucf/TableTennisShot/samples/00633.png 90
ucf/TableTennisShot/samples/00634.png 90
ucf/TableTennisShot/samples/00635.png 90
ucf/TableTennisShot/samples/00636.png 90
ucf/TableTennisShot/samples/00637.png 90
ucf/TableTennisShot/samples/00638.png 90
ucf/TableTennisShot/samples/00639.png 90
ucf/TableTennisShot/samples/00640.png 90
ucf/TableTennisShot/samples/00641.png 90
ucf/TableTennisShot/samples/00642.png 90
ucf/TableTennisShot/samples/00643.png 90
ucf/TableTennisShot/samples/00644.png 90
ucf/TableTennisShot/samples/00645.png 90
ucf/TableTennisShot/samples/00646.png 90
ucf/TableTennisShot/samples/00647.png 90
ucf/TableTennisShot/samples/00648.png 90
ucf/TableTennisShot/samples/00649.png 90
ucf/TableTennisShot/samples/00650.png 90
ucf/TableTennisShot/samples/00651.png 90
ucf/TableTennisShot/samples/00652.png 90
ucf/TableTennisShot/samples/00653.png 90
ucf/TableTennisShot/samples/00654.png 90
ucf/TableTennisShot/samples/00655.png 90
ucf/TableTennisShot/samples/00656.png 90
ucf/TableTennisShot/samples/00657.png 90
ucf/TableTennisShot/samples/00658.png 90
ucf/TableTennisShot/samples/00659.png 90
ucf/TableTennisShot/samples/00660.png 90
ucf/TableTennisShot/samples/00661.png 90
ucf/TableTennisShot/samples/00662.png 90
ucf/TableTennisShot/samples/00663.png 90
ucf/TableTennisShot/samples/00664.png 90
ucf/TableTennisShot/samples/00665.png 90
ucf/TableTennisShot/samples/00666.png 90
ucf/TableTennisShot/samples/00667.png 90
ucf/TableTennisShot/samples/00668.png 90
ucf/TableTennisShot/samples/00669.png 90
ucf/TableTennisShot/samples/00670.png 90
ucf/TableTennisShot/samples/00671.png 90
ucf/TableTennisShot/samples/00672.png 90
ucf/TableTennisShot/samples/00673.png 90
ucf/TableTennisShot/samples/00674.png 90
ucf/TableTennisShot/samples/00675.png 90
ucf/TableTennisShot/samples/00676.png 90
ucf/TableTennisShot/samples/00677.png 90
ucf/TableTennisShot/samples/00678.png 90
ucf/TableTennisShot/samples/00679.png 90
ucf/TableTennisShot/samples/00680.png 90
ucf/TableTennisShot/samples/00681.png 90
ucf/TableTennisShot/samples/00682.png 90
ucf/TableTennisShot/samples/00683.png 90
ucf/TableTennisShot/samples/00684.png 90
ucf/TableTennisShot/samples/00685.png 90
ucf/TableTennisShot/samples/00686.png 90
ucf/TableTennisShot/samples/00687.png 90
ucf/TableTennisShot/samples/00688.png 90
ucf/TableTennisShot/samples/00689.png 90
ucf/TableTennisShot/samples/00690.png 90
ucf/TableTennisShot/samples/00691.png 90
ucf/TableTennisShot/samples/00692.png 90
ucf/TableTennisShot/samples/00693.png 90
ucf/TableTennisShot/samples/00694.png 90
ucf/TableTennisShot/samples/00695.png 90
ucf/TableTennisShot/samples/00696.png 90
ucf/TableTennisShot/samples/00697.png 90
ucf/TableTennisShot/samples/00698.png 90
ucf/TableTennisShot/samples/00699.png 90
ucf/TableTennisShot/samples/00700.png 90
ucf/TableTennisShot/samples/00701.png 90
ucf/TableTennisShot/samples/00702.png 90
ucf/TableTennisShot/samples/00703.png 90
ucf/TableTennisShot/samples/00704.png 90
ucf/TableTennisShot/samples/00705.png 90
ucf/TableTennisShot/samples/00706.png 90
ucf/TableTennisShot/samples/00707.png 90
ucf/TableTennisShot/samples/00708.png 90
ucf/TableTennisShot/samples/00709.png 90
ucf/TableTennisShot/samples/00710.png 90
ucf/TableTennisShot/samples/00711.png 90
ucf/TableTennisShot/samples/00712.png 90
ucf/TableTennisShot/samples/00713.png 90
ucf/TableTennisShot/samples/00714.png 90
ucf/TableTennisShot/samples/00715.png 90
ucf/TableTennisShot/samples/00716.png 90
ucf/TableTennisShot/samples/00717.png 90
ucf/TableTennisShot/samples/00718.png 90
ucf/TableTennisShot/samples/00719.png 90
ucf/TableTennisShot/samples/00720.png 90
ucf/TableTennisShot/samples/00721.png 90
ucf/TableTennisShot/samples/00722.png 90
ucf/TableTennisShot/samples/00723.png 90
ucf/TableTennisShot/samples/00724.png 90
ucf/TableTennisShot/samples/00725.png 90
ucf/TableTennisShot/samples/00726.png 90
ucf/TableTennisShot/samples/00727.png 90
ucf/TableTennisShot/samples/00728.png 90
ucf/TableTennisShot/samples/00729.png 90
ucf/TableTennisShot/samples/00730.png 90
ucf/TableTennisShot/samples/00731.png 90
ucf/TableTennisShot/samples/00732.png 90
ucf/TableTennisShot/samples/00733.png 90
ucf/TableTennisShot/samples/00734.png 90
ucf/TableTennisShot/samples/00735.png 90
ucf/TableTennisShot/samples/00736.png 90
ucf/TableTennisShot/samples/00737.png 90
ucf/TableTennisShot/samples/00738.png 90
ucf/TableTennisShot/samples/00739.png 90
ucf/TableTennisShot/samples/00740.png 90
ucf/TableTennisShot/samples/00741.png 90
ucf/TableTennisShot/samples/00742.png 90
ucf/TableTennisShot/samples/00743.png 90
ucf/TableTennisShot/samples/00744.png 90
ucf/TableTennisShot/samples/00745.png 90
ucf/TableTennisShot/samples/00746.png 90
ucf/TableTennisShot/samples/00747.png 90
ucf/TableTennisShot/samples/00748.png 90
ucf/TableTennisShot/samples/00749.png 90
ucf/TableTennisShot/samples/00750.png 90
ucf/TableTennisShot/samples/00751.png 90
ucf/TableTennisShot/samples/00752.png 90
ucf/TableTennisShot/samples/00753.png 90
ucf/TableTennisShot/samples/00754.png 90
ucf/TableTennisShot/samples/00755.png 90
ucf/TableTennisShot/samples/00756.png 90
ucf/TableTennisShot/samples/00757.png 90
ucf/TableTennisShot/samples/00758.png 90
ucf/TableTennisShot/samples/00759.png 90
ucf/TableTennisShot/samples/00760.png 90
ucf/TableTennisShot/samples/00761.png 90
ucf/TableTennisShot/samples/00762.png 90
ucf/TableTennisShot/samples/00763.png 90
ucf/TableTennisShot/samples/00764.png 90
ucf/TableTennisShot/samples/00765.png 90
ucf/TableTennisShot/samples/00766.png 90
ucf/TableTennisShot/samples/00767.png 90
ucf/TableTennisShot/samples/00768.png 90
ucf/TableTennisShot/samples/00769.png 90
ucf/TableTennisShot/samples/00770.png 90
ucf/TableTennisShot/samples/00771.png 90
ucf/TableTennisShot/samples/00772.png 90
ucf/TableTennisShot/samples/00773.png 90
ucf/TableTennisShot/samples/00774.png 90
ucf/TableTennisShot/samples/00775.png 90
ucf/TableTennisShot/samples/00776.png 90
ucf/TableTennisShot/samples/00777.png 90
ucf/TableTennisShot/samples/00778.png 90
ucf/TableTennisShot/samples/00779.png 90
ucf/TableTennisShot/samples/00780.png 90
ucf/TableTennisShot/samples/00781.png 90
ucf/TableTennisShot/samples/00782.png 90
ucf/TableTennisShot/samples/00783.png 90
ucf/TableTennisShot/samples/00784.png 90
ucf/TableTennisShot/samples/00785.png 90
ucf/TableTennisShot/samples/00786.png 90
ucf/TableTennisShot/samples/00787.png 90
ucf/TableTennisShot/samples/00788.png 90
ucf/TableTennisShot/samples/00789.png 90
ucf/TableTennisShot/samples/00790.png 90
ucf/TableTennisShot/samples/00791.png 90
ucf/TableTennisShot/samples/00792.png 90
ucf/TableTennisShot/samples/00793.png 90
ucf/TableTennisShot/samples/00794.png 90
ucf/TableTennisShot/samples/00795.png 90
ucf/TableTennisShot/samples/00796.png 90
ucf/TableTennisShot/samples/00797.png 90
ucf/TableTennisShot/samples/00798.png 90
ucf/TableTennisShot/samples/00799.png 90
ucf/TableTennisShot/samples/00800.png 90
ucf/TableTennisShot/samples/00801.png 90
ucf/TableTennisShot/samples/00802.png 90
ucf/TableTennisShot/samples/00803.png 90
ucf/TableTennisShot/samples/00804.png 90
ucf/TableTennisShot/samples/00805.png 90
ucf/TableTennisShot/samples/00806.png 90
ucf/TableTennisShot/samples/00807.png 90
ucf/TableTennisShot/samples/00808.png 90
ucf/TableTennisShot/samples/00809.png 90
ucf/TableTennisShot/samples/00810.png 90
ucf/TableTennisShot/samples/00811.png 90
ucf/TableTennisShot/samples/00812.png 90
ucf/TableTennisShot/samples/00813.png 90
ucf/TableTennisShot/samples/00814.png 90
ucf/TableTennisShot/samples/00815.png 90
ucf/TableTennisShot/samples/00816.png 90
ucf/TableTennisShot/samples/00817.png 90
ucf/TableTennisShot/samples/00818.png 90
ucf/TableTennisShot/samples/00819.png 90
ucf/TableTennisShot/samples/00820.png 90
ucf/TableTennisShot/samples/00821.png 90
ucf/TableTennisShot/samples/00822.png 90
ucf/TableTennisShot/samples/00823.png 90
ucf/TableTennisShot/samples/00824.png 90
ucf/TableTennisShot/samples/00825.png 90
ucf/TableTennisShot/samples/00826.png 90
ucf/TableTennisShot/samples/00827.png 90
ucf/TableTennisShot/samples/00828.png 90
ucf/TableTennisShot/samples/00829.png 90
ucf/TableTennisShot/samples/00830.png 90
ucf/TableTennisShot/samples/00831.png 90
ucf/TableTennisShot/samples/00832.png 90
ucf/TableTennisShot/samples/00833.png 90
ucf/TableTennisShot/samples/00834.png 90
ucf/TableTennisShot/samples/00835.png 90
ucf/TableTennisShot/samples/00836.png 90
ucf/TableTennisShot/samples/00837.png 90
ucf/TableTennisShot/samples/00838.png 90
ucf/TableTennisShot/samples/00839.png 90
ucf/TableTennisShot/samples/00840.png 90
ucf/TableTennisShot/samples/00841.png 90
ucf/TableTennisShot/samples/00842.png 90
ucf/TableTennisShot/samples/00843.png 90
ucf/TableTennisShot/samples/00844.png 90
ucf/TableTennisShot/samples/00845.png 90
ucf/TableTennisShot/samples/00846.png 90
ucf/TableTennisShot/samples/00847.png 90
ucf/TableTennisShot/samples/00848.png 90
ucf/TableTennisShot/samples/00849.png 90
ucf/TableTennisShot/samples/00850.png 90
ucf/TableTennisShot/samples/00851.png 90
ucf/TableTennisShot/samples/00852.png 90
ucf/TableTennisShot/samples/00853.png 90
ucf/TableTennisShot/samples/00854.png 90
ucf/TableTennisShot/samples/00855.png 90
ucf/TableTennisShot/samples/00856.png 90
ucf/TableTennisShot/samples/00857.png 90
ucf/TableTennisShot/samples/00858.png 90
ucf/TableTennisShot/samples/00859.png 90
ucf/TableTennisShot/samples/00860.png 90
ucf/TableTennisShot/samples/00861.png 90
ucf/TableTennisShot/samples/00862.png 90
ucf/TableTennisShot/samples/00863.png 90
ucf/TableTennisShot/samples/00864.png 90
ucf/TableTennisShot/samples/00865.png 90
ucf/TableTennisShot/samples/00866.png 90
ucf/TableTennisShot/samples/00867.png 90
ucf/TableTennisShot/samples/00868.png 90
ucf/TableTennisShot/samples/00869.png 90
ucf/TableTennisShot/samples/00870.png 90
ucf/TableTennisShot/samples/00871.png 90
ucf/TableTennisShot/samples/00872.png 90
ucf/TableTennisShot/samples/00873.png 90
ucf/TableTennisShot/samples/00874.png 90
ucf/TableTennisShot/samples/00875.png 90
ucf/TableTennisShot/samples/00876.png 90
ucf/TableTennisShot/samples/00877.png 90
ucf/TableTennisShot/samples/00878.png 90
ucf/TableTennisShot/samples/00879.png 90
ucf/TableTennisShot/samples/00880.png 90
ucf/TableTennisShot/samples/00881.png 90
ucf/TableTennisShot/samples/00882.png 90
ucf/TableTennisShot/samples/00883.png 90
ucf/TableTennisShot/samples/00884.png 90
ucf/TableTennisShot/samples/00885.png 90
ucf/TableTennisShot/samples/00886.png 90
ucf/TableTennisShot/samples/00887.png 90
ucf/TableTennisShot/samples/00888.png 90
ucf/TableTennisShot/samples/00889.png 90
ucf/TableTennisShot/samples/00890.png 90
ucf/TableTennisShot/samples/00891.png 90
ucf/TableTennisShot/samples/00892.png 90
ucf/TableTennisShot/samples/00893.png 90
ucf/TableTennisShot/samples/00894.png 90
ucf/TableTennisShot/samples/00895.png 90
ucf/TableTennisShot/samples/00896.png 90
ucf/TableTennisShot/samples/00897.png 90
ucf/TableTennisShot/samples/00898.png 90
ucf/TableTennisShot/samples/00899.png 90
ucf/TableTennisShot/samples/00900.png 90
ucf/TableTennisShot/samples/00901.png 90
ucf/TableTennisShot/samples/00902.png 90
ucf/TableTennisShot/samples/00903.png 90
ucf/TableTennisShot/samples/00904.png 90
ucf/TableTennisShot/samples/00905.png 90
ucf/TableTennisShot/samples/00906.png 90
ucf/TableTennisShot/samples/00907.png 90
ucf/TableTennisShot/samples/00908.png 90
ucf/TableTennisShot/samples/00909.png 90
ucf/TableTennisShot/samples/00910.png 90
ucf/TableTennisShot/samples/00911.png 90
ucf/TableTennisShot/samples/00912.png 90
ucf/TableTennisShot/samples/00913.png 90
ucf/TableTennisShot/samples/00914.png 90
ucf/TableTennisShot/samples/00915.png 90
ucf/TableTennisShot/samples/00916.png 90
ucf/TableTennisShot/samples/00917.png 90
ucf/TableTennisShot/samples/00918.png 90
ucf/TableTennisShot/samples/00919.png 90
ucf/TableTennisShot/samples/00920.png 90
ucf/TableTennisShot/samples/00921.png 90
ucf/TableTennisShot/samples/00922.png 90
ucf/TableTennisShot/samples/00923.png 90
ucf/TableTennisShot/samples/00924.png 90
ucf/TableTennisShot/samples/00925.png 90
ucf/TableTennisShot/samples/00926.png 90
ucf/TableTennisShot/samples/00927.png 90
ucf/TableTennisShot/samples/00928.png 90
ucf/TableTennisShot/samples/00929.png 90
ucf/TableTennisShot/samples/00930.png 90
ucf/TableTennisShot/samples/00931.png 90
ucf/TableTennisShot/samples/00932.png 90
ucf/TableTennisShot/samples/00933.png 90
ucf/TableTennisShot/samples/00934.png 90
ucf/TableTennisShot/samples/00935.png 90
ucf/TableTennisShot/samples/00936.png 90
ucf/TableTennisShot/samples/00937.png 90
ucf/TableTennisShot/samples/00938.png 90
ucf/TableTennisShot/samples/00939.png 90
ucf/TableTennisShot/samples/00940.png 90
ucf/TableTennisShot/samples/00941.png 90
ucf/TableTennisShot/samples/00942.png 90
ucf/TableTennisShot/samples/00943.png 90
ucf/TableTennisShot/samples/00944.png 90
ucf/TableTennisShot/samples/00945.png 90
ucf/TableTennisShot/samples/00946.png 90
ucf/TableTennisShot/samples/00947.png 90
ucf/TableTennisShot/samples/00948.png 90
ucf/TableTennisShot/samples/00949.png 90
ucf/TableTennisShot/samples/00950.png 90
ucf/TableTennisShot/samples/00951.png 90
ucf/TableTennisShot/samples/00952.png 90
ucf/TableTennisShot/samples/00953.png 90
ucf/TableTennisShot/samples/00954.png 90
ucf/TableTennisShot/samples/00955.png 90
ucf/TableTennisShot/samples/00956.png 90
ucf/TableTennisShot/samples/00957.png 90
ucf/TableTennisShot/samples/00958.png 90
ucf/TableTennisShot/samples/00959.png 90
ucf/TableTennisShot/samples/00960.png 90
ucf/TableTennisShot/samples/00961.png 90
ucf/TableTennisShot/samples/00962.png 90
ucf/TableTennisShot/samples/00963.png 90
ucf/TableTennisShot/samples/00964.png 90
ucf/TableTennisShot/samples/00965.png 90
ucf/TableTennisShot/samples/00966.png 90
ucf/TableTennisShot/samples/00967.png 90
ucf/TableTennisShot/samples/00968.png 90
ucf/TableTennisShot/samples/00969.png 90
ucf/TableTennisShot/samples/00970.png 90
ucf/TableTennisShot/samples/00971.png 90
ucf/TableTennisShot/samples/00972.png 90
ucf/TableTennisShot/samples/00973.png 90
ucf/TableTennisShot/samples/00974.png 90
ucf/TableTennisShot/samples/00975.png 90
ucf/TableTennisShot/samples/00976.png 90
ucf/TableTennisShot/samples/00977.png 90
ucf/TableTennisShot/samples/00978.png 90
ucf/TableTennisShot/samples/00979.png 90
ucf/TableTennisShot/samples/00980.png 90
ucf/TableTennisShot/samples/00981.png 90
ucf/TableTennisShot/samples/00982.png 90
ucf/TableTennisShot/samples/00983.png 90
ucf/TableTennisShot/samples/00984.png 90
ucf/TableTennisShot/samples/00985.png 90
ucf/TableTennisShot/samples/00986.png 90
ucf/TableTennisShot/samples/00987.png 90
ucf/TableTennisShot/samples/00988.png 90
ucf/TableTennisShot/samples/00989.png 90
ucf/TableTennisShot/samples/00990.png 90
ucf/TableTennisShot/samples/00991.png 90
ucf/TableTennisShot/samples/00992.png 90
ucf/TableTennisShot/samples/00993.png 90
ucf/TableTennisShot/samples/00994.png 90
ucf/TableTennisShot/samples/00995.png 90
ucf/TableTennisShot/samples/00996.png 90
ucf/TableTennisShot/samples/00997.png 90
ucf/TableTennisShot/samples/00998.png 90
ucf/TableTennisShot/samples/00999.png 90
ucf/PushUps/samples/00000.png 72
ucf/PushUps/samples/00001.png 72
ucf/PushUps/samples/00002.png 72
ucf/PushUps/samples/00003.png 72
ucf/PushUps/samples/00004.png 72
ucf/PushUps/samples/00005.png 72
ucf/PushUps/samples/00006.png 72
ucf/PushUps/samples/00007.png 72
ucf/PushUps/samples/00008.png 72
ucf/PushUps/samples/00009.png 72
ucf/PushUps/samples/00010.png 72
ucf/PushUps/samples/00011.png 72
ucf/PushUps/samples/00012.png 72
ucf/PushUps/samples/00013.png 72
ucf/PushUps/samples/00014.png 72
ucf/PushUps/samples/00015.png 72
ucf/PushUps/samples/00016.png 72
ucf/PushUps/samples/00017.png 72
ucf/PushUps/samples/00018.png 72
ucf/PushUps/samples/00019.png 72
ucf/PushUps/samples/00020.png 72
ucf/PushUps/samples/00021.png 72
ucf/PushUps/samples/00022.png 72
ucf/PushUps/samples/00023.png 72
ucf/PushUps/samples/00024.png 72
ucf/PushUps/samples/00025.png 72
ucf/PushUps/samples/00026.png 72
ucf/PushUps/samples/00027.png 72
ucf/PushUps/samples/00028.png 72
ucf/PushUps/samples/00029.png 72
ucf/PushUps/samples/00030.png 72
ucf/PushUps/samples/00031.png 72
ucf/PushUps/samples/00032.png 72
ucf/PushUps/samples/00033.png 72
ucf/PushUps/samples/00034.png 72
ucf/PushUps/samples/00035.png 72
ucf/PushUps/samples/00036.png 72
ucf/PushUps/samples/00037.png 72
ucf/PushUps/samples/00038.png 72
ucf/PushUps/samples/00039.png 72
ucf/PushUps/samples/00040.png 72
ucf/PushUps/samples/00041.png 72
ucf/PushUps/samples/00042.png 72
ucf/PushUps/samples/00043.png 72
ucf/PushUps/samples/00044.png 72
ucf/PushUps/samples/00045.png 72
ucf/PushUps/samples/00046.png 72
ucf/PushUps/samples/00047.png 72
ucf/PushUps/samples/00048.png 72
ucf/PushUps/samples/00049.png 72
ucf/PushUps/samples/00050.png 72
ucf/PushUps/samples/00051.png 72
ucf/PushUps/samples/00052.png 72
ucf/PushUps/samples/00053.png 72
ucf/PushUps/samples/00054.png 72
ucf/PushUps/samples/00055.png 72
ucf/PushUps/samples/00056.png 72
ucf/PushUps/samples/00057.png 72
ucf/PushUps/samples/00058.png 72
ucf/PushUps/samples/00059.png 72
ucf/PushUps/samples/00060.png 72
ucf/PushUps/samples/00061.png 72
ucf/PushUps/samples/00062.png 72
ucf/PushUps/samples/00063.png 72
ucf/PushUps/samples/00064.png 72
ucf/PushUps/samples/00065.png 72
ucf/PushUps/samples/00066.png 72
ucf/PushUps/samples/00067.png 72
ucf/PushUps/samples/00068.png 72
ucf/PushUps/samples/00069.png 72
ucf/PushUps/samples/00070.png 72
ucf/PushUps/samples/00071.png 72
ucf/PushUps/samples/00072.png 72
ucf/PushUps/samples/00073.png 72
ucf/PushUps/samples/00074.png 72
ucf/PushUps/samples/00075.png 72
ucf/PushUps/samples/00076.png 72
ucf/PushUps/samples/00077.png 72
ucf/PushUps/samples/00078.png 72
ucf/PushUps/samples/00079.png 72
ucf/PushUps/samples/00080.png 72
ucf/PushUps/samples/00081.png 72
ucf/PushUps/samples/00082.png 72
ucf/PushUps/samples/00083.png 72
ucf/PushUps/samples/00084.png 72
ucf/PushUps/samples/00085.png 72
ucf/PushUps/samples/00086.png 72
ucf/PushUps/samples/00087.png 72
ucf/PushUps/samples/00088.png 72
ucf/PushUps/samples/00089.png 72
ucf/PushUps/samples/00090.png 72
ucf/PushUps/samples/00091.png 72
ucf/PushUps/samples/00092.png 72
ucf/PushUps/samples/00093.png 72
ucf/PushUps/samples/00094.png 72
ucf/PushUps/samples/00095.png 72
ucf/PushUps/samples/00096.png 72
ucf/PushUps/samples/00097.png 72
ucf/PushUps/samples/00098.png 72
ucf/PushUps/samples/00099.png 72
ucf/PushUps/samples/00100.png 72
ucf/PushUps/samples/00101.png 72
ucf/PushUps/samples/00102.png 72
ucf/PushUps/samples/00103.png 72
ucf/PushUps/samples/00104.png 72
ucf/PushUps/samples/00105.png 72
ucf/PushUps/samples/00106.png 72
ucf/PushUps/samples/00107.png 72
ucf/PushUps/samples/00108.png 72
ucf/PushUps/samples/00109.png 72
ucf/PushUps/samples/00110.png 72
ucf/PushUps/samples/00111.png 72
ucf/PushUps/samples/00112.png 72
ucf/PushUps/samples/00113.png 72
ucf/PushUps/samples/00114.png 72
ucf/PushUps/samples/00115.png 72
ucf/PushUps/samples/00116.png 72
ucf/PushUps/samples/00117.png 72
ucf/PushUps/samples/00118.png 72
ucf/PushUps/samples/00119.png 72
ucf/PushUps/samples/00120.png 72
ucf/PushUps/samples/00121.png 72
ucf/PushUps/samples/00122.png 72
ucf/PushUps/samples/00123.png 72
ucf/PushUps/samples/00124.png 72
ucf/PushUps/samples/00125.png 72
ucf/PushUps/samples/00126.png 72
ucf/PushUps/samples/00127.png 72
ucf/PushUps/samples/00128.png 72
ucf/PushUps/samples/00129.png 72
ucf/PushUps/samples/00130.png 72
ucf/PushUps/samples/00131.png 72
ucf/PushUps/samples/00132.png 72
ucf/PushUps/samples/00133.png 72
ucf/PushUps/samples/00134.png 72
ucf/PushUps/samples/00135.png 72
ucf/PushUps/samples/00136.png 72
ucf/PushUps/samples/00137.png 72
ucf/PushUps/samples/00138.png 72
ucf/PushUps/samples/00139.png 72
ucf/PushUps/samples/00140.png 72
ucf/PushUps/samples/00141.png 72
ucf/PushUps/samples/00142.png 72
ucf/PushUps/samples/00143.png 72
ucf/PushUps/samples/00144.png 72
ucf/PushUps/samples/00145.png 72
ucf/PushUps/samples/00146.png 72
ucf/PushUps/samples/00147.png 72
ucf/PushUps/samples/00148.png 72
ucf/PushUps/samples/00149.png 72
ucf/PushUps/samples/00150.png 72
ucf/PushUps/samples/00151.png 72
ucf/PushUps/samples/00152.png 72
ucf/PushUps/samples/00153.png 72
ucf/PushUps/samples/00154.png 72
ucf/PushUps/samples/00155.png 72
ucf/PushUps/samples/00156.png 72
ucf/PushUps/samples/00157.png 72
ucf/PushUps/samples/00158.png 72
ucf/PushUps/samples/00159.png 72
ucf/PushUps/samples/00160.png 72
ucf/PushUps/samples/00161.png 72
ucf/PushUps/samples/00162.png 72
ucf/PushUps/samples/00163.png 72
ucf/PushUps/samples/00164.png 72
ucf/PushUps/samples/00165.png 72
ucf/PushUps/samples/00166.png 72
ucf/PushUps/samples/00167.png 72
ucf/PushUps/samples/00168.png 72
ucf/PushUps/samples/00169.png 72
ucf/PushUps/samples/00170.png 72
ucf/PushUps/samples/00171.png 72
ucf/PushUps/samples/00172.png 72
ucf/PushUps/samples/00173.png 72
ucf/PushUps/samples/00174.png 72
ucf/PushUps/samples/00175.png 72
ucf/PushUps/samples/00176.png 72
ucf/PushUps/samples/00177.png 72
ucf/PushUps/samples/00178.png 72
ucf/PushUps/samples/00179.png 72
ucf/PushUps/samples/00180.png 72
ucf/PushUps/samples/00181.png 72
ucf/PushUps/samples/00182.png 72
ucf/PushUps/samples/00183.png 72
ucf/PushUps/samples/00184.png 72
ucf/PushUps/samples/00185.png 72
ucf/PushUps/samples/00186.png 72
ucf/PushUps/samples/00187.png 72
ucf/PushUps/samples/00188.png 72
ucf/PushUps/samples/00189.png 72
ucf/PushUps/samples/00190.png 72
ucf/PushUps/samples/00191.png 72
ucf/PushUps/samples/00192.png 72
ucf/PushUps/samples/00193.png 72
ucf/PushUps/samples/00194.png 72
ucf/PushUps/samples/00195.png 72
ucf/PushUps/samples/00196.png 72
ucf/PushUps/samples/00197.png 72
ucf/PushUps/samples/00198.png 72
ucf/PushUps/samples/00199.png 72
ucf/PushUps/samples/00200.png 72
ucf/PushUps/samples/00201.png 72
ucf/PushUps/samples/00202.png 72
ucf/PushUps/samples/00203.png 72
ucf/PushUps/samples/00204.png 72
ucf/PushUps/samples/00205.png 72
ucf/PushUps/samples/00206.png 72
ucf/PushUps/samples/00207.png 72
ucf/PushUps/samples/00208.png 72
ucf/PushUps/samples/00209.png 72
ucf/PushUps/samples/00210.png 72
ucf/PushUps/samples/00211.png 72
ucf/PushUps/samples/00212.png 72
ucf/PushUps/samples/00213.png 72
ucf/PushUps/samples/00214.png 72
ucf/PushUps/samples/00215.png 72
ucf/PushUps/samples/00216.png 72
ucf/PushUps/samples/00217.png 72
ucf/PushUps/samples/00218.png 72
ucf/PushUps/samples/00219.png 72
ucf/PushUps/samples/00220.png 72
ucf/PushUps/samples/00221.png 72
ucf/PushUps/samples/00222.png 72
ucf/PushUps/samples/00223.png 72
ucf/PushUps/samples/00224.png 72
ucf/PushUps/samples/00225.png 72
ucf/PushUps/samples/00226.png 72
ucf/PushUps/samples/00227.png 72
ucf/PushUps/samples/00228.png 72
ucf/PushUps/samples/00229.png 72
ucf/PushUps/samples/00230.png 72
ucf/PushUps/samples/00231.png 72
ucf/PushUps/samples/00232.png 72
ucf/PushUps/samples/00233.png 72
ucf/PushUps/samples/00234.png 72
ucf/PushUps/samples/00235.png 72
ucf/PushUps/samples/00236.png 72
ucf/PushUps/samples/00237.png 72
ucf/PushUps/samples/00238.png 72
ucf/PushUps/samples/00239.png 72
ucf/PushUps/samples/00240.png 72
ucf/PushUps/samples/00241.png 72
ucf/PushUps/samples/00242.png 72
ucf/PushUps/samples/00243.png 72
ucf/PushUps/samples/00244.png 72
ucf/PushUps/samples/00245.png 72
ucf/PushUps/samples/00246.png 72
ucf/PushUps/samples/00247.png 72
ucf/PushUps/samples/00248.png 72
ucf/PushUps/samples/00249.png 72
ucf/PushUps/samples/00250.png 72
ucf/PushUps/samples/00251.png 72
ucf/PushUps/samples/00252.png 72
ucf/PushUps/samples/00253.png 72
ucf/PushUps/samples/00254.png 72
ucf/PushUps/samples/00255.png 72
ucf/PushUps/samples/00256.png 72
ucf/PushUps/samples/00257.png 72
ucf/PushUps/samples/00258.png 72
ucf/PushUps/samples/00259.png 72
ucf/PushUps/samples/00260.png 72
ucf/PushUps/samples/00261.png 72
ucf/PushUps/samples/00262.png 72
ucf/PushUps/samples/00263.png 72
ucf/PushUps/samples/00264.png 72
ucf/PushUps/samples/00265.png 72
ucf/PushUps/samples/00266.png 72
ucf/PushUps/samples/00267.png 72
ucf/PushUps/samples/00268.png 72
ucf/PushUps/samples/00269.png 72
ucf/PushUps/samples/00270.png 72
ucf/PushUps/samples/00271.png 72
ucf/PushUps/samples/00272.png 72
ucf/PushUps/samples/00273.png 72
ucf/PushUps/samples/00274.png 72
ucf/PushUps/samples/00275.png 72
ucf/PushUps/samples/00276.png 72
ucf/PushUps/samples/00277.png 72
ucf/PushUps/samples/00278.png 72
ucf/PushUps/samples/00279.png 72
ucf/PushUps/samples/00280.png 72
ucf/PushUps/samples/00281.png 72
ucf/PushUps/samples/00282.png 72
ucf/PushUps/samples/00283.png 72
ucf/PushUps/samples/00284.png 72
ucf/PushUps/samples/00285.png 72
ucf/PushUps/samples/00286.png 72
ucf/PushUps/samples/00287.png 72
ucf/PushUps/samples/00288.png 72
ucf/PushUps/samples/00289.png 72
ucf/PushUps/samples/00290.png 72
ucf/PushUps/samples/00291.png 72
ucf/PushUps/samples/00292.png 72
ucf/PushUps/samples/00293.png 72
ucf/PushUps/samples/00294.png 72
ucf/PushUps/samples/00295.png 72
ucf/PushUps/samples/00296.png 72
ucf/PushUps/samples/00297.png 72
ucf/PushUps/samples/00298.png 72
ucf/PushUps/samples/00299.png 72
ucf/PushUps/samples/00300.png 72
ucf/PushUps/samples/00301.png 72
ucf/PushUps/samples/00302.png 72
ucf/PushUps/samples/00303.png 72
ucf/PushUps/samples/00304.png 72
ucf/PushUps/samples/00305.png 72
ucf/PushUps/samples/00306.png 72
ucf/PushUps/samples/00307.png 72
ucf/PushUps/samples/00308.png 72
ucf/PushUps/samples/00309.png 72
ucf/PushUps/samples/00310.png 72
ucf/PushUps/samples/00311.png 72
ucf/PushUps/samples/00312.png 72
ucf/PushUps/samples/00313.png 72
ucf/PushUps/samples/00314.png 72
ucf/PushUps/samples/00315.png 72
ucf/PushUps/samples/00316.png 72
ucf/PushUps/samples/00317.png 72
ucf/PushUps/samples/00318.png 72
ucf/PushUps/samples/00319.png 72
ucf/PushUps/samples/00320.png 72
ucf/PushUps/samples/00321.png 72
ucf/PushUps/samples/00322.png 72
ucf/PushUps/samples/00323.png 72
ucf/PushUps/samples/00324.png 72
ucf/PushUps/samples/00325.png 72
ucf/PushUps/samples/00326.png 72
ucf/PushUps/samples/00327.png 72
ucf/PushUps/samples/00328.png 72
ucf/PushUps/samples/00329.png 72
ucf/PushUps/samples/00330.png 72
ucf/PushUps/samples/00331.png 72
ucf/PushUps/samples/00332.png 72
ucf/PushUps/samples/00333.png 72
ucf/PushUps/samples/00334.png 72
ucf/PushUps/samples/00335.png 72
ucf/PushUps/samples/00336.png 72
ucf/PushUps/samples/00337.png 72
ucf/PushUps/samples/00338.png 72
ucf/PushUps/samples/00339.png 72
ucf/PushUps/samples/00340.png 72
ucf/PushUps/samples/00341.png 72
ucf/PushUps/samples/00342.png 72
ucf/PushUps/samples/00343.png 72
ucf/PushUps/samples/00344.png 72
ucf/PushUps/samples/00345.png 72
ucf/PushUps/samples/00346.png 72
ucf/PushUps/samples/00347.png 72
ucf/PushUps/samples/00348.png 72
ucf/PushUps/samples/00349.png 72
ucf/PushUps/samples/00350.png 72
ucf/PushUps/samples/00351.png 72
ucf/PushUps/samples/00352.png 72
ucf/PushUps/samples/00353.png 72
ucf/PushUps/samples/00354.png 72
ucf/PushUps/samples/00355.png 72
ucf/PushUps/samples/00356.png 72
ucf/PushUps/samples/00357.png 72
ucf/PushUps/samples/00358.png 72
ucf/PushUps/samples/00359.png 72
ucf/PushUps/samples/00360.png 72
ucf/PushUps/samples/00361.png 72
ucf/PushUps/samples/00362.png 72
ucf/PushUps/samples/00363.png 72
ucf/PushUps/samples/00364.png 72
ucf/PushUps/samples/00365.png 72
ucf/PushUps/samples/00366.png 72
ucf/PushUps/samples/00367.png 72
ucf/PushUps/samples/00368.png 72
ucf/PushUps/samples/00369.png 72
ucf/PushUps/samples/00370.png 72
ucf/PushUps/samples/00371.png 72
ucf/PushUps/samples/00372.png 72
ucf/PushUps/samples/00373.png 72
ucf/PushUps/samples/00374.png 72
ucf/PushUps/samples/00375.png 72
ucf/PushUps/samples/00376.png 72
ucf/PushUps/samples/00377.png 72
ucf/PushUps/samples/00378.png 72
ucf/PushUps/samples/00379.png 72
ucf/PushUps/samples/00380.png 72
ucf/PushUps/samples/00381.png 72
ucf/PushUps/samples/00382.png 72
ucf/PushUps/samples/00383.png 72
ucf/PushUps/samples/00384.png 72
ucf/PushUps/samples/00385.png 72
ucf/PushUps/samples/00386.png 72
ucf/PushUps/samples/00387.png 72
ucf/PushUps/samples/00388.png 72
ucf/PushUps/samples/00389.png 72
ucf/PushUps/samples/00390.png 72
ucf/PushUps/samples/00391.png 72
ucf/PushUps/samples/00392.png 72
ucf/PushUps/samples/00393.png 72
ucf/PushUps/samples/00394.png 72
ucf/PushUps/samples/00395.png 72
ucf/PushUps/samples/00396.png 72
ucf/PushUps/samples/00397.png 72
ucf/PushUps/samples/00398.png 72
ucf/PushUps/samples/00399.png 72
ucf/PushUps/samples/00400.png 72
ucf/PushUps/samples/00401.png 72
ucf/PushUps/samples/00402.png 72
ucf/PushUps/samples/00403.png 72
ucf/PushUps/samples/00404.png 72
ucf/PushUps/samples/00405.png 72
ucf/PushUps/samples/00406.png 72
ucf/PushUps/samples/00407.png 72
ucf/PushUps/samples/00408.png 72
ucf/PushUps/samples/00409.png 72
ucf/PushUps/samples/00410.png 72
ucf/PushUps/samples/00411.png 72
ucf/PushUps/samples/00412.png 72
ucf/PushUps/samples/00413.png 72
ucf/PushUps/samples/00414.png 72
ucf/PushUps/samples/00415.png 72
ucf/PushUps/samples/00416.png 72
ucf/PushUps/samples/00417.png 72
ucf/PushUps/samples/00418.png 72
ucf/PushUps/samples/00419.png 72
ucf/PushUps/samples/00420.png 72
ucf/PushUps/samples/00421.png 72
ucf/PushUps/samples/00422.png 72
ucf/PushUps/samples/00423.png 72
ucf/PushUps/samples/00424.png 72
ucf/PushUps/samples/00425.png 72
ucf/PushUps/samples/00426.png 72
ucf/PushUps/samples/00427.png 72
ucf/PushUps/samples/00428.png 72
ucf/PushUps/samples/00429.png 72
ucf/PushUps/samples/00430.png 72
ucf/PushUps/samples/00431.png 72
ucf/PushUps/samples/00432.png 72
ucf/PushUps/samples/00433.png 72
ucf/PushUps/samples/00434.png 72
ucf/PushUps/samples/00435.png 72
ucf/PushUps/samples/00436.png 72
ucf/PushUps/samples/00437.png 72
ucf/PushUps/samples/00438.png 72
ucf/PushUps/samples/00439.png 72
ucf/PushUps/samples/00440.png 72
ucf/PushUps/samples/00441.png 72
ucf/PushUps/samples/00442.png 72
ucf/PushUps/samples/00443.png 72
ucf/PushUps/samples/00444.png 72
ucf/PushUps/samples/00445.png 72
ucf/PushUps/samples/00446.png 72
ucf/PushUps/samples/00447.png 72
ucf/PushUps/samples/00448.png 72
ucf/PushUps/samples/00449.png 72
ucf/PushUps/samples/00450.png 72
ucf/PushUps/samples/00451.png 72
ucf/PushUps/samples/00452.png 72
ucf/PushUps/samples/00453.png 72
ucf/PushUps/samples/00454.png 72
ucf/PushUps/samples/00455.png 72
ucf/PushUps/samples/00456.png 72
ucf/PushUps/samples/00457.png 72
ucf/PushUps/samples/00458.png 72
ucf/PushUps/samples/00459.png 72
ucf/PushUps/samples/00460.png 72
ucf/PushUps/samples/00461.png 72
ucf/PushUps/samples/00462.png 72
ucf/PushUps/samples/00463.png 72
ucf/PushUps/samples/00464.png 72
ucf/PushUps/samples/00465.png 72
ucf/PushUps/samples/00466.png 72
ucf/PushUps/samples/00467.png 72
ucf/PushUps/samples/00468.png 72
ucf/PushUps/samples/00469.png 72
ucf/PushUps/samples/00470.png 72
ucf/PushUps/samples/00471.png 72
ucf/PushUps/samples/00472.png 72
ucf/PushUps/samples/00473.png 72
ucf/PushUps/samples/00474.png 72
ucf/PushUps/samples/00475.png 72
ucf/PushUps/samples/00476.png 72
ucf/PushUps/samples/00477.png 72
ucf/PushUps/samples/00478.png 72
ucf/PushUps/samples/00479.png 72
ucf/PushUps/samples/00480.png 72
ucf/PushUps/samples/00481.png 72
ucf/PushUps/samples/00482.png 72
ucf/PushUps/samples/00483.png 72
ucf/PushUps/samples/00484.png 72
ucf/PushUps/samples/00485.png 72
ucf/PushUps/samples/00486.png 72
ucf/PushUps/samples/00487.png 72
ucf/PushUps/samples/00488.png 72
ucf/PushUps/samples/00489.png 72
ucf/PushUps/samples/00490.png 72
ucf/PushUps/samples/00491.png 72
ucf/PushUps/samples/00492.png 72
ucf/PushUps/samples/00493.png 72
ucf/PushUps/samples/00494.png 72
ucf/PushUps/samples/00495.png 72
ucf/PushUps/samples/00496.png 72
ucf/PushUps/samples/00497.png 72
ucf/PushUps/samples/00498.png 72
ucf/PushUps/samples/00499.png 72
ucf/PushUps/samples/00500.png 72
ucf/PushUps/samples/00501.png 72
ucf/PushUps/samples/00502.png 72
ucf/PushUps/samples/00503.png 72
ucf/PushUps/samples/00504.png 72
ucf/PushUps/samples/00505.png 72
ucf/PushUps/samples/00506.png 72
ucf/PushUps/samples/00507.png 72
ucf/PushUps/samples/00508.png 72
ucf/PushUps/samples/00509.png 72
ucf/PushUps/samples/00510.png 72
ucf/PushUps/samples/00511.png 72
ucf/PushUps/samples/00512.png 72
ucf/PushUps/samples/00513.png 72
ucf/PushUps/samples/00514.png 72
ucf/PushUps/samples/00515.png 72
ucf/PushUps/samples/00516.png 72
ucf/PushUps/samples/00517.png 72
ucf/PushUps/samples/00518.png 72
ucf/PushUps/samples/00519.png 72
ucf/PushUps/samples/00520.png 72
ucf/PushUps/samples/00521.png 72
ucf/PushUps/samples/00522.png 72
ucf/PushUps/samples/00523.png 72
ucf/PushUps/samples/00524.png 72
ucf/PushUps/samples/00525.png 72
ucf/PushUps/samples/00526.png 72
ucf/PushUps/samples/00527.png 72
ucf/PushUps/samples/00528.png 72
ucf/PushUps/samples/00529.png 72
ucf/PushUps/samples/00530.png 72
ucf/PushUps/samples/00531.png 72
ucf/PushUps/samples/00532.png 72
ucf/PushUps/samples/00533.png 72
ucf/PushUps/samples/00534.png 72
ucf/PushUps/samples/00535.png 72
ucf/PushUps/samples/00536.png 72
ucf/PushUps/samples/00537.png 72
ucf/PushUps/samples/00538.png 72
ucf/PushUps/samples/00539.png 72
ucf/PushUps/samples/00540.png 72
ucf/PushUps/samples/00541.png 72
ucf/PushUps/samples/00542.png 72
ucf/PushUps/samples/00543.png 72
ucf/PushUps/samples/00544.png 72
ucf/PushUps/samples/00545.png 72
ucf/PushUps/samples/00546.png 72
ucf/PushUps/samples/00547.png 72
ucf/PushUps/samples/00548.png 72
ucf/PushUps/samples/00549.png 72
ucf/PushUps/samples/00550.png 72
ucf/PushUps/samples/00551.png 72
ucf/PushUps/samples/00552.png 72
ucf/PushUps/samples/00553.png 72
ucf/PushUps/samples/00554.png 72
ucf/PushUps/samples/00555.png 72
ucf/PushUps/samples/00556.png 72
ucf/PushUps/samples/00557.png 72
ucf/PushUps/samples/00558.png 72
ucf/PushUps/samples/00559.png 72
ucf/PushUps/samples/00560.png 72
ucf/PushUps/samples/00561.png 72
ucf/PushUps/samples/00562.png 72
ucf/PushUps/samples/00563.png 72
ucf/PushUps/samples/00564.png 72
ucf/PushUps/samples/00565.png 72
ucf/PushUps/samples/00566.png 72
ucf/PushUps/samples/00567.png 72
ucf/PushUps/samples/00568.png 72
ucf/PushUps/samples/00569.png 72
ucf/PushUps/samples/00570.png 72
ucf/PushUps/samples/00571.png 72
ucf/PushUps/samples/00572.png 72
ucf/PushUps/samples/00573.png 72
ucf/PushUps/samples/00574.png 72
ucf/PushUps/samples/00575.png 72
ucf/PushUps/samples/00576.png 72
ucf/PushUps/samples/00577.png 72
ucf/PushUps/samples/00578.png 72
ucf/PushUps/samples/00579.png 72
ucf/PushUps/samples/00580.png 72
ucf/PushUps/samples/00581.png 72
ucf/PushUps/samples/00582.png 72
ucf/PushUps/samples/00583.png 72
ucf/PushUps/samples/00584.png 72
ucf/PushUps/samples/00585.png 72
ucf/PushUps/samples/00586.png 72
ucf/PushUps/samples/00587.png 72
ucf/PushUps/samples/00588.png 72
ucf/PushUps/samples/00589.png 72
ucf/PushUps/samples/00590.png 72
ucf/PushUps/samples/00591.png 72
ucf/PushUps/samples/00592.png 72
ucf/PushUps/samples/00593.png 72
ucf/PushUps/samples/00594.png 72
ucf/PushUps/samples/00595.png 72
ucf/PushUps/samples/00596.png 72
ucf/PushUps/samples/00597.png 72
ucf/PushUps/samples/00598.png 72
ucf/PushUps/samples/00599.png 72
ucf/PushUps/samples/00600.png 72
ucf/PushUps/samples/00601.png 72
ucf/PushUps/samples/00602.png 72
ucf/PushUps/samples/00603.png 72
ucf/PushUps/samples/00604.png 72
ucf/PushUps/samples/00605.png 72
ucf/PushUps/samples/00606.png 72
ucf/PushUps/samples/00607.png 72
ucf/PushUps/samples/00608.png 72
ucf/PushUps/samples/00609.png 72
ucf/PushUps/samples/00610.png 72
ucf/PushUps/samples/00611.png 72
ucf/PushUps/samples/00612.png 72
ucf/PushUps/samples/00613.png 72
ucf/PushUps/samples/00614.png 72
ucf/PushUps/samples/00615.png 72
ucf/PushUps/samples/00616.png 72
ucf/PushUps/samples/00617.png 72
ucf/PushUps/samples/00618.png 72
ucf/PushUps/samples/00619.png 72
ucf/PushUps/samples/00620.png 72
ucf/PushUps/samples/00621.png 72
ucf/PushUps/samples/00622.png 72
ucf/PushUps/samples/00623.png 72
ucf/PushUps/samples/00624.png 72
ucf/PushUps/samples/00625.png 72
ucf/PushUps/samples/00626.png 72
ucf/PushUps/samples/00627.png 72
ucf/PushUps/samples/00628.png 72
ucf/PushUps/samples/00629.png 72
ucf/PushUps/samples/00630.png 72
ucf/PushUps/samples/00631.png 72
ucf/PushUps/samples/00632.png 72
ucf/PushUps/samples/00633.png 72
ucf/PushUps/samples/00634.png 72
ucf/PushUps/samples/00635.png 72
ucf/PushUps/samples/00636.png 72
ucf/PushUps/samples/00637.png 72
ucf/PushUps/samples/00638.png 72
ucf/PushUps/samples/00639.png 72
ucf/PushUps/samples/00640.png 72
ucf/PushUps/samples/00641.png 72
ucf/PushUps/samples/00642.png 72
ucf/PushUps/samples/00643.png 72
ucf/PushUps/samples/00644.png 72
ucf/PushUps/samples/00645.png 72
ucf/PushUps/samples/00646.png 72
ucf/PushUps/samples/00647.png 72
ucf/PushUps/samples/00648.png 72
ucf/PushUps/samples/00649.png 72
ucf/PushUps/samples/00650.png 72
ucf/PushUps/samples/00651.png 72
ucf/PushUps/samples/00652.png 72
ucf/PushUps/samples/00653.png 72
ucf/PushUps/samples/00654.png 72
ucf/PushUps/samples/00655.png 72
ucf/PushUps/samples/00656.png 72
ucf/PushUps/samples/00657.png 72
ucf/PushUps/samples/00658.png 72
ucf/PushUps/samples/00659.png 72
ucf/PushUps/samples/00660.png 72
ucf/PushUps/samples/00661.png 72
ucf/PushUps/samples/00662.png 72
ucf/PushUps/samples/00663.png 72
ucf/PushUps/samples/00664.png 72
ucf/PushUps/samples/00665.png 72
ucf/PushUps/samples/00666.png 72
ucf/PushUps/samples/00667.png 72
ucf/PushUps/samples/00668.png 72
ucf/PushUps/samples/00669.png 72
ucf/PushUps/samples/00670.png 72
ucf/PushUps/samples/00671.png 72
ucf/PushUps/samples/00672.png 72
ucf/PushUps/samples/00673.png 72
ucf/PushUps/samples/00674.png 72
ucf/PushUps/samples/00675.png 72
ucf/PushUps/samples/00676.png 72
ucf/PushUps/samples/00677.png 72
ucf/PushUps/samples/00678.png 72
ucf/PushUps/samples/00679.png 72
ucf/PushUps/samples/00680.png 72
ucf/PushUps/samples/00681.png 72
ucf/PushUps/samples/00682.png 72
ucf/PushUps/samples/00683.png 72
ucf/PushUps/samples/00684.png 72
ucf/PushUps/samples/00685.png 72
ucf/PushUps/samples/00686.png 72
ucf/PushUps/samples/00687.png 72
ucf/PushUps/samples/00688.png 72
ucf/PushUps/samples/00689.png 72
ucf/PushUps/samples/00690.png 72
ucf/PushUps/samples/00691.png 72
ucf/PushUps/samples/00692.png 72
ucf/PushUps/samples/00693.png 72
ucf/PushUps/samples/00694.png 72
ucf/PushUps/samples/00695.png 72
ucf/PushUps/samples/00696.png 72
ucf/PushUps/samples/00697.png 72
ucf/PushUps/samples/00698.png 72
ucf/PushUps/samples/00699.png 72
ucf/PushUps/samples/00700.png 72
ucf/PushUps/samples/00701.png 72
ucf/PushUps/samples/00702.png 72
ucf/PushUps/samples/00703.png 72
ucf/PushUps/samples/00704.png 72
ucf/PushUps/samples/00705.png 72
ucf/PushUps/samples/00706.png 72
ucf/PushUps/samples/00707.png 72
ucf/PushUps/samples/00708.png 72
ucf/PushUps/samples/00709.png 72
ucf/PushUps/samples/00710.png 72
ucf/PushUps/samples/00711.png 72
ucf/PushUps/samples/00712.png 72
ucf/PushUps/samples/00713.png 72
ucf/PushUps/samples/00714.png 72
ucf/PushUps/samples/00715.png 72
ucf/PushUps/samples/00716.png 72
ucf/PushUps/samples/00717.png 72
ucf/PushUps/samples/00718.png 72
ucf/PushUps/samples/00719.png 72
ucf/PushUps/samples/00720.png 72
ucf/PushUps/samples/00721.png 72
ucf/PushUps/samples/00722.png 72
ucf/PushUps/samples/00723.png 72
ucf/PushUps/samples/00724.png 72
ucf/PushUps/samples/00725.png 72
ucf/PushUps/samples/00726.png 72
ucf/PushUps/samples/00727.png 72
ucf/PushUps/samples/00728.png 72
ucf/PushUps/samples/00729.png 72
ucf/PushUps/samples/00730.png 72
ucf/PushUps/samples/00731.png 72
ucf/PushUps/samples/00732.png 72
ucf/PushUps/samples/00733.png 72
ucf/PushUps/samples/00734.png 72
ucf/PushUps/samples/00735.png 72
ucf/PushUps/samples/00736.png 72
ucf/PushUps/samples/00737.png 72
ucf/PushUps/samples/00738.png 72
ucf/PushUps/samples/00739.png 72
ucf/PushUps/samples/00740.png 72
ucf/PushUps/samples/00741.png 72
ucf/PushUps/samples/00742.png 72
ucf/PushUps/samples/00743.png 72
ucf/PushUps/samples/00744.png 72
ucf/PushUps/samples/00745.png 72
ucf/PushUps/samples/00746.png 72
ucf/PushUps/samples/00747.png 72
ucf/PushUps/samples/00748.png 72
ucf/PushUps/samples/00749.png 72
ucf/PushUps/samples/00750.png 72
ucf/PushUps/samples/00751.png 72
ucf/PushUps/samples/00752.png 72
ucf/PushUps/samples/00753.png 72
ucf/PushUps/samples/00754.png 72
ucf/PushUps/samples/00755.png 72
ucf/PushUps/samples/00756.png 72
ucf/PushUps/samples/00757.png 72
ucf/PushUps/samples/00758.png 72
ucf/PushUps/samples/00759.png 72
ucf/PushUps/samples/00760.png 72
ucf/PushUps/samples/00761.png 72
ucf/PushUps/samples/00762.png 72
ucf/PushUps/samples/00763.png 72
ucf/PushUps/samples/00764.png 72
ucf/PushUps/samples/00765.png 72
ucf/PushUps/samples/00766.png 72
ucf/PushUps/samples/00767.png 72
ucf/PushUps/samples/00768.png 72
ucf/PushUps/samples/00769.png 72
ucf/PushUps/samples/00770.png 72
ucf/PushUps/samples/00771.png 72
ucf/PushUps/samples/00772.png 72
ucf/PushUps/samples/00773.png 72
ucf/PushUps/samples/00774.png 72
ucf/PushUps/samples/00775.png 72
ucf/PushUps/samples/00776.png 72
ucf/PushUps/samples/00777.png 72
ucf/PushUps/samples/00778.png 72
ucf/PushUps/samples/00779.png 72
ucf/PushUps/samples/00780.png 72
ucf/PushUps/samples/00781.png 72
ucf/PushUps/samples/00782.png 72
ucf/PushUps/samples/00783.png 72
ucf/PushUps/samples/00784.png 72
ucf/PushUps/samples/00785.png 72
ucf/PushUps/samples/00786.png 72
ucf/PushUps/samples/00787.png 72
ucf/PushUps/samples/00788.png 72
ucf/PushUps/samples/00789.png 72
ucf/PushUps/samples/00790.png 72
ucf/PushUps/samples/00791.png 72
ucf/PushUps/samples/00792.png 72
ucf/PushUps/samples/00793.png 72
ucf/PushUps/samples/00794.png 72
ucf/PushUps/samples/00795.png 72
ucf/PushUps/samples/00796.png 72
ucf/PushUps/samples/00797.png 72
ucf/PushUps/samples/00798.png 72
ucf/PushUps/samples/00799.png 72
ucf/PushUps/samples/00800.png 72
ucf/PushUps/samples/00801.png 72
ucf/PushUps/samples/00802.png 72
ucf/PushUps/samples/00803.png 72
ucf/PushUps/samples/00804.png 72
ucf/PushUps/samples/00805.png 72
ucf/PushUps/samples/00806.png 72
ucf/PushUps/samples/00807.png 72
ucf/PushUps/samples/00808.png 72
ucf/PushUps/samples/00809.png 72
ucf/PushUps/samples/00810.png 72
ucf/PushUps/samples/00811.png 72
ucf/PushUps/samples/00812.png 72
ucf/PushUps/samples/00813.png 72
ucf/PushUps/samples/00814.png 72
ucf/PushUps/samples/00815.png 72
ucf/PushUps/samples/00816.png 72
ucf/PushUps/samples/00817.png 72
ucf/PushUps/samples/00818.png 72
ucf/PushUps/samples/00819.png 72
ucf/PushUps/samples/00820.png 72
ucf/PushUps/samples/00821.png 72
ucf/PushUps/samples/00822.png 72
ucf/PushUps/samples/00823.png 72
ucf/PushUps/samples/00824.png 72
ucf/PushUps/samples/00825.png 72
ucf/PushUps/samples/00826.png 72
ucf/PushUps/samples/00827.png 72
ucf/PushUps/samples/00828.png 72
ucf/PushUps/samples/00829.png 72
ucf/PushUps/samples/00830.png 72
ucf/PushUps/samples/00831.png 72
ucf/PushUps/samples/00832.png 72
ucf/PushUps/samples/00833.png 72
ucf/PushUps/samples/00834.png 72
ucf/PushUps/samples/00835.png 72
ucf/PushUps/samples/00836.png 72
ucf/PushUps/samples/00837.png 72
ucf/PushUps/samples/00838.png 72
ucf/PushUps/samples/00839.png 72
ucf/PushUps/samples/00840.png 72
ucf/PushUps/samples/00841.png 72
ucf/PushUps/samples/00842.png 72
ucf/PushUps/samples/00843.png 72
ucf/PushUps/samples/00844.png 72
ucf/PushUps/samples/00845.png 72
ucf/PushUps/samples/00846.png 72
ucf/PushUps/samples/00847.png 72
ucf/PushUps/samples/00848.png 72
ucf/PushUps/samples/00849.png 72
ucf/PushUps/samples/00850.png 72
ucf/PushUps/samples/00851.png 72
ucf/PushUps/samples/00852.png 72
ucf/PushUps/samples/00853.png 72
ucf/PushUps/samples/00854.png 72
ucf/PushUps/samples/00855.png 72
ucf/PushUps/samples/00856.png 72
ucf/PushUps/samples/00857.png 72
ucf/PushUps/samples/00858.png 72
ucf/PushUps/samples/00859.png 72
ucf/PushUps/samples/00860.png 72
ucf/PushUps/samples/00861.png 72
ucf/PushUps/samples/00862.png 72
ucf/PushUps/samples/00863.png 72
ucf/PushUps/samples/00864.png 72
ucf/PushUps/samples/00865.png 72
ucf/PushUps/samples/00866.png 72
ucf/PushUps/samples/00867.png 72
ucf/PushUps/samples/00868.png 72
ucf/PushUps/samples/00869.png 72
ucf/PushUps/samples/00870.png 72
ucf/PushUps/samples/00871.png 72
ucf/PushUps/samples/00872.png 72
ucf/PushUps/samples/00873.png 72
ucf/PushUps/samples/00874.png 72
ucf/PushUps/samples/00875.png 72
ucf/PushUps/samples/00876.png 72
ucf/PushUps/samples/00877.png 72
ucf/PushUps/samples/00878.png 72
ucf/PushUps/samples/00879.png 72
ucf/PushUps/samples/00880.png 72
ucf/PushUps/samples/00881.png 72
ucf/PushUps/samples/00882.png 72
ucf/PushUps/samples/00883.png 72
ucf/PushUps/samples/00884.png 72
ucf/PushUps/samples/00885.png 72
ucf/PushUps/samples/00886.png 72
ucf/PushUps/samples/00887.png 72
ucf/PushUps/samples/00888.png 72
ucf/PushUps/samples/00889.png 72
ucf/PushUps/samples/00890.png 72
ucf/PushUps/samples/00891.png 72
ucf/PushUps/samples/00892.png 72
ucf/PushUps/samples/00893.png 72
ucf/PushUps/samples/00894.png 72
ucf/PushUps/samples/00895.png 72
ucf/PushUps/samples/00896.png 72
ucf/PushUps/samples/00897.png 72
ucf/PushUps/samples/00898.png 72
ucf/PushUps/samples/00899.png 72
ucf/PushUps/samples/00900.png 72
ucf/PushUps/samples/00901.png 72
ucf/PushUps/samples/00902.png 72
ucf/PushUps/samples/00903.png 72
ucf/PushUps/samples/00904.png 72
ucf/PushUps/samples/00905.png 72
ucf/PushUps/samples/00906.png 72
ucf/PushUps/samples/00907.png 72
ucf/PushUps/samples/00908.png 72
ucf/PushUps/samples/00909.png 72
ucf/PushUps/samples/00910.png 72
ucf/PushUps/samples/00911.png 72
ucf/PushUps/samples/00912.png 72
ucf/PushUps/samples/00913.png 72
ucf/PushUps/samples/00914.png 72
ucf/PushUps/samples/00915.png 72
ucf/PushUps/samples/00916.png 72
ucf/PushUps/samples/00917.png 72
ucf/PushUps/samples/00918.png 72
ucf/PushUps/samples/00919.png 72
ucf/PushUps/samples/00920.png 72
ucf/PushUps/samples/00921.png 72
ucf/PushUps/samples/00922.png 72
ucf/PushUps/samples/00923.png 72
ucf/PushUps/samples/00924.png 72
ucf/PushUps/samples/00925.png 72
ucf/PushUps/samples/00926.png 72
ucf/PushUps/samples/00927.png 72
ucf/PushUps/samples/00928.png 72
ucf/PushUps/samples/00929.png 72
ucf/PushUps/samples/00930.png 72
ucf/PushUps/samples/00931.png 72
ucf/PushUps/samples/00932.png 72
ucf/PushUps/samples/00933.png 72
ucf/PushUps/samples/00934.png 72
ucf/PushUps/samples/00935.png 72
ucf/PushUps/samples/00936.png 72
ucf/PushUps/samples/00937.png 72
ucf/PushUps/samples/00938.png 72
ucf/PushUps/samples/00939.png 72
ucf/PushUps/samples/00940.png 72
ucf/PushUps/samples/00941.png 72
ucf/PushUps/samples/00942.png 72
ucf/PushUps/samples/00943.png 72
ucf/PushUps/samples/00944.png 72
ucf/PushUps/samples/00945.png 72
ucf/PushUps/samples/00946.png 72
ucf/PushUps/samples/00947.png 72
ucf/PushUps/samples/00948.png 72
ucf/PushUps/samples/00949.png 72
ucf/PushUps/samples/00950.png 72
ucf/PushUps/samples/00951.png 72
ucf/PushUps/samples/00952.png 72
ucf/PushUps/samples/00953.png 72
ucf/PushUps/samples/00954.png 72
ucf/PushUps/samples/00955.png 72
ucf/PushUps/samples/00956.png 72
ucf/PushUps/samples/00957.png 72
ucf/PushUps/samples/00958.png 72
ucf/PushUps/samples/00959.png 72
ucf/PushUps/samples/00960.png 72
ucf/PushUps/samples/00961.png 72
ucf/PushUps/samples/00962.png 72
ucf/PushUps/samples/00963.png 72
ucf/PushUps/samples/00964.png 72
ucf/PushUps/samples/00965.png 72
ucf/PushUps/samples/00966.png 72
ucf/PushUps/samples/00967.png 72
ucf/PushUps/samples/00968.png 72
ucf/PushUps/samples/00969.png 72
ucf/PushUps/samples/00970.png 72
ucf/PushUps/samples/00971.png 72
ucf/PushUps/samples/00972.png 72
ucf/PushUps/samples/00973.png 72
ucf/PushUps/samples/00974.png 72
ucf/PushUps/samples/00975.png 72
ucf/PushUps/samples/00976.png 72
ucf/PushUps/samples/00977.png 72
ucf/PushUps/samples/00978.png 72
ucf/PushUps/samples/00979.png 72
ucf/PushUps/samples/00980.png 72
ucf/PushUps/samples/00981.png 72
ucf/PushUps/samples/00982.png 72
ucf/PushUps/samples/00983.png 72
ucf/PushUps/samples/00984.png 72
ucf/PushUps/samples/00985.png 72
ucf/PushUps/samples/00986.png 72
ucf/PushUps/samples/00987.png 72
ucf/PushUps/samples/00988.png 72
ucf/PushUps/samples/00989.png 72
ucf/PushUps/samples/00990.png 72
ucf/PushUps/samples/00991.png 72
ucf/PushUps/samples/00992.png 72
ucf/PushUps/samples/00993.png 72
ucf/PushUps/samples/00994.png 72
ucf/PushUps/samples/00995.png 72
ucf/PushUps/samples/00996.png 72
ucf/PushUps/samples/00997.png 72
ucf/PushUps/samples/00998.png 72
ucf/PushUps/samples/00999.png 72
ucf/WalkingWithDog/samples/00000.png 98
ucf/WalkingWithDog/samples/00001.png 98
ucf/WalkingWithDog/samples/00002.png 98
ucf/WalkingWithDog/samples/00003.png 98
ucf/WalkingWithDog/samples/00004.png 98
ucf/WalkingWithDog/samples/00005.png 98
ucf/WalkingWithDog/samples/00006.png 98
ucf/WalkingWithDog/samples/00007.png 98
ucf/WalkingWithDog/samples/00008.png 98
ucf/WalkingWithDog/samples/00009.png 98
ucf/WalkingWithDog/samples/00010.png 98
ucf/WalkingWithDog/samples/00011.png 98
ucf/WalkingWithDog/samples/00012.png 98
ucf/WalkingWithDog/samples/00013.png 98
ucf/WalkingWithDog/samples/00014.png 98
ucf/WalkingWithDog/samples/00015.png 98
ucf/WalkingWithDog/samples/00016.png 98
ucf/WalkingWithDog/samples/00017.png 98
ucf/WalkingWithDog/samples/00018.png 98
ucf/WalkingWithDog/samples/00019.png 98
ucf/WalkingWithDog/samples/00020.png 98
ucf/WalkingWithDog/samples/00021.png 98
ucf/WalkingWithDog/samples/00022.png 98
ucf/WalkingWithDog/samples/00023.png 98
ucf/WalkingWithDog/samples/00024.png 98
ucf/WalkingWithDog/samples/00025.png 98
ucf/WalkingWithDog/samples/00026.png 98
ucf/WalkingWithDog/samples/00027.png 98
ucf/WalkingWithDog/samples/00028.png 98
ucf/WalkingWithDog/samples/00029.png 98
ucf/WalkingWithDog/samples/00030.png 98
ucf/WalkingWithDog/samples/00031.png 98
ucf/WalkingWithDog/samples/00032.png 98
ucf/WalkingWithDog/samples/00033.png 98
ucf/WalkingWithDog/samples/00034.png 98
ucf/WalkingWithDog/samples/00035.png 98
ucf/WalkingWithDog/samples/00036.png 98
ucf/WalkingWithDog/samples/00037.png 98
ucf/WalkingWithDog/samples/00038.png 98
ucf/WalkingWithDog/samples/00039.png 98
ucf/WalkingWithDog/samples/00040.png 98
ucf/WalkingWithDog/samples/00041.png 98
ucf/WalkingWithDog/samples/00042.png 98
ucf/WalkingWithDog/samples/00043.png 98
ucf/WalkingWithDog/samples/00044.png 98
ucf/WalkingWithDog/samples/00045.png 98
ucf/WalkingWithDog/samples/00046.png 98
ucf/WalkingWithDog/samples/00047.png 98
ucf/WalkingWithDog/samples/00048.png 98
ucf/WalkingWithDog/samples/00049.png 98
ucf/WalkingWithDog/samples/00050.png 98
ucf/WalkingWithDog/samples/00051.png 98
ucf/WalkingWithDog/samples/00052.png 98
ucf/WalkingWithDog/samples/00053.png 98
ucf/WalkingWithDog/samples/00054.png 98
ucf/WalkingWithDog/samples/00055.png 98
ucf/WalkingWithDog/samples/00056.png 98
ucf/WalkingWithDog/samples/00057.png 98
ucf/WalkingWithDog/samples/00058.png 98
ucf/WalkingWithDog/samples/00059.png 98
ucf/WalkingWithDog/samples/00060.png 98
ucf/WalkingWithDog/samples/00061.png 98
ucf/WalkingWithDog/samples/00062.png 98
ucf/WalkingWithDog/samples/00063.png 98
ucf/WalkingWithDog/samples/00064.png 98
ucf/WalkingWithDog/samples/00065.png 98
ucf/WalkingWithDog/samples/00066.png 98
ucf/WalkingWithDog/samples/00067.png 98
ucf/WalkingWithDog/samples/00068.png 98
ucf/WalkingWithDog/samples/00069.png 98
ucf/WalkingWithDog/samples/00070.png 98
ucf/WalkingWithDog/samples/00071.png 98
ucf/WalkingWithDog/samples/00072.png 98
ucf/WalkingWithDog/samples/00073.png 98
ucf/WalkingWithDog/samples/00074.png 98
ucf/WalkingWithDog/samples/00075.png 98
ucf/WalkingWithDog/samples/00076.png 98
ucf/WalkingWithDog/samples/00077.png 98
ucf/WalkingWithDog/samples/00078.png 98
ucf/WalkingWithDog/samples/00079.png 98
ucf/WalkingWithDog/samples/00080.png 98
ucf/WalkingWithDog/samples/00081.png 98
ucf/WalkingWithDog/samples/00082.png 98
ucf/WalkingWithDog/samples/00083.png 98
ucf/WalkingWithDog/samples/00084.png 98
ucf/WalkingWithDog/samples/00085.png 98
ucf/WalkingWithDog/samples/00086.png 98
ucf/WalkingWithDog/samples/00087.png 98
ucf/WalkingWithDog/samples/00088.png 98
ucf/WalkingWithDog/samples/00089.png 98
ucf/WalkingWithDog/samples/00090.png 98
ucf/WalkingWithDog/samples/00091.png 98
ucf/WalkingWithDog/samples/00092.png 98
ucf/WalkingWithDog/samples/00093.png 98
ucf/WalkingWithDog/samples/00094.png 98
ucf/WalkingWithDog/samples/00095.png 98
ucf/WalkingWithDog/samples/00096.png 98
ucf/WalkingWithDog/samples/00097.png 98
ucf/WalkingWithDog/samples/00098.png 98
ucf/WalkingWithDog/samples/00099.png 98
ucf/WalkingWithDog/samples/00100.png 98
ucf/WalkingWithDog/samples/00101.png 98
ucf/WalkingWithDog/samples/00102.png 98
ucf/WalkingWithDog/samples/00103.png 98
ucf/WalkingWithDog/samples/00104.png 98
ucf/WalkingWithDog/samples/00105.png 98
ucf/WalkingWithDog/samples/00106.png 98
ucf/WalkingWithDog/samples/00107.png 98
ucf/WalkingWithDog/samples/00108.png 98
ucf/WalkingWithDog/samples/00109.png 98
ucf/WalkingWithDog/samples/00110.png 98
ucf/WalkingWithDog/samples/00111.png 98
ucf/WalkingWithDog/samples/00112.png 98
ucf/WalkingWithDog/samples/00113.png 98
ucf/WalkingWithDog/samples/00114.png 98
ucf/WalkingWithDog/samples/00115.png 98
ucf/WalkingWithDog/samples/00116.png 98
ucf/WalkingWithDog/samples/00117.png 98
ucf/WalkingWithDog/samples/00118.png 98
ucf/WalkingWithDog/samples/00119.png 98
ucf/WalkingWithDog/samples/00120.png 98
ucf/WalkingWithDog/samples/00121.png 98
ucf/WalkingWithDog/samples/00122.png 98
ucf/WalkingWithDog/samples/00123.png 98
ucf/WalkingWithDog/samples/00124.png 98
ucf/WalkingWithDog/samples/00125.png 98
ucf/WalkingWithDog/samples/00126.png 98
ucf/WalkingWithDog/samples/00127.png 98
ucf/WalkingWithDog/samples/00128.png 98
ucf/WalkingWithDog/samples/00129.png 98
ucf/WalkingWithDog/samples/00130.png 98
ucf/WalkingWithDog/samples/00131.png 98
ucf/WalkingWithDog/samples/00132.png 98
ucf/WalkingWithDog/samples/00133.png 98
ucf/WalkingWithDog/samples/00134.png 98
ucf/WalkingWithDog/samples/00135.png 98
ucf/WalkingWithDog/samples/00136.png 98
ucf/WalkingWithDog/samples/00137.png 98
ucf/WalkingWithDog/samples/00138.png 98
ucf/WalkingWithDog/samples/00139.png 98
ucf/WalkingWithDog/samples/00140.png 98
ucf/WalkingWithDog/samples/00141.png 98
ucf/WalkingWithDog/samples/00142.png 98
ucf/WalkingWithDog/samples/00143.png 98
ucf/WalkingWithDog/samples/00144.png 98
ucf/WalkingWithDog/samples/00145.png 98
ucf/WalkingWithDog/samples/00146.png 98
ucf/WalkingWithDog/samples/00147.png 98
ucf/WalkingWithDog/samples/00148.png 98
ucf/WalkingWithDog/samples/00149.png 98
ucf/WalkingWithDog/samples/00150.png 98
ucf/WalkingWithDog/samples/00151.png 98
ucf/WalkingWithDog/samples/00152.png 98
ucf/WalkingWithDog/samples/00153.png 98
ucf/WalkingWithDog/samples/00154.png 98
ucf/WalkingWithDog/samples/00155.png 98
ucf/WalkingWithDog/samples/00156.png 98
ucf/WalkingWithDog/samples/00157.png 98
ucf/WalkingWithDog/samples/00158.png 98
ucf/WalkingWithDog/samples/00159.png 98
ucf/WalkingWithDog/samples/00160.png 98
ucf/WalkingWithDog/samples/00161.png 98
ucf/WalkingWithDog/samples/00162.png 98
ucf/WalkingWithDog/samples/00163.png 98
ucf/WalkingWithDog/samples/00164.png 98
ucf/WalkingWithDog/samples/00165.png 98
ucf/WalkingWithDog/samples/00166.png 98
ucf/WalkingWithDog/samples/00167.png 98
ucf/WalkingWithDog/samples/00168.png 98
ucf/WalkingWithDog/samples/00169.png 98
ucf/WalkingWithDog/samples/00170.png 98
ucf/WalkingWithDog/samples/00171.png 98
ucf/WalkingWithDog/samples/00172.png 98
ucf/WalkingWithDog/samples/00173.png 98
ucf/WalkingWithDog/samples/00174.png 98
ucf/WalkingWithDog/samples/00175.png 98
ucf/WalkingWithDog/samples/00176.png 98
ucf/WalkingWithDog/samples/00177.png 98
ucf/WalkingWithDog/samples/00178.png 98
ucf/WalkingWithDog/samples/00179.png 98
ucf/WalkingWithDog/samples/00180.png 98
ucf/WalkingWithDog/samples/00181.png 98
ucf/WalkingWithDog/samples/00182.png 98
ucf/WalkingWithDog/samples/00183.png 98
ucf/WalkingWithDog/samples/00184.png 98
ucf/WalkingWithDog/samples/00185.png 98
ucf/WalkingWithDog/samples/00186.png 98
ucf/WalkingWithDog/samples/00187.png 98
ucf/WalkingWithDog/samples/00188.png 98
ucf/WalkingWithDog/samples/00189.png 98
ucf/WalkingWithDog/samples/00190.png 98
ucf/WalkingWithDog/samples/00191.png 98
ucf/WalkingWithDog/samples/00192.png 98
ucf/WalkingWithDog/samples/00193.png 98
ucf/WalkingWithDog/samples/00194.png 98
ucf/WalkingWithDog/samples/00195.png 98
ucf/WalkingWithDog/samples/00196.png 98
ucf/WalkingWithDog/samples/00197.png 98
ucf/WalkingWithDog/samples/00198.png 98
ucf/WalkingWithDog/samples/00199.png 98
ucf/WalkingWithDog/samples/00200.png 98
ucf/WalkingWithDog/samples/00201.png 98
ucf/WalkingWithDog/samples/00202.png 98
ucf/WalkingWithDog/samples/00203.png 98
ucf/WalkingWithDog/samples/00204.png 98
ucf/WalkingWithDog/samples/00205.png 98
ucf/WalkingWithDog/samples/00206.png 98
ucf/WalkingWithDog/samples/00207.png 98
ucf/WalkingWithDog/samples/00208.png 98
ucf/WalkingWithDog/samples/00209.png 98
ucf/WalkingWithDog/samples/00210.png 98
ucf/WalkingWithDog/samples/00211.png 98
ucf/WalkingWithDog/samples/00212.png 98
ucf/WalkingWithDog/samples/00213.png 98
ucf/WalkingWithDog/samples/00214.png 98
ucf/WalkingWithDog/samples/00215.png 98
ucf/WalkingWithDog/samples/00216.png 98
ucf/WalkingWithDog/samples/00217.png 98
ucf/WalkingWithDog/samples/00218.png 98
ucf/WalkingWithDog/samples/00219.png 98
ucf/WalkingWithDog/samples/00220.png 98
ucf/WalkingWithDog/samples/00221.png 98
ucf/WalkingWithDog/samples/00222.png 98
ucf/WalkingWithDog/samples/00223.png 98
ucf/WalkingWithDog/samples/00224.png 98
ucf/WalkingWithDog/samples/00225.png 98
ucf/WalkingWithDog/samples/00226.png 98
ucf/WalkingWithDog/samples/00227.png 98
ucf/WalkingWithDog/samples/00228.png 98
ucf/WalkingWithDog/samples/00229.png 98
ucf/WalkingWithDog/samples/00230.png 98
ucf/WalkingWithDog/samples/00231.png 98
ucf/WalkingWithDog/samples/00232.png 98
ucf/WalkingWithDog/samples/00233.png 98
ucf/WalkingWithDog/samples/00234.png 98
ucf/WalkingWithDog/samples/00235.png 98
ucf/WalkingWithDog/samples/00236.png 98
ucf/WalkingWithDog/samples/00237.png 98
ucf/WalkingWithDog/samples/00238.png 98
ucf/WalkingWithDog/samples/00239.png 98
ucf/WalkingWithDog/samples/00240.png 98
ucf/WalkingWithDog/samples/00241.png 98
ucf/WalkingWithDog/samples/00242.png 98
ucf/WalkingWithDog/samples/00243.png 98
ucf/WalkingWithDog/samples/00244.png 98
ucf/WalkingWithDog/samples/00245.png 98
ucf/WalkingWithDog/samples/00246.png 98
ucf/WalkingWithDog/samples/00247.png 98
ucf/WalkingWithDog/samples/00248.png 98
ucf/WalkingWithDog/samples/00249.png 98
ucf/WalkingWithDog/samples/00250.png 98
ucf/WalkingWithDog/samples/00251.png 98
ucf/WalkingWithDog/samples/00252.png 98
ucf/WalkingWithDog/samples/00253.png 98
ucf/WalkingWithDog/samples/00254.png 98
ucf/WalkingWithDog/samples/00255.png 98
ucf/WalkingWithDog/samples/00256.png 98
ucf/WalkingWithDog/samples/00257.png 98
ucf/WalkingWithDog/samples/00258.png 98
ucf/WalkingWithDog/samples/00259.png 98
ucf/WalkingWithDog/samples/00260.png 98
ucf/WalkingWithDog/samples/00261.png 98
ucf/WalkingWithDog/samples/00262.png 98
ucf/WalkingWithDog/samples/00263.png 98
ucf/WalkingWithDog/samples/00264.png 98
ucf/WalkingWithDog/samples/00265.png 98
ucf/WalkingWithDog/samples/00266.png 98
ucf/WalkingWithDog/samples/00267.png 98
ucf/WalkingWithDog/samples/00268.png 98
ucf/WalkingWithDog/samples/00269.png 98
ucf/WalkingWithDog/samples/00270.png 98
ucf/WalkingWithDog/samples/00271.png 98
ucf/WalkingWithDog/samples/00272.png 98
ucf/WalkingWithDog/samples/00273.png 98
ucf/WalkingWithDog/samples/00274.png 98
ucf/WalkingWithDog/samples/00275.png 98
ucf/WalkingWithDog/samples/00276.png 98
ucf/WalkingWithDog/samples/00277.png 98
ucf/WalkingWithDog/samples/00278.png 98
ucf/WalkingWithDog/samples/00279.png 98
ucf/WalkingWithDog/samples/00280.png 98
ucf/WalkingWithDog/samples/00281.png 98
ucf/WalkingWithDog/samples/00282.png 98
ucf/WalkingWithDog/samples/00283.png 98
ucf/WalkingWithDog/samples/00284.png 98
ucf/WalkingWithDog/samples/00285.png 98
ucf/WalkingWithDog/samples/00286.png 98
ucf/WalkingWithDog/samples/00287.png 98
ucf/WalkingWithDog/samples/00288.png 98
ucf/WalkingWithDog/samples/00289.png 98
ucf/WalkingWithDog/samples/00290.png 98
ucf/WalkingWithDog/samples/00291.png 98
ucf/WalkingWithDog/samples/00292.png 98
ucf/WalkingWithDog/samples/00293.png 98
ucf/WalkingWithDog/samples/00294.png 98
ucf/WalkingWithDog/samples/00295.png 98
ucf/WalkingWithDog/samples/00296.png 98
ucf/WalkingWithDog/samples/00297.png 98
ucf/WalkingWithDog/samples/00298.png 98
ucf/WalkingWithDog/samples/00299.png 98
ucf/WalkingWithDog/samples/00300.png 98
ucf/WalkingWithDog/samples/00301.png 98
ucf/WalkingWithDog/samples/00302.png 98
ucf/WalkingWithDog/samples/00303.png 98
ucf/WalkingWithDog/samples/00304.png 98
ucf/WalkingWithDog/samples/00305.png 98
ucf/WalkingWithDog/samples/00306.png 98
ucf/WalkingWithDog/samples/00307.png 98
ucf/WalkingWithDog/samples/00308.png 98
ucf/WalkingWithDog/samples/00309.png 98
ucf/WalkingWithDog/samples/00310.png 98
ucf/WalkingWithDog/samples/00311.png 98
ucf/WalkingWithDog/samples/00312.png 98
ucf/WalkingWithDog/samples/00313.png 98
ucf/WalkingWithDog/samples/00314.png 98
ucf/WalkingWithDog/samples/00315.png 98
ucf/WalkingWithDog/samples/00316.png 98
ucf/WalkingWithDog/samples/00317.png 98
ucf/WalkingWithDog/samples/00318.png 98
ucf/WalkingWithDog/samples/00319.png 98
ucf/WalkingWithDog/samples/00320.png 98
ucf/WalkingWithDog/samples/00321.png 98
ucf/WalkingWithDog/samples/00322.png 98
ucf/WalkingWithDog/samples/00323.png 98
ucf/WalkingWithDog/samples/00324.png 98
ucf/WalkingWithDog/samples/00325.png 98
ucf/WalkingWithDog/samples/00326.png 98
ucf/WalkingWithDog/samples/00327.png 98
ucf/WalkingWithDog/samples/00328.png 98
ucf/WalkingWithDog/samples/00329.png 98
ucf/WalkingWithDog/samples/00330.png 98
ucf/WalkingWithDog/samples/00331.png 98
ucf/WalkingWithDog/samples/00332.png 98
ucf/WalkingWithDog/samples/00333.png 98
ucf/WalkingWithDog/samples/00334.png 98
ucf/WalkingWithDog/samples/00335.png 98
ucf/WalkingWithDog/samples/00336.png 98
ucf/WalkingWithDog/samples/00337.png 98
ucf/WalkingWithDog/samples/00338.png 98
ucf/WalkingWithDog/samples/00339.png 98
ucf/WalkingWithDog/samples/00340.png 98
ucf/WalkingWithDog/samples/00341.png 98
ucf/WalkingWithDog/samples/00342.png 98
ucf/WalkingWithDog/samples/00343.png 98
ucf/WalkingWithDog/samples/00344.png 98
ucf/WalkingWithDog/samples/00345.png 98
ucf/WalkingWithDog/samples/00346.png 98
ucf/WalkingWithDog/samples/00347.png 98
ucf/WalkingWithDog/samples/00348.png 98
ucf/WalkingWithDog/samples/00349.png 98
ucf/WalkingWithDog/samples/00350.png 98
ucf/WalkingWithDog/samples/00351.png 98
ucf/WalkingWithDog/samples/00352.png 98
ucf/WalkingWithDog/samples/00353.png 98
ucf/WalkingWithDog/samples/00354.png 98
ucf/WalkingWithDog/samples/00355.png 98
ucf/WalkingWithDog/samples/00356.png 98
ucf/WalkingWithDog/samples/00357.png 98
ucf/WalkingWithDog/samples/00358.png 98
ucf/WalkingWithDog/samples/00359.png 98
ucf/WalkingWithDog/samples/00360.png 98
ucf/WalkingWithDog/samples/00361.png 98
ucf/WalkingWithDog/samples/00362.png 98
ucf/WalkingWithDog/samples/00363.png 98
ucf/WalkingWithDog/samples/00364.png 98
ucf/WalkingWithDog/samples/00365.png 98
ucf/WalkingWithDog/samples/00366.png 98
ucf/WalkingWithDog/samples/00367.png 98
ucf/WalkingWithDog/samples/00368.png 98
ucf/WalkingWithDog/samples/00369.png 98
ucf/WalkingWithDog/samples/00370.png 98
ucf/WalkingWithDog/samples/00371.png 98
ucf/WalkingWithDog/samples/00372.png 98
ucf/WalkingWithDog/samples/00373.png 98
ucf/WalkingWithDog/samples/00374.png 98
ucf/WalkingWithDog/samples/00375.png 98
ucf/WalkingWithDog/samples/00376.png 98
ucf/WalkingWithDog/samples/00377.png 98
ucf/WalkingWithDog/samples/00378.png 98
ucf/WalkingWithDog/samples/00379.png 98
ucf/WalkingWithDog/samples/00380.png 98
ucf/WalkingWithDog/samples/00381.png 98
ucf/WalkingWithDog/samples/00382.png 98
ucf/WalkingWithDog/samples/00383.png 98
ucf/WalkingWithDog/samples/00384.png 98
ucf/WalkingWithDog/samples/00385.png 98
ucf/WalkingWithDog/samples/00386.png 98
ucf/WalkingWithDog/samples/00387.png 98
ucf/WalkingWithDog/samples/00388.png 98
ucf/WalkingWithDog/samples/00389.png 98
ucf/WalkingWithDog/samples/00390.png 98
ucf/WalkingWithDog/samples/00391.png 98
ucf/WalkingWithDog/samples/00392.png 98
ucf/WalkingWithDog/samples/00393.png 98
ucf/WalkingWithDog/samples/00394.png 98
ucf/WalkingWithDog/samples/00395.png 98
ucf/WalkingWithDog/samples/00396.png 98
ucf/WalkingWithDog/samples/00397.png 98
ucf/WalkingWithDog/samples/00398.png 98
ucf/WalkingWithDog/samples/00399.png 98
ucf/WalkingWithDog/samples/00400.png 98
ucf/WalkingWithDog/samples/00401.png 98
ucf/WalkingWithDog/samples/00402.png 98
ucf/WalkingWithDog/samples/00403.png 98
ucf/WalkingWithDog/samples/00404.png 98
ucf/WalkingWithDog/samples/00405.png 98
ucf/WalkingWithDog/samples/00406.png 98
ucf/WalkingWithDog/samples/00407.png 98
ucf/WalkingWithDog/samples/00408.png 98
ucf/WalkingWithDog/samples/00409.png 98
ucf/WalkingWithDog/samples/00410.png 98
ucf/WalkingWithDog/samples/00411.png 98
ucf/WalkingWithDog/samples/00412.png 98
ucf/WalkingWithDog/samples/00413.png 98
ucf/WalkingWithDog/samples/00414.png 98
ucf/WalkingWithDog/samples/00415.png 98
ucf/WalkingWithDog/samples/00416.png 98
ucf/WalkingWithDog/samples/00417.png 98
ucf/WalkingWithDog/samples/00418.png 98
ucf/WalkingWithDog/samples/00419.png 98
ucf/WalkingWithDog/samples/00420.png 98
ucf/WalkingWithDog/samples/00421.png 98
ucf/WalkingWithDog/samples/00422.png 98
ucf/WalkingWithDog/samples/00423.png 98
ucf/WalkingWithDog/samples/00424.png 98
ucf/WalkingWithDog/samples/00425.png 98
ucf/WalkingWithDog/samples/00426.png 98
ucf/WalkingWithDog/samples/00427.png 98
ucf/WalkingWithDog/samples/00428.png 98
ucf/WalkingWithDog/samples/00429.png 98
ucf/WalkingWithDog/samples/00430.png 98
ucf/WalkingWithDog/samples/00431.png 98
ucf/WalkingWithDog/samples/00432.png 98
ucf/WalkingWithDog/samples/00433.png 98
ucf/WalkingWithDog/samples/00434.png 98
ucf/WalkingWithDog/samples/00435.png 98
ucf/WalkingWithDog/samples/00436.png 98
ucf/WalkingWithDog/samples/00437.png 98
ucf/WalkingWithDog/samples/00438.png 98
ucf/WalkingWithDog/samples/00439.png 98
ucf/WalkingWithDog/samples/00440.png 98
ucf/WalkingWithDog/samples/00441.png 98
ucf/WalkingWithDog/samples/00442.png 98
ucf/WalkingWithDog/samples/00443.png 98
ucf/WalkingWithDog/samples/00444.png 98
ucf/WalkingWithDog/samples/00445.png 98
ucf/WalkingWithDog/samples/00446.png 98
ucf/WalkingWithDog/samples/00447.png 98
ucf/WalkingWithDog/samples/00448.png 98
ucf/WalkingWithDog/samples/00449.png 98
ucf/WalkingWithDog/samples/00450.png 98
ucf/WalkingWithDog/samples/00451.png 98
ucf/WalkingWithDog/samples/00452.png 98
ucf/WalkingWithDog/samples/00453.png 98
ucf/WalkingWithDog/samples/00454.png 98
ucf/WalkingWithDog/samples/00455.png 98
ucf/WalkingWithDog/samples/00456.png 98
ucf/WalkingWithDog/samples/00457.png 98
ucf/WalkingWithDog/samples/00458.png 98
ucf/WalkingWithDog/samples/00459.png 98
ucf/WalkingWithDog/samples/00460.png 98
ucf/WalkingWithDog/samples/00461.png 98
ucf/WalkingWithDog/samples/00462.png 98
ucf/WalkingWithDog/samples/00463.png 98
ucf/WalkingWithDog/samples/00464.png 98
ucf/WalkingWithDog/samples/00465.png 98
ucf/WalkingWithDog/samples/00466.png 98
ucf/WalkingWithDog/samples/00467.png 98
ucf/WalkingWithDog/samples/00468.png 98
ucf/WalkingWithDog/samples/00469.png 98
ucf/WalkingWithDog/samples/00470.png 98
ucf/WalkingWithDog/samples/00471.png 98
ucf/WalkingWithDog/samples/00472.png 98
ucf/WalkingWithDog/samples/00473.png 98
ucf/WalkingWithDog/samples/00474.png 98
ucf/WalkingWithDog/samples/00475.png 98
ucf/WalkingWithDog/samples/00476.png 98
ucf/WalkingWithDog/samples/00477.png 98
ucf/WalkingWithDog/samples/00478.png 98
ucf/WalkingWithDog/samples/00479.png 98
ucf/WalkingWithDog/samples/00480.png 98
ucf/WalkingWithDog/samples/00481.png 98
ucf/WalkingWithDog/samples/00482.png 98
ucf/WalkingWithDog/samples/00483.png 98
ucf/WalkingWithDog/samples/00484.png 98
ucf/WalkingWithDog/samples/00485.png 98
ucf/WalkingWithDog/samples/00486.png 98
ucf/WalkingWithDog/samples/00487.png 98
ucf/WalkingWithDog/samples/00488.png 98
ucf/WalkingWithDog/samples/00489.png 98
ucf/WalkingWithDog/samples/00490.png 98
ucf/WalkingWithDog/samples/00491.png 98
ucf/WalkingWithDog/samples/00492.png 98
ucf/WalkingWithDog/samples/00493.png 98
ucf/WalkingWithDog/samples/00494.png 98
ucf/WalkingWithDog/samples/00495.png 98
ucf/WalkingWithDog/samples/00496.png 98
ucf/WalkingWithDog/samples/00497.png 98
ucf/WalkingWithDog/samples/00498.png 98
ucf/WalkingWithDog/samples/00499.png 98
ucf/WalkingWithDog/samples/00500.png 98
ucf/WalkingWithDog/samples/00501.png 98
ucf/WalkingWithDog/samples/00502.png 98
ucf/WalkingWithDog/samples/00503.png 98
ucf/WalkingWithDog/samples/00504.png 98
ucf/WalkingWithDog/samples/00505.png 98
ucf/WalkingWithDog/samples/00506.png 98
ucf/WalkingWithDog/samples/00507.png 98
ucf/WalkingWithDog/samples/00508.png 98
ucf/WalkingWithDog/samples/00509.png 98
ucf/WalkingWithDog/samples/00510.png 98
ucf/WalkingWithDog/samples/00511.png 98
ucf/WalkingWithDog/samples/00512.png 98
ucf/WalkingWithDog/samples/00513.png 98
ucf/WalkingWithDog/samples/00514.png 98
ucf/WalkingWithDog/samples/00515.png 98
ucf/WalkingWithDog/samples/00516.png 98
ucf/WalkingWithDog/samples/00517.png 98
ucf/WalkingWithDog/samples/00518.png 98
ucf/WalkingWithDog/samples/00519.png 98
ucf/WalkingWithDog/samples/00520.png 98
ucf/WalkingWithDog/samples/00521.png 98
ucf/WalkingWithDog/samples/00522.png 98
ucf/WalkingWithDog/samples/00523.png 98
ucf/WalkingWithDog/samples/00524.png 98
ucf/WalkingWithDog/samples/00525.png 98
ucf/WalkingWithDog/samples/00526.png 98
ucf/WalkingWithDog/samples/00527.png 98
ucf/WalkingWithDog/samples/00528.png 98
ucf/WalkingWithDog/samples/00529.png 98
ucf/WalkingWithDog/samples/00530.png 98
ucf/WalkingWithDog/samples/00531.png 98
ucf/WalkingWithDog/samples/00532.png 98
ucf/WalkingWithDog/samples/00533.png 98
ucf/WalkingWithDog/samples/00534.png 98
ucf/WalkingWithDog/samples/00535.png 98
ucf/WalkingWithDog/samples/00536.png 98
ucf/WalkingWithDog/samples/00537.png 98
ucf/WalkingWithDog/samples/00538.png 98
ucf/WalkingWithDog/samples/00539.png 98
ucf/WalkingWithDog/samples/00540.png 98
ucf/WalkingWithDog/samples/00541.png 98
ucf/WalkingWithDog/samples/00542.png 98
ucf/WalkingWithDog/samples/00543.png 98
ucf/WalkingWithDog/samples/00544.png 98
ucf/WalkingWithDog/samples/00545.png 98
ucf/WalkingWithDog/samples/00546.png 98
ucf/WalkingWithDog/samples/00547.png 98
ucf/WalkingWithDog/samples/00548.png 98
ucf/WalkingWithDog/samples/00549.png 98
ucf/WalkingWithDog/samples/00550.png 98
ucf/WalkingWithDog/samples/00551.png 98
ucf/WalkingWithDog/samples/00552.png 98
ucf/WalkingWithDog/samples/00553.png 98
ucf/WalkingWithDog/samples/00554.png 98
ucf/WalkingWithDog/samples/00555.png 98
ucf/WalkingWithDog/samples/00556.png 98
ucf/WalkingWithDog/samples/00557.png 98
ucf/WalkingWithDog/samples/00558.png 98
ucf/WalkingWithDog/samples/00559.png 98
ucf/WalkingWithDog/samples/00560.png 98
ucf/WalkingWithDog/samples/00561.png 98
ucf/WalkingWithDog/samples/00562.png 98
ucf/WalkingWithDog/samples/00563.png 98
ucf/WalkingWithDog/samples/00564.png 98
ucf/WalkingWithDog/samples/00565.png 98
ucf/WalkingWithDog/samples/00566.png 98
ucf/WalkingWithDog/samples/00567.png 98
ucf/WalkingWithDog/samples/00568.png 98
ucf/WalkingWithDog/samples/00569.png 98
ucf/WalkingWithDog/samples/00570.png 98
ucf/WalkingWithDog/samples/00571.png 98
ucf/WalkingWithDog/samples/00572.png 98
ucf/WalkingWithDog/samples/00573.png 98
ucf/WalkingWithDog/samples/00574.png 98
ucf/WalkingWithDog/samples/00575.png 98
ucf/WalkingWithDog/samples/00576.png 98
ucf/WalkingWithDog/samples/00577.png 98
ucf/WalkingWithDog/samples/00578.png 98
ucf/WalkingWithDog/samples/00579.png 98
ucf/WalkingWithDog/samples/00580.png 98
ucf/WalkingWithDog/samples/00581.png 98
ucf/WalkingWithDog/samples/00582.png 98
ucf/WalkingWithDog/samples/00583.png 98
ucf/WalkingWithDog/samples/00584.png 98
ucf/WalkingWithDog/samples/00585.png 98
ucf/WalkingWithDog/samples/00586.png 98
ucf/WalkingWithDog/samples/00587.png 98
ucf/WalkingWithDog/samples/00588.png 98
ucf/WalkingWithDog/samples/00589.png 98
ucf/WalkingWithDog/samples/00590.png 98
ucf/WalkingWithDog/samples/00591.png 98
ucf/WalkingWithDog/samples/00592.png 98
ucf/WalkingWithDog/samples/00593.png 98
ucf/WalkingWithDog/samples/00594.png 98
ucf/WalkingWithDog/samples/00595.png 98
ucf/WalkingWithDog/samples/00596.png 98
ucf/WalkingWithDog/samples/00597.png 98
ucf/WalkingWithDog/samples/00598.png 98
ucf/WalkingWithDog/samples/00599.png 98
ucf/WalkingWithDog/samples/00600.png 98
ucf/WalkingWithDog/samples/00601.png 98
ucf/WalkingWithDog/samples/00602.png 98
ucf/WalkingWithDog/samples/00603.png 98
ucf/WalkingWithDog/samples/00604.png 98
ucf/WalkingWithDog/samples/00605.png 98
ucf/WalkingWithDog/samples/00606.png 98
ucf/WalkingWithDog/samples/00607.png 98
ucf/WalkingWithDog/samples/00608.png 98
ucf/WalkingWithDog/samples/00609.png 98
ucf/WalkingWithDog/samples/00610.png 98
ucf/WalkingWithDog/samples/00611.png 98
ucf/WalkingWithDog/samples/00612.png 98
ucf/WalkingWithDog/samples/00613.png 98
ucf/WalkingWithDog/samples/00614.png 98
ucf/WalkingWithDog/samples/00615.png 98
ucf/WalkingWithDog/samples/00616.png 98
ucf/WalkingWithDog/samples/00617.png 98
ucf/WalkingWithDog/samples/00618.png 98
ucf/WalkingWithDog/samples/00619.png 98
ucf/WalkingWithDog/samples/00620.png 98
ucf/WalkingWithDog/samples/00621.png 98
ucf/WalkingWithDog/samples/00622.png 98
ucf/WalkingWithDog/samples/00623.png 98
ucf/WalkingWithDog/samples/00624.png 98
ucf/WalkingWithDog/samples/00625.png 98
ucf/WalkingWithDog/samples/00626.png 98
ucf/WalkingWithDog/samples/00627.png 98
ucf/WalkingWithDog/samples/00628.png 98
ucf/WalkingWithDog/samples/00629.png 98
ucf/WalkingWithDog/samples/00630.png 98
ucf/WalkingWithDog/samples/00631.png 98
ucf/WalkingWithDog/samples/00632.png 98
ucf/WalkingWithDog/samples/00633.png 98
ucf/WalkingWithDog/samples/00634.png 98
ucf/WalkingWithDog/samples/00635.png 98
ucf/WalkingWithDog/samples/00636.png 98
ucf/WalkingWithDog/samples/00637.png 98
ucf/WalkingWithDog/samples/00638.png 98
ucf/WalkingWithDog/samples/00639.png 98
ucf/WalkingWithDog/samples/00640.png 98
ucf/WalkingWithDog/samples/00641.png 98
ucf/WalkingWithDog/samples/00642.png 98
ucf/WalkingWithDog/samples/00643.png 98
ucf/WalkingWithDog/samples/00644.png 98
ucf/WalkingWithDog/samples/00645.png 98
ucf/WalkingWithDog/samples/00646.png 98
ucf/WalkingWithDog/samples/00647.png 98
ucf/WalkingWithDog/samples/00648.png 98
ucf/WalkingWithDog/samples/00649.png 98
ucf/WalkingWithDog/samples/00650.png 98
ucf/WalkingWithDog/samples/00651.png 98
ucf/WalkingWithDog/samples/00652.png 98
ucf/WalkingWithDog/samples/00653.png 98
ucf/WalkingWithDog/samples/00654.png 98
ucf/WalkingWithDog/samples/00655.png 98
ucf/WalkingWithDog/samples/00656.png 98
ucf/WalkingWithDog/samples/00657.png 98
ucf/WalkingWithDog/samples/00658.png 98
ucf/WalkingWithDog/samples/00659.png 98
ucf/WalkingWithDog/samples/00660.png 98
ucf/WalkingWithDog/samples/00661.png 98
ucf/WalkingWithDog/samples/00662.png 98
ucf/WalkingWithDog/samples/00663.png 98
ucf/WalkingWithDog/samples/00664.png 98
ucf/WalkingWithDog/samples/00665.png 98
ucf/WalkingWithDog/samples/00666.png 98
ucf/WalkingWithDog/samples/00667.png 98
ucf/WalkingWithDog/samples/00668.png 98
ucf/WalkingWithDog/samples/00669.png 98
ucf/WalkingWithDog/samples/00670.png 98
ucf/WalkingWithDog/samples/00671.png 98
ucf/WalkingWithDog/samples/00672.png 98
ucf/WalkingWithDog/samples/00673.png 98
ucf/WalkingWithDog/samples/00674.png 98
ucf/WalkingWithDog/samples/00675.png 98
ucf/WalkingWithDog/samples/00676.png 98
ucf/WalkingWithDog/samples/00677.png 98
ucf/WalkingWithDog/samples/00678.png 98
ucf/WalkingWithDog/samples/00679.png 98
ucf/WalkingWithDog/samples/00680.png 98
ucf/WalkingWithDog/samples/00681.png 98
ucf/WalkingWithDog/samples/00682.png 98
ucf/WalkingWithDog/samples/00683.png 98
ucf/WalkingWithDog/samples/00684.png 98
ucf/WalkingWithDog/samples/00685.png 98
ucf/WalkingWithDog/samples/00686.png 98
ucf/WalkingWithDog/samples/00687.png 98
ucf/WalkingWithDog/samples/00688.png 98
ucf/WalkingWithDog/samples/00689.png 98
ucf/WalkingWithDog/samples/00690.png 98
ucf/WalkingWithDog/samples/00691.png 98
ucf/WalkingWithDog/samples/00692.png 98
ucf/WalkingWithDog/samples/00693.png 98
ucf/WalkingWithDog/samples/00694.png 98
ucf/WalkingWithDog/samples/00695.png 98
ucf/WalkingWithDog/samples/00696.png 98
ucf/WalkingWithDog/samples/00697.png 98
ucf/WalkingWithDog/samples/00698.png 98
ucf/WalkingWithDog/samples/00699.png 98
ucf/WalkingWithDog/samples/00700.png 98
ucf/WalkingWithDog/samples/00701.png 98
ucf/WalkingWithDog/samples/00702.png 98
ucf/WalkingWithDog/samples/00703.png 98
ucf/WalkingWithDog/samples/00704.png 98
ucf/WalkingWithDog/samples/00705.png 98
ucf/WalkingWithDog/samples/00706.png 98
ucf/WalkingWithDog/samples/00707.png 98
ucf/WalkingWithDog/samples/00708.png 98
ucf/WalkingWithDog/samples/00709.png 98
ucf/WalkingWithDog/samples/00710.png 98
ucf/WalkingWithDog/samples/00711.png 98
ucf/WalkingWithDog/samples/00712.png 98
ucf/WalkingWithDog/samples/00713.png 98
ucf/WalkingWithDog/samples/00714.png 98
ucf/WalkingWithDog/samples/00715.png 98
ucf/WalkingWithDog/samples/00716.png 98
ucf/WalkingWithDog/samples/00717.png 98
ucf/WalkingWithDog/samples/00718.png 98
ucf/WalkingWithDog/samples/00719.png 98
ucf/WalkingWithDog/samples/00720.png 98
ucf/WalkingWithDog/samples/00721.png 98
ucf/WalkingWithDog/samples/00722.png 98
ucf/WalkingWithDog/samples/00723.png 98
ucf/WalkingWithDog/samples/00724.png 98
ucf/WalkingWithDog/samples/00725.png 98
ucf/WalkingWithDog/samples/00726.png 98
ucf/WalkingWithDog/samples/00727.png 98
ucf/WalkingWithDog/samples/00728.png 98
ucf/WalkingWithDog/samples/00729.png 98
ucf/WalkingWithDog/samples/00730.png 98
ucf/WalkingWithDog/samples/00731.png 98
ucf/WalkingWithDog/samples/00732.png 98
ucf/WalkingWithDog/samples/00733.png 98
ucf/WalkingWithDog/samples/00734.png 98
ucf/WalkingWithDog/samples/00735.png 98
ucf/WalkingWithDog/samples/00736.png 98
ucf/WalkingWithDog/samples/00737.png 98
ucf/WalkingWithDog/samples/00738.png 98
ucf/WalkingWithDog/samples/00739.png 98
ucf/WalkingWithDog/samples/00740.png 98
ucf/WalkingWithDog/samples/00741.png 98
ucf/WalkingWithDog/samples/00742.png 98
ucf/WalkingWithDog/samples/00743.png 98
ucf/WalkingWithDog/samples/00744.png 98
ucf/WalkingWithDog/samples/00745.png 98
ucf/WalkingWithDog/samples/00746.png 98
ucf/WalkingWithDog/samples/00747.png 98
ucf/WalkingWithDog/samples/00748.png 98
ucf/WalkingWithDog/samples/00749.png 98
ucf/WalkingWithDog/samples/00750.png 98
ucf/WalkingWithDog/samples/00751.png 98
ucf/WalkingWithDog/samples/00752.png 98
ucf/WalkingWithDog/samples/00753.png 98
ucf/WalkingWithDog/samples/00754.png 98
ucf/WalkingWithDog/samples/00755.png 98
ucf/WalkingWithDog/samples/00756.png 98
ucf/WalkingWithDog/samples/00757.png 98
ucf/WalkingWithDog/samples/00758.png 98
ucf/WalkingWithDog/samples/00759.png 98
ucf/WalkingWithDog/samples/00760.png 98
ucf/WalkingWithDog/samples/00761.png 98
ucf/WalkingWithDog/samples/00762.png 98
ucf/WalkingWithDog/samples/00763.png 98
ucf/WalkingWithDog/samples/00764.png 98
ucf/WalkingWithDog/samples/00765.png 98
ucf/WalkingWithDog/samples/00766.png 98
ucf/WalkingWithDog/samples/00767.png 98
ucf/WalkingWithDog/samples/00768.png 98
ucf/WalkingWithDog/samples/00769.png 98
ucf/WalkingWithDog/samples/00770.png 98
ucf/WalkingWithDog/samples/00771.png 98
ucf/WalkingWithDog/samples/00772.png 98
ucf/WalkingWithDog/samples/00773.png 98
ucf/WalkingWithDog/samples/00774.png 98
ucf/WalkingWithDog/samples/00775.png 98
ucf/WalkingWithDog/samples/00776.png 98
ucf/WalkingWithDog/samples/00777.png 98
ucf/WalkingWithDog/samples/00778.png 98
ucf/WalkingWithDog/samples/00779.png 98
ucf/WalkingWithDog/samples/00780.png 98
ucf/WalkingWithDog/samples/00781.png 98
ucf/WalkingWithDog/samples/00782.png 98
ucf/WalkingWithDog/samples/00783.png 98
ucf/WalkingWithDog/samples/00784.png 98
ucf/WalkingWithDog/samples/00785.png 98
ucf/WalkingWithDog/samples/00786.png 98
ucf/WalkingWithDog/samples/00787.png 98
ucf/WalkingWithDog/samples/00788.png 98
ucf/WalkingWithDog/samples/00789.png 98
ucf/WalkingWithDog/samples/00790.png 98
ucf/WalkingWithDog/samples/00791.png 98
ucf/WalkingWithDog/samples/00792.png 98
ucf/WalkingWithDog/samples/00793.png 98
ucf/WalkingWithDog/samples/00794.png 98
ucf/WalkingWithDog/samples/00795.png 98
ucf/WalkingWithDog/samples/00796.png 98
ucf/WalkingWithDog/samples/00797.png 98
ucf/WalkingWithDog/samples/00798.png 98
ucf/WalkingWithDog/samples/00799.png 98
ucf/WalkingWithDog/samples/00800.png 98
ucf/WalkingWithDog/samples/00801.png 98
ucf/WalkingWithDog/samples/00802.png 98
ucf/WalkingWithDog/samples/00803.png 98
ucf/WalkingWithDog/samples/00804.png 98
ucf/WalkingWithDog/samples/00805.png 98
ucf/WalkingWithDog/samples/00806.png 98
ucf/WalkingWithDog/samples/00807.png 98
ucf/WalkingWithDog/samples/00808.png 98
ucf/WalkingWithDog/samples/00809.png 98
ucf/WalkingWithDog/samples/00810.png 98
ucf/WalkingWithDog/samples/00811.png 98
ucf/WalkingWithDog/samples/00812.png 98
ucf/WalkingWithDog/samples/00813.png 98
ucf/WalkingWithDog/samples/00814.png 98
ucf/WalkingWithDog/samples/00815.png 98
ucf/WalkingWithDog/samples/00816.png 98
ucf/WalkingWithDog/samples/00817.png 98
ucf/WalkingWithDog/samples/00818.png 98
ucf/WalkingWithDog/samples/00819.png 98
ucf/WalkingWithDog/samples/00820.png 98
ucf/WalkingWithDog/samples/00821.png 98
ucf/WalkingWithDog/samples/00822.png 98
ucf/WalkingWithDog/samples/00823.png 98
ucf/WalkingWithDog/samples/00824.png 98
ucf/WalkingWithDog/samples/00825.png 98
ucf/WalkingWithDog/samples/00826.png 98
ucf/WalkingWithDog/samples/00827.png 98
ucf/WalkingWithDog/samples/00828.png 98
ucf/WalkingWithDog/samples/00829.png 98
ucf/WalkingWithDog/samples/00830.png 98
ucf/WalkingWithDog/samples/00831.png 98
ucf/WalkingWithDog/samples/00832.png 98
ucf/WalkingWithDog/samples/00833.png 98
ucf/WalkingWithDog/samples/00834.png 98
ucf/WalkingWithDog/samples/00835.png 98
ucf/WalkingWithDog/samples/00836.png 98
ucf/WalkingWithDog/samples/00837.png 98
ucf/WalkingWithDog/samples/00838.png 98
ucf/WalkingWithDog/samples/00839.png 98
ucf/WalkingWithDog/samples/00840.png 98
ucf/WalkingWithDog/samples/00841.png 98
ucf/WalkingWithDog/samples/00842.png 98
ucf/WalkingWithDog/samples/00843.png 98
ucf/WalkingWithDog/samples/00844.png 98
ucf/WalkingWithDog/samples/00845.png 98
ucf/WalkingWithDog/samples/00846.png 98
ucf/WalkingWithDog/samples/00847.png 98
ucf/WalkingWithDog/samples/00848.png 98
ucf/WalkingWithDog/samples/00849.png 98
ucf/WalkingWithDog/samples/00850.png 98
ucf/WalkingWithDog/samples/00851.png 98
ucf/WalkingWithDog/samples/00852.png 98
ucf/WalkingWithDog/samples/00853.png 98
ucf/WalkingWithDog/samples/00854.png 98
ucf/WalkingWithDog/samples/00855.png 98
ucf/WalkingWithDog/samples/00856.png 98
ucf/WalkingWithDog/samples/00857.png 98
ucf/WalkingWithDog/samples/00858.png 98
ucf/WalkingWithDog/samples/00859.png 98
ucf/WalkingWithDog/samples/00860.png 98
ucf/WalkingWithDog/samples/00861.png 98
ucf/WalkingWithDog/samples/00862.png 98
ucf/WalkingWithDog/samples/00863.png 98
ucf/WalkingWithDog/samples/00864.png 98
ucf/WalkingWithDog/samples/00865.png 98
ucf/WalkingWithDog/samples/00866.png 98
ucf/WalkingWithDog/samples/00867.png 98
ucf/WalkingWithDog/samples/00868.png 98
ucf/WalkingWithDog/samples/00869.png 98
ucf/WalkingWithDog/samples/00870.png 98
ucf/WalkingWithDog/samples/00871.png 98
ucf/WalkingWithDog/samples/00872.png 98
ucf/WalkingWithDog/samples/00873.png 98
ucf/WalkingWithDog/samples/00874.png 98
ucf/WalkingWithDog/samples/00875.png 98
ucf/WalkingWithDog/samples/00876.png 98
ucf/WalkingWithDog/samples/00877.png 98
ucf/WalkingWithDog/samples/00878.png 98
ucf/WalkingWithDog/samples/00879.png 98
ucf/WalkingWithDog/samples/00880.png 98
ucf/WalkingWithDog/samples/00881.png 98
ucf/WalkingWithDog/samples/00882.png 98
ucf/WalkingWithDog/samples/00883.png 98
ucf/WalkingWithDog/samples/00884.png 98
ucf/WalkingWithDog/samples/00885.png 98
ucf/WalkingWithDog/samples/00886.png 98
ucf/WalkingWithDog/samples/00887.png 98
ucf/WalkingWithDog/samples/00888.png 98
ucf/WalkingWithDog/samples/00889.png 98
ucf/WalkingWithDog/samples/00890.png 98
ucf/WalkingWithDog/samples/00891.png 98
ucf/WalkingWithDog/samples/00892.png 98
ucf/WalkingWithDog/samples/00893.png 98
ucf/WalkingWithDog/samples/00894.png 98
ucf/WalkingWithDog/samples/00895.png 98
ucf/WalkingWithDog/samples/00896.png 98
ucf/WalkingWithDog/samples/00897.png 98
ucf/WalkingWithDog/samples/00898.png 98
ucf/WalkingWithDog/samples/00899.png 98
ucf/WalkingWithDog/samples/00900.png 98
ucf/WalkingWithDog/samples/00901.png 98
ucf/WalkingWithDog/samples/00902.png 98
ucf/WalkingWithDog/samples/00903.png 98
ucf/WalkingWithDog/samples/00904.png 98
ucf/WalkingWithDog/samples/00905.png 98
ucf/WalkingWithDog/samples/00906.png 98
ucf/WalkingWithDog/samples/00907.png 98
ucf/WalkingWithDog/samples/00908.png 98
ucf/WalkingWithDog/samples/00909.png 98
ucf/WalkingWithDog/samples/00910.png 98
ucf/WalkingWithDog/samples/00911.png 98
ucf/WalkingWithDog/samples/00912.png 98
ucf/WalkingWithDog/samples/00913.png 98
ucf/WalkingWithDog/samples/00914.png 98
ucf/WalkingWithDog/samples/00915.png 98
ucf/WalkingWithDog/samples/00916.png 98
ucf/WalkingWithDog/samples/00917.png 98
ucf/WalkingWithDog/samples/00918.png 98
ucf/WalkingWithDog/samples/00919.png 98
ucf/WalkingWithDog/samples/00920.png 98
ucf/WalkingWithDog/samples/00921.png 98
ucf/WalkingWithDog/samples/00922.png 98
ucf/WalkingWithDog/samples/00923.png 98
ucf/WalkingWithDog/samples/00924.png 98
ucf/WalkingWithDog/samples/00925.png 98
ucf/WalkingWithDog/samples/00926.png 98
ucf/WalkingWithDog/samples/00927.png 98
ucf/WalkingWithDog/samples/00928.png 98
ucf/WalkingWithDog/samples/00929.png 98
ucf/WalkingWithDog/samples/00930.png 98
ucf/WalkingWithDog/samples/00931.png 98
ucf/WalkingWithDog/samples/00932.png 98
ucf/WalkingWithDog/samples/00933.png 98
ucf/WalkingWithDog/samples/00934.png 98
ucf/WalkingWithDog/samples/00935.png 98
ucf/WalkingWithDog/samples/00936.png 98
ucf/WalkingWithDog/samples/00937.png 98
ucf/WalkingWithDog/samples/00938.png 98
ucf/WalkingWithDog/samples/00939.png 98
ucf/WalkingWithDog/samples/00940.png 98
ucf/WalkingWithDog/samples/00941.png 98
ucf/WalkingWithDog/samples/00942.png 98
ucf/WalkingWithDog/samples/00943.png 98
ucf/WalkingWithDog/samples/00944.png 98
ucf/WalkingWithDog/samples/00945.png 98
ucf/WalkingWithDog/samples/00946.png 98
ucf/WalkingWithDog/samples/00947.png 98
ucf/WalkingWithDog/samples/00948.png 98
ucf/WalkingWithDog/samples/00949.png 98
ucf/WalkingWithDog/samples/00950.png 98
ucf/WalkingWithDog/samples/00951.png 98
ucf/WalkingWithDog/samples/00952.png 98
ucf/WalkingWithDog/samples/00953.png 98
ucf/WalkingWithDog/samples/00954.png 98
ucf/WalkingWithDog/samples/00955.png 98
ucf/WalkingWithDog/samples/00956.png 98
ucf/WalkingWithDog/samples/00957.png 98
ucf/WalkingWithDog/samples/00958.png 98
ucf/WalkingWithDog/samples/00959.png 98
ucf/WalkingWithDog/samples/00960.png 98
ucf/WalkingWithDog/samples/00961.png 98
ucf/WalkingWithDog/samples/00962.png 98
ucf/WalkingWithDog/samples/00963.png 98
ucf/WalkingWithDog/samples/00964.png 98
ucf/WalkingWithDog/samples/00965.png 98
ucf/WalkingWithDog/samples/00966.png 98
ucf/WalkingWithDog/samples/00967.png 98
ucf/WalkingWithDog/samples/00968.png 98
ucf/WalkingWithDog/samples/00969.png 98
ucf/WalkingWithDog/samples/00970.png 98
ucf/WalkingWithDog/samples/00971.png 98
ucf/WalkingWithDog/samples/00972.png 98
ucf/WalkingWithDog/samples/00973.png 98
ucf/WalkingWithDog/samples/00974.png 98
ucf/WalkingWithDog/samples/00975.png 98
ucf/WalkingWithDog/samples/00976.png 98
ucf/WalkingWithDog/samples/00977.png 98
ucf/WalkingWithDog/samples/00978.png 98
ucf/WalkingWithDog/samples/00979.png 98
ucf/WalkingWithDog/samples/00980.png 98
ucf/WalkingWithDog/samples/00981.png 98
ucf/WalkingWithDog/samples/00982.png 98
ucf/WalkingWithDog/samples/00983.png 98
ucf/WalkingWithDog/samples/00984.png 98
ucf/WalkingWithDog/samples/00985.png 98
ucf/WalkingWithDog/samples/00986.png 98
ucf/WalkingWithDog/samples/00987.png 98
ucf/WalkingWithDog/samples/00988.png 98
ucf/WalkingWithDog/samples/00989.png 98
ucf/WalkingWithDog/samples/00990.png 98
ucf/WalkingWithDog/samples/00991.png 98
ucf/WalkingWithDog/samples/00992.png 98
ucf/WalkingWithDog/samples/00993.png 98
ucf/WalkingWithDog/samples/00994.png 98
ucf/WalkingWithDog/samples/00995.png 98
ucf/WalkingWithDog/samples/00996.png 98
ucf/WalkingWithDog/samples/00997.png 98
ucf/WalkingWithDog/samples/00998.png 98
ucf/WalkingWithDog/samples/00999.png 98
ucf/ShavingBeard/samples/00000.png 78
ucf/ShavingBeard/samples/00001.png 78
ucf/ShavingBeard/samples/00002.png 78
ucf/ShavingBeard/samples/00003.png 78
ucf/ShavingBeard/samples/00004.png 78
ucf/ShavingBeard/samples/00005.png 78
ucf/ShavingBeard/samples/00006.png 78
ucf/ShavingBeard/samples/00007.png 78
ucf/ShavingBeard/samples/00008.png 78
ucf/ShavingBeard/samples/00009.png 78
ucf/ShavingBeard/samples/00010.png 78
ucf/ShavingBeard/samples/00011.png 78
ucf/ShavingBeard/samples/00012.png 78
ucf/ShavingBeard/samples/00013.png 78
ucf/ShavingBeard/samples/00014.png 78
ucf/ShavingBeard/samples/00015.png 78
ucf/ShavingBeard/samples/00016.png 78
ucf/ShavingBeard/samples/00017.png 78
ucf/ShavingBeard/samples/00018.png 78
ucf/ShavingBeard/samples/00019.png 78
ucf/ShavingBeard/samples/00020.png 78
ucf/ShavingBeard/samples/00021.png 78
ucf/ShavingBeard/samples/00022.png 78
ucf/ShavingBeard/samples/00023.png 78
ucf/ShavingBeard/samples/00024.png 78
ucf/ShavingBeard/samples/00025.png 78
ucf/ShavingBeard/samples/00026.png 78
ucf/ShavingBeard/samples/00027.png 78
ucf/ShavingBeard/samples/00028.png 78
ucf/ShavingBeard/samples/00029.png 78
ucf/ShavingBeard/samples/00030.png 78
ucf/ShavingBeard/samples/00031.png 78
ucf/ShavingBeard/samples/00032.png 78
ucf/ShavingBeard/samples/00033.png 78
ucf/ShavingBeard/samples/00034.png 78
ucf/ShavingBeard/samples/00035.png 78
ucf/ShavingBeard/samples/00036.png 78
ucf/ShavingBeard/samples/00037.png 78
ucf/ShavingBeard/samples/00038.png 78
ucf/ShavingBeard/samples/00039.png 78
ucf/ShavingBeard/samples/00040.png 78
ucf/ShavingBeard/samples/00041.png 78
ucf/ShavingBeard/samples/00042.png 78
ucf/ShavingBeard/samples/00043.png 78
ucf/ShavingBeard/samples/00044.png 78
ucf/ShavingBeard/samples/00045.png 78
ucf/ShavingBeard/samples/00046.png 78
ucf/ShavingBeard/samples/00047.png 78
ucf/ShavingBeard/samples/00048.png 78
ucf/ShavingBeard/samples/00049.png 78
ucf/ShavingBeard/samples/00050.png 78
ucf/ShavingBeard/samples/00051.png 78
ucf/ShavingBeard/samples/00052.png 78
ucf/ShavingBeard/samples/00053.png 78
ucf/ShavingBeard/samples/00054.png 78
ucf/ShavingBeard/samples/00055.png 78
ucf/ShavingBeard/samples/00056.png 78
ucf/ShavingBeard/samples/00057.png 78
ucf/ShavingBeard/samples/00058.png 78
ucf/ShavingBeard/samples/00059.png 78
ucf/ShavingBeard/samples/00060.png 78
ucf/ShavingBeard/samples/00061.png 78
ucf/ShavingBeard/samples/00062.png 78
ucf/ShavingBeard/samples/00063.png 78
ucf/ShavingBeard/samples/00064.png 78
ucf/ShavingBeard/samples/00065.png 78
ucf/ShavingBeard/samples/00066.png 78
ucf/ShavingBeard/samples/00067.png 78
ucf/ShavingBeard/samples/00068.png 78
ucf/ShavingBeard/samples/00069.png 78
ucf/ShavingBeard/samples/00070.png 78
ucf/ShavingBeard/samples/00071.png 78
ucf/ShavingBeard/samples/00072.png 78
ucf/ShavingBeard/samples/00073.png 78
ucf/ShavingBeard/samples/00074.png 78
ucf/ShavingBeard/samples/00075.png 78
ucf/ShavingBeard/samples/00076.png 78
ucf/ShavingBeard/samples/00077.png 78
ucf/ShavingBeard/samples/00078.png 78
ucf/ShavingBeard/samples/00079.png 78
ucf/ShavingBeard/samples/00080.png 78
ucf/ShavingBeard/samples/00081.png 78
ucf/ShavingBeard/samples/00082.png 78
ucf/ShavingBeard/samples/00083.png 78
ucf/ShavingBeard/samples/00084.png 78
ucf/ShavingBeard/samples/00085.png 78
ucf/ShavingBeard/samples/00086.png 78
ucf/ShavingBeard/samples/00087.png 78
ucf/ShavingBeard/samples/00088.png 78
ucf/ShavingBeard/samples/00089.png 78
ucf/ShavingBeard/samples/00090.png 78
ucf/ShavingBeard/samples/00091.png 78
ucf/ShavingBeard/samples/00092.png 78
ucf/ShavingBeard/samples/00093.png 78
ucf/ShavingBeard/samples/00094.png 78
ucf/ShavingBeard/samples/00095.png 78
ucf/ShavingBeard/samples/00096.png 78
ucf/ShavingBeard/samples/00097.png 78
ucf/ShavingBeard/samples/00098.png 78
ucf/ShavingBeard/samples/00099.png 78
ucf/ShavingBeard/samples/00100.png 78
ucf/ShavingBeard/samples/00101.png 78
ucf/ShavingBeard/samples/00102.png 78
ucf/ShavingBeard/samples/00103.png 78
ucf/ShavingBeard/samples/00104.png 78
ucf/ShavingBeard/samples/00105.png 78
ucf/ShavingBeard/samples/00106.png 78
ucf/ShavingBeard/samples/00107.png 78
ucf/ShavingBeard/samples/00108.png 78
ucf/ShavingBeard/samples/00109.png 78
ucf/ShavingBeard/samples/00110.png 78
ucf/ShavingBeard/samples/00111.png 78
ucf/ShavingBeard/samples/00112.png 78
ucf/ShavingBeard/samples/00113.png 78
ucf/ShavingBeard/samples/00114.png 78
ucf/ShavingBeard/samples/00115.png 78
ucf/ShavingBeard/samples/00116.png 78
ucf/ShavingBeard/samples/00117.png 78
ucf/ShavingBeard/samples/00118.png 78
ucf/ShavingBeard/samples/00119.png 78
ucf/ShavingBeard/samples/00120.png 78
ucf/ShavingBeard/samples/00121.png 78
ucf/ShavingBeard/samples/00122.png 78
ucf/ShavingBeard/samples/00123.png 78
ucf/ShavingBeard/samples/00124.png 78
ucf/ShavingBeard/samples/00125.png 78
ucf/ShavingBeard/samples/00126.png 78
ucf/ShavingBeard/samples/00127.png 78
ucf/ShavingBeard/samples/00128.png 78
ucf/ShavingBeard/samples/00129.png 78
ucf/ShavingBeard/samples/00130.png 78
ucf/ShavingBeard/samples/00131.png 78
ucf/ShavingBeard/samples/00132.png 78
ucf/ShavingBeard/samples/00133.png 78
ucf/ShavingBeard/samples/00134.png 78
ucf/ShavingBeard/samples/00135.png 78
ucf/ShavingBeard/samples/00136.png 78
ucf/ShavingBeard/samples/00137.png 78
ucf/ShavingBeard/samples/00138.png 78
ucf/ShavingBeard/samples/00139.png 78
ucf/ShavingBeard/samples/00140.png 78
ucf/ShavingBeard/samples/00141.png 78
ucf/ShavingBeard/samples/00142.png 78
ucf/ShavingBeard/samples/00143.png 78
ucf/ShavingBeard/samples/00144.png 78
ucf/ShavingBeard/samples/00145.png 78
ucf/ShavingBeard/samples/00146.png 78
ucf/ShavingBeard/samples/00147.png 78
ucf/ShavingBeard/samples/00148.png 78
ucf/ShavingBeard/samples/00149.png 78
ucf/ShavingBeard/samples/00150.png 78
ucf/ShavingBeard/samples/00151.png 78
ucf/ShavingBeard/samples/00152.png 78
ucf/ShavingBeard/samples/00153.png 78
ucf/ShavingBeard/samples/00154.png 78
ucf/ShavingBeard/samples/00155.png 78
ucf/ShavingBeard/samples/00156.png 78
ucf/ShavingBeard/samples/00157.png 78
ucf/ShavingBeard/samples/00158.png 78
ucf/ShavingBeard/samples/00159.png 78
ucf/ShavingBeard/samples/00160.png 78
ucf/ShavingBeard/samples/00161.png 78
ucf/ShavingBeard/samples/00162.png 78
ucf/ShavingBeard/samples/00163.png 78
ucf/ShavingBeard/samples/00164.png 78
ucf/ShavingBeard/samples/00165.png 78
ucf/ShavingBeard/samples/00166.png 78
ucf/ShavingBeard/samples/00167.png 78
ucf/ShavingBeard/samples/00168.png 78
ucf/ShavingBeard/samples/00169.png 78
ucf/ShavingBeard/samples/00170.png 78
ucf/ShavingBeard/samples/00171.png 78
ucf/ShavingBeard/samples/00172.png 78
ucf/ShavingBeard/samples/00173.png 78
ucf/ShavingBeard/samples/00174.png 78
ucf/ShavingBeard/samples/00175.png 78
ucf/ShavingBeard/samples/00176.png 78
ucf/ShavingBeard/samples/00177.png 78
ucf/ShavingBeard/samples/00178.png 78
ucf/ShavingBeard/samples/00179.png 78
ucf/ShavingBeard/samples/00180.png 78
ucf/ShavingBeard/samples/00181.png 78
ucf/ShavingBeard/samples/00182.png 78
ucf/ShavingBeard/samples/00183.png 78
ucf/ShavingBeard/samples/00184.png 78
ucf/ShavingBeard/samples/00185.png 78
ucf/ShavingBeard/samples/00186.png 78
ucf/ShavingBeard/samples/00187.png 78
ucf/ShavingBeard/samples/00188.png 78
ucf/ShavingBeard/samples/00189.png 78
ucf/ShavingBeard/samples/00190.png 78
ucf/ShavingBeard/samples/00191.png 78
ucf/ShavingBeard/samples/00192.png 78
ucf/ShavingBeard/samples/00193.png 78
ucf/ShavingBeard/samples/00194.png 78
ucf/ShavingBeard/samples/00195.png 78
ucf/ShavingBeard/samples/00196.png 78
ucf/ShavingBeard/samples/00197.png 78
ucf/ShavingBeard/samples/00198.png 78
ucf/ShavingBeard/samples/00199.png 78
ucf/ShavingBeard/samples/00200.png 78
ucf/ShavingBeard/samples/00201.png 78
ucf/ShavingBeard/samples/00202.png 78
ucf/ShavingBeard/samples/00203.png 78
ucf/ShavingBeard/samples/00204.png 78
ucf/ShavingBeard/samples/00205.png 78
ucf/ShavingBeard/samples/00206.png 78
ucf/ShavingBeard/samples/00207.png 78
ucf/ShavingBeard/samples/00208.png 78
ucf/ShavingBeard/samples/00209.png 78
ucf/ShavingBeard/samples/00210.png 78
ucf/ShavingBeard/samples/00211.png 78
ucf/ShavingBeard/samples/00212.png 78
ucf/ShavingBeard/samples/00213.png 78
ucf/ShavingBeard/samples/00214.png 78
ucf/ShavingBeard/samples/00215.png 78
ucf/ShavingBeard/samples/00216.png 78
ucf/ShavingBeard/samples/00217.png 78
ucf/ShavingBeard/samples/00218.png 78
ucf/ShavingBeard/samples/00219.png 78
ucf/ShavingBeard/samples/00220.png 78
ucf/ShavingBeard/samples/00221.png 78
ucf/ShavingBeard/samples/00222.png 78
ucf/ShavingBeard/samples/00223.png 78
ucf/ShavingBeard/samples/00224.png 78
ucf/ShavingBeard/samples/00225.png 78
ucf/ShavingBeard/samples/00226.png 78
ucf/ShavingBeard/samples/00227.png 78
ucf/ShavingBeard/samples/00228.png 78
ucf/ShavingBeard/samples/00229.png 78
ucf/ShavingBeard/samples/00230.png 78
ucf/ShavingBeard/samples/00231.png 78
ucf/ShavingBeard/samples/00232.png 78
ucf/ShavingBeard/samples/00233.png 78
ucf/ShavingBeard/samples/00234.png 78
ucf/ShavingBeard/samples/00235.png 78
ucf/ShavingBeard/samples/00236.png 78
ucf/ShavingBeard/samples/00237.png 78
ucf/ShavingBeard/samples/00238.png 78
ucf/ShavingBeard/samples/00239.png 78
ucf/ShavingBeard/samples/00240.png 78
ucf/ShavingBeard/samples/00241.png 78
ucf/ShavingBeard/samples/00242.png 78
ucf/ShavingBeard/samples/00243.png 78
ucf/ShavingBeard/samples/00244.png 78
ucf/ShavingBeard/samples/00245.png 78
ucf/ShavingBeard/samples/00246.png 78
ucf/ShavingBeard/samples/00247.png 78
ucf/ShavingBeard/samples/00248.png 78
ucf/ShavingBeard/samples/00249.png 78
ucf/ShavingBeard/samples/00250.png 78
ucf/ShavingBeard/samples/00251.png 78
ucf/ShavingBeard/samples/00252.png 78
ucf/ShavingBeard/samples/00253.png 78
ucf/ShavingBeard/samples/00254.png 78
ucf/ShavingBeard/samples/00255.png 78
ucf/ShavingBeard/samples/00256.png 78
ucf/ShavingBeard/samples/00257.png 78
ucf/ShavingBeard/samples/00258.png 78
ucf/ShavingBeard/samples/00259.png 78
ucf/ShavingBeard/samples/00260.png 78
ucf/ShavingBeard/samples/00261.png 78
ucf/ShavingBeard/samples/00262.png 78
ucf/ShavingBeard/samples/00263.png 78
ucf/ShavingBeard/samples/00264.png 78
ucf/ShavingBeard/samples/00265.png 78
ucf/ShavingBeard/samples/00266.png 78
ucf/ShavingBeard/samples/00267.png 78
ucf/ShavingBeard/samples/00268.png 78
ucf/ShavingBeard/samples/00269.png 78
ucf/ShavingBeard/samples/00270.png 78
ucf/ShavingBeard/samples/00271.png 78
ucf/ShavingBeard/samples/00272.png 78
ucf/ShavingBeard/samples/00273.png 78
ucf/ShavingBeard/samples/00274.png 78
ucf/ShavingBeard/samples/00275.png 78
ucf/ShavingBeard/samples/00276.png 78
ucf/ShavingBeard/samples/00277.png 78
ucf/ShavingBeard/samples/00278.png 78
ucf/ShavingBeard/samples/00279.png 78
ucf/ShavingBeard/samples/00280.png 78
ucf/ShavingBeard/samples/00281.png 78
ucf/ShavingBeard/samples/00282.png 78
ucf/ShavingBeard/samples/00283.png 78
ucf/ShavingBeard/samples/00284.png 78
ucf/ShavingBeard/samples/00285.png 78
ucf/ShavingBeard/samples/00286.png 78
ucf/ShavingBeard/samples/00287.png 78
ucf/ShavingBeard/samples/00288.png 78
ucf/ShavingBeard/samples/00289.png 78
ucf/ShavingBeard/samples/00290.png 78
ucf/ShavingBeard/samples/00291.png 78
ucf/ShavingBeard/samples/00292.png 78
ucf/ShavingBeard/samples/00293.png 78
ucf/ShavingBeard/samples/00294.png 78
ucf/ShavingBeard/samples/00295.png 78
ucf/ShavingBeard/samples/00296.png 78
ucf/ShavingBeard/samples/00297.png 78
ucf/ShavingBeard/samples/00298.png 78
ucf/ShavingBeard/samples/00299.png 78
ucf/ShavingBeard/samples/00300.png 78
ucf/ShavingBeard/samples/00301.png 78
ucf/ShavingBeard/samples/00302.png 78
ucf/ShavingBeard/samples/00303.png 78
ucf/ShavingBeard/samples/00304.png 78
ucf/ShavingBeard/samples/00305.png 78
ucf/ShavingBeard/samples/00306.png 78
ucf/ShavingBeard/samples/00307.png 78
ucf/ShavingBeard/samples/00308.png 78
ucf/ShavingBeard/samples/00309.png 78
ucf/ShavingBeard/samples/00310.png 78
ucf/ShavingBeard/samples/00311.png 78
ucf/ShavingBeard/samples/00312.png 78
ucf/ShavingBeard/samples/00313.png 78
ucf/ShavingBeard/samples/00314.png 78
ucf/ShavingBeard/samples/00315.png 78
ucf/ShavingBeard/samples/00316.png 78
ucf/ShavingBeard/samples/00317.png 78
ucf/ShavingBeard/samples/00318.png 78
ucf/ShavingBeard/samples/00319.png 78
ucf/ShavingBeard/samples/00320.png 78
ucf/ShavingBeard/samples/00321.png 78
ucf/ShavingBeard/samples/00322.png 78
ucf/ShavingBeard/samples/00323.png 78
ucf/ShavingBeard/samples/00324.png 78
ucf/ShavingBeard/samples/00325.png 78
ucf/ShavingBeard/samples/00326.png 78
ucf/ShavingBeard/samples/00327.png 78
ucf/ShavingBeard/samples/00328.png 78
ucf/ShavingBeard/samples/00329.png 78
ucf/ShavingBeard/samples/00330.png 78
ucf/ShavingBeard/samples/00331.png 78
ucf/ShavingBeard/samples/00332.png 78
ucf/ShavingBeard/samples/00333.png 78
ucf/ShavingBeard/samples/00334.png 78
ucf/ShavingBeard/samples/00335.png 78
ucf/ShavingBeard/samples/00336.png 78
ucf/ShavingBeard/samples/00337.png 78
ucf/ShavingBeard/samples/00338.png 78
ucf/ShavingBeard/samples/00339.png 78
ucf/ShavingBeard/samples/00340.png 78
ucf/ShavingBeard/samples/00341.png 78
ucf/ShavingBeard/samples/00342.png 78
ucf/ShavingBeard/samples/00343.png 78
ucf/ShavingBeard/samples/00344.png 78
ucf/ShavingBeard/samples/00345.png 78
ucf/ShavingBeard/samples/00346.png 78
ucf/ShavingBeard/samples/00347.png 78
ucf/ShavingBeard/samples/00348.png 78
ucf/ShavingBeard/samples/00349.png 78
ucf/ShavingBeard/samples/00350.png 78
ucf/ShavingBeard/samples/00351.png 78
ucf/ShavingBeard/samples/00352.png 78
ucf/ShavingBeard/samples/00353.png 78
ucf/ShavingBeard/samples/00354.png 78
ucf/ShavingBeard/samples/00355.png 78
ucf/ShavingBeard/samples/00356.png 78
ucf/ShavingBeard/samples/00357.png 78
ucf/ShavingBeard/samples/00358.png 78
ucf/ShavingBeard/samples/00359.png 78
ucf/ShavingBeard/samples/00360.png 78
ucf/ShavingBeard/samples/00361.png 78
ucf/ShavingBeard/samples/00362.png 78
ucf/ShavingBeard/samples/00363.png 78
ucf/ShavingBeard/samples/00364.png 78
ucf/ShavingBeard/samples/00365.png 78
ucf/ShavingBeard/samples/00366.png 78
ucf/ShavingBeard/samples/00367.png 78
ucf/ShavingBeard/samples/00368.png 78
ucf/ShavingBeard/samples/00369.png 78
ucf/ShavingBeard/samples/00370.png 78
ucf/ShavingBeard/samples/00371.png 78
ucf/ShavingBeard/samples/00372.png 78
ucf/ShavingBeard/samples/00373.png 78
ucf/ShavingBeard/samples/00374.png 78
ucf/ShavingBeard/samples/00375.png 78
ucf/ShavingBeard/samples/00376.png 78
ucf/ShavingBeard/samples/00377.png 78
ucf/ShavingBeard/samples/00378.png 78
ucf/ShavingBeard/samples/00379.png 78
ucf/ShavingBeard/samples/00380.png 78
ucf/ShavingBeard/samples/00381.png 78
ucf/ShavingBeard/samples/00382.png 78
ucf/ShavingBeard/samples/00383.png 78
ucf/ShavingBeard/samples/00384.png 78
ucf/ShavingBeard/samples/00385.png 78
ucf/ShavingBeard/samples/00386.png 78
ucf/ShavingBeard/samples/00387.png 78
ucf/ShavingBeard/samples/00388.png 78
ucf/ShavingBeard/samples/00389.png 78
ucf/ShavingBeard/samples/00390.png 78
ucf/ShavingBeard/samples/00391.png 78
ucf/ShavingBeard/samples/00392.png 78
ucf/ShavingBeard/samples/00393.png 78
ucf/ShavingBeard/samples/00394.png 78
ucf/ShavingBeard/samples/00395.png 78
ucf/ShavingBeard/samples/00396.png 78
ucf/ShavingBeard/samples/00397.png 78
ucf/ShavingBeard/samples/00398.png 78
ucf/ShavingBeard/samples/00399.png 78
ucf/ShavingBeard/samples/00400.png 78
ucf/ShavingBeard/samples/00401.png 78
ucf/ShavingBeard/samples/00402.png 78
ucf/ShavingBeard/samples/00403.png 78
ucf/ShavingBeard/samples/00404.png 78
ucf/ShavingBeard/samples/00405.png 78
ucf/ShavingBeard/samples/00406.png 78
ucf/ShavingBeard/samples/00407.png 78
ucf/ShavingBeard/samples/00408.png 78
ucf/ShavingBeard/samples/00409.png 78
ucf/ShavingBeard/samples/00410.png 78
ucf/ShavingBeard/samples/00411.png 78
ucf/ShavingBeard/samples/00412.png 78
ucf/ShavingBeard/samples/00413.png 78
ucf/ShavingBeard/samples/00414.png 78
ucf/ShavingBeard/samples/00415.png 78
ucf/ShavingBeard/samples/00416.png 78
ucf/ShavingBeard/samples/00417.png 78
ucf/ShavingBeard/samples/00418.png 78
ucf/ShavingBeard/samples/00419.png 78
ucf/ShavingBeard/samples/00420.png 78
ucf/ShavingBeard/samples/00421.png 78
ucf/ShavingBeard/samples/00422.png 78
ucf/ShavingBeard/samples/00423.png 78
ucf/ShavingBeard/samples/00424.png 78
ucf/ShavingBeard/samples/00425.png 78
ucf/ShavingBeard/samples/00426.png 78
ucf/ShavingBeard/samples/00427.png 78
ucf/ShavingBeard/samples/00428.png 78
ucf/ShavingBeard/samples/00429.png 78
ucf/ShavingBeard/samples/00430.png 78
ucf/ShavingBeard/samples/00431.png 78
ucf/ShavingBeard/samples/00432.png 78
ucf/ShavingBeard/samples/00433.png 78
ucf/ShavingBeard/samples/00434.png 78
ucf/ShavingBeard/samples/00435.png 78
ucf/ShavingBeard/samples/00436.png 78
ucf/ShavingBeard/samples/00437.png 78
ucf/ShavingBeard/samples/00438.png 78
ucf/ShavingBeard/samples/00439.png 78
ucf/ShavingBeard/samples/00440.png 78
ucf/ShavingBeard/samples/00441.png 78
ucf/ShavingBeard/samples/00442.png 78
ucf/ShavingBeard/samples/00443.png 78
ucf/ShavingBeard/samples/00444.png 78
ucf/ShavingBeard/samples/00445.png 78
ucf/ShavingBeard/samples/00446.png 78
ucf/ShavingBeard/samples/00447.png 78
ucf/ShavingBeard/samples/00448.png 78
ucf/ShavingBeard/samples/00449.png 78
ucf/ShavingBeard/samples/00450.png 78
ucf/ShavingBeard/samples/00451.png 78
ucf/ShavingBeard/samples/00452.png 78
ucf/ShavingBeard/samples/00453.png 78
ucf/ShavingBeard/samples/00454.png 78
ucf/ShavingBeard/samples/00455.png 78
ucf/ShavingBeard/samples/00456.png 78
ucf/ShavingBeard/samples/00457.png 78
ucf/ShavingBeard/samples/00458.png 78
ucf/ShavingBeard/samples/00459.png 78
ucf/ShavingBeard/samples/00460.png 78
ucf/ShavingBeard/samples/00461.png 78
ucf/ShavingBeard/samples/00462.png 78
ucf/ShavingBeard/samples/00463.png 78
ucf/ShavingBeard/samples/00464.png 78
ucf/ShavingBeard/samples/00465.png 78
ucf/ShavingBeard/samples/00466.png 78
ucf/ShavingBeard/samples/00467.png 78
ucf/ShavingBeard/samples/00468.png 78
ucf/ShavingBeard/samples/00469.png 78
ucf/ShavingBeard/samples/00470.png 78
ucf/ShavingBeard/samples/00471.png 78
ucf/ShavingBeard/samples/00472.png 78
ucf/ShavingBeard/samples/00473.png 78
ucf/ShavingBeard/samples/00474.png 78
ucf/ShavingBeard/samples/00475.png 78
ucf/ShavingBeard/samples/00476.png 78
ucf/ShavingBeard/samples/00477.png 78
ucf/ShavingBeard/samples/00478.png 78
ucf/ShavingBeard/samples/00479.png 78
ucf/ShavingBeard/samples/00480.png 78
ucf/ShavingBeard/samples/00481.png 78
ucf/ShavingBeard/samples/00482.png 78
ucf/ShavingBeard/samples/00483.png 78
ucf/ShavingBeard/samples/00484.png 78
ucf/ShavingBeard/samples/00485.png 78
ucf/ShavingBeard/samples/00486.png 78
ucf/ShavingBeard/samples/00487.png 78
ucf/ShavingBeard/samples/00488.png 78
ucf/ShavingBeard/samples/00489.png 78
ucf/ShavingBeard/samples/00490.png 78
ucf/ShavingBeard/samples/00491.png 78
ucf/ShavingBeard/samples/00492.png 78
ucf/ShavingBeard/samples/00493.png 78
ucf/ShavingBeard/samples/00494.png 78
ucf/ShavingBeard/samples/00495.png 78
ucf/ShavingBeard/samples/00496.png 78
ucf/ShavingBeard/samples/00497.png 78
ucf/ShavingBeard/samples/00498.png 78
ucf/ShavingBeard/samples/00499.png 78
ucf/ShavingBeard/samples/00500.png 78
ucf/ShavingBeard/samples/00501.png 78
ucf/ShavingBeard/samples/00502.png 78
ucf/ShavingBeard/samples/00503.png 78
ucf/ShavingBeard/samples/00504.png 78
ucf/ShavingBeard/samples/00505.png 78
ucf/ShavingBeard/samples/00506.png 78
ucf/ShavingBeard/samples/00507.png 78
ucf/ShavingBeard/samples/00508.png 78
ucf/ShavingBeard/samples/00509.png 78
ucf/ShavingBeard/samples/00510.png 78
ucf/ShavingBeard/samples/00511.png 78
ucf/ShavingBeard/samples/00512.png 78
ucf/ShavingBeard/samples/00513.png 78
ucf/ShavingBeard/samples/00514.png 78
ucf/ShavingBeard/samples/00515.png 78
ucf/ShavingBeard/samples/00516.png 78
ucf/ShavingBeard/samples/00517.png 78
ucf/ShavingBeard/samples/00518.png 78
ucf/ShavingBeard/samples/00519.png 78
ucf/ShavingBeard/samples/00520.png 78
ucf/ShavingBeard/samples/00521.png 78
ucf/ShavingBeard/samples/00522.png 78
ucf/ShavingBeard/samples/00523.png 78
ucf/ShavingBeard/samples/00524.png 78
ucf/ShavingBeard/samples/00525.png 78
ucf/ShavingBeard/samples/00526.png 78
ucf/ShavingBeard/samples/00527.png 78
ucf/ShavingBeard/samples/00528.png 78
ucf/ShavingBeard/samples/00529.png 78
ucf/ShavingBeard/samples/00530.png 78
ucf/ShavingBeard/samples/00531.png 78
ucf/ShavingBeard/samples/00532.png 78
ucf/ShavingBeard/samples/00533.png 78
ucf/ShavingBeard/samples/00534.png 78
ucf/ShavingBeard/samples/00535.png 78
ucf/ShavingBeard/samples/00536.png 78
ucf/ShavingBeard/samples/00537.png 78
ucf/ShavingBeard/samples/00538.png 78
ucf/ShavingBeard/samples/00539.png 78
ucf/ShavingBeard/samples/00540.png 78
ucf/ShavingBeard/samples/00541.png 78
ucf/ShavingBeard/samples/00542.png 78
ucf/ShavingBeard/samples/00543.png 78
ucf/ShavingBeard/samples/00544.png 78
ucf/ShavingBeard/samples/00545.png 78
ucf/ShavingBeard/samples/00546.png 78
ucf/ShavingBeard/samples/00547.png 78
ucf/ShavingBeard/samples/00548.png 78
ucf/ShavingBeard/samples/00549.png 78
ucf/ShavingBeard/samples/00550.png 78
ucf/ShavingBeard/samples/00551.png 78
ucf/ShavingBeard/samples/00552.png 78
ucf/ShavingBeard/samples/00553.png 78
ucf/ShavingBeard/samples/00554.png 78
ucf/ShavingBeard/samples/00555.png 78
ucf/ShavingBeard/samples/00556.png 78
ucf/ShavingBeard/samples/00557.png 78
ucf/ShavingBeard/samples/00558.png 78
ucf/ShavingBeard/samples/00559.png 78
ucf/ShavingBeard/samples/00560.png 78
ucf/ShavingBeard/samples/00561.png 78
ucf/ShavingBeard/samples/00562.png 78
ucf/ShavingBeard/samples/00563.png 78
ucf/ShavingBeard/samples/00564.png 78
ucf/ShavingBeard/samples/00565.png 78
ucf/ShavingBeard/samples/00566.png 78
ucf/ShavingBeard/samples/00567.png 78
ucf/ShavingBeard/samples/00568.png 78
ucf/ShavingBeard/samples/00569.png 78
ucf/ShavingBeard/samples/00570.png 78
ucf/ShavingBeard/samples/00571.png 78
ucf/ShavingBeard/samples/00572.png 78
ucf/ShavingBeard/samples/00573.png 78
ucf/ShavingBeard/samples/00574.png 78
ucf/ShavingBeard/samples/00575.png 78
ucf/ShavingBeard/samples/00576.png 78
ucf/ShavingBeard/samples/00577.png 78
ucf/ShavingBeard/samples/00578.png 78
ucf/ShavingBeard/samples/00579.png 78
ucf/ShavingBeard/samples/00580.png 78
ucf/ShavingBeard/samples/00581.png 78
ucf/ShavingBeard/samples/00582.png 78
ucf/ShavingBeard/samples/00583.png 78
ucf/ShavingBeard/samples/00584.png 78
ucf/ShavingBeard/samples/00585.png 78
ucf/ShavingBeard/samples/00586.png 78
ucf/ShavingBeard/samples/00587.png 78
ucf/ShavingBeard/samples/00588.png 78
ucf/ShavingBeard/samples/00589.png 78
ucf/ShavingBeard/samples/00590.png 78
ucf/ShavingBeard/samples/00591.png 78
ucf/ShavingBeard/samples/00592.png 78
ucf/ShavingBeard/samples/00593.png 78
ucf/ShavingBeard/samples/00594.png 78
ucf/ShavingBeard/samples/00595.png 78
ucf/ShavingBeard/samples/00596.png 78
ucf/ShavingBeard/samples/00597.png 78
ucf/ShavingBeard/samples/00598.png 78
ucf/ShavingBeard/samples/00599.png 78
ucf/ShavingBeard/samples/00600.png 78
ucf/ShavingBeard/samples/00601.png 78
ucf/ShavingBeard/samples/00602.png 78
ucf/ShavingBeard/samples/00603.png 78
ucf/ShavingBeard/samples/00604.png 78
ucf/ShavingBeard/samples/00605.png 78
ucf/ShavingBeard/samples/00606.png 78
ucf/ShavingBeard/samples/00607.png 78
ucf/ShavingBeard/samples/00608.png 78
ucf/ShavingBeard/samples/00609.png 78
ucf/ShavingBeard/samples/00610.png 78
ucf/ShavingBeard/samples/00611.png 78
ucf/ShavingBeard/samples/00612.png 78
ucf/ShavingBeard/samples/00613.png 78
ucf/ShavingBeard/samples/00614.png 78
ucf/ShavingBeard/samples/00615.png 78
ucf/ShavingBeard/samples/00616.png 78
ucf/ShavingBeard/samples/00617.png 78
ucf/ShavingBeard/samples/00618.png 78
ucf/ShavingBeard/samples/00619.png 78
ucf/ShavingBeard/samples/00620.png 78
ucf/ShavingBeard/samples/00621.png 78
ucf/ShavingBeard/samples/00622.png 78
ucf/ShavingBeard/samples/00623.png 78
ucf/ShavingBeard/samples/00624.png 78
ucf/ShavingBeard/samples/00625.png 78
ucf/ShavingBeard/samples/00626.png 78
ucf/ShavingBeard/samples/00627.png 78
ucf/ShavingBeard/samples/00628.png 78
ucf/ShavingBeard/samples/00629.png 78
ucf/ShavingBeard/samples/00630.png 78
ucf/ShavingBeard/samples/00631.png 78
ucf/ShavingBeard/samples/00632.png 78
ucf/ShavingBeard/samples/00633.png 78
ucf/ShavingBeard/samples/00634.png 78
ucf/ShavingBeard/samples/00635.png 78
ucf/ShavingBeard/samples/00636.png 78
ucf/ShavingBeard/samples/00637.png 78
ucf/ShavingBeard/samples/00638.png 78
ucf/ShavingBeard/samples/00639.png 78
ucf/ShavingBeard/samples/00640.png 78
ucf/ShavingBeard/samples/00641.png 78
ucf/ShavingBeard/samples/00642.png 78
ucf/ShavingBeard/samples/00643.png 78
ucf/ShavingBeard/samples/00644.png 78
ucf/ShavingBeard/samples/00645.png 78
ucf/ShavingBeard/samples/00646.png 78
ucf/ShavingBeard/samples/00647.png 78
ucf/ShavingBeard/samples/00648.png 78
ucf/ShavingBeard/samples/00649.png 78
ucf/ShavingBeard/samples/00650.png 78
ucf/ShavingBeard/samples/00651.png 78
ucf/ShavingBeard/samples/00652.png 78
ucf/ShavingBeard/samples/00653.png 78
ucf/ShavingBeard/samples/00654.png 78
ucf/ShavingBeard/samples/00655.png 78
ucf/ShavingBeard/samples/00656.png 78
ucf/ShavingBeard/samples/00657.png 78
ucf/ShavingBeard/samples/00658.png 78
ucf/ShavingBeard/samples/00659.png 78
ucf/ShavingBeard/samples/00660.png 78
ucf/ShavingBeard/samples/00661.png 78
ucf/ShavingBeard/samples/00662.png 78
ucf/ShavingBeard/samples/00663.png 78
ucf/ShavingBeard/samples/00664.png 78
ucf/ShavingBeard/samples/00665.png 78
ucf/ShavingBeard/samples/00666.png 78
ucf/ShavingBeard/samples/00667.png 78
ucf/ShavingBeard/samples/00668.png 78
ucf/ShavingBeard/samples/00669.png 78
ucf/ShavingBeard/samples/00670.png 78
ucf/ShavingBeard/samples/00671.png 78
ucf/ShavingBeard/samples/00672.png 78
ucf/ShavingBeard/samples/00673.png 78
ucf/ShavingBeard/samples/00674.png 78
ucf/ShavingBeard/samples/00675.png 78
ucf/ShavingBeard/samples/00676.png 78
ucf/ShavingBeard/samples/00677.png 78
ucf/ShavingBeard/samples/00678.png 78
ucf/ShavingBeard/samples/00679.png 78
ucf/ShavingBeard/samples/00680.png 78
ucf/ShavingBeard/samples/00681.png 78
ucf/ShavingBeard/samples/00682.png 78
ucf/ShavingBeard/samples/00683.png 78
ucf/ShavingBeard/samples/00684.png 78
ucf/ShavingBeard/samples/00685.png 78
ucf/ShavingBeard/samples/00686.png 78
ucf/ShavingBeard/samples/00687.png 78
ucf/ShavingBeard/samples/00688.png 78
ucf/ShavingBeard/samples/00689.png 78
ucf/ShavingBeard/samples/00690.png 78
ucf/ShavingBeard/samples/00691.png 78
ucf/ShavingBeard/samples/00692.png 78
ucf/ShavingBeard/samples/00693.png 78
ucf/ShavingBeard/samples/00694.png 78
ucf/ShavingBeard/samples/00695.png 78
ucf/ShavingBeard/samples/00696.png 78
ucf/ShavingBeard/samples/00697.png 78
ucf/ShavingBeard/samples/00698.png 78
ucf/ShavingBeard/samples/00699.png 78
ucf/ShavingBeard/samples/00700.png 78
ucf/ShavingBeard/samples/00701.png 78
ucf/ShavingBeard/samples/00702.png 78
ucf/ShavingBeard/samples/00703.png 78
ucf/ShavingBeard/samples/00704.png 78
ucf/ShavingBeard/samples/00705.png 78
ucf/ShavingBeard/samples/00706.png 78
ucf/ShavingBeard/samples/00707.png 78
ucf/ShavingBeard/samples/00708.png 78
ucf/ShavingBeard/samples/00709.png 78
ucf/ShavingBeard/samples/00710.png 78
ucf/ShavingBeard/samples/00711.png 78
ucf/ShavingBeard/samples/00712.png 78
ucf/ShavingBeard/samples/00713.png 78
ucf/ShavingBeard/samples/00714.png 78
ucf/ShavingBeard/samples/00715.png 78
ucf/ShavingBeard/samples/00716.png 78
ucf/ShavingBeard/samples/00717.png 78
ucf/ShavingBeard/samples/00718.png 78
ucf/ShavingBeard/samples/00719.png 78
ucf/ShavingBeard/samples/00720.png 78
ucf/ShavingBeard/samples/00721.png 78
ucf/ShavingBeard/samples/00722.png 78
ucf/ShavingBeard/samples/00723.png 78
ucf/ShavingBeard/samples/00724.png 78
ucf/ShavingBeard/samples/00725.png 78
ucf/ShavingBeard/samples/00726.png 78
ucf/ShavingBeard/samples/00727.png 78
ucf/ShavingBeard/samples/00728.png 78
ucf/ShavingBeard/samples/00729.png 78
ucf/ShavingBeard/samples/00730.png 78
ucf/ShavingBeard/samples/00731.png 78
ucf/ShavingBeard/samples/00732.png 78
ucf/ShavingBeard/samples/00733.png 78
ucf/ShavingBeard/samples/00734.png 78
ucf/ShavingBeard/samples/00735.png 78
ucf/ShavingBeard/samples/00736.png 78
ucf/ShavingBeard/samples/00737.png 78
ucf/ShavingBeard/samples/00738.png 78
ucf/ShavingBeard/samples/00739.png 78
ucf/ShavingBeard/samples/00740.png 78
ucf/ShavingBeard/samples/00741.png 78
ucf/ShavingBeard/samples/00742.png 78
ucf/ShavingBeard/samples/00743.png 78
ucf/ShavingBeard/samples/00744.png 78
ucf/ShavingBeard/samples/00745.png 78
ucf/ShavingBeard/samples/00746.png 78
ucf/ShavingBeard/samples/00747.png 78
ucf/ShavingBeard/samples/00748.png 78
ucf/ShavingBeard/samples/00749.png 78
ucf/ShavingBeard/samples/00750.png 78
ucf/ShavingBeard/samples/00751.png 78
ucf/ShavingBeard/samples/00752.png 78
ucf/ShavingBeard/samples/00753.png 78
ucf/ShavingBeard/samples/00754.png 78
ucf/ShavingBeard/samples/00755.png 78
ucf/ShavingBeard/samples/00756.png 78
ucf/ShavingBeard/samples/00757.png 78
ucf/ShavingBeard/samples/00758.png 78
ucf/ShavingBeard/samples/00759.png 78
ucf/ShavingBeard/samples/00760.png 78
ucf/ShavingBeard/samples/00761.png 78
ucf/ShavingBeard/samples/00762.png 78
ucf/ShavingBeard/samples/00763.png 78
ucf/ShavingBeard/samples/00764.png 78
ucf/ShavingBeard/samples/00765.png 78
ucf/ShavingBeard/samples/00766.png 78
ucf/ShavingBeard/samples/00767.png 78
ucf/ShavingBeard/samples/00768.png 78
ucf/ShavingBeard/samples/00769.png 78
ucf/ShavingBeard/samples/00770.png 78
ucf/ShavingBeard/samples/00771.png 78
ucf/ShavingBeard/samples/00772.png 78
ucf/ShavingBeard/samples/00773.png 78
ucf/ShavingBeard/samples/00774.png 78
ucf/ShavingBeard/samples/00775.png 78
ucf/ShavingBeard/samples/00776.png 78
ucf/ShavingBeard/samples/00777.png 78
ucf/ShavingBeard/samples/00778.png 78
ucf/ShavingBeard/samples/00779.png 78
ucf/ShavingBeard/samples/00780.png 78
ucf/ShavingBeard/samples/00781.png 78
ucf/ShavingBeard/samples/00782.png 78
ucf/ShavingBeard/samples/00783.png 78
ucf/ShavingBeard/samples/00784.png 78
ucf/ShavingBeard/samples/00785.png 78
ucf/ShavingBeard/samples/00786.png 78
ucf/ShavingBeard/samples/00787.png 78
ucf/ShavingBeard/samples/00788.png 78
ucf/ShavingBeard/samples/00789.png 78
ucf/ShavingBeard/samples/00790.png 78
ucf/ShavingBeard/samples/00791.png 78
ucf/ShavingBeard/samples/00792.png 78
ucf/ShavingBeard/samples/00793.png 78
ucf/ShavingBeard/samples/00794.png 78
ucf/ShavingBeard/samples/00795.png 78
ucf/ShavingBeard/samples/00796.png 78
ucf/ShavingBeard/samples/00797.png 78
ucf/ShavingBeard/samples/00798.png 78
ucf/ShavingBeard/samples/00799.png 78
ucf/ShavingBeard/samples/00800.png 78
ucf/ShavingBeard/samples/00801.png 78
ucf/ShavingBeard/samples/00802.png 78
ucf/ShavingBeard/samples/00803.png 78
ucf/ShavingBeard/samples/00804.png 78
ucf/ShavingBeard/samples/00805.png 78
ucf/ShavingBeard/samples/00806.png 78
ucf/ShavingBeard/samples/00807.png 78
ucf/ShavingBeard/samples/00808.png 78
ucf/ShavingBeard/samples/00809.png 78
ucf/ShavingBeard/samples/00810.png 78
ucf/ShavingBeard/samples/00811.png 78
ucf/ShavingBeard/samples/00812.png 78
ucf/ShavingBeard/samples/00813.png 78
ucf/ShavingBeard/samples/00814.png 78
ucf/ShavingBeard/samples/00815.png 78
ucf/ShavingBeard/samples/00816.png 78
ucf/ShavingBeard/samples/00817.png 78
ucf/ShavingBeard/samples/00818.png 78
ucf/ShavingBeard/samples/00819.png 78
ucf/ShavingBeard/samples/00820.png 78
ucf/ShavingBeard/samples/00821.png 78
ucf/ShavingBeard/samples/00822.png 78
ucf/ShavingBeard/samples/00823.png 78
ucf/ShavingBeard/samples/00824.png 78
ucf/ShavingBeard/samples/00825.png 78
ucf/ShavingBeard/samples/00826.png 78
ucf/ShavingBeard/samples/00827.png 78
ucf/ShavingBeard/samples/00828.png 78
ucf/ShavingBeard/samples/00829.png 78
ucf/ShavingBeard/samples/00830.png 78
ucf/ShavingBeard/samples/00831.png 78
ucf/ShavingBeard/samples/00832.png 78
ucf/ShavingBeard/samples/00833.png 78
ucf/ShavingBeard/samples/00834.png 78
ucf/ShavingBeard/samples/00835.png 78
ucf/ShavingBeard/samples/00836.png 78
ucf/ShavingBeard/samples/00837.png 78
ucf/ShavingBeard/samples/00838.png 78
ucf/ShavingBeard/samples/00839.png 78
ucf/ShavingBeard/samples/00840.png 78
ucf/ShavingBeard/samples/00841.png 78
ucf/ShavingBeard/samples/00842.png 78
ucf/ShavingBeard/samples/00843.png 78
ucf/ShavingBeard/samples/00844.png 78
ucf/ShavingBeard/samples/00845.png 78
ucf/ShavingBeard/samples/00846.png 78
ucf/ShavingBeard/samples/00847.png 78
ucf/ShavingBeard/samples/00848.png 78
ucf/ShavingBeard/samples/00849.png 78
ucf/ShavingBeard/samples/00850.png 78
ucf/ShavingBeard/samples/00851.png 78
ucf/ShavingBeard/samples/00852.png 78
ucf/ShavingBeard/samples/00853.png 78
ucf/ShavingBeard/samples/00854.png 78
ucf/ShavingBeard/samples/00855.png 78
ucf/ShavingBeard/samples/00856.png 78
ucf/ShavingBeard/samples/00857.png 78
ucf/ShavingBeard/samples/00858.png 78
ucf/ShavingBeard/samples/00859.png 78
ucf/ShavingBeard/samples/00860.png 78
ucf/ShavingBeard/samples/00861.png 78
ucf/ShavingBeard/samples/00862.png 78
ucf/ShavingBeard/samples/00863.png 78
ucf/ShavingBeard/samples/00864.png 78
ucf/ShavingBeard/samples/00865.png 78
ucf/ShavingBeard/samples/00866.png 78
ucf/ShavingBeard/samples/00867.png 78
ucf/ShavingBeard/samples/00868.png 78
ucf/ShavingBeard/samples/00869.png 78
ucf/ShavingBeard/samples/00870.png 78
ucf/ShavingBeard/samples/00871.png 78
ucf/ShavingBeard/samples/00872.png 78
ucf/ShavingBeard/samples/00873.png 78
ucf/ShavingBeard/samples/00874.png 78
ucf/ShavingBeard/samples/00875.png 78
ucf/ShavingBeard/samples/00876.png 78
ucf/ShavingBeard/samples/00877.png 78
ucf/ShavingBeard/samples/00878.png 78
ucf/ShavingBeard/samples/00879.png 78
ucf/ShavingBeard/samples/00880.png 78
ucf/ShavingBeard/samples/00881.png 78
ucf/ShavingBeard/samples/00882.png 78
ucf/ShavingBeard/samples/00883.png 78
ucf/ShavingBeard/samples/00884.png 78
ucf/ShavingBeard/samples/00885.png 78
ucf/ShavingBeard/samples/00886.png 78
ucf/ShavingBeard/samples/00887.png 78
ucf/ShavingBeard/samples/00888.png 78
ucf/ShavingBeard/samples/00889.png 78
ucf/ShavingBeard/samples/00890.png 78
ucf/ShavingBeard/samples/00891.png 78
ucf/ShavingBeard/samples/00892.png 78
ucf/ShavingBeard/samples/00893.png 78
ucf/ShavingBeard/samples/00894.png 78
ucf/ShavingBeard/samples/00895.png 78
ucf/ShavingBeard/samples/00896.png 78
ucf/ShavingBeard/samples/00897.png 78
ucf/ShavingBeard/samples/00898.png 78
ucf/ShavingBeard/samples/00899.png 78
ucf/ShavingBeard/samples/00900.png 78
ucf/ShavingBeard/samples/00901.png 78
ucf/ShavingBeard/samples/00902.png 78
ucf/ShavingBeard/samples/00903.png 78
ucf/ShavingBeard/samples/00904.png 78
ucf/ShavingBeard/samples/00905.png 78
ucf/ShavingBeard/samples/00906.png 78
ucf/ShavingBeard/samples/00907.png 78
ucf/ShavingBeard/samples/00908.png 78
ucf/ShavingBeard/samples/00909.png 78
ucf/ShavingBeard/samples/00910.png 78
ucf/ShavingBeard/samples/00911.png 78
ucf/ShavingBeard/samples/00912.png 78
ucf/ShavingBeard/samples/00913.png 78
ucf/ShavingBeard/samples/00914.png 78
ucf/ShavingBeard/samples/00915.png 78
ucf/ShavingBeard/samples/00916.png 78
ucf/ShavingBeard/samples/00917.png 78
ucf/ShavingBeard/samples/00918.png 78
ucf/ShavingBeard/samples/00919.png 78
ucf/ShavingBeard/samples/00920.png 78
ucf/ShavingBeard/samples/00921.png 78
ucf/ShavingBeard/samples/00922.png 78
ucf/ShavingBeard/samples/00923.png 78
ucf/ShavingBeard/samples/00924.png 78
ucf/ShavingBeard/samples/00925.png 78
ucf/ShavingBeard/samples/00926.png 78
ucf/ShavingBeard/samples/00927.png 78
ucf/ShavingBeard/samples/00928.png 78
ucf/ShavingBeard/samples/00929.png 78
ucf/ShavingBeard/samples/00930.png 78
ucf/ShavingBeard/samples/00931.png 78
ucf/ShavingBeard/samples/00932.png 78
ucf/ShavingBeard/samples/00933.png 78
ucf/ShavingBeard/samples/00934.png 78
ucf/ShavingBeard/samples/00935.png 78
ucf/ShavingBeard/samples/00936.png 78
ucf/ShavingBeard/samples/00937.png 78
ucf/ShavingBeard/samples/00938.png 78
ucf/ShavingBeard/samples/00939.png 78
ucf/ShavingBeard/samples/00940.png 78
ucf/ShavingBeard/samples/00941.png 78
ucf/ShavingBeard/samples/00942.png 78
ucf/ShavingBeard/samples/00943.png 78
ucf/ShavingBeard/samples/00944.png 78
ucf/ShavingBeard/samples/00945.png 78
ucf/ShavingBeard/samples/00946.png 78
ucf/ShavingBeard/samples/00947.png 78
ucf/ShavingBeard/samples/00948.png 78
ucf/ShavingBeard/samples/00949.png 78
ucf/ShavingBeard/samples/00950.png 78
ucf/ShavingBeard/samples/00951.png 78
ucf/ShavingBeard/samples/00952.png 78
ucf/ShavingBeard/samples/00953.png 78
ucf/ShavingBeard/samples/00954.png 78
ucf/ShavingBeard/samples/00955.png 78
ucf/ShavingBeard/samples/00956.png 78
ucf/ShavingBeard/samples/00957.png 78
ucf/ShavingBeard/samples/00958.png 78
ucf/ShavingBeard/samples/00959.png 78
ucf/ShavingBeard/samples/00960.png 78
ucf/ShavingBeard/samples/00961.png 78
ucf/ShavingBeard/samples/00962.png 78
ucf/ShavingBeard/samples/00963.png 78
ucf/ShavingBeard/samples/00964.png 78
ucf/ShavingBeard/samples/00965.png 78
ucf/ShavingBeard/samples/00966.png 78
ucf/ShavingBeard/samples/00967.png 78
ucf/ShavingBeard/samples/00968.png 78
ucf/ShavingBeard/samples/00969.png 78
ucf/ShavingBeard/samples/00970.png 78
ucf/ShavingBeard/samples/00971.png 78
ucf/ShavingBeard/samples/00972.png 78
ucf/ShavingBeard/samples/00973.png 78
ucf/ShavingBeard/samples/00974.png 78
ucf/ShavingBeard/samples/00975.png 78
ucf/ShavingBeard/samples/00976.png 78
ucf/ShavingBeard/samples/00977.png 78
ucf/ShavingBeard/samples/00978.png 78
ucf/ShavingBeard/samples/00979.png 78
ucf/ShavingBeard/samples/00980.png 78
ucf/ShavingBeard/samples/00981.png 78
ucf/ShavingBeard/samples/00982.png 78
ucf/ShavingBeard/samples/00983.png 78
ucf/ShavingBeard/samples/00984.png 78
ucf/ShavingBeard/samples/00985.png 78
ucf/ShavingBeard/samples/00986.png 78
ucf/ShavingBeard/samples/00987.png 78
ucf/ShavingBeard/samples/00988.png 78
ucf/ShavingBeard/samples/00989.png 78
ucf/ShavingBeard/samples/00990.png 78
ucf/ShavingBeard/samples/00991.png 78
ucf/ShavingBeard/samples/00992.png 78
ucf/ShavingBeard/samples/00993.png 78
ucf/ShavingBeard/samples/00994.png 78
ucf/ShavingBeard/samples/00995.png 78
ucf/ShavingBeard/samples/00996.png 78
ucf/ShavingBeard/samples/00997.png 78
ucf/ShavingBeard/samples/00998.png 78
ucf/ShavingBeard/samples/00999.png 78
ucf/PlayingDhol/samples/00000.png 61
ucf/PlayingDhol/samples/00001.png 61
ucf/PlayingDhol/samples/00002.png 61
ucf/PlayingDhol/samples/00003.png 61
ucf/PlayingDhol/samples/00004.png 61
ucf/PlayingDhol/samples/00005.png 61
ucf/PlayingDhol/samples/00006.png 61
ucf/PlayingDhol/samples/00007.png 61
ucf/PlayingDhol/samples/00008.png 61
ucf/PlayingDhol/samples/00009.png 61
ucf/PlayingDhol/samples/00010.png 61
ucf/PlayingDhol/samples/00011.png 61
ucf/PlayingDhol/samples/00012.png 61
ucf/PlayingDhol/samples/00013.png 61
ucf/PlayingDhol/samples/00014.png 61
ucf/PlayingDhol/samples/00015.png 61
ucf/PlayingDhol/samples/00016.png 61
ucf/PlayingDhol/samples/00017.png 61
ucf/PlayingDhol/samples/00018.png 61
ucf/PlayingDhol/samples/00019.png 61
ucf/PlayingDhol/samples/00020.png 61
ucf/PlayingDhol/samples/00021.png 61
ucf/PlayingDhol/samples/00022.png 61
ucf/PlayingDhol/samples/00023.png 61
ucf/PlayingDhol/samples/00024.png 61
ucf/PlayingDhol/samples/00025.png 61
ucf/PlayingDhol/samples/00026.png 61
ucf/PlayingDhol/samples/00027.png 61
ucf/PlayingDhol/samples/00028.png 61
ucf/PlayingDhol/samples/00029.png 61
ucf/PlayingDhol/samples/00030.png 61
ucf/PlayingDhol/samples/00031.png 61
ucf/PlayingDhol/samples/00032.png 61
ucf/PlayingDhol/samples/00033.png 61
ucf/PlayingDhol/samples/00034.png 61
ucf/PlayingDhol/samples/00035.png 61
ucf/PlayingDhol/samples/00036.png 61
ucf/PlayingDhol/samples/00037.png 61
ucf/PlayingDhol/samples/00038.png 61
ucf/PlayingDhol/samples/00039.png 61
ucf/PlayingDhol/samples/00040.png 61
ucf/PlayingDhol/samples/00041.png 61
ucf/PlayingDhol/samples/00042.png 61
ucf/PlayingDhol/samples/00043.png 61
ucf/PlayingDhol/samples/00044.png 61
ucf/PlayingDhol/samples/00045.png 61
ucf/PlayingDhol/samples/00046.png 61
ucf/PlayingDhol/samples/00047.png 61
ucf/PlayingDhol/samples/00048.png 61
ucf/PlayingDhol/samples/00049.png 61
ucf/PlayingDhol/samples/00050.png 61
ucf/PlayingDhol/samples/00051.png 61
ucf/PlayingDhol/samples/00052.png 61
ucf/PlayingDhol/samples/00053.png 61
ucf/PlayingDhol/samples/00054.png 61
ucf/PlayingDhol/samples/00055.png 61
ucf/PlayingDhol/samples/00056.png 61
ucf/PlayingDhol/samples/00057.png 61
ucf/PlayingDhol/samples/00058.png 61
ucf/PlayingDhol/samples/00059.png 61
ucf/PlayingDhol/samples/00060.png 61
ucf/PlayingDhol/samples/00061.png 61
ucf/PlayingDhol/samples/00062.png 61
ucf/PlayingDhol/samples/00063.png 61
ucf/PlayingDhol/samples/00064.png 61
ucf/PlayingDhol/samples/00065.png 61
ucf/PlayingDhol/samples/00066.png 61
ucf/PlayingDhol/samples/00067.png 61
ucf/PlayingDhol/samples/00068.png 61
ucf/PlayingDhol/samples/00069.png 61
ucf/PlayingDhol/samples/00070.png 61
ucf/PlayingDhol/samples/00071.png 61
ucf/PlayingDhol/samples/00072.png 61
ucf/PlayingDhol/samples/00073.png 61
ucf/PlayingDhol/samples/00074.png 61
ucf/PlayingDhol/samples/00075.png 61
ucf/PlayingDhol/samples/00076.png 61
ucf/PlayingDhol/samples/00077.png 61
ucf/PlayingDhol/samples/00078.png 61
ucf/PlayingDhol/samples/00079.png 61
ucf/PlayingDhol/samples/00080.png 61
ucf/PlayingDhol/samples/00081.png 61
ucf/PlayingDhol/samples/00082.png 61
ucf/PlayingDhol/samples/00083.png 61
ucf/PlayingDhol/samples/00084.png 61
ucf/PlayingDhol/samples/00085.png 61
ucf/PlayingDhol/samples/00086.png 61
ucf/PlayingDhol/samples/00087.png 61
ucf/PlayingDhol/samples/00088.png 61
ucf/PlayingDhol/samples/00089.png 61
ucf/PlayingDhol/samples/00090.png 61
ucf/PlayingDhol/samples/00091.png 61
ucf/PlayingDhol/samples/00092.png 61
ucf/PlayingDhol/samples/00093.png 61
ucf/PlayingDhol/samples/00094.png 61
ucf/PlayingDhol/samples/00095.png 61
ucf/PlayingDhol/samples/00096.png 61
ucf/PlayingDhol/samples/00097.png 61
ucf/PlayingDhol/samples/00098.png 61
ucf/PlayingDhol/samples/00099.png 61
ucf/PlayingDhol/samples/00100.png 61
ucf/PlayingDhol/samples/00101.png 61
ucf/PlayingDhol/samples/00102.png 61
ucf/PlayingDhol/samples/00103.png 61
ucf/PlayingDhol/samples/00104.png 61
ucf/PlayingDhol/samples/00105.png 61
ucf/PlayingDhol/samples/00106.png 61
ucf/PlayingDhol/samples/00107.png 61
ucf/PlayingDhol/samples/00108.png 61
ucf/PlayingDhol/samples/00109.png 61
ucf/PlayingDhol/samples/00110.png 61
ucf/PlayingDhol/samples/00111.png 61
ucf/PlayingDhol/samples/00112.png 61
ucf/PlayingDhol/samples/00113.png 61
ucf/PlayingDhol/samples/00114.png 61
ucf/PlayingDhol/samples/00115.png 61
ucf/PlayingDhol/samples/00116.png 61
ucf/PlayingDhol/samples/00117.png 61
ucf/PlayingDhol/samples/00118.png 61
ucf/PlayingDhol/samples/00119.png 61
ucf/PlayingDhol/samples/00120.png 61
ucf/PlayingDhol/samples/00121.png 61
ucf/PlayingDhol/samples/00122.png 61
ucf/PlayingDhol/samples/00123.png 61
ucf/PlayingDhol/samples/00124.png 61
ucf/PlayingDhol/samples/00125.png 61
ucf/PlayingDhol/samples/00126.png 61
ucf/PlayingDhol/samples/00127.png 61
ucf/PlayingDhol/samples/00128.png 61
ucf/PlayingDhol/samples/00129.png 61
ucf/PlayingDhol/samples/00130.png 61
ucf/PlayingDhol/samples/00131.png 61
ucf/PlayingDhol/samples/00132.png 61
ucf/PlayingDhol/samples/00133.png 61
ucf/PlayingDhol/samples/00134.png 61
ucf/PlayingDhol/samples/00135.png 61
ucf/PlayingDhol/samples/00136.png 61
ucf/PlayingDhol/samples/00137.png 61
ucf/PlayingDhol/samples/00138.png 61
ucf/PlayingDhol/samples/00139.png 61
ucf/PlayingDhol/samples/00140.png 61
ucf/PlayingDhol/samples/00141.png 61
ucf/PlayingDhol/samples/00142.png 61
ucf/PlayingDhol/samples/00143.png 61
ucf/PlayingDhol/samples/00144.png 61
ucf/PlayingDhol/samples/00145.png 61
ucf/PlayingDhol/samples/00146.png 61
ucf/PlayingDhol/samples/00147.png 61
ucf/PlayingDhol/samples/00148.png 61
ucf/PlayingDhol/samples/00149.png 61
ucf/PlayingDhol/samples/00150.png 61
ucf/PlayingDhol/samples/00151.png 61
ucf/PlayingDhol/samples/00152.png 61
ucf/PlayingDhol/samples/00153.png 61
ucf/PlayingDhol/samples/00154.png 61
ucf/PlayingDhol/samples/00155.png 61
ucf/PlayingDhol/samples/00156.png 61
ucf/PlayingDhol/samples/00157.png 61
ucf/PlayingDhol/samples/00158.png 61
ucf/PlayingDhol/samples/00159.png 61
ucf/PlayingDhol/samples/00160.png 61
ucf/PlayingDhol/samples/00161.png 61
ucf/PlayingDhol/samples/00162.png 61
ucf/PlayingDhol/samples/00163.png 61
ucf/PlayingDhol/samples/00164.png 61
ucf/PlayingDhol/samples/00165.png 61
ucf/PlayingDhol/samples/00166.png 61
ucf/PlayingDhol/samples/00167.png 61
ucf/PlayingDhol/samples/00168.png 61
ucf/PlayingDhol/samples/00169.png 61
ucf/PlayingDhol/samples/00170.png 61
ucf/PlayingDhol/samples/00171.png 61
ucf/PlayingDhol/samples/00172.png 61
ucf/PlayingDhol/samples/00173.png 61
ucf/PlayingDhol/samples/00174.png 61
ucf/PlayingDhol/samples/00175.png 61
ucf/PlayingDhol/samples/00176.png 61
ucf/PlayingDhol/samples/00177.png 61
ucf/PlayingDhol/samples/00178.png 61
ucf/PlayingDhol/samples/00179.png 61
ucf/PlayingDhol/samples/00180.png 61
ucf/PlayingDhol/samples/00181.png 61
ucf/PlayingDhol/samples/00182.png 61
ucf/PlayingDhol/samples/00183.png 61
ucf/PlayingDhol/samples/00184.png 61
ucf/PlayingDhol/samples/00185.png 61
ucf/PlayingDhol/samples/00186.png 61
ucf/PlayingDhol/samples/00187.png 61
ucf/PlayingDhol/samples/00188.png 61
ucf/PlayingDhol/samples/00189.png 61
ucf/PlayingDhol/samples/00190.png 61
ucf/PlayingDhol/samples/00191.png 61
ucf/PlayingDhol/samples/00192.png 61
ucf/PlayingDhol/samples/00193.png 61
ucf/PlayingDhol/samples/00194.png 61
ucf/PlayingDhol/samples/00195.png 61
ucf/PlayingDhol/samples/00196.png 61
ucf/PlayingDhol/samples/00197.png 61
ucf/PlayingDhol/samples/00198.png 61
ucf/PlayingDhol/samples/00199.png 61
ucf/PlayingDhol/samples/00200.png 61
ucf/PlayingDhol/samples/00201.png 61
ucf/PlayingDhol/samples/00202.png 61
ucf/PlayingDhol/samples/00203.png 61
ucf/PlayingDhol/samples/00204.png 61
ucf/PlayingDhol/samples/00205.png 61
ucf/PlayingDhol/samples/00206.png 61
ucf/PlayingDhol/samples/00207.png 61
ucf/PlayingDhol/samples/00208.png 61
ucf/PlayingDhol/samples/00209.png 61
ucf/PlayingDhol/samples/00210.png 61
ucf/PlayingDhol/samples/00211.png 61
ucf/PlayingDhol/samples/00212.png 61
ucf/PlayingDhol/samples/00213.png 61
ucf/PlayingDhol/samples/00214.png 61
ucf/PlayingDhol/samples/00215.png 61
ucf/PlayingDhol/samples/00216.png 61
ucf/PlayingDhol/samples/00217.png 61
ucf/PlayingDhol/samples/00218.png 61
ucf/PlayingDhol/samples/00219.png 61
ucf/PlayingDhol/samples/00220.png 61
ucf/PlayingDhol/samples/00221.png 61
ucf/PlayingDhol/samples/00222.png 61
ucf/PlayingDhol/samples/00223.png 61
ucf/PlayingDhol/samples/00224.png 61
ucf/PlayingDhol/samples/00225.png 61
ucf/PlayingDhol/samples/00226.png 61
ucf/PlayingDhol/samples/00227.png 61
ucf/PlayingDhol/samples/00228.png 61
ucf/PlayingDhol/samples/00229.png 61
ucf/PlayingDhol/samples/00230.png 61
ucf/PlayingDhol/samples/00231.png 61
ucf/PlayingDhol/samples/00232.png 61
ucf/PlayingDhol/samples/00233.png 61
ucf/PlayingDhol/samples/00234.png 61
ucf/PlayingDhol/samples/00235.png 61
ucf/PlayingDhol/samples/00236.png 61
ucf/PlayingDhol/samples/00237.png 61
ucf/PlayingDhol/samples/00238.png 61
ucf/PlayingDhol/samples/00239.png 61
ucf/PlayingDhol/samples/00240.png 61
ucf/PlayingDhol/samples/00241.png 61
ucf/PlayingDhol/samples/00242.png 61
ucf/PlayingDhol/samples/00243.png 61
ucf/PlayingDhol/samples/00244.png 61
ucf/PlayingDhol/samples/00245.png 61
ucf/PlayingDhol/samples/00246.png 61
ucf/PlayingDhol/samples/00247.png 61
ucf/PlayingDhol/samples/00248.png 61
ucf/PlayingDhol/samples/00249.png 61
ucf/PlayingDhol/samples/00250.png 61
ucf/PlayingDhol/samples/00251.png 61
ucf/PlayingDhol/samples/00252.png 61
ucf/PlayingDhol/samples/00253.png 61
ucf/PlayingDhol/samples/00254.png 61
ucf/PlayingDhol/samples/00255.png 61
ucf/PlayingDhol/samples/00256.png 61
ucf/PlayingDhol/samples/00257.png 61
ucf/PlayingDhol/samples/00258.png 61
ucf/PlayingDhol/samples/00259.png 61
ucf/PlayingDhol/samples/00260.png 61
ucf/PlayingDhol/samples/00261.png 61
ucf/PlayingDhol/samples/00262.png 61
ucf/PlayingDhol/samples/00263.png 61
ucf/PlayingDhol/samples/00264.png 61
ucf/PlayingDhol/samples/00265.png 61
ucf/PlayingDhol/samples/00266.png 61
ucf/PlayingDhol/samples/00267.png 61
ucf/PlayingDhol/samples/00268.png 61
ucf/PlayingDhol/samples/00269.png 61
ucf/PlayingDhol/samples/00270.png 61
ucf/PlayingDhol/samples/00271.png 61
ucf/PlayingDhol/samples/00272.png 61
ucf/PlayingDhol/samples/00273.png 61
ucf/PlayingDhol/samples/00274.png 61
ucf/PlayingDhol/samples/00275.png 61
ucf/PlayingDhol/samples/00276.png 61
ucf/PlayingDhol/samples/00277.png 61
ucf/PlayingDhol/samples/00278.png 61
ucf/PlayingDhol/samples/00279.png 61
ucf/PlayingDhol/samples/00280.png 61
ucf/PlayingDhol/samples/00281.png 61
ucf/PlayingDhol/samples/00282.png 61
ucf/PlayingDhol/samples/00283.png 61
ucf/PlayingDhol/samples/00284.png 61
ucf/PlayingDhol/samples/00285.png 61
ucf/PlayingDhol/samples/00286.png 61
ucf/PlayingDhol/samples/00287.png 61
ucf/PlayingDhol/samples/00288.png 61
ucf/PlayingDhol/samples/00289.png 61
ucf/PlayingDhol/samples/00290.png 61
ucf/PlayingDhol/samples/00291.png 61
ucf/PlayingDhol/samples/00292.png 61
ucf/PlayingDhol/samples/00293.png 61
ucf/PlayingDhol/samples/00294.png 61
ucf/PlayingDhol/samples/00295.png 61
ucf/PlayingDhol/samples/00296.png 61
ucf/PlayingDhol/samples/00297.png 61
ucf/PlayingDhol/samples/00298.png 61
ucf/PlayingDhol/samples/00299.png 61
ucf/PlayingDhol/samples/00300.png 61
ucf/PlayingDhol/samples/00301.png 61
ucf/PlayingDhol/samples/00302.png 61
ucf/PlayingDhol/samples/00303.png 61
ucf/PlayingDhol/samples/00304.png 61
ucf/PlayingDhol/samples/00305.png 61
ucf/PlayingDhol/samples/00306.png 61
ucf/PlayingDhol/samples/00307.png 61
ucf/PlayingDhol/samples/00308.png 61
ucf/PlayingDhol/samples/00309.png 61
ucf/PlayingDhol/samples/00310.png 61
ucf/PlayingDhol/samples/00311.png 61
ucf/PlayingDhol/samples/00312.png 61
ucf/PlayingDhol/samples/00313.png 61
ucf/PlayingDhol/samples/00314.png 61
ucf/PlayingDhol/samples/00315.png 61
ucf/PlayingDhol/samples/00316.png 61
ucf/PlayingDhol/samples/00317.png 61
ucf/PlayingDhol/samples/00318.png 61
ucf/PlayingDhol/samples/00319.png 61
ucf/PlayingDhol/samples/00320.png 61
ucf/PlayingDhol/samples/00321.png 61
ucf/PlayingDhol/samples/00322.png 61
ucf/PlayingDhol/samples/00323.png 61
ucf/PlayingDhol/samples/00324.png 61
ucf/PlayingDhol/samples/00325.png 61
ucf/PlayingDhol/samples/00326.png 61
ucf/PlayingDhol/samples/00327.png 61
ucf/PlayingDhol/samples/00328.png 61
ucf/PlayingDhol/samples/00329.png 61
ucf/PlayingDhol/samples/00330.png 61
ucf/PlayingDhol/samples/00331.png 61
ucf/PlayingDhol/samples/00332.png 61
ucf/PlayingDhol/samples/00333.png 61
ucf/PlayingDhol/samples/00334.png 61
ucf/PlayingDhol/samples/00335.png 61
ucf/PlayingDhol/samples/00336.png 61
ucf/PlayingDhol/samples/00337.png 61
ucf/PlayingDhol/samples/00338.png 61
ucf/PlayingDhol/samples/00339.png 61
ucf/PlayingDhol/samples/00340.png 61
ucf/PlayingDhol/samples/00341.png 61
ucf/PlayingDhol/samples/00342.png 61
ucf/PlayingDhol/samples/00343.png 61
ucf/PlayingDhol/samples/00344.png 61
ucf/PlayingDhol/samples/00345.png 61
ucf/PlayingDhol/samples/00346.png 61
ucf/PlayingDhol/samples/00347.png 61
ucf/PlayingDhol/samples/00348.png 61
ucf/PlayingDhol/samples/00349.png 61
ucf/PlayingDhol/samples/00350.png 61
ucf/PlayingDhol/samples/00351.png 61
ucf/PlayingDhol/samples/00352.png 61
ucf/PlayingDhol/samples/00353.png 61
ucf/PlayingDhol/samples/00354.png 61
ucf/PlayingDhol/samples/00355.png 61
ucf/PlayingDhol/samples/00356.png 61
ucf/PlayingDhol/samples/00357.png 61
ucf/PlayingDhol/samples/00358.png 61
ucf/PlayingDhol/samples/00359.png 61
ucf/PlayingDhol/samples/00360.png 61
ucf/PlayingDhol/samples/00361.png 61
ucf/PlayingDhol/samples/00362.png 61
ucf/PlayingDhol/samples/00363.png 61
ucf/PlayingDhol/samples/00364.png 61
ucf/PlayingDhol/samples/00365.png 61
ucf/PlayingDhol/samples/00366.png 61
ucf/PlayingDhol/samples/00367.png 61
ucf/PlayingDhol/samples/00368.png 61
ucf/PlayingDhol/samples/00369.png 61
ucf/PlayingDhol/samples/00370.png 61
ucf/PlayingDhol/samples/00371.png 61
ucf/PlayingDhol/samples/00372.png 61
ucf/PlayingDhol/samples/00373.png 61
ucf/PlayingDhol/samples/00374.png 61
ucf/PlayingDhol/samples/00375.png 61
ucf/PlayingDhol/samples/00376.png 61
ucf/PlayingDhol/samples/00377.png 61
ucf/PlayingDhol/samples/00378.png 61
ucf/PlayingDhol/samples/00379.png 61
ucf/PlayingDhol/samples/00380.png 61
ucf/PlayingDhol/samples/00381.png 61
ucf/PlayingDhol/samples/00382.png 61
ucf/PlayingDhol/samples/00383.png 61
ucf/PlayingDhol/samples/00384.png 61
ucf/PlayingDhol/samples/00385.png 61
ucf/PlayingDhol/samples/00386.png 61
ucf/PlayingDhol/samples/00387.png 61
ucf/PlayingDhol/samples/00388.png 61
ucf/PlayingDhol/samples/00389.png 61
ucf/PlayingDhol/samples/00390.png 61
ucf/PlayingDhol/samples/00391.png 61
ucf/PlayingDhol/samples/00392.png 61
ucf/PlayingDhol/samples/00393.png 61
ucf/PlayingDhol/samples/00394.png 61
ucf/PlayingDhol/samples/00395.png 61
ucf/PlayingDhol/samples/00396.png 61
ucf/PlayingDhol/samples/00397.png 61
ucf/PlayingDhol/samples/00398.png 61
ucf/PlayingDhol/samples/00399.png 61
ucf/PlayingDhol/samples/00400.png 61
ucf/PlayingDhol/samples/00401.png 61
ucf/PlayingDhol/samples/00402.png 61
ucf/PlayingDhol/samples/00403.png 61
ucf/PlayingDhol/samples/00404.png 61
ucf/PlayingDhol/samples/00405.png 61
ucf/PlayingDhol/samples/00406.png 61
ucf/PlayingDhol/samples/00407.png 61
ucf/PlayingDhol/samples/00408.png 61
ucf/PlayingDhol/samples/00409.png 61
ucf/PlayingDhol/samples/00410.png 61
ucf/PlayingDhol/samples/00411.png 61
ucf/PlayingDhol/samples/00412.png 61
ucf/PlayingDhol/samples/00413.png 61
ucf/PlayingDhol/samples/00414.png 61
ucf/PlayingDhol/samples/00415.png 61
ucf/PlayingDhol/samples/00416.png 61
ucf/PlayingDhol/samples/00417.png 61
ucf/PlayingDhol/samples/00418.png 61
ucf/PlayingDhol/samples/00419.png 61
ucf/PlayingDhol/samples/00420.png 61
ucf/PlayingDhol/samples/00421.png 61
ucf/PlayingDhol/samples/00422.png 61
ucf/PlayingDhol/samples/00423.png 61
ucf/PlayingDhol/samples/00424.png 61
ucf/PlayingDhol/samples/00425.png 61
ucf/PlayingDhol/samples/00426.png 61
ucf/PlayingDhol/samples/00427.png 61
ucf/PlayingDhol/samples/00428.png 61
ucf/PlayingDhol/samples/00429.png 61
ucf/PlayingDhol/samples/00430.png 61
ucf/PlayingDhol/samples/00431.png 61
ucf/PlayingDhol/samples/00432.png 61
ucf/PlayingDhol/samples/00433.png 61
ucf/PlayingDhol/samples/00434.png 61
ucf/PlayingDhol/samples/00435.png 61
ucf/PlayingDhol/samples/00436.png 61
ucf/PlayingDhol/samples/00437.png 61
ucf/PlayingDhol/samples/00438.png 61
ucf/PlayingDhol/samples/00439.png 61
ucf/PlayingDhol/samples/00440.png 61
ucf/PlayingDhol/samples/00441.png 61
ucf/PlayingDhol/samples/00442.png 61
ucf/PlayingDhol/samples/00443.png 61
ucf/PlayingDhol/samples/00444.png 61
ucf/PlayingDhol/samples/00445.png 61
ucf/PlayingDhol/samples/00446.png 61
ucf/PlayingDhol/samples/00447.png 61
ucf/PlayingDhol/samples/00448.png 61
ucf/PlayingDhol/samples/00449.png 61
ucf/PlayingDhol/samples/00450.png 61
ucf/PlayingDhol/samples/00451.png 61
ucf/PlayingDhol/samples/00452.png 61
ucf/PlayingDhol/samples/00453.png 61
ucf/PlayingDhol/samples/00454.png 61
ucf/PlayingDhol/samples/00455.png 61
ucf/PlayingDhol/samples/00456.png 61
ucf/PlayingDhol/samples/00457.png 61
ucf/PlayingDhol/samples/00458.png 61
ucf/PlayingDhol/samples/00459.png 61
ucf/PlayingDhol/samples/00460.png 61
ucf/PlayingDhol/samples/00461.png 61
ucf/PlayingDhol/samples/00462.png 61
ucf/PlayingDhol/samples/00463.png 61
ucf/PlayingDhol/samples/00464.png 61
ucf/PlayingDhol/samples/00465.png 61
ucf/PlayingDhol/samples/00466.png 61
ucf/PlayingDhol/samples/00467.png 61
ucf/PlayingDhol/samples/00468.png 61
ucf/PlayingDhol/samples/00469.png 61
ucf/PlayingDhol/samples/00470.png 61
ucf/PlayingDhol/samples/00471.png 61
ucf/PlayingDhol/samples/00472.png 61
ucf/PlayingDhol/samples/00473.png 61
ucf/PlayingDhol/samples/00474.png 61
ucf/PlayingDhol/samples/00475.png 61
ucf/PlayingDhol/samples/00476.png 61
ucf/PlayingDhol/samples/00477.png 61
ucf/PlayingDhol/samples/00478.png 61
ucf/PlayingDhol/samples/00479.png 61
ucf/PlayingDhol/samples/00480.png 61
ucf/PlayingDhol/samples/00481.png 61
ucf/PlayingDhol/samples/00482.png 61
ucf/PlayingDhol/samples/00483.png 61
ucf/PlayingDhol/samples/00484.png 61
ucf/PlayingDhol/samples/00485.png 61
ucf/PlayingDhol/samples/00486.png 61
ucf/PlayingDhol/samples/00487.png 61
ucf/PlayingDhol/samples/00488.png 61
ucf/PlayingDhol/samples/00489.png 61
ucf/PlayingDhol/samples/00490.png 61
ucf/PlayingDhol/samples/00491.png 61
ucf/PlayingDhol/samples/00492.png 61
ucf/PlayingDhol/samples/00493.png 61
ucf/PlayingDhol/samples/00494.png 61
ucf/PlayingDhol/samples/00495.png 61
ucf/PlayingDhol/samples/00496.png 61
ucf/PlayingDhol/samples/00497.png 61
ucf/PlayingDhol/samples/00498.png 61
ucf/PlayingDhol/samples/00499.png 61
ucf/PlayingDhol/samples/00500.png 61
ucf/PlayingDhol/samples/00501.png 61
ucf/PlayingDhol/samples/00502.png 61
ucf/PlayingDhol/samples/00503.png 61
ucf/PlayingDhol/samples/00504.png 61
ucf/PlayingDhol/samples/00505.png 61
ucf/PlayingDhol/samples/00506.png 61
ucf/PlayingDhol/samples/00507.png 61
ucf/PlayingDhol/samples/00508.png 61
ucf/PlayingDhol/samples/00509.png 61
ucf/PlayingDhol/samples/00510.png 61
ucf/PlayingDhol/samples/00511.png 61
ucf/PlayingDhol/samples/00512.png 61
ucf/PlayingDhol/samples/00513.png 61
ucf/PlayingDhol/samples/00514.png 61
ucf/PlayingDhol/samples/00515.png 61
ucf/PlayingDhol/samples/00516.png 61
ucf/PlayingDhol/samples/00517.png 61
ucf/PlayingDhol/samples/00518.png 61
ucf/PlayingDhol/samples/00519.png 61
ucf/PlayingDhol/samples/00520.png 61
ucf/PlayingDhol/samples/00521.png 61
ucf/PlayingDhol/samples/00522.png 61
ucf/PlayingDhol/samples/00523.png 61
ucf/PlayingDhol/samples/00524.png 61
ucf/PlayingDhol/samples/00525.png 61
ucf/PlayingDhol/samples/00526.png 61
ucf/PlayingDhol/samples/00527.png 61
ucf/PlayingDhol/samples/00528.png 61
ucf/PlayingDhol/samples/00529.png 61
ucf/PlayingDhol/samples/00530.png 61
ucf/PlayingDhol/samples/00531.png 61
ucf/PlayingDhol/samples/00532.png 61
ucf/PlayingDhol/samples/00533.png 61
ucf/PlayingDhol/samples/00534.png 61
ucf/PlayingDhol/samples/00535.png 61
ucf/PlayingDhol/samples/00536.png 61
ucf/PlayingDhol/samples/00537.png 61
ucf/PlayingDhol/samples/00538.png 61
ucf/PlayingDhol/samples/00539.png 61
ucf/PlayingDhol/samples/00540.png 61
ucf/PlayingDhol/samples/00541.png 61
ucf/PlayingDhol/samples/00542.png 61
ucf/PlayingDhol/samples/00543.png 61
ucf/PlayingDhol/samples/00544.png 61
ucf/PlayingDhol/samples/00545.png 61
ucf/PlayingDhol/samples/00546.png 61
ucf/PlayingDhol/samples/00547.png 61
ucf/PlayingDhol/samples/00548.png 61
ucf/PlayingDhol/samples/00549.png 61
ucf/PlayingDhol/samples/00550.png 61
ucf/PlayingDhol/samples/00551.png 61
ucf/PlayingDhol/samples/00552.png 61
ucf/PlayingDhol/samples/00553.png 61
ucf/PlayingDhol/samples/00554.png 61
ucf/PlayingDhol/samples/00555.png 61
ucf/PlayingDhol/samples/00556.png 61
ucf/PlayingDhol/samples/00557.png 61
ucf/PlayingDhol/samples/00558.png 61
ucf/PlayingDhol/samples/00559.png 61
ucf/PlayingDhol/samples/00560.png 61
ucf/PlayingDhol/samples/00561.png 61
ucf/PlayingDhol/samples/00562.png 61
ucf/PlayingDhol/samples/00563.png 61
ucf/PlayingDhol/samples/00564.png 61
ucf/PlayingDhol/samples/00565.png 61
ucf/PlayingDhol/samples/00566.png 61
ucf/PlayingDhol/samples/00567.png 61
ucf/PlayingDhol/samples/00568.png 61
ucf/PlayingDhol/samples/00569.png 61
ucf/PlayingDhol/samples/00570.png 61
ucf/PlayingDhol/samples/00571.png 61
ucf/PlayingDhol/samples/00572.png 61
ucf/PlayingDhol/samples/00573.png 61
ucf/PlayingDhol/samples/00574.png 61
ucf/PlayingDhol/samples/00575.png 61
ucf/PlayingDhol/samples/00576.png 61
ucf/PlayingDhol/samples/00577.png 61
ucf/PlayingDhol/samples/00578.png 61
ucf/PlayingDhol/samples/00579.png 61
ucf/PlayingDhol/samples/00580.png 61
ucf/PlayingDhol/samples/00581.png 61
ucf/PlayingDhol/samples/00582.png 61
ucf/PlayingDhol/samples/00583.png 61
ucf/PlayingDhol/samples/00584.png 61
ucf/PlayingDhol/samples/00585.png 61
ucf/PlayingDhol/samples/00586.png 61
ucf/PlayingDhol/samples/00587.png 61
ucf/PlayingDhol/samples/00588.png 61
ucf/PlayingDhol/samples/00589.png 61
ucf/PlayingDhol/samples/00590.png 61
ucf/PlayingDhol/samples/00591.png 61
ucf/PlayingDhol/samples/00592.png 61
ucf/PlayingDhol/samples/00593.png 61
ucf/PlayingDhol/samples/00594.png 61
ucf/PlayingDhol/samples/00595.png 61
ucf/PlayingDhol/samples/00596.png 61
ucf/PlayingDhol/samples/00597.png 61
ucf/PlayingDhol/samples/00598.png 61
ucf/PlayingDhol/samples/00599.png 61
ucf/PlayingDhol/samples/00600.png 61
ucf/PlayingDhol/samples/00601.png 61
ucf/PlayingDhol/samples/00602.png 61
ucf/PlayingDhol/samples/00603.png 61
ucf/PlayingDhol/samples/00604.png 61
ucf/PlayingDhol/samples/00605.png 61
ucf/PlayingDhol/samples/00606.png 61
ucf/PlayingDhol/samples/00607.png 61
ucf/PlayingDhol/samples/00608.png 61
ucf/PlayingDhol/samples/00609.png 61
ucf/PlayingDhol/samples/00610.png 61
ucf/PlayingDhol/samples/00611.png 61
ucf/PlayingDhol/samples/00612.png 61
ucf/PlayingDhol/samples/00613.png 61
ucf/PlayingDhol/samples/00614.png 61
ucf/PlayingDhol/samples/00615.png 61
ucf/PlayingDhol/samples/00616.png 61
ucf/PlayingDhol/samples/00617.png 61
ucf/PlayingDhol/samples/00618.png 61
ucf/PlayingDhol/samples/00619.png 61
ucf/PlayingDhol/samples/00620.png 61
ucf/PlayingDhol/samples/00621.png 61
ucf/PlayingDhol/samples/00622.png 61
ucf/PlayingDhol/samples/00623.png 61
ucf/PlayingDhol/samples/00624.png 61
ucf/PlayingDhol/samples/00625.png 61
ucf/PlayingDhol/samples/00626.png 61
ucf/PlayingDhol/samples/00627.png 61
ucf/PlayingDhol/samples/00628.png 61
ucf/PlayingDhol/samples/00629.png 61
ucf/PlayingDhol/samples/00630.png 61
ucf/PlayingDhol/samples/00631.png 61
ucf/PlayingDhol/samples/00632.png 61
ucf/PlayingDhol/samples/00633.png 61
ucf/PlayingDhol/samples/00634.png 61
ucf/PlayingDhol/samples/00635.png 61
ucf/PlayingDhol/samples/00636.png 61
ucf/PlayingDhol/samples/00637.png 61
ucf/PlayingDhol/samples/00638.png 61
ucf/PlayingDhol/samples/00639.png 61
ucf/PlayingDhol/samples/00640.png 61
ucf/PlayingDhol/samples/00641.png 61
ucf/PlayingDhol/samples/00642.png 61
ucf/PlayingDhol/samples/00643.png 61
ucf/PlayingDhol/samples/00644.png 61
ucf/PlayingDhol/samples/00645.png 61
ucf/PlayingDhol/samples/00646.png 61
ucf/PlayingDhol/samples/00647.png 61
ucf/PlayingDhol/samples/00648.png 61
ucf/PlayingDhol/samples/00649.png 61
ucf/PlayingDhol/samples/00650.png 61
ucf/PlayingDhol/samples/00651.png 61
ucf/PlayingDhol/samples/00652.png 61
ucf/PlayingDhol/samples/00653.png 61
ucf/PlayingDhol/samples/00654.png 61
ucf/PlayingDhol/samples/00655.png 61
ucf/PlayingDhol/samples/00656.png 61
ucf/PlayingDhol/samples/00657.png 61
ucf/PlayingDhol/samples/00658.png 61
ucf/PlayingDhol/samples/00659.png 61
ucf/PlayingDhol/samples/00660.png 61
ucf/PlayingDhol/samples/00661.png 61
ucf/PlayingDhol/samples/00662.png 61
ucf/PlayingDhol/samples/00663.png 61
ucf/PlayingDhol/samples/00664.png 61
ucf/PlayingDhol/samples/00665.png 61
ucf/PlayingDhol/samples/00666.png 61
ucf/PlayingDhol/samples/00667.png 61
ucf/PlayingDhol/samples/00668.png 61
ucf/PlayingDhol/samples/00669.png 61
ucf/PlayingDhol/samples/00670.png 61
ucf/PlayingDhol/samples/00671.png 61
ucf/PlayingDhol/samples/00672.png 61
ucf/PlayingDhol/samples/00673.png 61
ucf/PlayingDhol/samples/00674.png 61
ucf/PlayingDhol/samples/00675.png 61
ucf/PlayingDhol/samples/00676.png 61
ucf/PlayingDhol/samples/00677.png 61
ucf/PlayingDhol/samples/00678.png 61
ucf/PlayingDhol/samples/00679.png 61
ucf/PlayingDhol/samples/00680.png 61
ucf/PlayingDhol/samples/00681.png 61
ucf/PlayingDhol/samples/00682.png 61
ucf/PlayingDhol/samples/00683.png 61
ucf/PlayingDhol/samples/00684.png 61
ucf/PlayingDhol/samples/00685.png 61
ucf/PlayingDhol/samples/00686.png 61
ucf/PlayingDhol/samples/00687.png 61
ucf/PlayingDhol/samples/00688.png 61
ucf/PlayingDhol/samples/00689.png 61
ucf/PlayingDhol/samples/00690.png 61
ucf/PlayingDhol/samples/00691.png 61
ucf/PlayingDhol/samples/00692.png 61
ucf/PlayingDhol/samples/00693.png 61
ucf/PlayingDhol/samples/00694.png 61
ucf/PlayingDhol/samples/00695.png 61
ucf/PlayingDhol/samples/00696.png 61
ucf/PlayingDhol/samples/00697.png 61
ucf/PlayingDhol/samples/00698.png 61
ucf/PlayingDhol/samples/00699.png 61
ucf/PlayingDhol/samples/00700.png 61
ucf/PlayingDhol/samples/00701.png 61
ucf/PlayingDhol/samples/00702.png 61
ucf/PlayingDhol/samples/00703.png 61
ucf/PlayingDhol/samples/00704.png 61
ucf/PlayingDhol/samples/00705.png 61
ucf/PlayingDhol/samples/00706.png 61
ucf/PlayingDhol/samples/00707.png 61
ucf/PlayingDhol/samples/00708.png 61
ucf/PlayingDhol/samples/00709.png 61
ucf/PlayingDhol/samples/00710.png 61
ucf/PlayingDhol/samples/00711.png 61
ucf/PlayingDhol/samples/00712.png 61
ucf/PlayingDhol/samples/00713.png 61
ucf/PlayingDhol/samples/00714.png 61
ucf/PlayingDhol/samples/00715.png 61
ucf/PlayingDhol/samples/00716.png 61
ucf/PlayingDhol/samples/00717.png 61
ucf/PlayingDhol/samples/00718.png 61
ucf/PlayingDhol/samples/00719.png 61
ucf/PlayingDhol/samples/00720.png 61
ucf/PlayingDhol/samples/00721.png 61
ucf/PlayingDhol/samples/00722.png 61
ucf/PlayingDhol/samples/00723.png 61
ucf/PlayingDhol/samples/00724.png 61
ucf/PlayingDhol/samples/00725.png 61
ucf/PlayingDhol/samples/00726.png 61
ucf/PlayingDhol/samples/00727.png 61
ucf/PlayingDhol/samples/00728.png 61
ucf/PlayingDhol/samples/00729.png 61
ucf/PlayingDhol/samples/00730.png 61
ucf/PlayingDhol/samples/00731.png 61
ucf/PlayingDhol/samples/00732.png 61
ucf/PlayingDhol/samples/00733.png 61
ucf/PlayingDhol/samples/00734.png 61
ucf/PlayingDhol/samples/00735.png 61
ucf/PlayingDhol/samples/00736.png 61
ucf/PlayingDhol/samples/00737.png 61
ucf/PlayingDhol/samples/00738.png 61
ucf/PlayingDhol/samples/00739.png 61
ucf/PlayingDhol/samples/00740.png 61
ucf/PlayingDhol/samples/00741.png 61
ucf/PlayingDhol/samples/00742.png 61
ucf/PlayingDhol/samples/00743.png 61
ucf/PlayingDhol/samples/00744.png 61
ucf/PlayingDhol/samples/00745.png 61
ucf/PlayingDhol/samples/00746.png 61
ucf/PlayingDhol/samples/00747.png 61
ucf/PlayingDhol/samples/00748.png 61
ucf/PlayingDhol/samples/00749.png 61
ucf/PlayingDhol/samples/00750.png 61
ucf/PlayingDhol/samples/00751.png 61
ucf/PlayingDhol/samples/00752.png 61
ucf/PlayingDhol/samples/00753.png 61
ucf/PlayingDhol/samples/00754.png 61
ucf/PlayingDhol/samples/00755.png 61
ucf/PlayingDhol/samples/00756.png 61
ucf/PlayingDhol/samples/00757.png 61
ucf/PlayingDhol/samples/00758.png 61
ucf/PlayingDhol/samples/00759.png 61
ucf/PlayingDhol/samples/00760.png 61
ucf/PlayingDhol/samples/00761.png 61
ucf/PlayingDhol/samples/00762.png 61
ucf/PlayingDhol/samples/00763.png 61
ucf/PlayingDhol/samples/00764.png 61
ucf/PlayingDhol/samples/00765.png 61
ucf/PlayingDhol/samples/00766.png 61
ucf/PlayingDhol/samples/00767.png 61
ucf/PlayingDhol/samples/00768.png 61
ucf/PlayingDhol/samples/00769.png 61
ucf/PlayingDhol/samples/00770.png 61
ucf/PlayingDhol/samples/00771.png 61
ucf/PlayingDhol/samples/00772.png 61
ucf/PlayingDhol/samples/00773.png 61
ucf/PlayingDhol/samples/00774.png 61
ucf/PlayingDhol/samples/00775.png 61
ucf/PlayingDhol/samples/00776.png 61
ucf/PlayingDhol/samples/00777.png 61
ucf/PlayingDhol/samples/00778.png 61
ucf/PlayingDhol/samples/00779.png 61
ucf/PlayingDhol/samples/00780.png 61
ucf/PlayingDhol/samples/00781.png 61
ucf/PlayingDhol/samples/00782.png 61
ucf/PlayingDhol/samples/00783.png 61
ucf/PlayingDhol/samples/00784.png 61
ucf/PlayingDhol/samples/00785.png 61
ucf/PlayingDhol/samples/00786.png 61
ucf/PlayingDhol/samples/00787.png 61
ucf/PlayingDhol/samples/00788.png 61
ucf/PlayingDhol/samples/00789.png 61
ucf/PlayingDhol/samples/00790.png 61
ucf/PlayingDhol/samples/00791.png 61
ucf/PlayingDhol/samples/00792.png 61
ucf/PlayingDhol/samples/00793.png 61
ucf/PlayingDhol/samples/00794.png 61
ucf/PlayingDhol/samples/00795.png 61
ucf/PlayingDhol/samples/00796.png 61
ucf/PlayingDhol/samples/00797.png 61
ucf/PlayingDhol/samples/00798.png 61
ucf/PlayingDhol/samples/00799.png 61
ucf/PlayingDhol/samples/00800.png 61
ucf/PlayingDhol/samples/00801.png 61
ucf/PlayingDhol/samples/00802.png 61
ucf/PlayingDhol/samples/00803.png 61
ucf/PlayingDhol/samples/00804.png 61
ucf/PlayingDhol/samples/00805.png 61
ucf/PlayingDhol/samples/00806.png 61
ucf/PlayingDhol/samples/00807.png 61
ucf/PlayingDhol/samples/00808.png 61
ucf/PlayingDhol/samples/00809.png 61
ucf/PlayingDhol/samples/00810.png 61
ucf/PlayingDhol/samples/00811.png 61
ucf/PlayingDhol/samples/00812.png 61
ucf/PlayingDhol/samples/00813.png 61
ucf/PlayingDhol/samples/00814.png 61
ucf/PlayingDhol/samples/00815.png 61
ucf/PlayingDhol/samples/00816.png 61
ucf/PlayingDhol/samples/00817.png 61
ucf/PlayingDhol/samples/00818.png 61
ucf/PlayingDhol/samples/00819.png 61
ucf/PlayingDhol/samples/00820.png 61
ucf/PlayingDhol/samples/00821.png 61
ucf/PlayingDhol/samples/00822.png 61
ucf/PlayingDhol/samples/00823.png 61
ucf/PlayingDhol/samples/00824.png 61
ucf/PlayingDhol/samples/00825.png 61
ucf/PlayingDhol/samples/00826.png 61
ucf/PlayingDhol/samples/00827.png 61
ucf/PlayingDhol/samples/00828.png 61
ucf/PlayingDhol/samples/00829.png 61
ucf/PlayingDhol/samples/00830.png 61
ucf/PlayingDhol/samples/00831.png 61
ucf/PlayingDhol/samples/00832.png 61
ucf/PlayingDhol/samples/00833.png 61
ucf/PlayingDhol/samples/00834.png 61
ucf/PlayingDhol/samples/00835.png 61
ucf/PlayingDhol/samples/00836.png 61
ucf/PlayingDhol/samples/00837.png 61
ucf/PlayingDhol/samples/00838.png 61
ucf/PlayingDhol/samples/00839.png 61
ucf/PlayingDhol/samples/00840.png 61
ucf/PlayingDhol/samples/00841.png 61
ucf/PlayingDhol/samples/00842.png 61
ucf/PlayingDhol/samples/00843.png 61
ucf/PlayingDhol/samples/00844.png 61
ucf/PlayingDhol/samples/00845.png 61
ucf/PlayingDhol/samples/00846.png 61
ucf/PlayingDhol/samples/00847.png 61
ucf/PlayingDhol/samples/00848.png 61
ucf/PlayingDhol/samples/00849.png 61
ucf/PlayingDhol/samples/00850.png 61
ucf/PlayingDhol/samples/00851.png 61
ucf/PlayingDhol/samples/00852.png 61
ucf/PlayingDhol/samples/00853.png 61
ucf/PlayingDhol/samples/00854.png 61
ucf/PlayingDhol/samples/00855.png 61
ucf/PlayingDhol/samples/00856.png 61
ucf/PlayingDhol/samples/00857.png 61
ucf/PlayingDhol/samples/00858.png 61
ucf/PlayingDhol/samples/00859.png 61
ucf/PlayingDhol/samples/00860.png 61
ucf/PlayingDhol/samples/00861.png 61
ucf/PlayingDhol/samples/00862.png 61
ucf/PlayingDhol/samples/00863.png 61
ucf/PlayingDhol/samples/00864.png 61
ucf/PlayingDhol/samples/00865.png 61
ucf/PlayingDhol/samples/00866.png 61
ucf/PlayingDhol/samples/00867.png 61
ucf/PlayingDhol/samples/00868.png 61
ucf/PlayingDhol/samples/00869.png 61
ucf/PlayingDhol/samples/00870.png 61
ucf/PlayingDhol/samples/00871.png 61
ucf/PlayingDhol/samples/00872.png 61
ucf/PlayingDhol/samples/00873.png 61
ucf/PlayingDhol/samples/00874.png 61
ucf/PlayingDhol/samples/00875.png 61
ucf/PlayingDhol/samples/00876.png 61
ucf/PlayingDhol/samples/00877.png 61
ucf/PlayingDhol/samples/00878.png 61
ucf/PlayingDhol/samples/00879.png 61
ucf/PlayingDhol/samples/00880.png 61
ucf/PlayingDhol/samples/00881.png 61
ucf/PlayingDhol/samples/00882.png 61
ucf/PlayingDhol/samples/00883.png 61
ucf/PlayingDhol/samples/00884.png 61
ucf/PlayingDhol/samples/00885.png 61
ucf/PlayingDhol/samples/00886.png 61
ucf/PlayingDhol/samples/00887.png 61
ucf/PlayingDhol/samples/00888.png 61
ucf/PlayingDhol/samples/00889.png 61
ucf/PlayingDhol/samples/00890.png 61
ucf/PlayingDhol/samples/00891.png 61
ucf/PlayingDhol/samples/00892.png 61
ucf/PlayingDhol/samples/00893.png 61
ucf/PlayingDhol/samples/00894.png 61
ucf/PlayingDhol/samples/00895.png 61
ucf/PlayingDhol/samples/00896.png 61
ucf/PlayingDhol/samples/00897.png 61
ucf/PlayingDhol/samples/00898.png 61
ucf/PlayingDhol/samples/00899.png 61
ucf/PlayingDhol/samples/00900.png 61
ucf/PlayingDhol/samples/00901.png 61
ucf/PlayingDhol/samples/00902.png 61
ucf/PlayingDhol/samples/00903.png 61
ucf/PlayingDhol/samples/00904.png 61
ucf/PlayingDhol/samples/00905.png 61
ucf/PlayingDhol/samples/00906.png 61
ucf/PlayingDhol/samples/00907.png 61
ucf/PlayingDhol/samples/00908.png 61
ucf/PlayingDhol/samples/00909.png 61
ucf/PlayingDhol/samples/00910.png 61
ucf/PlayingDhol/samples/00911.png 61
ucf/PlayingDhol/samples/00912.png 61
ucf/PlayingDhol/samples/00913.png 61
ucf/PlayingDhol/samples/00914.png 61
ucf/PlayingDhol/samples/00915.png 61
ucf/PlayingDhol/samples/00916.png 61
ucf/PlayingDhol/samples/00917.png 61
ucf/PlayingDhol/samples/00918.png 61
ucf/PlayingDhol/samples/00919.png 61
ucf/PlayingDhol/samples/00920.png 61
ucf/PlayingDhol/samples/00921.png 61
ucf/PlayingDhol/samples/00922.png 61
ucf/PlayingDhol/samples/00923.png 61
ucf/PlayingDhol/samples/00924.png 61
ucf/PlayingDhol/samples/00925.png 61
ucf/PlayingDhol/samples/00926.png 61
ucf/PlayingDhol/samples/00927.png 61
ucf/PlayingDhol/samples/00928.png 61
ucf/PlayingDhol/samples/00929.png 61
ucf/PlayingDhol/samples/00930.png 61
ucf/PlayingDhol/samples/00931.png 61
ucf/PlayingDhol/samples/00932.png 61
ucf/PlayingDhol/samples/00933.png 61
ucf/PlayingDhol/samples/00934.png 61
ucf/PlayingDhol/samples/00935.png 61
ucf/PlayingDhol/samples/00936.png 61
ucf/PlayingDhol/samples/00937.png 61
ucf/PlayingDhol/samples/00938.png 61
ucf/PlayingDhol/samples/00939.png 61
ucf/PlayingDhol/samples/00940.png 61
ucf/PlayingDhol/samples/00941.png 61
ucf/PlayingDhol/samples/00942.png 61
ucf/PlayingDhol/samples/00943.png 61
ucf/PlayingDhol/samples/00944.png 61
ucf/PlayingDhol/samples/00945.png 61
ucf/PlayingDhol/samples/00946.png 61
ucf/PlayingDhol/samples/00947.png 61
ucf/PlayingDhol/samples/00948.png 61
ucf/PlayingDhol/samples/00949.png 61
ucf/PlayingDhol/samples/00950.png 61
ucf/PlayingDhol/samples/00951.png 61
ucf/PlayingDhol/samples/00952.png 61
ucf/PlayingDhol/samples/00953.png 61
ucf/PlayingDhol/samples/00954.png 61
ucf/PlayingDhol/samples/00955.png 61
ucf/PlayingDhol/samples/00956.png 61
ucf/PlayingDhol/samples/00957.png 61
ucf/PlayingDhol/samples/00958.png 61
ucf/PlayingDhol/samples/00959.png 61
ucf/PlayingDhol/samples/00960.png 61
ucf/PlayingDhol/samples/00961.png 61
ucf/PlayingDhol/samples/00962.png 61
ucf/PlayingDhol/samples/00963.png 61
ucf/PlayingDhol/samples/00964.png 61
ucf/PlayingDhol/samples/00965.png 61
ucf/PlayingDhol/samples/00966.png 61
ucf/PlayingDhol/samples/00967.png 61
ucf/PlayingDhol/samples/00968.png 61
ucf/PlayingDhol/samples/00969.png 61
ucf/PlayingDhol/samples/00970.png 61
ucf/PlayingDhol/samples/00971.png 61
ucf/PlayingDhol/samples/00972.png 61
ucf/PlayingDhol/samples/00973.png 61
ucf/PlayingDhol/samples/00974.png 61
ucf/PlayingDhol/samples/00975.png 61
ucf/PlayingDhol/samples/00976.png 61
ucf/PlayingDhol/samples/00977.png 61
ucf/PlayingDhol/samples/00978.png 61
ucf/PlayingDhol/samples/00979.png 61
ucf/PlayingDhol/samples/00980.png 61
ucf/PlayingDhol/samples/00981.png 61
ucf/PlayingDhol/samples/00982.png 61
ucf/PlayingDhol/samples/00983.png 61
ucf/PlayingDhol/samples/00984.png 61
ucf/PlayingDhol/samples/00985.png 61
ucf/PlayingDhol/samples/00986.png 61
ucf/PlayingDhol/samples/00987.png 61
ucf/PlayingDhol/samples/00988.png 61
ucf/PlayingDhol/samples/00989.png 61
ucf/PlayingDhol/samples/00990.png 61
ucf/PlayingDhol/samples/00991.png 61
ucf/PlayingDhol/samples/00992.png 61
ucf/PlayingDhol/samples/00993.png 61
ucf/PlayingDhol/samples/00994.png 61
ucf/PlayingDhol/samples/00995.png 61
ucf/PlayingDhol/samples/00996.png 61
ucf/PlayingDhol/samples/00997.png 61
ucf/PlayingDhol/samples/00998.png 61
ucf/PlayingDhol/samples/00999.png 61
ucf/Fencing/samples/00000.png 28
ucf/Fencing/samples/00001.png 28
ucf/Fencing/samples/00002.png 28
ucf/Fencing/samples/00003.png 28
ucf/Fencing/samples/00004.png 28
ucf/Fencing/samples/00005.png 28
ucf/Fencing/samples/00006.png 28
ucf/Fencing/samples/00007.png 28
ucf/Fencing/samples/00008.png 28
ucf/Fencing/samples/00009.png 28
ucf/Fencing/samples/00010.png 28
ucf/Fencing/samples/00011.png 28
ucf/Fencing/samples/00012.png 28
ucf/Fencing/samples/00013.png 28
ucf/Fencing/samples/00014.png 28
ucf/Fencing/samples/00015.png 28
ucf/Fencing/samples/00016.png 28
ucf/Fencing/samples/00017.png 28
ucf/Fencing/samples/00018.png 28
ucf/Fencing/samples/00019.png 28
ucf/Fencing/samples/00020.png 28
ucf/Fencing/samples/00021.png 28
ucf/Fencing/samples/00022.png 28
ucf/Fencing/samples/00023.png 28
ucf/Fencing/samples/00024.png 28
ucf/Fencing/samples/00025.png 28
ucf/Fencing/samples/00026.png 28
ucf/Fencing/samples/00027.png 28
ucf/Fencing/samples/00028.png 28
ucf/Fencing/samples/00029.png 28
ucf/Fencing/samples/00030.png 28
ucf/Fencing/samples/00031.png 28
ucf/Fencing/samples/00032.png 28
ucf/Fencing/samples/00033.png 28
ucf/Fencing/samples/00034.png 28
ucf/Fencing/samples/00035.png 28
ucf/Fencing/samples/00036.png 28
ucf/Fencing/samples/00037.png 28
ucf/Fencing/samples/00038.png 28
ucf/Fencing/samples/00039.png 28
ucf/Fencing/samples/00040.png 28
ucf/Fencing/samples/00041.png 28
ucf/Fencing/samples/00042.png 28
ucf/Fencing/samples/00043.png 28
ucf/Fencing/samples/00044.png 28
ucf/Fencing/samples/00045.png 28
ucf/Fencing/samples/00046.png 28
ucf/Fencing/samples/00047.png 28
ucf/Fencing/samples/00048.png 28
ucf/Fencing/samples/00049.png 28
ucf/Fencing/samples/00050.png 28
ucf/Fencing/samples/00051.png 28
ucf/Fencing/samples/00052.png 28
ucf/Fencing/samples/00053.png 28
ucf/Fencing/samples/00054.png 28
ucf/Fencing/samples/00055.png 28
ucf/Fencing/samples/00056.png 28
ucf/Fencing/samples/00057.png 28
ucf/Fencing/samples/00058.png 28
ucf/Fencing/samples/00059.png 28
ucf/Fencing/samples/00060.png 28
ucf/Fencing/samples/00061.png 28
ucf/Fencing/samples/00062.png 28
ucf/Fencing/samples/00063.png 28
ucf/Fencing/samples/00064.png 28
ucf/Fencing/samples/00065.png 28
ucf/Fencing/samples/00066.png 28
ucf/Fencing/samples/00067.png 28
ucf/Fencing/samples/00068.png 28
ucf/Fencing/samples/00069.png 28
ucf/Fencing/samples/00070.png 28
ucf/Fencing/samples/00071.png 28
ucf/Fencing/samples/00072.png 28
ucf/Fencing/samples/00073.png 28
ucf/Fencing/samples/00074.png 28
ucf/Fencing/samples/00075.png 28
ucf/Fencing/samples/00076.png 28
ucf/Fencing/samples/00077.png 28
ucf/Fencing/samples/00078.png 28
ucf/Fencing/samples/00079.png 28
ucf/Fencing/samples/00080.png 28
ucf/Fencing/samples/00081.png 28
ucf/Fencing/samples/00082.png 28
ucf/Fencing/samples/00083.png 28
ucf/Fencing/samples/00084.png 28
ucf/Fencing/samples/00085.png 28
ucf/Fencing/samples/00086.png 28
ucf/Fencing/samples/00087.png 28
ucf/Fencing/samples/00088.png 28
ucf/Fencing/samples/00089.png 28
ucf/Fencing/samples/00090.png 28
ucf/Fencing/samples/00091.png 28
ucf/Fencing/samples/00092.png 28
ucf/Fencing/samples/00093.png 28
ucf/Fencing/samples/00094.png 28
ucf/Fencing/samples/00095.png 28
ucf/Fencing/samples/00096.png 28
ucf/Fencing/samples/00097.png 28
ucf/Fencing/samples/00098.png 28
ucf/Fencing/samples/00099.png 28
ucf/Fencing/samples/00100.png 28
ucf/Fencing/samples/00101.png 28
ucf/Fencing/samples/00102.png 28
ucf/Fencing/samples/00103.png 28
ucf/Fencing/samples/00104.png 28
ucf/Fencing/samples/00105.png 28
ucf/Fencing/samples/00106.png 28
ucf/Fencing/samples/00107.png 28
ucf/Fencing/samples/00108.png 28
ucf/Fencing/samples/00109.png 28
ucf/Fencing/samples/00110.png 28
ucf/Fencing/samples/00111.png 28
ucf/Fencing/samples/00112.png 28
ucf/Fencing/samples/00113.png 28
ucf/Fencing/samples/00114.png 28
ucf/Fencing/samples/00115.png 28
ucf/Fencing/samples/00116.png 28
ucf/Fencing/samples/00117.png 28
ucf/Fencing/samples/00118.png 28
ucf/Fencing/samples/00119.png 28
ucf/Fencing/samples/00120.png 28
ucf/Fencing/samples/00121.png 28
ucf/Fencing/samples/00122.png 28
ucf/Fencing/samples/00123.png 28
ucf/Fencing/samples/00124.png 28
ucf/Fencing/samples/00125.png 28
ucf/Fencing/samples/00126.png 28
ucf/Fencing/samples/00127.png 28
ucf/Fencing/samples/00128.png 28
ucf/Fencing/samples/00129.png 28
ucf/Fencing/samples/00130.png 28
ucf/Fencing/samples/00131.png 28
ucf/Fencing/samples/00132.png 28
ucf/Fencing/samples/00133.png 28
ucf/Fencing/samples/00134.png 28
ucf/Fencing/samples/00135.png 28
ucf/Fencing/samples/00136.png 28
ucf/Fencing/samples/00137.png 28
ucf/Fencing/samples/00138.png 28
ucf/Fencing/samples/00139.png 28
ucf/Fencing/samples/00140.png 28
ucf/Fencing/samples/00141.png 28
ucf/Fencing/samples/00142.png 28
ucf/Fencing/samples/00143.png 28
ucf/Fencing/samples/00144.png 28
ucf/Fencing/samples/00145.png 28
ucf/Fencing/samples/00146.png 28
ucf/Fencing/samples/00147.png 28
ucf/Fencing/samples/00148.png 28
ucf/Fencing/samples/00149.png 28
ucf/Fencing/samples/00150.png 28
ucf/Fencing/samples/00151.png 28
ucf/Fencing/samples/00152.png 28
ucf/Fencing/samples/00153.png 28
ucf/Fencing/samples/00154.png 28
ucf/Fencing/samples/00155.png 28
ucf/Fencing/samples/00156.png 28
ucf/Fencing/samples/00157.png 28
ucf/Fencing/samples/00158.png 28
ucf/Fencing/samples/00159.png 28
ucf/Fencing/samples/00160.png 28
ucf/Fencing/samples/00161.png 28
ucf/Fencing/samples/00162.png 28
ucf/Fencing/samples/00163.png 28
ucf/Fencing/samples/00164.png 28
ucf/Fencing/samples/00165.png 28
ucf/Fencing/samples/00166.png 28
ucf/Fencing/samples/00167.png 28
ucf/Fencing/samples/00168.png 28
ucf/Fencing/samples/00169.png 28
ucf/Fencing/samples/00170.png 28
ucf/Fencing/samples/00171.png 28
ucf/Fencing/samples/00172.png 28
ucf/Fencing/samples/00173.png 28
ucf/Fencing/samples/00174.png 28
ucf/Fencing/samples/00175.png 28
ucf/Fencing/samples/00176.png 28
ucf/Fencing/samples/00177.png 28
ucf/Fencing/samples/00178.png 28
ucf/Fencing/samples/00179.png 28
ucf/Fencing/samples/00180.png 28
ucf/Fencing/samples/00181.png 28
ucf/Fencing/samples/00182.png 28
ucf/Fencing/samples/00183.png 28
ucf/Fencing/samples/00184.png 28
ucf/Fencing/samples/00185.png 28
ucf/Fencing/samples/00186.png 28
ucf/Fencing/samples/00187.png 28
ucf/Fencing/samples/00188.png 28
ucf/Fencing/samples/00189.png 28
ucf/Fencing/samples/00190.png 28
ucf/Fencing/samples/00191.png 28
ucf/Fencing/samples/00192.png 28
ucf/Fencing/samples/00193.png 28
ucf/Fencing/samples/00194.png 28
ucf/Fencing/samples/00195.png 28
ucf/Fencing/samples/00196.png 28
ucf/Fencing/samples/00197.png 28
ucf/Fencing/samples/00198.png 28
ucf/Fencing/samples/00199.png 28
ucf/Fencing/samples/00200.png 28
ucf/Fencing/samples/00201.png 28
ucf/Fencing/samples/00202.png 28
ucf/Fencing/samples/00203.png 28
ucf/Fencing/samples/00204.png 28
ucf/Fencing/samples/00205.png 28
ucf/Fencing/samples/00206.png 28
ucf/Fencing/samples/00207.png 28
ucf/Fencing/samples/00208.png 28
ucf/Fencing/samples/00209.png 28
ucf/Fencing/samples/00210.png 28
ucf/Fencing/samples/00211.png 28
ucf/Fencing/samples/00212.png 28
ucf/Fencing/samples/00213.png 28
ucf/Fencing/samples/00214.png 28
ucf/Fencing/samples/00215.png 28
ucf/Fencing/samples/00216.png 28
ucf/Fencing/samples/00217.png 28
ucf/Fencing/samples/00218.png 28
ucf/Fencing/samples/00219.png 28
ucf/Fencing/samples/00220.png 28
ucf/Fencing/samples/00221.png 28
ucf/Fencing/samples/00222.png 28
ucf/Fencing/samples/00223.png 28
ucf/Fencing/samples/00224.png 28
ucf/Fencing/samples/00225.png 28
ucf/Fencing/samples/00226.png 28
ucf/Fencing/samples/00227.png 28
ucf/Fencing/samples/00228.png 28
ucf/Fencing/samples/00229.png 28
ucf/Fencing/samples/00230.png 28
ucf/Fencing/samples/00231.png 28
ucf/Fencing/samples/00232.png 28
ucf/Fencing/samples/00233.png 28
ucf/Fencing/samples/00234.png 28
ucf/Fencing/samples/00235.png 28
ucf/Fencing/samples/00236.png 28
ucf/Fencing/samples/00237.png 28
ucf/Fencing/samples/00238.png 28
ucf/Fencing/samples/00239.png 28
ucf/Fencing/samples/00240.png 28
ucf/Fencing/samples/00241.png 28
ucf/Fencing/samples/00242.png 28
ucf/Fencing/samples/00243.png 28
ucf/Fencing/samples/00244.png 28
ucf/Fencing/samples/00245.png 28
ucf/Fencing/samples/00246.png 28
ucf/Fencing/samples/00247.png 28
ucf/Fencing/samples/00248.png 28
ucf/Fencing/samples/00249.png 28
ucf/Fencing/samples/00250.png 28
ucf/Fencing/samples/00251.png 28
ucf/Fencing/samples/00252.png 28
ucf/Fencing/samples/00253.png 28
ucf/Fencing/samples/00254.png 28
ucf/Fencing/samples/00255.png 28
ucf/Fencing/samples/00256.png 28
ucf/Fencing/samples/00257.png 28
ucf/Fencing/samples/00258.png 28
ucf/Fencing/samples/00259.png 28
ucf/Fencing/samples/00260.png 28
ucf/Fencing/samples/00261.png 28
ucf/Fencing/samples/00262.png 28
ucf/Fencing/samples/00263.png 28
ucf/Fencing/samples/00264.png 28
ucf/Fencing/samples/00265.png 28
ucf/Fencing/samples/00266.png 28
ucf/Fencing/samples/00267.png 28
ucf/Fencing/samples/00268.png 28
ucf/Fencing/samples/00269.png 28
ucf/Fencing/samples/00270.png 28
ucf/Fencing/samples/00271.png 28
ucf/Fencing/samples/00272.png 28
ucf/Fencing/samples/00273.png 28
ucf/Fencing/samples/00274.png 28
ucf/Fencing/samples/00275.png 28
ucf/Fencing/samples/00276.png 28
ucf/Fencing/samples/00277.png 28
ucf/Fencing/samples/00278.png 28
ucf/Fencing/samples/00279.png 28
ucf/Fencing/samples/00280.png 28
ucf/Fencing/samples/00281.png 28
ucf/Fencing/samples/00282.png 28
ucf/Fencing/samples/00283.png 28
ucf/Fencing/samples/00284.png 28
ucf/Fencing/samples/00285.png 28
ucf/Fencing/samples/00286.png 28
ucf/Fencing/samples/00287.png 28
ucf/Fencing/samples/00288.png 28
ucf/Fencing/samples/00289.png 28
ucf/Fencing/samples/00290.png 28
ucf/Fencing/samples/00291.png 28
ucf/Fencing/samples/00292.png 28
ucf/Fencing/samples/00293.png 28
ucf/Fencing/samples/00294.png 28
ucf/Fencing/samples/00295.png 28
ucf/Fencing/samples/00296.png 28
ucf/Fencing/samples/00297.png 28
ucf/Fencing/samples/00298.png 28
ucf/Fencing/samples/00299.png 28
ucf/Fencing/samples/00300.png 28
ucf/Fencing/samples/00301.png 28
ucf/Fencing/samples/00302.png 28
ucf/Fencing/samples/00303.png 28
ucf/Fencing/samples/00304.png 28
ucf/Fencing/samples/00305.png 28
ucf/Fencing/samples/00306.png 28
ucf/Fencing/samples/00307.png 28
ucf/Fencing/samples/00308.png 28
ucf/Fencing/samples/00309.png 28
ucf/Fencing/samples/00310.png 28
ucf/Fencing/samples/00311.png 28
ucf/Fencing/samples/00312.png 28
ucf/Fencing/samples/00313.png 28
ucf/Fencing/samples/00314.png 28
ucf/Fencing/samples/00315.png 28
ucf/Fencing/samples/00316.png 28
ucf/Fencing/samples/00317.png 28
ucf/Fencing/samples/00318.png 28
ucf/Fencing/samples/00319.png 28
ucf/Fencing/samples/00320.png 28
ucf/Fencing/samples/00321.png 28
ucf/Fencing/samples/00322.png 28
ucf/Fencing/samples/00323.png 28
ucf/Fencing/samples/00324.png 28
ucf/Fencing/samples/00325.png 28
ucf/Fencing/samples/00326.png 28
ucf/Fencing/samples/00327.png 28
ucf/Fencing/samples/00328.png 28
ucf/Fencing/samples/00329.png 28
ucf/Fencing/samples/00330.png 28
ucf/Fencing/samples/00331.png 28
ucf/Fencing/samples/00332.png 28
ucf/Fencing/samples/00333.png 28
ucf/Fencing/samples/00334.png 28
ucf/Fencing/samples/00335.png 28
ucf/Fencing/samples/00336.png 28
ucf/Fencing/samples/00337.png 28
ucf/Fencing/samples/00338.png 28
ucf/Fencing/samples/00339.png 28
ucf/Fencing/samples/00340.png 28
ucf/Fencing/samples/00341.png 28
ucf/Fencing/samples/00342.png 28
ucf/Fencing/samples/00343.png 28
ucf/Fencing/samples/00344.png 28
ucf/Fencing/samples/00345.png 28
ucf/Fencing/samples/00346.png 28
ucf/Fencing/samples/00347.png 28
ucf/Fencing/samples/00348.png 28
ucf/Fencing/samples/00349.png 28
ucf/Fencing/samples/00350.png 28
ucf/Fencing/samples/00351.png 28
ucf/Fencing/samples/00352.png 28
ucf/Fencing/samples/00353.png 28
ucf/Fencing/samples/00354.png 28
ucf/Fencing/samples/00355.png 28
ucf/Fencing/samples/00356.png 28
ucf/Fencing/samples/00357.png 28
ucf/Fencing/samples/00358.png 28
ucf/Fencing/samples/00359.png 28
ucf/Fencing/samples/00360.png 28
ucf/Fencing/samples/00361.png 28
ucf/Fencing/samples/00362.png 28
ucf/Fencing/samples/00363.png 28
ucf/Fencing/samples/00364.png 28
ucf/Fencing/samples/00365.png 28
ucf/Fencing/samples/00366.png 28
ucf/Fencing/samples/00367.png 28
ucf/Fencing/samples/00368.png 28
ucf/Fencing/samples/00369.png 28
ucf/Fencing/samples/00370.png 28
ucf/Fencing/samples/00371.png 28
ucf/Fencing/samples/00372.png 28
ucf/Fencing/samples/00373.png 28
ucf/Fencing/samples/00374.png 28
ucf/Fencing/samples/00375.png 28
ucf/Fencing/samples/00376.png 28
ucf/Fencing/samples/00377.png 28
ucf/Fencing/samples/00378.png 28
ucf/Fencing/samples/00379.png 28
ucf/Fencing/samples/00380.png 28
ucf/Fencing/samples/00381.png 28
ucf/Fencing/samples/00382.png 28
ucf/Fencing/samples/00383.png 28
ucf/Fencing/samples/00384.png 28
ucf/Fencing/samples/00385.png 28
ucf/Fencing/samples/00386.png 28
ucf/Fencing/samples/00387.png 28
ucf/Fencing/samples/00388.png 28
ucf/Fencing/samples/00389.png 28
ucf/Fencing/samples/00390.png 28
ucf/Fencing/samples/00391.png 28
ucf/Fencing/samples/00392.png 28
ucf/Fencing/samples/00393.png 28
ucf/Fencing/samples/00394.png 28
ucf/Fencing/samples/00395.png 28
ucf/Fencing/samples/00396.png 28
ucf/Fencing/samples/00397.png 28
ucf/Fencing/samples/00398.png 28
ucf/Fencing/samples/00399.png 28
ucf/Fencing/samples/00400.png 28
ucf/Fencing/samples/00401.png 28
ucf/Fencing/samples/00402.png 28
ucf/Fencing/samples/00403.png 28
ucf/Fencing/samples/00404.png 28
ucf/Fencing/samples/00405.png 28
ucf/Fencing/samples/00406.png 28
ucf/Fencing/samples/00407.png 28
ucf/Fencing/samples/00408.png 28
ucf/Fencing/samples/00409.png 28
ucf/Fencing/samples/00410.png 28
ucf/Fencing/samples/00411.png 28
ucf/Fencing/samples/00412.png 28
ucf/Fencing/samples/00413.png 28
ucf/Fencing/samples/00414.png 28
ucf/Fencing/samples/00415.png 28
ucf/Fencing/samples/00416.png 28
ucf/Fencing/samples/00417.png 28
ucf/Fencing/samples/00418.png 28
ucf/Fencing/samples/00419.png 28
ucf/Fencing/samples/00420.png 28
ucf/Fencing/samples/00421.png 28
ucf/Fencing/samples/00422.png 28
ucf/Fencing/samples/00423.png 28
ucf/Fencing/samples/00424.png 28
ucf/Fencing/samples/00425.png 28
ucf/Fencing/samples/00426.png 28
ucf/Fencing/samples/00427.png 28
ucf/Fencing/samples/00428.png 28
ucf/Fencing/samples/00429.png 28
ucf/Fencing/samples/00430.png 28
ucf/Fencing/samples/00431.png 28
ucf/Fencing/samples/00432.png 28
ucf/Fencing/samples/00433.png 28
ucf/Fencing/samples/00434.png 28
ucf/Fencing/samples/00435.png 28
ucf/Fencing/samples/00436.png 28
ucf/Fencing/samples/00437.png 28
ucf/Fencing/samples/00438.png 28
ucf/Fencing/samples/00439.png 28
ucf/Fencing/samples/00440.png 28
ucf/Fencing/samples/00441.png 28
ucf/Fencing/samples/00442.png 28
ucf/Fencing/samples/00443.png 28
ucf/Fencing/samples/00444.png 28
ucf/Fencing/samples/00445.png 28
ucf/Fencing/samples/00446.png 28
ucf/Fencing/samples/00447.png 28
ucf/Fencing/samples/00448.png 28
ucf/Fencing/samples/00449.png 28
ucf/Fencing/samples/00450.png 28
ucf/Fencing/samples/00451.png 28
ucf/Fencing/samples/00452.png 28
ucf/Fencing/samples/00453.png 28
ucf/Fencing/samples/00454.png 28
ucf/Fencing/samples/00455.png 28
ucf/Fencing/samples/00456.png 28
ucf/Fencing/samples/00457.png 28
ucf/Fencing/samples/00458.png 28
ucf/Fencing/samples/00459.png 28
ucf/Fencing/samples/00460.png 28
ucf/Fencing/samples/00461.png 28
ucf/Fencing/samples/00462.png 28
ucf/Fencing/samples/00463.png 28
ucf/Fencing/samples/00464.png 28
ucf/Fencing/samples/00465.png 28
ucf/Fencing/samples/00466.png 28
ucf/Fencing/samples/00467.png 28
ucf/Fencing/samples/00468.png 28
ucf/Fencing/samples/00469.png 28
ucf/Fencing/samples/00470.png 28
ucf/Fencing/samples/00471.png 28
ucf/Fencing/samples/00472.png 28
ucf/Fencing/samples/00473.png 28
ucf/Fencing/samples/00474.png 28
ucf/Fencing/samples/00475.png 28
ucf/Fencing/samples/00476.png 28
ucf/Fencing/samples/00477.png 28
ucf/Fencing/samples/00478.png 28
ucf/Fencing/samples/00479.png 28
ucf/Fencing/samples/00480.png 28
ucf/Fencing/samples/00481.png 28
ucf/Fencing/samples/00482.png 28
ucf/Fencing/samples/00483.png 28
ucf/Fencing/samples/00484.png 28
ucf/Fencing/samples/00485.png 28
ucf/Fencing/samples/00486.png 28
ucf/Fencing/samples/00487.png 28
ucf/Fencing/samples/00488.png 28
ucf/Fencing/samples/00489.png 28
ucf/Fencing/samples/00490.png 28
ucf/Fencing/samples/00491.png 28
ucf/Fencing/samples/00492.png 28
ucf/Fencing/samples/00493.png 28
ucf/Fencing/samples/00494.png 28
ucf/Fencing/samples/00495.png 28
ucf/Fencing/samples/00496.png 28
ucf/Fencing/samples/00497.png 28
ucf/Fencing/samples/00498.png 28
ucf/Fencing/samples/00499.png 28
ucf/Fencing/samples/00500.png 28
ucf/Fencing/samples/00501.png 28
ucf/Fencing/samples/00502.png 28
ucf/Fencing/samples/00503.png 28
ucf/Fencing/samples/00504.png 28
ucf/Fencing/samples/00505.png 28
ucf/Fencing/samples/00506.png 28
ucf/Fencing/samples/00507.png 28
ucf/Fencing/samples/00508.png 28
ucf/Fencing/samples/00509.png 28
ucf/Fencing/samples/00510.png 28
ucf/Fencing/samples/00511.png 28
ucf/Fencing/samples/00512.png 28
ucf/Fencing/samples/00513.png 28
ucf/Fencing/samples/00514.png 28
ucf/Fencing/samples/00515.png 28
ucf/Fencing/samples/00516.png 28
ucf/Fencing/samples/00517.png 28
ucf/Fencing/samples/00518.png 28
ucf/Fencing/samples/00519.png 28
ucf/Fencing/samples/00520.png 28
ucf/Fencing/samples/00521.png 28
ucf/Fencing/samples/00522.png 28
ucf/Fencing/samples/00523.png 28
ucf/Fencing/samples/00524.png 28
ucf/Fencing/samples/00525.png 28
ucf/Fencing/samples/00526.png 28
ucf/Fencing/samples/00527.png 28
ucf/Fencing/samples/00528.png 28
ucf/Fencing/samples/00529.png 28
ucf/Fencing/samples/00530.png 28
ucf/Fencing/samples/00531.png 28
ucf/Fencing/samples/00532.png 28
ucf/Fencing/samples/00533.png 28
ucf/Fencing/samples/00534.png 28
ucf/Fencing/samples/00535.png 28
ucf/Fencing/samples/00536.png 28
ucf/Fencing/samples/00537.png 28
ucf/Fencing/samples/00538.png 28
ucf/Fencing/samples/00539.png 28
ucf/Fencing/samples/00540.png 28
ucf/Fencing/samples/00541.png 28
ucf/Fencing/samples/00542.png 28
ucf/Fencing/samples/00543.png 28
ucf/Fencing/samples/00544.png 28
ucf/Fencing/samples/00545.png 28
ucf/Fencing/samples/00546.png 28
ucf/Fencing/samples/00547.png 28
ucf/Fencing/samples/00548.png 28
ucf/Fencing/samples/00549.png 28
ucf/Fencing/samples/00550.png 28
ucf/Fencing/samples/00551.png 28
ucf/Fencing/samples/00552.png 28
ucf/Fencing/samples/00553.png 28
ucf/Fencing/samples/00554.png 28
ucf/Fencing/samples/00555.png 28
ucf/Fencing/samples/00556.png 28
ucf/Fencing/samples/00557.png 28
ucf/Fencing/samples/00558.png 28
ucf/Fencing/samples/00559.png 28
ucf/Fencing/samples/00560.png 28
ucf/Fencing/samples/00561.png 28
ucf/Fencing/samples/00562.png 28
ucf/Fencing/samples/00563.png 28
ucf/Fencing/samples/00564.png 28
ucf/Fencing/samples/00565.png 28
ucf/Fencing/samples/00566.png 28
ucf/Fencing/samples/00567.png 28
ucf/Fencing/samples/00568.png 28
ucf/Fencing/samples/00569.png 28
ucf/Fencing/samples/00570.png 28
ucf/Fencing/samples/00571.png 28
ucf/Fencing/samples/00572.png 28
ucf/Fencing/samples/00573.png 28
ucf/Fencing/samples/00574.png 28
ucf/Fencing/samples/00575.png 28
ucf/Fencing/samples/00576.png 28
ucf/Fencing/samples/00577.png 28
ucf/Fencing/samples/00578.png 28
ucf/Fencing/samples/00579.png 28
ucf/Fencing/samples/00580.png 28
ucf/Fencing/samples/00581.png 28
ucf/Fencing/samples/00582.png 28
ucf/Fencing/samples/00583.png 28
ucf/Fencing/samples/00584.png 28
ucf/Fencing/samples/00585.png 28
ucf/Fencing/samples/00586.png 28
ucf/Fencing/samples/00587.png 28
ucf/Fencing/samples/00588.png 28
ucf/Fencing/samples/00589.png 28
ucf/Fencing/samples/00590.png 28
ucf/Fencing/samples/00591.png 28
ucf/Fencing/samples/00592.png 28
ucf/Fencing/samples/00593.png 28
ucf/Fencing/samples/00594.png 28
ucf/Fencing/samples/00595.png 28
ucf/Fencing/samples/00596.png 28
ucf/Fencing/samples/00597.png 28
ucf/Fencing/samples/00598.png 28
ucf/Fencing/samples/00599.png 28
ucf/Fencing/samples/00600.png 28
ucf/Fencing/samples/00601.png 28
ucf/Fencing/samples/00602.png 28
ucf/Fencing/samples/00603.png 28
ucf/Fencing/samples/00604.png 28
ucf/Fencing/samples/00605.png 28
ucf/Fencing/samples/00606.png 28
ucf/Fencing/samples/00607.png 28
ucf/Fencing/samples/00608.png 28
ucf/Fencing/samples/00609.png 28
ucf/Fencing/samples/00610.png 28
ucf/Fencing/samples/00611.png 28
ucf/Fencing/samples/00612.png 28
ucf/Fencing/samples/00613.png 28
ucf/Fencing/samples/00614.png 28
ucf/Fencing/samples/00615.png 28
ucf/Fencing/samples/00616.png 28
ucf/Fencing/samples/00617.png 28
ucf/Fencing/samples/00618.png 28
ucf/Fencing/samples/00619.png 28
ucf/Fencing/samples/00620.png 28
ucf/Fencing/samples/00621.png 28
ucf/Fencing/samples/00622.png 28
ucf/Fencing/samples/00623.png 28
ucf/Fencing/samples/00624.png 28
ucf/Fencing/samples/00625.png 28
ucf/Fencing/samples/00626.png 28
ucf/Fencing/samples/00627.png 28
ucf/Fencing/samples/00628.png 28
ucf/Fencing/samples/00629.png 28
ucf/Fencing/samples/00630.png 28
ucf/Fencing/samples/00631.png 28
ucf/Fencing/samples/00632.png 28
ucf/Fencing/samples/00633.png 28
ucf/Fencing/samples/00634.png 28
ucf/Fencing/samples/00635.png 28
ucf/Fencing/samples/00636.png 28
ucf/Fencing/samples/00637.png 28
ucf/Fencing/samples/00638.png 28
ucf/Fencing/samples/00639.png 28
ucf/Fencing/samples/00640.png 28
ucf/Fencing/samples/00641.png 28
ucf/Fencing/samples/00642.png 28
ucf/Fencing/samples/00643.png 28
ucf/Fencing/samples/00644.png 28
ucf/Fencing/samples/00645.png 28
ucf/Fencing/samples/00646.png 28
ucf/Fencing/samples/00647.png 28
ucf/Fencing/samples/00648.png 28
ucf/Fencing/samples/00649.png 28
ucf/Fencing/samples/00650.png 28
ucf/Fencing/samples/00651.png 28
ucf/Fencing/samples/00652.png 28
ucf/Fencing/samples/00653.png 28
ucf/Fencing/samples/00654.png 28
ucf/Fencing/samples/00655.png 28
ucf/Fencing/samples/00656.png 28
ucf/Fencing/samples/00657.png 28
ucf/Fencing/samples/00658.png 28
ucf/Fencing/samples/00659.png 28
ucf/Fencing/samples/00660.png 28
ucf/Fencing/samples/00661.png 28
ucf/Fencing/samples/00662.png 28
ucf/Fencing/samples/00663.png 28
ucf/Fencing/samples/00664.png 28
ucf/Fencing/samples/00665.png 28
ucf/Fencing/samples/00666.png 28
ucf/Fencing/samples/00667.png 28
ucf/Fencing/samples/00668.png 28
ucf/Fencing/samples/00669.png 28
ucf/Fencing/samples/00670.png 28
ucf/Fencing/samples/00671.png 28
ucf/Fencing/samples/00672.png 28
ucf/Fencing/samples/00673.png 28
ucf/Fencing/samples/00674.png 28
ucf/Fencing/samples/00675.png 28
ucf/Fencing/samples/00676.png 28
ucf/Fencing/samples/00677.png 28
ucf/Fencing/samples/00678.png 28
ucf/Fencing/samples/00679.png 28
ucf/Fencing/samples/00680.png 28
ucf/Fencing/samples/00681.png 28
ucf/Fencing/samples/00682.png 28
ucf/Fencing/samples/00683.png 28
ucf/Fencing/samples/00684.png 28
ucf/Fencing/samples/00685.png 28
ucf/Fencing/samples/00686.png 28
ucf/Fencing/samples/00687.png 28
ucf/Fencing/samples/00688.png 28
ucf/Fencing/samples/00689.png 28
ucf/Fencing/samples/00690.png 28
ucf/Fencing/samples/00691.png 28
ucf/Fencing/samples/00692.png 28
ucf/Fencing/samples/00693.png 28
ucf/Fencing/samples/00694.png 28
ucf/Fencing/samples/00695.png 28
ucf/Fencing/samples/00696.png 28
ucf/Fencing/samples/00697.png 28
ucf/Fencing/samples/00698.png 28
ucf/Fencing/samples/00699.png 28
ucf/Fencing/samples/00700.png 28
ucf/Fencing/samples/00701.png 28
ucf/Fencing/samples/00702.png 28
ucf/Fencing/samples/00703.png 28
ucf/Fencing/samples/00704.png 28
ucf/Fencing/samples/00705.png 28
ucf/Fencing/samples/00706.png 28
ucf/Fencing/samples/00707.png 28
ucf/Fencing/samples/00708.png 28
ucf/Fencing/samples/00709.png 28
ucf/Fencing/samples/00710.png 28
ucf/Fencing/samples/00711.png 28
ucf/Fencing/samples/00712.png 28
ucf/Fencing/samples/00713.png 28
ucf/Fencing/samples/00714.png 28
ucf/Fencing/samples/00715.png 28
ucf/Fencing/samples/00716.png 28
ucf/Fencing/samples/00717.png 28
ucf/Fencing/samples/00718.png 28
ucf/Fencing/samples/00719.png 28
ucf/Fencing/samples/00720.png 28
ucf/Fencing/samples/00721.png 28
ucf/Fencing/samples/00722.png 28
ucf/Fencing/samples/00723.png 28
ucf/Fencing/samples/00724.png 28
ucf/Fencing/samples/00725.png 28
ucf/Fencing/samples/00726.png 28
ucf/Fencing/samples/00727.png 28
ucf/Fencing/samples/00728.png 28
ucf/Fencing/samples/00729.png 28
ucf/Fencing/samples/00730.png 28
ucf/Fencing/samples/00731.png 28
ucf/Fencing/samples/00732.png 28
ucf/Fencing/samples/00733.png 28
ucf/Fencing/samples/00734.png 28
ucf/Fencing/samples/00735.png 28
ucf/Fencing/samples/00736.png 28
ucf/Fencing/samples/00737.png 28
ucf/Fencing/samples/00738.png 28
ucf/Fencing/samples/00739.png 28
ucf/Fencing/samples/00740.png 28
ucf/Fencing/samples/00741.png 28
ucf/Fencing/samples/00742.png 28
ucf/Fencing/samples/00743.png 28
ucf/Fencing/samples/00744.png 28
ucf/Fencing/samples/00745.png 28
ucf/Fencing/samples/00746.png 28
ucf/Fencing/samples/00747.png 28
ucf/Fencing/samples/00748.png 28
ucf/Fencing/samples/00749.png 28
ucf/Fencing/samples/00750.png 28
ucf/Fencing/samples/00751.png 28
ucf/Fencing/samples/00752.png 28
ucf/Fencing/samples/00753.png 28
ucf/Fencing/samples/00754.png 28
ucf/Fencing/samples/00755.png 28
ucf/Fencing/samples/00756.png 28
ucf/Fencing/samples/00757.png 28
ucf/Fencing/samples/00758.png 28
ucf/Fencing/samples/00759.png 28
ucf/Fencing/samples/00760.png 28
ucf/Fencing/samples/00761.png 28
ucf/Fencing/samples/00762.png 28
ucf/Fencing/samples/00763.png 28
ucf/Fencing/samples/00764.png 28
ucf/Fencing/samples/00765.png 28
ucf/Fencing/samples/00766.png 28
ucf/Fencing/samples/00767.png 28
ucf/Fencing/samples/00768.png 28
ucf/Fencing/samples/00769.png 28
ucf/Fencing/samples/00770.png 28
ucf/Fencing/samples/00771.png 28
ucf/Fencing/samples/00772.png 28
ucf/Fencing/samples/00773.png 28
ucf/Fencing/samples/00774.png 28
ucf/Fencing/samples/00775.png 28
ucf/Fencing/samples/00776.png 28
ucf/Fencing/samples/00777.png 28
ucf/Fencing/samples/00778.png 28
ucf/Fencing/samples/00779.png 28
ucf/Fencing/samples/00780.png 28
ucf/Fencing/samples/00781.png 28
ucf/Fencing/samples/00782.png 28
ucf/Fencing/samples/00783.png 28
ucf/Fencing/samples/00784.png 28
ucf/Fencing/samples/00785.png 28
ucf/Fencing/samples/00786.png 28
ucf/Fencing/samples/00787.png 28
ucf/Fencing/samples/00788.png 28
ucf/Fencing/samples/00789.png 28
ucf/Fencing/samples/00790.png 28
ucf/Fencing/samples/00791.png 28
ucf/Fencing/samples/00792.png 28
ucf/Fencing/samples/00793.png 28
ucf/Fencing/samples/00794.png 28
ucf/Fencing/samples/00795.png 28
ucf/Fencing/samples/00796.png 28
ucf/Fencing/samples/00797.png 28
ucf/Fencing/samples/00798.png 28
ucf/Fencing/samples/00799.png 28
ucf/Fencing/samples/00800.png 28
ucf/Fencing/samples/00801.png 28
ucf/Fencing/samples/00802.png 28
ucf/Fencing/samples/00803.png 28
ucf/Fencing/samples/00804.png 28
ucf/Fencing/samples/00805.png 28
ucf/Fencing/samples/00806.png 28
ucf/Fencing/samples/00807.png 28
ucf/Fencing/samples/00808.png 28
ucf/Fencing/samples/00809.png 28
ucf/Fencing/samples/00810.png 28
ucf/Fencing/samples/00811.png 28
ucf/Fencing/samples/00812.png 28
ucf/Fencing/samples/00813.png 28
ucf/Fencing/samples/00814.png 28
ucf/Fencing/samples/00815.png 28
ucf/Fencing/samples/00816.png 28
ucf/Fencing/samples/00817.png 28
ucf/Fencing/samples/00818.png 28
ucf/Fencing/samples/00819.png 28
ucf/Fencing/samples/00820.png 28
ucf/Fencing/samples/00821.png 28
ucf/Fencing/samples/00822.png 28
ucf/Fencing/samples/00823.png 28
ucf/Fencing/samples/00824.png 28
ucf/Fencing/samples/00825.png 28
ucf/Fencing/samples/00826.png 28
ucf/Fencing/samples/00827.png 28
ucf/Fencing/samples/00828.png 28
ucf/Fencing/samples/00829.png 28
ucf/Fencing/samples/00830.png 28
ucf/Fencing/samples/00831.png 28
ucf/Fencing/samples/00832.png 28
ucf/Fencing/samples/00833.png 28
ucf/Fencing/samples/00834.png 28
ucf/Fencing/samples/00835.png 28
ucf/Fencing/samples/00836.png 28
ucf/Fencing/samples/00837.png 28
ucf/Fencing/samples/00838.png 28
ucf/Fencing/samples/00839.png 28
ucf/Fencing/samples/00840.png 28
ucf/Fencing/samples/00841.png 28
ucf/Fencing/samples/00842.png 28
ucf/Fencing/samples/00843.png 28
ucf/Fencing/samples/00844.png 28
ucf/Fencing/samples/00845.png 28
ucf/Fencing/samples/00846.png 28
ucf/Fencing/samples/00847.png 28
ucf/Fencing/samples/00848.png 28
ucf/Fencing/samples/00849.png 28
ucf/Fencing/samples/00850.png 28
ucf/Fencing/samples/00851.png 28
ucf/Fencing/samples/00852.png 28
ucf/Fencing/samples/00853.png 28
ucf/Fencing/samples/00854.png 28
ucf/Fencing/samples/00855.png 28
ucf/Fencing/samples/00856.png 28
ucf/Fencing/samples/00857.png 28
ucf/Fencing/samples/00858.png 28
ucf/Fencing/samples/00859.png 28
ucf/Fencing/samples/00860.png 28
ucf/Fencing/samples/00861.png 28
ucf/Fencing/samples/00862.png 28
ucf/Fencing/samples/00863.png 28
ucf/Fencing/samples/00864.png 28
ucf/Fencing/samples/00865.png 28
ucf/Fencing/samples/00866.png 28
ucf/Fencing/samples/00867.png 28
ucf/Fencing/samples/00868.png 28
ucf/Fencing/samples/00869.png 28
ucf/Fencing/samples/00870.png 28
ucf/Fencing/samples/00871.png 28
ucf/Fencing/samples/00872.png 28
ucf/Fencing/samples/00873.png 28
ucf/Fencing/samples/00874.png 28
ucf/Fencing/samples/00875.png 28
ucf/Fencing/samples/00876.png 28
ucf/Fencing/samples/00877.png 28
ucf/Fencing/samples/00878.png 28
ucf/Fencing/samples/00879.png 28
ucf/Fencing/samples/00880.png 28
ucf/Fencing/samples/00881.png 28
ucf/Fencing/samples/00882.png 28
ucf/Fencing/samples/00883.png 28
ucf/Fencing/samples/00884.png 28
ucf/Fencing/samples/00885.png 28
ucf/Fencing/samples/00886.png 28
ucf/Fencing/samples/00887.png 28
ucf/Fencing/samples/00888.png 28
ucf/Fencing/samples/00889.png 28
ucf/Fencing/samples/00890.png 28
ucf/Fencing/samples/00891.png 28
ucf/Fencing/samples/00892.png 28
ucf/Fencing/samples/00893.png 28
ucf/Fencing/samples/00894.png 28
ucf/Fencing/samples/00895.png 28
ucf/Fencing/samples/00896.png 28
ucf/Fencing/samples/00897.png 28
ucf/Fencing/samples/00898.png 28
ucf/Fencing/samples/00899.png 28
ucf/Fencing/samples/00900.png 28
ucf/Fencing/samples/00901.png 28
ucf/Fencing/samples/00902.png 28
ucf/Fencing/samples/00903.png 28
ucf/Fencing/samples/00904.png 28
ucf/Fencing/samples/00905.png 28
ucf/Fencing/samples/00906.png 28
ucf/Fencing/samples/00907.png 28
ucf/Fencing/samples/00908.png 28
ucf/Fencing/samples/00909.png 28
ucf/Fencing/samples/00910.png 28
ucf/Fencing/samples/00911.png 28
ucf/Fencing/samples/00912.png 28
ucf/Fencing/samples/00913.png 28
ucf/Fencing/samples/00914.png 28
ucf/Fencing/samples/00915.png 28
ucf/Fencing/samples/00916.png 28
ucf/Fencing/samples/00917.png 28
ucf/Fencing/samples/00918.png 28
ucf/Fencing/samples/00919.png 28
ucf/Fencing/samples/00920.png 28
ucf/Fencing/samples/00921.png 28
ucf/Fencing/samples/00922.png 28
ucf/Fencing/samples/00923.png 28
ucf/Fencing/samples/00924.png 28
ucf/Fencing/samples/00925.png 28
ucf/Fencing/samples/00926.png 28
ucf/Fencing/samples/00927.png 28
ucf/Fencing/samples/00928.png 28
ucf/Fencing/samples/00929.png 28
ucf/Fencing/samples/00930.png 28
ucf/Fencing/samples/00931.png 28
ucf/Fencing/samples/00932.png 28
ucf/Fencing/samples/00933.png 28
ucf/Fencing/samples/00934.png 28
ucf/Fencing/samples/00935.png 28
ucf/Fencing/samples/00936.png 28
ucf/Fencing/samples/00937.png 28
ucf/Fencing/samples/00938.png 28
ucf/Fencing/samples/00939.png 28
ucf/Fencing/samples/00940.png 28
ucf/Fencing/samples/00941.png 28
ucf/Fencing/samples/00942.png 28
ucf/Fencing/samples/00943.png 28
ucf/Fencing/samples/00944.png 28
ucf/Fencing/samples/00945.png 28
ucf/Fencing/samples/00946.png 28
ucf/Fencing/samples/00947.png 28
ucf/Fencing/samples/00948.png 28
ucf/Fencing/samples/00949.png 28
ucf/Fencing/samples/00950.png 28
ucf/Fencing/samples/00951.png 28
ucf/Fencing/samples/00952.png 28
ucf/Fencing/samples/00953.png 28
ucf/Fencing/samples/00954.png 28
ucf/Fencing/samples/00955.png 28
ucf/Fencing/samples/00956.png 28
ucf/Fencing/samples/00957.png 28
ucf/Fencing/samples/00958.png 28
ucf/Fencing/samples/00959.png 28
ucf/Fencing/samples/00960.png 28
ucf/Fencing/samples/00961.png 28
ucf/Fencing/samples/00962.png 28
ucf/Fencing/samples/00963.png 28
ucf/Fencing/samples/00964.png 28
ucf/Fencing/samples/00965.png 28
ucf/Fencing/samples/00966.png 28
ucf/Fencing/samples/00967.png 28
ucf/Fencing/samples/00968.png 28
ucf/Fencing/samples/00969.png 28
ucf/Fencing/samples/00970.png 28
ucf/Fencing/samples/00971.png 28
ucf/Fencing/samples/00972.png 28
ucf/Fencing/samples/00973.png 28
ucf/Fencing/samples/00974.png 28
ucf/Fencing/samples/00975.png 28
ucf/Fencing/samples/00976.png 28
ucf/Fencing/samples/00977.png 28
ucf/Fencing/samples/00978.png 28
ucf/Fencing/samples/00979.png 28
ucf/Fencing/samples/00980.png 28
ucf/Fencing/samples/00981.png 28
ucf/Fencing/samples/00982.png 28
ucf/Fencing/samples/00983.png 28
ucf/Fencing/samples/00984.png 28
ucf/Fencing/samples/00985.png 28
ucf/Fencing/samples/00986.png 28
ucf/Fencing/samples/00987.png 28
ucf/Fencing/samples/00988.png 28
ucf/Fencing/samples/00989.png 28
ucf/Fencing/samples/00990.png 28
ucf/Fencing/samples/00991.png 28
ucf/Fencing/samples/00992.png 28
ucf/Fencing/samples/00993.png 28
ucf/Fencing/samples/00994.png 28
ucf/Fencing/samples/00995.png 28
ucf/Fencing/samples/00996.png 28
ucf/Fencing/samples/00997.png 28
ucf/Fencing/samples/00998.png 28
ucf/Fencing/samples/00999.png 28
ucf/BandMarching/samples/00000.png 6
ucf/BandMarching/samples/00001.png 6
ucf/BandMarching/samples/00002.png 6
ucf/BandMarching/samples/00003.png 6
ucf/BandMarching/samples/00004.png 6
ucf/BandMarching/samples/00005.png 6
ucf/BandMarching/samples/00006.png 6
ucf/BandMarching/samples/00007.png 6
ucf/BandMarching/samples/00008.png 6
ucf/BandMarching/samples/00009.png 6
ucf/BandMarching/samples/00010.png 6
ucf/BandMarching/samples/00011.png 6
ucf/BandMarching/samples/00012.png 6
ucf/BandMarching/samples/00013.png 6
ucf/BandMarching/samples/00014.png 6
ucf/BandMarching/samples/00015.png 6
ucf/BandMarching/samples/00016.png 6
ucf/BandMarching/samples/00017.png 6
ucf/BandMarching/samples/00018.png 6
ucf/BandMarching/samples/00019.png 6
ucf/BandMarching/samples/00020.png 6
ucf/BandMarching/samples/00021.png 6
ucf/BandMarching/samples/00022.png 6
ucf/BandMarching/samples/00023.png 6
ucf/BandMarching/samples/00024.png 6
ucf/BandMarching/samples/00025.png 6
ucf/BandMarching/samples/00026.png 6
ucf/BandMarching/samples/00027.png 6
ucf/BandMarching/samples/00028.png 6
ucf/BandMarching/samples/00029.png 6
ucf/BandMarching/samples/00030.png 6
ucf/BandMarching/samples/00031.png 6
ucf/BandMarching/samples/00032.png 6
ucf/BandMarching/samples/00033.png 6
ucf/BandMarching/samples/00034.png 6
ucf/BandMarching/samples/00035.png 6
ucf/BandMarching/samples/00036.png 6
ucf/BandMarching/samples/00037.png 6
ucf/BandMarching/samples/00038.png 6
ucf/BandMarching/samples/00039.png 6
ucf/BandMarching/samples/00040.png 6
ucf/BandMarching/samples/00041.png 6
ucf/BandMarching/samples/00042.png 6
ucf/BandMarching/samples/00043.png 6
ucf/BandMarching/samples/00044.png 6
ucf/BandMarching/samples/00045.png 6
ucf/BandMarching/samples/00046.png 6
ucf/BandMarching/samples/00047.png 6
ucf/BandMarching/samples/00048.png 6
ucf/BandMarching/samples/00049.png 6
ucf/BandMarching/samples/00050.png 6
ucf/BandMarching/samples/00051.png 6
ucf/BandMarching/samples/00052.png 6
ucf/BandMarching/samples/00053.png 6
ucf/BandMarching/samples/00054.png 6
ucf/BandMarching/samples/00055.png 6
ucf/BandMarching/samples/00056.png 6
ucf/BandMarching/samples/00057.png 6
ucf/BandMarching/samples/00058.png 6
ucf/BandMarching/samples/00059.png 6
ucf/BandMarching/samples/00060.png 6
ucf/BandMarching/samples/00061.png 6
ucf/BandMarching/samples/00062.png 6
ucf/BandMarching/samples/00063.png 6
ucf/BandMarching/samples/00064.png 6
ucf/BandMarching/samples/00065.png 6
ucf/BandMarching/samples/00066.png 6
ucf/BandMarching/samples/00067.png 6
ucf/BandMarching/samples/00068.png 6
ucf/BandMarching/samples/00069.png 6
ucf/BandMarching/samples/00070.png 6
ucf/BandMarching/samples/00071.png 6
ucf/BandMarching/samples/00072.png 6
ucf/BandMarching/samples/00073.png 6
ucf/BandMarching/samples/00074.png 6
ucf/BandMarching/samples/00075.png 6
ucf/BandMarching/samples/00076.png 6
ucf/BandMarching/samples/00077.png 6
ucf/BandMarching/samples/00078.png 6
ucf/BandMarching/samples/00079.png 6
ucf/BandMarching/samples/00080.png 6
ucf/BandMarching/samples/00081.png 6
ucf/BandMarching/samples/00082.png 6
ucf/BandMarching/samples/00083.png 6
ucf/BandMarching/samples/00084.png 6
ucf/BandMarching/samples/00085.png 6
ucf/BandMarching/samples/00086.png 6
ucf/BandMarching/samples/00087.png 6
ucf/BandMarching/samples/00088.png 6
ucf/BandMarching/samples/00089.png 6
ucf/BandMarching/samples/00090.png 6
ucf/BandMarching/samples/00091.png 6
ucf/BandMarching/samples/00092.png 6
ucf/BandMarching/samples/00093.png 6
ucf/BandMarching/samples/00094.png 6
ucf/BandMarching/samples/00095.png 6
ucf/BandMarching/samples/00096.png 6
ucf/BandMarching/samples/00097.png 6
ucf/BandMarching/samples/00098.png 6
ucf/BandMarching/samples/00099.png 6
ucf/BandMarching/samples/00100.png 6
ucf/BandMarching/samples/00101.png 6
ucf/BandMarching/samples/00102.png 6
ucf/BandMarching/samples/00103.png 6
ucf/BandMarching/samples/00104.png 6
ucf/BandMarching/samples/00105.png 6
ucf/BandMarching/samples/00106.png 6
ucf/BandMarching/samples/00107.png 6
ucf/BandMarching/samples/00108.png 6
ucf/BandMarching/samples/00109.png 6
ucf/BandMarching/samples/00110.png 6
ucf/BandMarching/samples/00111.png 6
ucf/BandMarching/samples/00112.png 6
ucf/BandMarching/samples/00113.png 6
ucf/BandMarching/samples/00114.png 6
ucf/BandMarching/samples/00115.png 6
ucf/BandMarching/samples/00116.png 6
ucf/BandMarching/samples/00117.png 6
ucf/BandMarching/samples/00118.png 6
ucf/BandMarching/samples/00119.png 6
ucf/BandMarching/samples/00120.png 6
ucf/BandMarching/samples/00121.png 6
ucf/BandMarching/samples/00122.png 6
ucf/BandMarching/samples/00123.png 6
ucf/BandMarching/samples/00124.png 6
ucf/BandMarching/samples/00125.png 6
ucf/BandMarching/samples/00126.png 6
ucf/BandMarching/samples/00127.png 6
ucf/BandMarching/samples/00128.png 6
ucf/BandMarching/samples/00129.png 6
ucf/BandMarching/samples/00130.png 6
ucf/BandMarching/samples/00131.png 6
ucf/BandMarching/samples/00132.png 6
ucf/BandMarching/samples/00133.png 6
ucf/BandMarching/samples/00134.png 6
ucf/BandMarching/samples/00135.png 6
ucf/BandMarching/samples/00136.png 6
ucf/BandMarching/samples/00137.png 6
ucf/BandMarching/samples/00138.png 6
ucf/BandMarching/samples/00139.png 6
ucf/BandMarching/samples/00140.png 6
ucf/BandMarching/samples/00141.png 6
ucf/BandMarching/samples/00142.png 6
ucf/BandMarching/samples/00143.png 6
ucf/BandMarching/samples/00144.png 6
ucf/BandMarching/samples/00145.png 6
ucf/BandMarching/samples/00146.png 6
ucf/BandMarching/samples/00147.png 6
ucf/BandMarching/samples/00148.png 6
ucf/BandMarching/samples/00149.png 6
ucf/BandMarching/samples/00150.png 6
ucf/BandMarching/samples/00151.png 6
ucf/BandMarching/samples/00152.png 6
ucf/BandMarching/samples/00153.png 6
ucf/BandMarching/samples/00154.png 6
ucf/BandMarching/samples/00155.png 6
ucf/BandMarching/samples/00156.png 6
ucf/BandMarching/samples/00157.png 6
ucf/BandMarching/samples/00158.png 6
ucf/BandMarching/samples/00159.png 6
ucf/BandMarching/samples/00160.png 6
ucf/BandMarching/samples/00161.png 6
ucf/BandMarching/samples/00162.png 6
ucf/BandMarching/samples/00163.png 6
ucf/BandMarching/samples/00164.png 6
ucf/BandMarching/samples/00165.png 6
ucf/BandMarching/samples/00166.png 6
ucf/BandMarching/samples/00167.png 6
ucf/BandMarching/samples/00168.png 6
ucf/BandMarching/samples/00169.png 6
ucf/BandMarching/samples/00170.png 6
ucf/BandMarching/samples/00171.png 6
ucf/BandMarching/samples/00172.png 6
ucf/BandMarching/samples/00173.png 6
ucf/BandMarching/samples/00174.png 6
ucf/BandMarching/samples/00175.png 6
ucf/BandMarching/samples/00176.png 6
ucf/BandMarching/samples/00177.png 6
ucf/BandMarching/samples/00178.png 6
ucf/BandMarching/samples/00179.png 6
ucf/BandMarching/samples/00180.png 6
ucf/BandMarching/samples/00181.png 6
ucf/BandMarching/samples/00182.png 6
ucf/BandMarching/samples/00183.png 6
ucf/BandMarching/samples/00184.png 6
ucf/BandMarching/samples/00185.png 6
ucf/BandMarching/samples/00186.png 6
ucf/BandMarching/samples/00187.png 6
ucf/BandMarching/samples/00188.png 6
ucf/BandMarching/samples/00189.png 6
ucf/BandMarching/samples/00190.png 6
ucf/BandMarching/samples/00191.png 6
ucf/BandMarching/samples/00192.png 6
ucf/BandMarching/samples/00193.png 6
ucf/BandMarching/samples/00194.png 6
ucf/BandMarching/samples/00195.png 6
ucf/BandMarching/samples/00196.png 6
ucf/BandMarching/samples/00197.png 6
ucf/BandMarching/samples/00198.png 6
ucf/BandMarching/samples/00199.png 6
ucf/BandMarching/samples/00200.png 6
ucf/BandMarching/samples/00201.png 6
ucf/BandMarching/samples/00202.png 6
ucf/BandMarching/samples/00203.png 6
ucf/BandMarching/samples/00204.png 6
ucf/BandMarching/samples/00205.png 6
ucf/BandMarching/samples/00206.png 6
ucf/BandMarching/samples/00207.png 6
ucf/BandMarching/samples/00208.png 6
ucf/BandMarching/samples/00209.png 6
ucf/BandMarching/samples/00210.png 6
ucf/BandMarching/samples/00211.png 6
ucf/BandMarching/samples/00212.png 6
ucf/BandMarching/samples/00213.png 6
ucf/BandMarching/samples/00214.png 6
ucf/BandMarching/samples/00215.png 6
ucf/BandMarching/samples/00216.png 6
ucf/BandMarching/samples/00217.png 6
ucf/BandMarching/samples/00218.png 6
ucf/BandMarching/samples/00219.png 6
ucf/BandMarching/samples/00220.png 6
ucf/BandMarching/samples/00221.png 6
ucf/BandMarching/samples/00222.png 6
ucf/BandMarching/samples/00223.png 6
ucf/BandMarching/samples/00224.png 6
ucf/BandMarching/samples/00225.png 6
ucf/BandMarching/samples/00226.png 6
ucf/BandMarching/samples/00227.png 6
ucf/BandMarching/samples/00228.png 6
ucf/BandMarching/samples/00229.png 6
ucf/BandMarching/samples/00230.png 6
ucf/BandMarching/samples/00231.png 6
ucf/BandMarching/samples/00232.png 6
ucf/BandMarching/samples/00233.png 6
ucf/BandMarching/samples/00234.png 6
ucf/BandMarching/samples/00235.png 6
ucf/BandMarching/samples/00236.png 6
ucf/BandMarching/samples/00237.png 6
ucf/BandMarching/samples/00238.png 6
ucf/BandMarching/samples/00239.png 6
ucf/BandMarching/samples/00240.png 6
ucf/BandMarching/samples/00241.png 6
ucf/BandMarching/samples/00242.png 6
ucf/BandMarching/samples/00243.png 6
ucf/BandMarching/samples/00244.png 6
ucf/BandMarching/samples/00245.png 6
ucf/BandMarching/samples/00246.png 6
ucf/BandMarching/samples/00247.png 6
ucf/BandMarching/samples/00248.png 6
ucf/BandMarching/samples/00249.png 6
ucf/BandMarching/samples/00250.png 6
ucf/BandMarching/samples/00251.png 6
ucf/BandMarching/samples/00252.png 6
ucf/BandMarching/samples/00253.png 6
ucf/BandMarching/samples/00254.png 6
ucf/BandMarching/samples/00255.png 6
ucf/BandMarching/samples/00256.png 6
ucf/BandMarching/samples/00257.png 6
ucf/BandMarching/samples/00258.png 6
ucf/BandMarching/samples/00259.png 6
ucf/BandMarching/samples/00260.png 6
ucf/BandMarching/samples/00261.png 6
ucf/BandMarching/samples/00262.png 6
ucf/BandMarching/samples/00263.png 6
ucf/BandMarching/samples/00264.png 6
ucf/BandMarching/samples/00265.png 6
ucf/BandMarching/samples/00266.png 6
ucf/BandMarching/samples/00267.png 6
ucf/BandMarching/samples/00268.png 6
ucf/BandMarching/samples/00269.png 6
ucf/BandMarching/samples/00270.png 6
ucf/BandMarching/samples/00271.png 6
ucf/BandMarching/samples/00272.png 6
ucf/BandMarching/samples/00273.png 6
ucf/BandMarching/samples/00274.png 6
ucf/BandMarching/samples/00275.png 6
ucf/BandMarching/samples/00276.png 6
ucf/BandMarching/samples/00277.png 6
ucf/BandMarching/samples/00278.png 6
ucf/BandMarching/samples/00279.png 6
ucf/BandMarching/samples/00280.png 6
ucf/BandMarching/samples/00281.png 6
ucf/BandMarching/samples/00282.png 6
ucf/BandMarching/samples/00283.png 6
ucf/BandMarching/samples/00284.png 6
ucf/BandMarching/samples/00285.png 6
ucf/BandMarching/samples/00286.png 6
ucf/BandMarching/samples/00287.png 6
ucf/BandMarching/samples/00288.png 6
ucf/BandMarching/samples/00289.png 6
ucf/BandMarching/samples/00290.png 6
ucf/BandMarching/samples/00291.png 6
ucf/BandMarching/samples/00292.png 6
ucf/BandMarching/samples/00293.png 6
ucf/BandMarching/samples/00294.png 6
ucf/BandMarching/samples/00295.png 6
ucf/BandMarching/samples/00296.png 6
ucf/BandMarching/samples/00297.png 6
ucf/BandMarching/samples/00298.png 6
ucf/BandMarching/samples/00299.png 6
ucf/BandMarching/samples/00300.png 6
ucf/BandMarching/samples/00301.png 6
ucf/BandMarching/samples/00302.png 6
ucf/BandMarching/samples/00303.png 6
ucf/BandMarching/samples/00304.png 6
ucf/BandMarching/samples/00305.png 6
ucf/BandMarching/samples/00306.png 6
ucf/BandMarching/samples/00307.png 6
ucf/BandMarching/samples/00308.png 6
ucf/BandMarching/samples/00309.png 6
ucf/BandMarching/samples/00310.png 6
ucf/BandMarching/samples/00311.png 6
ucf/BandMarching/samples/00312.png 6
ucf/BandMarching/samples/00313.png 6
ucf/BandMarching/samples/00314.png 6
ucf/BandMarching/samples/00315.png 6
ucf/BandMarching/samples/00316.png 6
ucf/BandMarching/samples/00317.png 6
ucf/BandMarching/samples/00318.png 6
ucf/BandMarching/samples/00319.png 6
ucf/BandMarching/samples/00320.png 6
ucf/BandMarching/samples/00321.png 6
ucf/BandMarching/samples/00322.png 6
ucf/BandMarching/samples/00323.png 6
ucf/BandMarching/samples/00324.png 6
ucf/BandMarching/samples/00325.png 6
ucf/BandMarching/samples/00326.png 6
ucf/BandMarching/samples/00327.png 6
ucf/BandMarching/samples/00328.png 6
ucf/BandMarching/samples/00329.png 6
ucf/BandMarching/samples/00330.png 6
ucf/BandMarching/samples/00331.png 6
ucf/BandMarching/samples/00332.png 6
ucf/BandMarching/samples/00333.png 6
ucf/BandMarching/samples/00334.png 6
ucf/BandMarching/samples/00335.png 6
ucf/BandMarching/samples/00336.png 6
ucf/BandMarching/samples/00337.png 6
ucf/BandMarching/samples/00338.png 6
ucf/BandMarching/samples/00339.png 6
ucf/BandMarching/samples/00340.png 6
ucf/BandMarching/samples/00341.png 6
ucf/BandMarching/samples/00342.png 6
ucf/BandMarching/samples/00343.png 6
ucf/BandMarching/samples/00344.png 6
ucf/BandMarching/samples/00345.png 6
ucf/BandMarching/samples/00346.png 6
ucf/BandMarching/samples/00347.png 6
ucf/BandMarching/samples/00348.png 6
ucf/BandMarching/samples/00349.png 6
ucf/BandMarching/samples/00350.png 6
ucf/BandMarching/samples/00351.png 6
ucf/BandMarching/samples/00352.png 6
ucf/BandMarching/samples/00353.png 6
ucf/BandMarching/samples/00354.png 6
ucf/BandMarching/samples/00355.png 6
ucf/BandMarching/samples/00356.png 6
ucf/BandMarching/samples/00357.png 6
ucf/BandMarching/samples/00358.png 6
ucf/BandMarching/samples/00359.png 6
ucf/BandMarching/samples/00360.png 6
ucf/BandMarching/samples/00361.png 6
ucf/BandMarching/samples/00362.png 6
ucf/BandMarching/samples/00363.png 6
ucf/BandMarching/samples/00364.png 6
ucf/BandMarching/samples/00365.png 6
ucf/BandMarching/samples/00366.png 6
ucf/BandMarching/samples/00367.png 6
ucf/BandMarching/samples/00368.png 6
ucf/BandMarching/samples/00369.png 6
ucf/BandMarching/samples/00370.png 6
ucf/BandMarching/samples/00371.png 6
ucf/BandMarching/samples/00372.png 6
ucf/BandMarching/samples/00373.png 6
ucf/BandMarching/samples/00374.png 6
ucf/BandMarching/samples/00375.png 6
ucf/BandMarching/samples/00376.png 6
ucf/BandMarching/samples/00377.png 6
ucf/BandMarching/samples/00378.png 6
ucf/BandMarching/samples/00379.png 6
ucf/BandMarching/samples/00380.png 6
ucf/BandMarching/samples/00381.png 6
ucf/BandMarching/samples/00382.png 6
ucf/BandMarching/samples/00383.png 6
ucf/BandMarching/samples/00384.png 6
ucf/BandMarching/samples/00385.png 6
ucf/BandMarching/samples/00386.png 6
ucf/BandMarching/samples/00387.png 6
ucf/BandMarching/samples/00388.png 6
ucf/BandMarching/samples/00389.png 6
ucf/BandMarching/samples/00390.png 6
ucf/BandMarching/samples/00391.png 6
ucf/BandMarching/samples/00392.png 6
ucf/BandMarching/samples/00393.png 6
ucf/BandMarching/samples/00394.png 6
ucf/BandMarching/samples/00395.png 6
ucf/BandMarching/samples/00396.png 6
ucf/BandMarching/samples/00397.png 6
ucf/BandMarching/samples/00398.png 6
ucf/BandMarching/samples/00399.png 6
ucf/BandMarching/samples/00400.png 6
ucf/BandMarching/samples/00401.png 6
ucf/BandMarching/samples/00402.png 6
ucf/BandMarching/samples/00403.png 6
ucf/BandMarching/samples/00404.png 6
ucf/BandMarching/samples/00405.png 6
ucf/BandMarching/samples/00406.png 6
ucf/BandMarching/samples/00407.png 6
ucf/BandMarching/samples/00408.png 6
ucf/BandMarching/samples/00409.png 6
ucf/BandMarching/samples/00410.png 6
ucf/BandMarching/samples/00411.png 6
ucf/BandMarching/samples/00412.png 6
ucf/BandMarching/samples/00413.png 6
ucf/BandMarching/samples/00414.png 6
ucf/BandMarching/samples/00415.png 6
ucf/BandMarching/samples/00416.png 6
ucf/BandMarching/samples/00417.png 6
ucf/BandMarching/samples/00418.png 6
ucf/BandMarching/samples/00419.png 6
ucf/BandMarching/samples/00420.png 6
ucf/BandMarching/samples/00421.png 6
ucf/BandMarching/samples/00422.png 6
ucf/BandMarching/samples/00423.png 6
ucf/BandMarching/samples/00424.png 6
ucf/BandMarching/samples/00425.png 6
ucf/BandMarching/samples/00426.png 6
ucf/BandMarching/samples/00427.png 6
ucf/BandMarching/samples/00428.png 6
ucf/BandMarching/samples/00429.png 6
ucf/BandMarching/samples/00430.png 6
ucf/BandMarching/samples/00431.png 6
ucf/BandMarching/samples/00432.png 6
ucf/BandMarching/samples/00433.png 6
ucf/BandMarching/samples/00434.png 6
ucf/BandMarching/samples/00435.png 6
ucf/BandMarching/samples/00436.png 6
ucf/BandMarching/samples/00437.png 6
ucf/BandMarching/samples/00438.png 6
ucf/BandMarching/samples/00439.png 6
ucf/BandMarching/samples/00440.png 6
ucf/BandMarching/samples/00441.png 6
ucf/BandMarching/samples/00442.png 6
ucf/BandMarching/samples/00443.png 6
ucf/BandMarching/samples/00444.png 6
ucf/BandMarching/samples/00445.png 6
ucf/BandMarching/samples/00446.png 6
ucf/BandMarching/samples/00447.png 6
ucf/BandMarching/samples/00448.png 6
ucf/BandMarching/samples/00449.png 6
ucf/BandMarching/samples/00450.png 6
ucf/BandMarching/samples/00451.png 6
ucf/BandMarching/samples/00452.png 6
ucf/BandMarching/samples/00453.png 6
ucf/BandMarching/samples/00454.png 6
ucf/BandMarching/samples/00455.png 6
ucf/BandMarching/samples/00456.png 6
ucf/BandMarching/samples/00457.png 6
ucf/BandMarching/samples/00458.png 6
ucf/BandMarching/samples/00459.png 6
ucf/BandMarching/samples/00460.png 6
ucf/BandMarching/samples/00461.png 6
ucf/BandMarching/samples/00462.png 6
ucf/BandMarching/samples/00463.png 6
ucf/BandMarching/samples/00464.png 6
ucf/BandMarching/samples/00465.png 6
ucf/BandMarching/samples/00466.png 6
ucf/BandMarching/samples/00467.png 6
ucf/BandMarching/samples/00468.png 6
ucf/BandMarching/samples/00469.png 6
ucf/BandMarching/samples/00470.png 6
ucf/BandMarching/samples/00471.png 6
ucf/BandMarching/samples/00472.png 6
ucf/BandMarching/samples/00473.png 6
ucf/BandMarching/samples/00474.png 6
ucf/BandMarching/samples/00475.png 6
ucf/BandMarching/samples/00476.png 6
ucf/BandMarching/samples/00477.png 6
ucf/BandMarching/samples/00478.png 6
ucf/BandMarching/samples/00479.png 6
ucf/BandMarching/samples/00480.png 6
ucf/BandMarching/samples/00481.png 6
ucf/BandMarching/samples/00482.png 6
ucf/BandMarching/samples/00483.png 6
ucf/BandMarching/samples/00484.png 6
ucf/BandMarching/samples/00485.png 6
ucf/BandMarching/samples/00486.png 6
ucf/BandMarching/samples/00487.png 6
ucf/BandMarching/samples/00488.png 6
ucf/BandMarching/samples/00489.png 6
ucf/BandMarching/samples/00490.png 6
ucf/BandMarching/samples/00491.png 6
ucf/BandMarching/samples/00492.png 6
ucf/BandMarching/samples/00493.png 6
ucf/BandMarching/samples/00494.png 6
ucf/BandMarching/samples/00495.png 6
ucf/BandMarching/samples/00496.png 6
ucf/BandMarching/samples/00497.png 6
ucf/BandMarching/samples/00498.png 6
ucf/BandMarching/samples/00499.png 6
ucf/BandMarching/samples/00500.png 6
ucf/BandMarching/samples/00501.png 6
ucf/BandMarching/samples/00502.png 6
ucf/BandMarching/samples/00503.png 6
ucf/BandMarching/samples/00504.png 6
ucf/BandMarching/samples/00505.png 6
ucf/BandMarching/samples/00506.png 6
ucf/BandMarching/samples/00507.png 6
ucf/BandMarching/samples/00508.png 6
ucf/BandMarching/samples/00509.png 6
ucf/BandMarching/samples/00510.png 6
ucf/BandMarching/samples/00511.png 6
ucf/BandMarching/samples/00512.png 6
ucf/BandMarching/samples/00513.png 6
ucf/BandMarching/samples/00514.png 6
ucf/BandMarching/samples/00515.png 6
ucf/BandMarching/samples/00516.png 6
ucf/BandMarching/samples/00517.png 6
ucf/BandMarching/samples/00518.png 6
ucf/BandMarching/samples/00519.png 6
ucf/BandMarching/samples/00520.png 6
ucf/BandMarching/samples/00521.png 6
ucf/BandMarching/samples/00522.png 6
ucf/BandMarching/samples/00523.png 6
ucf/BandMarching/samples/00524.png 6
ucf/BandMarching/samples/00525.png 6
ucf/BandMarching/samples/00526.png 6
ucf/BandMarching/samples/00527.png 6
ucf/BandMarching/samples/00528.png 6
ucf/BandMarching/samples/00529.png 6
ucf/BandMarching/samples/00530.png 6
ucf/BandMarching/samples/00531.png 6
ucf/BandMarching/samples/00532.png 6
ucf/BandMarching/samples/00533.png 6
ucf/BandMarching/samples/00534.png 6
ucf/BandMarching/samples/00535.png 6
ucf/BandMarching/samples/00536.png 6
ucf/BandMarching/samples/00537.png 6
ucf/BandMarching/samples/00538.png 6
ucf/BandMarching/samples/00539.png 6
ucf/BandMarching/samples/00540.png 6
ucf/BandMarching/samples/00541.png 6
ucf/BandMarching/samples/00542.png 6
ucf/BandMarching/samples/00543.png 6
ucf/BandMarching/samples/00544.png 6
ucf/BandMarching/samples/00545.png 6
ucf/BandMarching/samples/00546.png 6
ucf/BandMarching/samples/00547.png 6
ucf/BandMarching/samples/00548.png 6
ucf/BandMarching/samples/00549.png 6
ucf/BandMarching/samples/00550.png 6
ucf/BandMarching/samples/00551.png 6
ucf/BandMarching/samples/00552.png 6
ucf/BandMarching/samples/00553.png 6
ucf/BandMarching/samples/00554.png 6
ucf/BandMarching/samples/00555.png 6
ucf/BandMarching/samples/00556.png 6
ucf/BandMarching/samples/00557.png 6
ucf/BandMarching/samples/00558.png 6
ucf/BandMarching/samples/00559.png 6
ucf/BandMarching/samples/00560.png 6
ucf/BandMarching/samples/00561.png 6
ucf/BandMarching/samples/00562.png 6
ucf/BandMarching/samples/00563.png 6
ucf/BandMarching/samples/00564.png 6
ucf/BandMarching/samples/00565.png 6
ucf/BandMarching/samples/00566.png 6
ucf/BandMarching/samples/00567.png 6
ucf/BandMarching/samples/00568.png 6
ucf/BandMarching/samples/00569.png 6
ucf/BandMarching/samples/00570.png 6
ucf/BandMarching/samples/00571.png 6
ucf/BandMarching/samples/00572.png 6
ucf/BandMarching/samples/00573.png 6
ucf/BandMarching/samples/00574.png 6
ucf/BandMarching/samples/00575.png 6
ucf/BandMarching/samples/00576.png 6
ucf/BandMarching/samples/00577.png 6
ucf/BandMarching/samples/00578.png 6
ucf/BandMarching/samples/00579.png 6
ucf/BandMarching/samples/00580.png 6
ucf/BandMarching/samples/00581.png 6
ucf/BandMarching/samples/00582.png 6
ucf/BandMarching/samples/00583.png 6
ucf/BandMarching/samples/00584.png 6
ucf/BandMarching/samples/00585.png 6
ucf/BandMarching/samples/00586.png 6
ucf/BandMarching/samples/00587.png 6
ucf/BandMarching/samples/00588.png 6
ucf/BandMarching/samples/00589.png 6
ucf/BandMarching/samples/00590.png 6
ucf/BandMarching/samples/00591.png 6
ucf/BandMarching/samples/00592.png 6
ucf/BandMarching/samples/00593.png 6
ucf/BandMarching/samples/00594.png 6
ucf/BandMarching/samples/00595.png 6
ucf/BandMarching/samples/00596.png 6
ucf/BandMarching/samples/00597.png 6
ucf/BandMarching/samples/00598.png 6
ucf/BandMarching/samples/00599.png 6
ucf/BandMarching/samples/00600.png 6
ucf/BandMarching/samples/00601.png 6
ucf/BandMarching/samples/00602.png 6
ucf/BandMarching/samples/00603.png 6
ucf/BandMarching/samples/00604.png 6
ucf/BandMarching/samples/00605.png 6
ucf/BandMarching/samples/00606.png 6
ucf/BandMarching/samples/00607.png 6
ucf/BandMarching/samples/00608.png 6
ucf/BandMarching/samples/00609.png 6
ucf/BandMarching/samples/00610.png 6
ucf/BandMarching/samples/00611.png 6
ucf/BandMarching/samples/00612.png 6
ucf/BandMarching/samples/00613.png 6
ucf/BandMarching/samples/00614.png 6
ucf/BandMarching/samples/00615.png 6
ucf/BandMarching/samples/00616.png 6
ucf/BandMarching/samples/00617.png 6
ucf/BandMarching/samples/00618.png 6
ucf/BandMarching/samples/00619.png 6
ucf/BandMarching/samples/00620.png 6
ucf/BandMarching/samples/00621.png 6
ucf/BandMarching/samples/00622.png 6
ucf/BandMarching/samples/00623.png 6
ucf/BandMarching/samples/00624.png 6
ucf/BandMarching/samples/00625.png 6
ucf/BandMarching/samples/00626.png 6
ucf/BandMarching/samples/00627.png 6
ucf/BandMarching/samples/00628.png 6
ucf/BandMarching/samples/00629.png 6
ucf/BandMarching/samples/00630.png 6
ucf/BandMarching/samples/00631.png 6
ucf/BandMarching/samples/00632.png 6
ucf/BandMarching/samples/00633.png 6
ucf/BandMarching/samples/00634.png 6
ucf/BandMarching/samples/00635.png 6
ucf/BandMarching/samples/00636.png 6
ucf/BandMarching/samples/00637.png 6
ucf/BandMarching/samples/00638.png 6
ucf/BandMarching/samples/00639.png 6
ucf/BandMarching/samples/00640.png 6
ucf/BandMarching/samples/00641.png 6
ucf/BandMarching/samples/00642.png 6
ucf/BandMarching/samples/00643.png 6
ucf/BandMarching/samples/00644.png 6
ucf/BandMarching/samples/00645.png 6
ucf/BandMarching/samples/00646.png 6
ucf/BandMarching/samples/00647.png 6
ucf/BandMarching/samples/00648.png 6
ucf/BandMarching/samples/00649.png 6
ucf/BandMarching/samples/00650.png 6
ucf/BandMarching/samples/00651.png 6
ucf/BandMarching/samples/00652.png 6
ucf/BandMarching/samples/00653.png 6
ucf/BandMarching/samples/00654.png 6
ucf/BandMarching/samples/00655.png 6
ucf/BandMarching/samples/00656.png 6
ucf/BandMarching/samples/00657.png 6
ucf/BandMarching/samples/00658.png 6
ucf/BandMarching/samples/00659.png 6
ucf/BandMarching/samples/00660.png 6
ucf/BandMarching/samples/00661.png 6
ucf/BandMarching/samples/00662.png 6
ucf/BandMarching/samples/00663.png 6
ucf/BandMarching/samples/00664.png 6
ucf/BandMarching/samples/00665.png 6
ucf/BandMarching/samples/00666.png 6
ucf/BandMarching/samples/00667.png 6
ucf/BandMarching/samples/00668.png 6
ucf/BandMarching/samples/00669.png 6
ucf/BandMarching/samples/00670.png 6
ucf/BandMarching/samples/00671.png 6
ucf/BandMarching/samples/00672.png 6
ucf/BandMarching/samples/00673.png 6
ucf/BandMarching/samples/00674.png 6
ucf/BandMarching/samples/00675.png 6
ucf/BandMarching/samples/00676.png 6
ucf/BandMarching/samples/00677.png 6
ucf/BandMarching/samples/00678.png 6
ucf/BandMarching/samples/00679.png 6
ucf/BandMarching/samples/00680.png 6
ucf/BandMarching/samples/00681.png 6
ucf/BandMarching/samples/00682.png 6
ucf/BandMarching/samples/00683.png 6
ucf/BandMarching/samples/00684.png 6
ucf/BandMarching/samples/00685.png 6
ucf/BandMarching/samples/00686.png 6
ucf/BandMarching/samples/00687.png 6
ucf/BandMarching/samples/00688.png 6
ucf/BandMarching/samples/00689.png 6
ucf/BandMarching/samples/00690.png 6
ucf/BandMarching/samples/00691.png 6
ucf/BandMarching/samples/00692.png 6
ucf/BandMarching/samples/00693.png 6
ucf/BandMarching/samples/00694.png 6
ucf/BandMarching/samples/00695.png 6
ucf/BandMarching/samples/00696.png 6
ucf/BandMarching/samples/00697.png 6
ucf/BandMarching/samples/00698.png 6
ucf/BandMarching/samples/00699.png 6
ucf/BandMarching/samples/00700.png 6
ucf/BandMarching/samples/00701.png 6
ucf/BandMarching/samples/00702.png 6
ucf/BandMarching/samples/00703.png 6
ucf/BandMarching/samples/00704.png 6
ucf/BandMarching/samples/00705.png 6
ucf/BandMarching/samples/00706.png 6
ucf/BandMarching/samples/00707.png 6
ucf/BandMarching/samples/00708.png 6
ucf/BandMarching/samples/00709.png 6
ucf/BandMarching/samples/00710.png 6
ucf/BandMarching/samples/00711.png 6
ucf/BandMarching/samples/00712.png 6
ucf/BandMarching/samples/00713.png 6
ucf/BandMarching/samples/00714.png 6
ucf/BandMarching/samples/00715.png 6
ucf/BandMarching/samples/00716.png 6
ucf/BandMarching/samples/00717.png 6
ucf/BandMarching/samples/00718.png 6
ucf/BandMarching/samples/00719.png 6
ucf/BandMarching/samples/00720.png 6
ucf/BandMarching/samples/00721.png 6
ucf/BandMarching/samples/00722.png 6
ucf/BandMarching/samples/00723.png 6
ucf/BandMarching/samples/00724.png 6
ucf/BandMarching/samples/00725.png 6
ucf/BandMarching/samples/00726.png 6
ucf/BandMarching/samples/00727.png 6
ucf/BandMarching/samples/00728.png 6
ucf/BandMarching/samples/00729.png 6
ucf/BandMarching/samples/00730.png 6
ucf/BandMarching/samples/00731.png 6
ucf/BandMarching/samples/00732.png 6
ucf/BandMarching/samples/00733.png 6
ucf/BandMarching/samples/00734.png 6
ucf/BandMarching/samples/00735.png 6
ucf/BandMarching/samples/00736.png 6
ucf/BandMarching/samples/00737.png 6
ucf/BandMarching/samples/00738.png 6
ucf/BandMarching/samples/00739.png 6
ucf/BandMarching/samples/00740.png 6
ucf/BandMarching/samples/00741.png 6
ucf/BandMarching/samples/00742.png 6
ucf/BandMarching/samples/00743.png 6
ucf/BandMarching/samples/00744.png 6
ucf/BandMarching/samples/00745.png 6
ucf/BandMarching/samples/00746.png 6
ucf/BandMarching/samples/00747.png 6
ucf/BandMarching/samples/00748.png 6
ucf/BandMarching/samples/00749.png 6
ucf/BandMarching/samples/00750.png 6
ucf/BandMarching/samples/00751.png 6
ucf/BandMarching/samples/00752.png 6
ucf/BandMarching/samples/00753.png 6
ucf/BandMarching/samples/00754.png 6
ucf/BandMarching/samples/00755.png 6
ucf/BandMarching/samples/00756.png 6
ucf/BandMarching/samples/00757.png 6
ucf/BandMarching/samples/00758.png 6
ucf/BandMarching/samples/00759.png 6
ucf/BandMarching/samples/00760.png 6
ucf/BandMarching/samples/00761.png 6
ucf/BandMarching/samples/00762.png 6
ucf/BandMarching/samples/00763.png 6
ucf/BandMarching/samples/00764.png 6
ucf/BandMarching/samples/00765.png 6
ucf/BandMarching/samples/00766.png 6
ucf/BandMarching/samples/00767.png 6
ucf/BandMarching/samples/00768.png 6
ucf/BandMarching/samples/00769.png 6
ucf/BandMarching/samples/00770.png 6
ucf/BandMarching/samples/00771.png 6
ucf/BandMarching/samples/00772.png 6
ucf/BandMarching/samples/00773.png 6
ucf/BandMarching/samples/00774.png 6
ucf/BandMarching/samples/00775.png 6
ucf/BandMarching/samples/00776.png 6
ucf/BandMarching/samples/00777.png 6
ucf/BandMarching/samples/00778.png 6
ucf/BandMarching/samples/00779.png 6
ucf/BandMarching/samples/00780.png 6
ucf/BandMarching/samples/00781.png 6
ucf/BandMarching/samples/00782.png 6
ucf/BandMarching/samples/00783.png 6
ucf/BandMarching/samples/00784.png 6
ucf/BandMarching/samples/00785.png 6
ucf/BandMarching/samples/00786.png 6
ucf/BandMarching/samples/00787.png 6
ucf/BandMarching/samples/00788.png 6
ucf/BandMarching/samples/00789.png 6
ucf/BandMarching/samples/00790.png 6
ucf/BandMarching/samples/00791.png 6
ucf/BandMarching/samples/00792.png 6
ucf/BandMarching/samples/00793.png 6
ucf/BandMarching/samples/00794.png 6
ucf/BandMarching/samples/00795.png 6
ucf/BandMarching/samples/00796.png 6
ucf/BandMarching/samples/00797.png 6
ucf/BandMarching/samples/00798.png 6
ucf/BandMarching/samples/00799.png 6
ucf/BandMarching/samples/00800.png 6
ucf/BandMarching/samples/00801.png 6
ucf/BandMarching/samples/00802.png 6
ucf/BandMarching/samples/00803.png 6
ucf/BandMarching/samples/00804.png 6
ucf/BandMarching/samples/00805.png 6
ucf/BandMarching/samples/00806.png 6
ucf/BandMarching/samples/00807.png 6
ucf/BandMarching/samples/00808.png 6
ucf/BandMarching/samples/00809.png 6
ucf/BandMarching/samples/00810.png 6
ucf/BandMarching/samples/00811.png 6
ucf/BandMarching/samples/00812.png 6
ucf/BandMarching/samples/00813.png 6
ucf/BandMarching/samples/00814.png 6
ucf/BandMarching/samples/00815.png 6
ucf/BandMarching/samples/00816.png 6
ucf/BandMarching/samples/00817.png 6
ucf/BandMarching/samples/00818.png 6
ucf/BandMarching/samples/00819.png 6
ucf/BandMarching/samples/00820.png 6
ucf/BandMarching/samples/00821.png 6
ucf/BandMarching/samples/00822.png 6
ucf/BandMarching/samples/00823.png 6
ucf/BandMarching/samples/00824.png 6
ucf/BandMarching/samples/00825.png 6
ucf/BandMarching/samples/00826.png 6
ucf/BandMarching/samples/00827.png 6
ucf/BandMarching/samples/00828.png 6
ucf/BandMarching/samples/00829.png 6
ucf/BandMarching/samples/00830.png 6
ucf/BandMarching/samples/00831.png 6
ucf/BandMarching/samples/00832.png 6
ucf/BandMarching/samples/00833.png 6
ucf/BandMarching/samples/00834.png 6
ucf/BandMarching/samples/00835.png 6
ucf/BandMarching/samples/00836.png 6
ucf/BandMarching/samples/00837.png 6
ucf/BandMarching/samples/00838.png 6
ucf/BandMarching/samples/00839.png 6
ucf/BandMarching/samples/00840.png 6
ucf/BandMarching/samples/00841.png 6
ucf/BandMarching/samples/00842.png 6
ucf/BandMarching/samples/00843.png 6
ucf/BandMarching/samples/00844.png 6
ucf/BandMarching/samples/00845.png 6
ucf/BandMarching/samples/00846.png 6
ucf/BandMarching/samples/00847.png 6
ucf/BandMarching/samples/00848.png 6
ucf/BandMarching/samples/00849.png 6
ucf/BandMarching/samples/00850.png 6
ucf/BandMarching/samples/00851.png 6
ucf/BandMarching/samples/00852.png 6
ucf/BandMarching/samples/00853.png 6
ucf/BandMarching/samples/00854.png 6
ucf/BandMarching/samples/00855.png 6
ucf/BandMarching/samples/00856.png 6
ucf/BandMarching/samples/00857.png 6
ucf/BandMarching/samples/00858.png 6
ucf/BandMarching/samples/00859.png 6
ucf/BandMarching/samples/00860.png 6
ucf/BandMarching/samples/00861.png 6
ucf/BandMarching/samples/00862.png 6
ucf/BandMarching/samples/00863.png 6
ucf/BandMarching/samples/00864.png 6
ucf/BandMarching/samples/00865.png 6
ucf/BandMarching/samples/00866.png 6
ucf/BandMarching/samples/00867.png 6
ucf/BandMarching/samples/00868.png 6
ucf/BandMarching/samples/00869.png 6
ucf/BandMarching/samples/00870.png 6
ucf/BandMarching/samples/00871.png 6
ucf/BandMarching/samples/00872.png 6
ucf/BandMarching/samples/00873.png 6
ucf/BandMarching/samples/00874.png 6
ucf/BandMarching/samples/00875.png 6
ucf/BandMarching/samples/00876.png 6
ucf/BandMarching/samples/00877.png 6
ucf/BandMarching/samples/00878.png 6
ucf/BandMarching/samples/00879.png 6
ucf/BandMarching/samples/00880.png 6
ucf/BandMarching/samples/00881.png 6
ucf/BandMarching/samples/00882.png 6
ucf/BandMarching/samples/00883.png 6
ucf/BandMarching/samples/00884.png 6
ucf/BandMarching/samples/00885.png 6
ucf/BandMarching/samples/00886.png 6
ucf/BandMarching/samples/00887.png 6
ucf/BandMarching/samples/00888.png 6
ucf/BandMarching/samples/00889.png 6
ucf/BandMarching/samples/00890.png 6
ucf/BandMarching/samples/00891.png 6
ucf/BandMarching/samples/00892.png 6
ucf/BandMarching/samples/00893.png 6
ucf/BandMarching/samples/00894.png 6
ucf/BandMarching/samples/00895.png 6
ucf/BandMarching/samples/00896.png 6
ucf/BandMarching/samples/00897.png 6
ucf/BandMarching/samples/00898.png 6
ucf/BandMarching/samples/00899.png 6
ucf/BandMarching/samples/00900.png 6
ucf/BandMarching/samples/00901.png 6
ucf/BandMarching/samples/00902.png 6
ucf/BandMarching/samples/00903.png 6
ucf/BandMarching/samples/00904.png 6
ucf/BandMarching/samples/00905.png 6
ucf/BandMarching/samples/00906.png 6
ucf/BandMarching/samples/00907.png 6
ucf/BandMarching/samples/00908.png 6
ucf/BandMarching/samples/00909.png 6
ucf/BandMarching/samples/00910.png 6
ucf/BandMarching/samples/00911.png 6
ucf/BandMarching/samples/00912.png 6
ucf/BandMarching/samples/00913.png 6
ucf/BandMarching/samples/00914.png 6
ucf/BandMarching/samples/00915.png 6
ucf/BandMarching/samples/00916.png 6
ucf/BandMarching/samples/00917.png 6
ucf/BandMarching/samples/00918.png 6
ucf/BandMarching/samples/00919.png 6
ucf/BandMarching/samples/00920.png 6
ucf/BandMarching/samples/00921.png 6
ucf/BandMarching/samples/00922.png 6
ucf/BandMarching/samples/00923.png 6
ucf/BandMarching/samples/00924.png 6
ucf/BandMarching/samples/00925.png 6
ucf/BandMarching/samples/00926.png 6
ucf/BandMarching/samples/00927.png 6
ucf/BandMarching/samples/00928.png 6
ucf/BandMarching/samples/00929.png 6
ucf/BandMarching/samples/00930.png 6
ucf/BandMarching/samples/00931.png 6
ucf/BandMarching/samples/00932.png 6
ucf/BandMarching/samples/00933.png 6
ucf/BandMarching/samples/00934.png 6
ucf/BandMarching/samples/00935.png 6
ucf/BandMarching/samples/00936.png 6
ucf/BandMarching/samples/00937.png 6
ucf/BandMarching/samples/00938.png 6
ucf/BandMarching/samples/00939.png 6
ucf/BandMarching/samples/00940.png 6
ucf/BandMarching/samples/00941.png 6
ucf/BandMarching/samples/00942.png 6
ucf/BandMarching/samples/00943.png 6
ucf/BandMarching/samples/00944.png 6
ucf/BandMarching/samples/00945.png 6
ucf/BandMarching/samples/00946.png 6
ucf/BandMarching/samples/00947.png 6
ucf/BandMarching/samples/00948.png 6
ucf/BandMarching/samples/00949.png 6
ucf/BandMarching/samples/00950.png 6
ucf/BandMarching/samples/00951.png 6
ucf/BandMarching/samples/00952.png 6
ucf/BandMarching/samples/00953.png 6
ucf/BandMarching/samples/00954.png 6
ucf/BandMarching/samples/00955.png 6
ucf/BandMarching/samples/00956.png 6
ucf/BandMarching/samples/00957.png 6
ucf/BandMarching/samples/00958.png 6
ucf/BandMarching/samples/00959.png 6
ucf/BandMarching/samples/00960.png 6
ucf/BandMarching/samples/00961.png 6
ucf/BandMarching/samples/00962.png 6
ucf/BandMarching/samples/00963.png 6
ucf/BandMarching/samples/00964.png 6
ucf/BandMarching/samples/00965.png 6
ucf/BandMarching/samples/00966.png 6
ucf/BandMarching/samples/00967.png 6
ucf/BandMarching/samples/00968.png 6
ucf/BandMarching/samples/00969.png 6
ucf/BandMarching/samples/00970.png 6
ucf/BandMarching/samples/00971.png 6
ucf/BandMarching/samples/00972.png 6
ucf/BandMarching/samples/00973.png 6
ucf/BandMarching/samples/00974.png 6
ucf/BandMarching/samples/00975.png 6
ucf/BandMarching/samples/00976.png 6
ucf/BandMarching/samples/00977.png 6
ucf/BandMarching/samples/00978.png 6
ucf/BandMarching/samples/00979.png 6
ucf/BandMarching/samples/00980.png 6
ucf/BandMarching/samples/00981.png 6
ucf/BandMarching/samples/00982.png 6
ucf/BandMarching/samples/00983.png 6
ucf/BandMarching/samples/00984.png 6
ucf/BandMarching/samples/00985.png 6
ucf/BandMarching/samples/00986.png 6
ucf/BandMarching/samples/00987.png 6
ucf/BandMarching/samples/00988.png 6
ucf/BandMarching/samples/00989.png 6
ucf/BandMarching/samples/00990.png 6
ucf/BandMarching/samples/00991.png 6
ucf/BandMarching/samples/00992.png 6
ucf/BandMarching/samples/00993.png 6
ucf/BandMarching/samples/00994.png 6
ucf/BandMarching/samples/00995.png 6
ucf/BandMarching/samples/00996.png 6
ucf/BandMarching/samples/00997.png 6
ucf/BandMarching/samples/00998.png 6
ucf/BandMarching/samples/00999.png 6
ucf/BoxingPunchingBag/samples/00000.png 17
ucf/BoxingPunchingBag/samples/00001.png 17
ucf/BoxingPunchingBag/samples/00002.png 17
ucf/BoxingPunchingBag/samples/00003.png 17
ucf/BoxingPunchingBag/samples/00004.png 17
ucf/BoxingPunchingBag/samples/00005.png 17
ucf/BoxingPunchingBag/samples/00006.png 17
ucf/BoxingPunchingBag/samples/00007.png 17
ucf/BoxingPunchingBag/samples/00008.png 17
ucf/BoxingPunchingBag/samples/00009.png 17
ucf/BoxingPunchingBag/samples/00010.png 17
ucf/BoxingPunchingBag/samples/00011.png 17
ucf/BoxingPunchingBag/samples/00012.png 17
ucf/BoxingPunchingBag/samples/00013.png 17
ucf/BoxingPunchingBag/samples/00014.png 17
ucf/BoxingPunchingBag/samples/00015.png 17
ucf/BoxingPunchingBag/samples/00016.png 17
ucf/BoxingPunchingBag/samples/00017.png 17
ucf/BoxingPunchingBag/samples/00018.png 17
ucf/BoxingPunchingBag/samples/00019.png 17
ucf/BoxingPunchingBag/samples/00020.png 17
ucf/BoxingPunchingBag/samples/00021.png 17
ucf/BoxingPunchingBag/samples/00022.png 17
ucf/BoxingPunchingBag/samples/00023.png 17
ucf/BoxingPunchingBag/samples/00024.png 17
ucf/BoxingPunchingBag/samples/00025.png 17
ucf/BoxingPunchingBag/samples/00026.png 17
ucf/BoxingPunchingBag/samples/00027.png 17
ucf/BoxingPunchingBag/samples/00028.png 17
ucf/BoxingPunchingBag/samples/00029.png 17
ucf/BoxingPunchingBag/samples/00030.png 17
ucf/BoxingPunchingBag/samples/00031.png 17
ucf/BoxingPunchingBag/samples/00032.png 17
ucf/BoxingPunchingBag/samples/00033.png 17
ucf/BoxingPunchingBag/samples/00034.png 17
ucf/BoxingPunchingBag/samples/00035.png 17
ucf/BoxingPunchingBag/samples/00036.png 17
ucf/BoxingPunchingBag/samples/00037.png 17
ucf/BoxingPunchingBag/samples/00038.png 17
ucf/BoxingPunchingBag/samples/00039.png 17
ucf/BoxingPunchingBag/samples/00040.png 17
ucf/BoxingPunchingBag/samples/00041.png 17
ucf/BoxingPunchingBag/samples/00042.png 17
ucf/BoxingPunchingBag/samples/00043.png 17
ucf/BoxingPunchingBag/samples/00044.png 17
ucf/BoxingPunchingBag/samples/00045.png 17
ucf/BoxingPunchingBag/samples/00046.png 17
ucf/BoxingPunchingBag/samples/00047.png 17
ucf/BoxingPunchingBag/samples/00048.png 17
ucf/BoxingPunchingBag/samples/00049.png 17
ucf/BoxingPunchingBag/samples/00050.png 17
ucf/BoxingPunchingBag/samples/00051.png 17
ucf/BoxingPunchingBag/samples/00052.png 17
ucf/BoxingPunchingBag/samples/00053.png 17
ucf/BoxingPunchingBag/samples/00054.png 17
ucf/BoxingPunchingBag/samples/00055.png 17
ucf/BoxingPunchingBag/samples/00056.png 17
ucf/BoxingPunchingBag/samples/00057.png 17
ucf/BoxingPunchingBag/samples/00058.png 17
ucf/BoxingPunchingBag/samples/00059.png 17
ucf/BoxingPunchingBag/samples/00060.png 17
ucf/BoxingPunchingBag/samples/00061.png 17
ucf/BoxingPunchingBag/samples/00062.png 17
ucf/BoxingPunchingBag/samples/00063.png 17
ucf/BoxingPunchingBag/samples/00064.png 17
ucf/BoxingPunchingBag/samples/00065.png 17
ucf/BoxingPunchingBag/samples/00066.png 17
ucf/BoxingPunchingBag/samples/00067.png 17
ucf/BoxingPunchingBag/samples/00068.png 17
ucf/BoxingPunchingBag/samples/00069.png 17
ucf/BoxingPunchingBag/samples/00070.png 17
ucf/BoxingPunchingBag/samples/00071.png 17
ucf/BoxingPunchingBag/samples/00072.png 17
ucf/BoxingPunchingBag/samples/00073.png 17
ucf/BoxingPunchingBag/samples/00074.png 17
ucf/BoxingPunchingBag/samples/00075.png 17
ucf/BoxingPunchingBag/samples/00076.png 17
ucf/BoxingPunchingBag/samples/00077.png 17
ucf/BoxingPunchingBag/samples/00078.png 17
ucf/BoxingPunchingBag/samples/00079.png 17
ucf/BoxingPunchingBag/samples/00080.png 17
ucf/BoxingPunchingBag/samples/00081.png 17
ucf/BoxingPunchingBag/samples/00082.png 17
ucf/BoxingPunchingBag/samples/00083.png 17
ucf/BoxingPunchingBag/samples/00084.png 17
ucf/BoxingPunchingBag/samples/00085.png 17
ucf/BoxingPunchingBag/samples/00086.png 17
ucf/BoxingPunchingBag/samples/00087.png 17
ucf/BoxingPunchingBag/samples/00088.png 17
ucf/BoxingPunchingBag/samples/00089.png 17
ucf/BoxingPunchingBag/samples/00090.png 17
ucf/BoxingPunchingBag/samples/00091.png 17
ucf/BoxingPunchingBag/samples/00092.png 17
ucf/BoxingPunchingBag/samples/00093.png 17
ucf/BoxingPunchingBag/samples/00094.png 17
ucf/BoxingPunchingBag/samples/00095.png 17
ucf/BoxingPunchingBag/samples/00096.png 17
ucf/BoxingPunchingBag/samples/00097.png 17
ucf/BoxingPunchingBag/samples/00098.png 17
ucf/BoxingPunchingBag/samples/00099.png 17
ucf/BoxingPunchingBag/samples/00100.png 17
ucf/BoxingPunchingBag/samples/00101.png 17
ucf/BoxingPunchingBag/samples/00102.png 17
ucf/BoxingPunchingBag/samples/00103.png 17
ucf/BoxingPunchingBag/samples/00104.png 17
ucf/BoxingPunchingBag/samples/00105.png 17
ucf/BoxingPunchingBag/samples/00106.png 17
ucf/BoxingPunchingBag/samples/00107.png 17
ucf/BoxingPunchingBag/samples/00108.png 17
ucf/BoxingPunchingBag/samples/00109.png 17
ucf/BoxingPunchingBag/samples/00110.png 17
ucf/BoxingPunchingBag/samples/00111.png 17
ucf/BoxingPunchingBag/samples/00112.png 17
ucf/BoxingPunchingBag/samples/00113.png 17
ucf/BoxingPunchingBag/samples/00114.png 17
ucf/BoxingPunchingBag/samples/00115.png 17
ucf/BoxingPunchingBag/samples/00116.png 17
ucf/BoxingPunchingBag/samples/00117.png 17
ucf/BoxingPunchingBag/samples/00118.png 17
ucf/BoxingPunchingBag/samples/00119.png 17
ucf/BoxingPunchingBag/samples/00120.png 17
ucf/BoxingPunchingBag/samples/00121.png 17
ucf/BoxingPunchingBag/samples/00122.png 17
ucf/BoxingPunchingBag/samples/00123.png 17
ucf/BoxingPunchingBag/samples/00124.png 17
ucf/BoxingPunchingBag/samples/00125.png 17
ucf/BoxingPunchingBag/samples/00126.png 17
ucf/BoxingPunchingBag/samples/00127.png 17
ucf/BoxingPunchingBag/samples/00128.png 17
ucf/BoxingPunchingBag/samples/00129.png 17
ucf/BoxingPunchingBag/samples/00130.png 17
ucf/BoxingPunchingBag/samples/00131.png 17
ucf/BoxingPunchingBag/samples/00132.png 17
ucf/BoxingPunchingBag/samples/00133.png 17
ucf/BoxingPunchingBag/samples/00134.png 17
ucf/BoxingPunchingBag/samples/00135.png 17
ucf/BoxingPunchingBag/samples/00136.png 17
ucf/BoxingPunchingBag/samples/00137.png 17
ucf/BoxingPunchingBag/samples/00138.png 17
ucf/BoxingPunchingBag/samples/00139.png 17
ucf/BoxingPunchingBag/samples/00140.png 17
ucf/BoxingPunchingBag/samples/00141.png 17
ucf/BoxingPunchingBag/samples/00142.png 17
ucf/BoxingPunchingBag/samples/00143.png 17
ucf/BoxingPunchingBag/samples/00144.png 17
ucf/BoxingPunchingBag/samples/00145.png 17
ucf/BoxingPunchingBag/samples/00146.png 17
ucf/BoxingPunchingBag/samples/00147.png 17
ucf/BoxingPunchingBag/samples/00148.png 17
ucf/BoxingPunchingBag/samples/00149.png 17
ucf/BoxingPunchingBag/samples/00150.png 17
ucf/BoxingPunchingBag/samples/00151.png 17
ucf/BoxingPunchingBag/samples/00152.png 17
ucf/BoxingPunchingBag/samples/00153.png 17
ucf/BoxingPunchingBag/samples/00154.png 17
ucf/BoxingPunchingBag/samples/00155.png 17
ucf/BoxingPunchingBag/samples/00156.png 17
ucf/BoxingPunchingBag/samples/00157.png 17
ucf/BoxingPunchingBag/samples/00158.png 17
ucf/BoxingPunchingBag/samples/00159.png 17
ucf/BoxingPunchingBag/samples/00160.png 17
ucf/BoxingPunchingBag/samples/00161.png 17
ucf/BoxingPunchingBag/samples/00162.png 17
ucf/BoxingPunchingBag/samples/00163.png 17
ucf/BoxingPunchingBag/samples/00164.png 17
ucf/BoxingPunchingBag/samples/00165.png 17
ucf/BoxingPunchingBag/samples/00166.png 17
ucf/BoxingPunchingBag/samples/00167.png 17
ucf/BoxingPunchingBag/samples/00168.png 17
ucf/BoxingPunchingBag/samples/00169.png 17
ucf/BoxingPunchingBag/samples/00170.png 17
ucf/BoxingPunchingBag/samples/00171.png 17
ucf/BoxingPunchingBag/samples/00172.png 17
ucf/BoxingPunchingBag/samples/00173.png 17
ucf/BoxingPunchingBag/samples/00174.png 17
ucf/BoxingPunchingBag/samples/00175.png 17
ucf/BoxingPunchingBag/samples/00176.png 17
ucf/BoxingPunchingBag/samples/00177.png 17
ucf/BoxingPunchingBag/samples/00178.png 17
ucf/BoxingPunchingBag/samples/00179.png 17
ucf/BoxingPunchingBag/samples/00180.png 17
ucf/BoxingPunchingBag/samples/00181.png 17
ucf/BoxingPunchingBag/samples/00182.png 17
ucf/BoxingPunchingBag/samples/00183.png 17
ucf/BoxingPunchingBag/samples/00184.png 17
ucf/BoxingPunchingBag/samples/00185.png 17
ucf/BoxingPunchingBag/samples/00186.png 17
ucf/BoxingPunchingBag/samples/00187.png 17
ucf/BoxingPunchingBag/samples/00188.png 17
ucf/BoxingPunchingBag/samples/00189.png 17
ucf/BoxingPunchingBag/samples/00190.png 17
ucf/BoxingPunchingBag/samples/00191.png 17
ucf/BoxingPunchingBag/samples/00192.png 17
ucf/BoxingPunchingBag/samples/00193.png 17
ucf/BoxingPunchingBag/samples/00194.png 17
ucf/BoxingPunchingBag/samples/00195.png 17
ucf/BoxingPunchingBag/samples/00196.png 17
ucf/BoxingPunchingBag/samples/00197.png 17
ucf/BoxingPunchingBag/samples/00198.png 17
ucf/BoxingPunchingBag/samples/00199.png 17
ucf/BoxingPunchingBag/samples/00200.png 17
ucf/BoxingPunchingBag/samples/00201.png 17
ucf/BoxingPunchingBag/samples/00202.png 17
ucf/BoxingPunchingBag/samples/00203.png 17
ucf/BoxingPunchingBag/samples/00204.png 17
ucf/BoxingPunchingBag/samples/00205.png 17
ucf/BoxingPunchingBag/samples/00206.png 17
ucf/BoxingPunchingBag/samples/00207.png 17
ucf/BoxingPunchingBag/samples/00208.png 17
ucf/BoxingPunchingBag/samples/00209.png 17
ucf/BoxingPunchingBag/samples/00210.png 17
ucf/BoxingPunchingBag/samples/00211.png 17
ucf/BoxingPunchingBag/samples/00212.png 17
ucf/BoxingPunchingBag/samples/00213.png 17
ucf/BoxingPunchingBag/samples/00214.png 17
ucf/BoxingPunchingBag/samples/00215.png 17
ucf/BoxingPunchingBag/samples/00216.png 17
ucf/BoxingPunchingBag/samples/00217.png 17
ucf/BoxingPunchingBag/samples/00218.png 17
ucf/BoxingPunchingBag/samples/00219.png 17
ucf/BoxingPunchingBag/samples/00220.png 17
ucf/BoxingPunchingBag/samples/00221.png 17
ucf/BoxingPunchingBag/samples/00222.png 17
ucf/BoxingPunchingBag/samples/00223.png 17
ucf/BoxingPunchingBag/samples/00224.png 17
ucf/BoxingPunchingBag/samples/00225.png 17
ucf/BoxingPunchingBag/samples/00226.png 17
ucf/BoxingPunchingBag/samples/00227.png 17
ucf/BoxingPunchingBag/samples/00228.png 17
ucf/BoxingPunchingBag/samples/00229.png 17
ucf/BoxingPunchingBag/samples/00230.png 17
ucf/BoxingPunchingBag/samples/00231.png 17
ucf/BoxingPunchingBag/samples/00232.png 17
ucf/BoxingPunchingBag/samples/00233.png 17
ucf/BoxingPunchingBag/samples/00234.png 17
ucf/BoxingPunchingBag/samples/00235.png 17
ucf/BoxingPunchingBag/samples/00236.png 17
ucf/BoxingPunchingBag/samples/00237.png 17
ucf/BoxingPunchingBag/samples/00238.png 17
ucf/BoxingPunchingBag/samples/00239.png 17
ucf/BoxingPunchingBag/samples/00240.png 17
ucf/BoxingPunchingBag/samples/00241.png 17
ucf/BoxingPunchingBag/samples/00242.png 17
ucf/BoxingPunchingBag/samples/00243.png 17
ucf/BoxingPunchingBag/samples/00244.png 17
ucf/BoxingPunchingBag/samples/00245.png 17
ucf/BoxingPunchingBag/samples/00246.png 17
ucf/BoxingPunchingBag/samples/00247.png 17
ucf/BoxingPunchingBag/samples/00248.png 17
ucf/BoxingPunchingBag/samples/00249.png 17
ucf/BoxingPunchingBag/samples/00250.png 17
ucf/BoxingPunchingBag/samples/00251.png 17
ucf/BoxingPunchingBag/samples/00252.png 17
ucf/BoxingPunchingBag/samples/00253.png 17
ucf/BoxingPunchingBag/samples/00254.png 17
ucf/BoxingPunchingBag/samples/00255.png 17
ucf/BoxingPunchingBag/samples/00256.png 17
ucf/BoxingPunchingBag/samples/00257.png 17
ucf/BoxingPunchingBag/samples/00258.png 17
ucf/BoxingPunchingBag/samples/00259.png 17
ucf/BoxingPunchingBag/samples/00260.png 17
ucf/BoxingPunchingBag/samples/00261.png 17
ucf/BoxingPunchingBag/samples/00262.png 17
ucf/BoxingPunchingBag/samples/00263.png 17
ucf/BoxingPunchingBag/samples/00264.png 17
ucf/BoxingPunchingBag/samples/00265.png 17
ucf/BoxingPunchingBag/samples/00266.png 17
ucf/BoxingPunchingBag/samples/00267.png 17
ucf/BoxingPunchingBag/samples/00268.png 17
ucf/BoxingPunchingBag/samples/00269.png 17
ucf/BoxingPunchingBag/samples/00270.png 17
ucf/BoxingPunchingBag/samples/00271.png 17
ucf/BoxingPunchingBag/samples/00272.png 17
ucf/BoxingPunchingBag/samples/00273.png 17
ucf/BoxingPunchingBag/samples/00274.png 17
ucf/BoxingPunchingBag/samples/00275.png 17
ucf/BoxingPunchingBag/samples/00276.png 17
ucf/BoxingPunchingBag/samples/00277.png 17
ucf/BoxingPunchingBag/samples/00278.png 17
ucf/BoxingPunchingBag/samples/00279.png 17
ucf/BoxingPunchingBag/samples/00280.png 17
ucf/BoxingPunchingBag/samples/00281.png 17
ucf/BoxingPunchingBag/samples/00282.png 17
ucf/BoxingPunchingBag/samples/00283.png 17
ucf/BoxingPunchingBag/samples/00284.png 17
ucf/BoxingPunchingBag/samples/00285.png 17
ucf/BoxingPunchingBag/samples/00286.png 17
ucf/BoxingPunchingBag/samples/00287.png 17
ucf/BoxingPunchingBag/samples/00288.png 17
ucf/BoxingPunchingBag/samples/00289.png 17
ucf/BoxingPunchingBag/samples/00290.png 17
ucf/BoxingPunchingBag/samples/00291.png 17
ucf/BoxingPunchingBag/samples/00292.png 17
ucf/BoxingPunchingBag/samples/00293.png 17
ucf/BoxingPunchingBag/samples/00294.png 17
ucf/BoxingPunchingBag/samples/00295.png 17
ucf/BoxingPunchingBag/samples/00296.png 17
ucf/BoxingPunchingBag/samples/00297.png 17
ucf/BoxingPunchingBag/samples/00298.png 17
ucf/BoxingPunchingBag/samples/00299.png 17
ucf/BoxingPunchingBag/samples/00300.png 17
ucf/BoxingPunchingBag/samples/00301.png 17
ucf/BoxingPunchingBag/samples/00302.png 17
ucf/BoxingPunchingBag/samples/00303.png 17
ucf/BoxingPunchingBag/samples/00304.png 17
ucf/BoxingPunchingBag/samples/00305.png 17
ucf/BoxingPunchingBag/samples/00306.png 17
ucf/BoxingPunchingBag/samples/00307.png 17
ucf/BoxingPunchingBag/samples/00308.png 17
ucf/BoxingPunchingBag/samples/00309.png 17
ucf/BoxingPunchingBag/samples/00310.png 17
ucf/BoxingPunchingBag/samples/00311.png 17
ucf/BoxingPunchingBag/samples/00312.png 17
ucf/BoxingPunchingBag/samples/00313.png 17
ucf/BoxingPunchingBag/samples/00314.png 17
ucf/BoxingPunchingBag/samples/00315.png 17
ucf/BoxingPunchingBag/samples/00316.png 17
ucf/BoxingPunchingBag/samples/00317.png 17
ucf/BoxingPunchingBag/samples/00318.png 17
ucf/BoxingPunchingBag/samples/00319.png 17
ucf/BoxingPunchingBag/samples/00320.png 17
ucf/BoxingPunchingBag/samples/00321.png 17
ucf/BoxingPunchingBag/samples/00322.png 17
ucf/BoxingPunchingBag/samples/00323.png 17
ucf/BoxingPunchingBag/samples/00324.png 17
ucf/BoxingPunchingBag/samples/00325.png 17
ucf/BoxingPunchingBag/samples/00326.png 17
ucf/BoxingPunchingBag/samples/00327.png 17
ucf/BoxingPunchingBag/samples/00328.png 17
ucf/BoxingPunchingBag/samples/00329.png 17
ucf/BoxingPunchingBag/samples/00330.png 17
ucf/BoxingPunchingBag/samples/00331.png 17
ucf/BoxingPunchingBag/samples/00332.png 17
ucf/BoxingPunchingBag/samples/00333.png 17
ucf/BoxingPunchingBag/samples/00334.png 17
ucf/BoxingPunchingBag/samples/00335.png 17
ucf/BoxingPunchingBag/samples/00336.png 17
ucf/BoxingPunchingBag/samples/00337.png 17
ucf/BoxingPunchingBag/samples/00338.png 17
ucf/BoxingPunchingBag/samples/00339.png 17
ucf/BoxingPunchingBag/samples/00340.png 17
ucf/BoxingPunchingBag/samples/00341.png 17
ucf/BoxingPunchingBag/samples/00342.png 17
ucf/BoxingPunchingBag/samples/00343.png 17
ucf/BoxingPunchingBag/samples/00344.png 17
ucf/BoxingPunchingBag/samples/00345.png 17
ucf/BoxingPunchingBag/samples/00346.png 17
ucf/BoxingPunchingBag/samples/00347.png 17
ucf/BoxingPunchingBag/samples/00348.png 17
ucf/BoxingPunchingBag/samples/00349.png 17
ucf/BoxingPunchingBag/samples/00350.png 17
ucf/BoxingPunchingBag/samples/00351.png 17
ucf/BoxingPunchingBag/samples/00352.png 17
ucf/BoxingPunchingBag/samples/00353.png 17
ucf/BoxingPunchingBag/samples/00354.png 17
ucf/BoxingPunchingBag/samples/00355.png 17
ucf/BoxingPunchingBag/samples/00356.png 17
ucf/BoxingPunchingBag/samples/00357.png 17
ucf/BoxingPunchingBag/samples/00358.png 17
ucf/BoxingPunchingBag/samples/00359.png 17
ucf/BoxingPunchingBag/samples/00360.png 17
ucf/BoxingPunchingBag/samples/00361.png 17
ucf/BoxingPunchingBag/samples/00362.png 17
ucf/BoxingPunchingBag/samples/00363.png 17
ucf/BoxingPunchingBag/samples/00364.png 17
ucf/BoxingPunchingBag/samples/00365.png 17
ucf/BoxingPunchingBag/samples/00366.png 17
ucf/BoxingPunchingBag/samples/00367.png 17
ucf/BoxingPunchingBag/samples/00368.png 17
ucf/BoxingPunchingBag/samples/00369.png 17
ucf/BoxingPunchingBag/samples/00370.png 17
ucf/BoxingPunchingBag/samples/00371.png 17
ucf/BoxingPunchingBag/samples/00372.png 17
ucf/BoxingPunchingBag/samples/00373.png 17
ucf/BoxingPunchingBag/samples/00374.png 17
ucf/BoxingPunchingBag/samples/00375.png 17
ucf/BoxingPunchingBag/samples/00376.png 17
ucf/BoxingPunchingBag/samples/00377.png 17
ucf/BoxingPunchingBag/samples/00378.png 17
ucf/BoxingPunchingBag/samples/00379.png 17
ucf/BoxingPunchingBag/samples/00380.png 17
ucf/BoxingPunchingBag/samples/00381.png 17
ucf/BoxingPunchingBag/samples/00382.png 17
ucf/BoxingPunchingBag/samples/00383.png 17
ucf/BoxingPunchingBag/samples/00384.png 17
ucf/BoxingPunchingBag/samples/00385.png 17
ucf/BoxingPunchingBag/samples/00386.png 17
ucf/BoxingPunchingBag/samples/00387.png 17
ucf/BoxingPunchingBag/samples/00388.png 17
ucf/BoxingPunchingBag/samples/00389.png 17
ucf/BoxingPunchingBag/samples/00390.png 17
ucf/BoxingPunchingBag/samples/00391.png 17
ucf/BoxingPunchingBag/samples/00392.png 17
ucf/BoxingPunchingBag/samples/00393.png 17
ucf/BoxingPunchingBag/samples/00394.png 17
ucf/BoxingPunchingBag/samples/00395.png 17
ucf/BoxingPunchingBag/samples/00396.png 17
ucf/BoxingPunchingBag/samples/00397.png 17
ucf/BoxingPunchingBag/samples/00398.png 17
ucf/BoxingPunchingBag/samples/00399.png 17
ucf/BoxingPunchingBag/samples/00400.png 17
ucf/BoxingPunchingBag/samples/00401.png 17
ucf/BoxingPunchingBag/samples/00402.png 17
ucf/BoxingPunchingBag/samples/00403.png 17
ucf/BoxingPunchingBag/samples/00404.png 17
ucf/BoxingPunchingBag/samples/00405.png 17
ucf/BoxingPunchingBag/samples/00406.png 17
ucf/BoxingPunchingBag/samples/00407.png 17
ucf/BoxingPunchingBag/samples/00408.png 17
ucf/BoxingPunchingBag/samples/00409.png 17
ucf/BoxingPunchingBag/samples/00410.png 17
ucf/BoxingPunchingBag/samples/00411.png 17
ucf/BoxingPunchingBag/samples/00412.png 17
ucf/BoxingPunchingBag/samples/00413.png 17
ucf/BoxingPunchingBag/samples/00414.png 17
ucf/BoxingPunchingBag/samples/00415.png 17
ucf/BoxingPunchingBag/samples/00416.png 17
ucf/BoxingPunchingBag/samples/00417.png 17
ucf/BoxingPunchingBag/samples/00418.png 17
ucf/BoxingPunchingBag/samples/00419.png 17
ucf/BoxingPunchingBag/samples/00420.png 17
ucf/BoxingPunchingBag/samples/00421.png 17
ucf/BoxingPunchingBag/samples/00422.png 17
ucf/BoxingPunchingBag/samples/00423.png 17
ucf/BoxingPunchingBag/samples/00424.png 17
ucf/BoxingPunchingBag/samples/00425.png 17
ucf/BoxingPunchingBag/samples/00426.png 17
ucf/BoxingPunchingBag/samples/00427.png 17
ucf/BoxingPunchingBag/samples/00428.png 17
ucf/BoxingPunchingBag/samples/00429.png 17
ucf/BoxingPunchingBag/samples/00430.png 17
ucf/BoxingPunchingBag/samples/00431.png 17
ucf/BoxingPunchingBag/samples/00432.png 17
ucf/BoxingPunchingBag/samples/00433.png 17
ucf/BoxingPunchingBag/samples/00434.png 17
ucf/BoxingPunchingBag/samples/00435.png 17
ucf/BoxingPunchingBag/samples/00436.png 17
ucf/BoxingPunchingBag/samples/00437.png 17
ucf/BoxingPunchingBag/samples/00438.png 17
ucf/BoxingPunchingBag/samples/00439.png 17
ucf/BoxingPunchingBag/samples/00440.png 17
ucf/BoxingPunchingBag/samples/00441.png 17
ucf/BoxingPunchingBag/samples/00442.png 17
ucf/BoxingPunchingBag/samples/00443.png 17
ucf/BoxingPunchingBag/samples/00444.png 17
ucf/BoxingPunchingBag/samples/00445.png 17
ucf/BoxingPunchingBag/samples/00446.png 17
ucf/BoxingPunchingBag/samples/00447.png 17
ucf/BoxingPunchingBag/samples/00448.png 17
ucf/BoxingPunchingBag/samples/00449.png 17
ucf/BoxingPunchingBag/samples/00450.png 17
ucf/BoxingPunchingBag/samples/00451.png 17
ucf/BoxingPunchingBag/samples/00452.png 17
ucf/BoxingPunchingBag/samples/00453.png 17
ucf/BoxingPunchingBag/samples/00454.png 17
ucf/BoxingPunchingBag/samples/00455.png 17
ucf/BoxingPunchingBag/samples/00456.png 17
ucf/BoxingPunchingBag/samples/00457.png 17
ucf/BoxingPunchingBag/samples/00458.png 17
ucf/BoxingPunchingBag/samples/00459.png 17
ucf/BoxingPunchingBag/samples/00460.png 17
ucf/BoxingPunchingBag/samples/00461.png 17
ucf/BoxingPunchingBag/samples/00462.png 17
ucf/BoxingPunchingBag/samples/00463.png 17
ucf/BoxingPunchingBag/samples/00464.png 17
ucf/BoxingPunchingBag/samples/00465.png 17
ucf/BoxingPunchingBag/samples/00466.png 17
ucf/BoxingPunchingBag/samples/00467.png 17
ucf/BoxingPunchingBag/samples/00468.png 17
ucf/BoxingPunchingBag/samples/00469.png 17
ucf/BoxingPunchingBag/samples/00470.png 17
ucf/BoxingPunchingBag/samples/00471.png 17
ucf/BoxingPunchingBag/samples/00472.png 17
ucf/BoxingPunchingBag/samples/00473.png 17
ucf/BoxingPunchingBag/samples/00474.png 17
ucf/BoxingPunchingBag/samples/00475.png 17
ucf/BoxingPunchingBag/samples/00476.png 17
ucf/BoxingPunchingBag/samples/00477.png 17
ucf/BoxingPunchingBag/samples/00478.png 17
ucf/BoxingPunchingBag/samples/00479.png 17
ucf/BoxingPunchingBag/samples/00480.png 17
ucf/BoxingPunchingBag/samples/00481.png 17
ucf/BoxingPunchingBag/samples/00482.png 17
ucf/BoxingPunchingBag/samples/00483.png 17
ucf/BoxingPunchingBag/samples/00484.png 17
ucf/BoxingPunchingBag/samples/00485.png 17
ucf/BoxingPunchingBag/samples/00486.png 17
ucf/BoxingPunchingBag/samples/00487.png 17
ucf/BoxingPunchingBag/samples/00488.png 17
ucf/BoxingPunchingBag/samples/00489.png 17
ucf/BoxingPunchingBag/samples/00490.png 17
ucf/BoxingPunchingBag/samples/00491.png 17
ucf/BoxingPunchingBag/samples/00492.png 17
ucf/BoxingPunchingBag/samples/00493.png 17
ucf/BoxingPunchingBag/samples/00494.png 17
ucf/BoxingPunchingBag/samples/00495.png 17
ucf/BoxingPunchingBag/samples/00496.png 17
ucf/BoxingPunchingBag/samples/00497.png 17
ucf/BoxingPunchingBag/samples/00498.png 17
ucf/BoxingPunchingBag/samples/00499.png 17
ucf/BoxingPunchingBag/samples/00500.png 17
ucf/BoxingPunchingBag/samples/00501.png 17
ucf/BoxingPunchingBag/samples/00502.png 17
ucf/BoxingPunchingBag/samples/00503.png 17
ucf/BoxingPunchingBag/samples/00504.png 17
ucf/BoxingPunchingBag/samples/00505.png 17
ucf/BoxingPunchingBag/samples/00506.png 17
ucf/BoxingPunchingBag/samples/00507.png 17
ucf/BoxingPunchingBag/samples/00508.png 17
ucf/BoxingPunchingBag/samples/00509.png 17
ucf/BoxingPunchingBag/samples/00510.png 17
ucf/BoxingPunchingBag/samples/00511.png 17
ucf/BoxingPunchingBag/samples/00512.png 17
ucf/BoxingPunchingBag/samples/00513.png 17
ucf/BoxingPunchingBag/samples/00514.png 17
ucf/BoxingPunchingBag/samples/00515.png 17
ucf/BoxingPunchingBag/samples/00516.png 17
ucf/BoxingPunchingBag/samples/00517.png 17
ucf/BoxingPunchingBag/samples/00518.png 17
ucf/BoxingPunchingBag/samples/00519.png 17
ucf/BoxingPunchingBag/samples/00520.png 17
ucf/BoxingPunchingBag/samples/00521.png 17
ucf/BoxingPunchingBag/samples/00522.png 17
ucf/BoxingPunchingBag/samples/00523.png 17
ucf/BoxingPunchingBag/samples/00524.png 17
ucf/BoxingPunchingBag/samples/00525.png 17
ucf/BoxingPunchingBag/samples/00526.png 17
ucf/BoxingPunchingBag/samples/00527.png 17
ucf/BoxingPunchingBag/samples/00528.png 17
ucf/BoxingPunchingBag/samples/00529.png 17
ucf/BoxingPunchingBag/samples/00530.png 17
ucf/BoxingPunchingBag/samples/00531.png 17
ucf/BoxingPunchingBag/samples/00532.png 17
ucf/BoxingPunchingBag/samples/00533.png 17
ucf/BoxingPunchingBag/samples/00534.png 17
ucf/BoxingPunchingBag/samples/00535.png 17
ucf/BoxingPunchingBag/samples/00536.png 17
ucf/BoxingPunchingBag/samples/00537.png 17
ucf/BoxingPunchingBag/samples/00538.png 17
ucf/BoxingPunchingBag/samples/00539.png 17
ucf/BoxingPunchingBag/samples/00540.png 17
ucf/BoxingPunchingBag/samples/00541.png 17
ucf/BoxingPunchingBag/samples/00542.png 17
ucf/BoxingPunchingBag/samples/00543.png 17
ucf/BoxingPunchingBag/samples/00544.png 17
ucf/BoxingPunchingBag/samples/00545.png 17
ucf/BoxingPunchingBag/samples/00546.png 17
ucf/BoxingPunchingBag/samples/00547.png 17
ucf/BoxingPunchingBag/samples/00548.png 17
ucf/BoxingPunchingBag/samples/00549.png 17
ucf/BoxingPunchingBag/samples/00550.png 17
ucf/BoxingPunchingBag/samples/00551.png 17
ucf/BoxingPunchingBag/samples/00552.png 17
ucf/BoxingPunchingBag/samples/00553.png 17
ucf/BoxingPunchingBag/samples/00554.png 17
ucf/BoxingPunchingBag/samples/00555.png 17
ucf/BoxingPunchingBag/samples/00556.png 17
ucf/BoxingPunchingBag/samples/00557.png 17
ucf/BoxingPunchingBag/samples/00558.png 17
ucf/BoxingPunchingBag/samples/00559.png 17
ucf/BoxingPunchingBag/samples/00560.png 17
ucf/BoxingPunchingBag/samples/00561.png 17
ucf/BoxingPunchingBag/samples/00562.png 17
ucf/BoxingPunchingBag/samples/00563.png 17
ucf/BoxingPunchingBag/samples/00564.png 17
ucf/BoxingPunchingBag/samples/00565.png 17
ucf/BoxingPunchingBag/samples/00566.png 17
ucf/BoxingPunchingBag/samples/00567.png 17
ucf/BoxingPunchingBag/samples/00568.png 17
ucf/BoxingPunchingBag/samples/00569.png 17
ucf/BoxingPunchingBag/samples/00570.png 17
ucf/BoxingPunchingBag/samples/00571.png 17
ucf/BoxingPunchingBag/samples/00572.png 17
ucf/BoxingPunchingBag/samples/00573.png 17
ucf/BoxingPunchingBag/samples/00574.png 17
ucf/BoxingPunchingBag/samples/00575.png 17
ucf/BoxingPunchingBag/samples/00576.png 17
ucf/BoxingPunchingBag/samples/00577.png 17
ucf/BoxingPunchingBag/samples/00578.png 17
ucf/BoxingPunchingBag/samples/00579.png 17
ucf/BoxingPunchingBag/samples/00580.png 17
ucf/BoxingPunchingBag/samples/00581.png 17
ucf/BoxingPunchingBag/samples/00582.png 17
ucf/BoxingPunchingBag/samples/00583.png 17
ucf/BoxingPunchingBag/samples/00584.png 17
ucf/BoxingPunchingBag/samples/00585.png 17
ucf/BoxingPunchingBag/samples/00586.png 17
ucf/BoxingPunchingBag/samples/00587.png 17
ucf/BoxingPunchingBag/samples/00588.png 17
ucf/BoxingPunchingBag/samples/00589.png 17
ucf/BoxingPunchingBag/samples/00590.png 17
ucf/BoxingPunchingBag/samples/00591.png 17
ucf/BoxingPunchingBag/samples/00592.png 17
ucf/BoxingPunchingBag/samples/00593.png 17
ucf/BoxingPunchingBag/samples/00594.png 17
ucf/BoxingPunchingBag/samples/00595.png 17
ucf/BoxingPunchingBag/samples/00596.png 17
ucf/BoxingPunchingBag/samples/00597.png 17
ucf/BoxingPunchingBag/samples/00598.png 17
ucf/BoxingPunchingBag/samples/00599.png 17
ucf/BoxingPunchingBag/samples/00600.png 17
ucf/BoxingPunchingBag/samples/00601.png 17
ucf/BoxingPunchingBag/samples/00602.png 17
ucf/BoxingPunchingBag/samples/00603.png 17
ucf/BoxingPunchingBag/samples/00604.png 17
ucf/BoxingPunchingBag/samples/00605.png 17
ucf/BoxingPunchingBag/samples/00606.png 17
ucf/BoxingPunchingBag/samples/00607.png 17
ucf/BoxingPunchingBag/samples/00608.png 17
ucf/BoxingPunchingBag/samples/00609.png 17
ucf/BoxingPunchingBag/samples/00610.png 17
ucf/BoxingPunchingBag/samples/00611.png 17
ucf/BoxingPunchingBag/samples/00612.png 17
ucf/BoxingPunchingBag/samples/00613.png 17
ucf/BoxingPunchingBag/samples/00614.png 17
ucf/BoxingPunchingBag/samples/00615.png 17
ucf/BoxingPunchingBag/samples/00616.png 17
ucf/BoxingPunchingBag/samples/00617.png 17
ucf/BoxingPunchingBag/samples/00618.png 17
ucf/BoxingPunchingBag/samples/00619.png 17
ucf/BoxingPunchingBag/samples/00620.png 17
ucf/BoxingPunchingBag/samples/00621.png 17
ucf/BoxingPunchingBag/samples/00622.png 17
ucf/BoxingPunchingBag/samples/00623.png 17
ucf/BoxingPunchingBag/samples/00624.png 17
ucf/BoxingPunchingBag/samples/00625.png 17
ucf/BoxingPunchingBag/samples/00626.png 17
ucf/BoxingPunchingBag/samples/00627.png 17
ucf/BoxingPunchingBag/samples/00628.png 17
ucf/BoxingPunchingBag/samples/00629.png 17
ucf/BoxingPunchingBag/samples/00630.png 17
ucf/BoxingPunchingBag/samples/00631.png 17
ucf/BoxingPunchingBag/samples/00632.png 17
ucf/BoxingPunchingBag/samples/00633.png 17
ucf/BoxingPunchingBag/samples/00634.png 17
ucf/BoxingPunchingBag/samples/00635.png 17
ucf/BoxingPunchingBag/samples/00636.png 17
ucf/BoxingPunchingBag/samples/00637.png 17
ucf/BoxingPunchingBag/samples/00638.png 17
ucf/BoxingPunchingBag/samples/00639.png 17
ucf/BoxingPunchingBag/samples/00640.png 17
ucf/BoxingPunchingBag/samples/00641.png 17
ucf/BoxingPunchingBag/samples/00642.png 17
ucf/BoxingPunchingBag/samples/00643.png 17
ucf/BoxingPunchingBag/samples/00644.png 17
ucf/BoxingPunchingBag/samples/00645.png 17
ucf/BoxingPunchingBag/samples/00646.png 17
ucf/BoxingPunchingBag/samples/00647.png 17
ucf/BoxingPunchingBag/samples/00648.png 17
ucf/BoxingPunchingBag/samples/00649.png 17
ucf/BoxingPunchingBag/samples/00650.png 17
ucf/BoxingPunchingBag/samples/00651.png 17
ucf/BoxingPunchingBag/samples/00652.png 17
ucf/BoxingPunchingBag/samples/00653.png 17
ucf/BoxingPunchingBag/samples/00654.png 17
ucf/BoxingPunchingBag/samples/00655.png 17
ucf/BoxingPunchingBag/samples/00656.png 17
ucf/BoxingPunchingBag/samples/00657.png 17
ucf/BoxingPunchingBag/samples/00658.png 17
ucf/BoxingPunchingBag/samples/00659.png 17
ucf/BoxingPunchingBag/samples/00660.png 17
ucf/BoxingPunchingBag/samples/00661.png 17
ucf/BoxingPunchingBag/samples/00662.png 17
ucf/BoxingPunchingBag/samples/00663.png 17
ucf/BoxingPunchingBag/samples/00664.png 17
ucf/BoxingPunchingBag/samples/00665.png 17
ucf/BoxingPunchingBag/samples/00666.png 17
ucf/BoxingPunchingBag/samples/00667.png 17
ucf/BoxingPunchingBag/samples/00668.png 17
ucf/BoxingPunchingBag/samples/00669.png 17
ucf/BoxingPunchingBag/samples/00670.png 17
ucf/BoxingPunchingBag/samples/00671.png 17
ucf/BoxingPunchingBag/samples/00672.png 17
ucf/BoxingPunchingBag/samples/00673.png 17
ucf/BoxingPunchingBag/samples/00674.png 17
ucf/BoxingPunchingBag/samples/00675.png 17
ucf/BoxingPunchingBag/samples/00676.png 17
ucf/BoxingPunchingBag/samples/00677.png 17
ucf/BoxingPunchingBag/samples/00678.png 17
ucf/BoxingPunchingBag/samples/00679.png 17
ucf/BoxingPunchingBag/samples/00680.png 17
ucf/BoxingPunchingBag/samples/00681.png 17
ucf/BoxingPunchingBag/samples/00682.png 17
ucf/BoxingPunchingBag/samples/00683.png 17
ucf/BoxingPunchingBag/samples/00684.png 17
ucf/BoxingPunchingBag/samples/00685.png 17
ucf/BoxingPunchingBag/samples/00686.png 17
ucf/BoxingPunchingBag/samples/00687.png 17
ucf/BoxingPunchingBag/samples/00688.png 17
ucf/BoxingPunchingBag/samples/00689.png 17
ucf/BoxingPunchingBag/samples/00690.png 17
ucf/BoxingPunchingBag/samples/00691.png 17
ucf/BoxingPunchingBag/samples/00692.png 17
ucf/BoxingPunchingBag/samples/00693.png 17
ucf/BoxingPunchingBag/samples/00694.png 17
ucf/BoxingPunchingBag/samples/00695.png 17
ucf/BoxingPunchingBag/samples/00696.png 17
ucf/BoxingPunchingBag/samples/00697.png 17
ucf/BoxingPunchingBag/samples/00698.png 17
ucf/BoxingPunchingBag/samples/00699.png 17
ucf/BoxingPunchingBag/samples/00700.png 17
ucf/BoxingPunchingBag/samples/00701.png 17
ucf/BoxingPunchingBag/samples/00702.png 17
ucf/BoxingPunchingBag/samples/00703.png 17
ucf/BoxingPunchingBag/samples/00704.png 17
ucf/BoxingPunchingBag/samples/00705.png 17
ucf/BoxingPunchingBag/samples/00706.png 17
ucf/BoxingPunchingBag/samples/00707.png 17
ucf/BoxingPunchingBag/samples/00708.png 17
ucf/BoxingPunchingBag/samples/00709.png 17
ucf/BoxingPunchingBag/samples/00710.png 17
ucf/BoxingPunchingBag/samples/00711.png 17
ucf/BoxingPunchingBag/samples/00712.png 17
ucf/BoxingPunchingBag/samples/00713.png 17
ucf/BoxingPunchingBag/samples/00714.png 17
ucf/BoxingPunchingBag/samples/00715.png 17
ucf/BoxingPunchingBag/samples/00716.png 17
ucf/BoxingPunchingBag/samples/00717.png 17
ucf/BoxingPunchingBag/samples/00718.png 17
ucf/BoxingPunchingBag/samples/00719.png 17
ucf/BoxingPunchingBag/samples/00720.png 17
ucf/BoxingPunchingBag/samples/00721.png 17
ucf/BoxingPunchingBag/samples/00722.png 17
ucf/BoxingPunchingBag/samples/00723.png 17
ucf/BoxingPunchingBag/samples/00724.png 17
ucf/BoxingPunchingBag/samples/00725.png 17
ucf/BoxingPunchingBag/samples/00726.png 17
ucf/BoxingPunchingBag/samples/00727.png 17
ucf/BoxingPunchingBag/samples/00728.png 17
ucf/BoxingPunchingBag/samples/00729.png 17
ucf/BoxingPunchingBag/samples/00730.png 17
ucf/BoxingPunchingBag/samples/00731.png 17
ucf/BoxingPunchingBag/samples/00732.png 17
ucf/BoxingPunchingBag/samples/00733.png 17
ucf/BoxingPunchingBag/samples/00734.png 17
ucf/BoxingPunchingBag/samples/00735.png 17
ucf/BoxingPunchingBag/samples/00736.png 17
ucf/BoxingPunchingBag/samples/00737.png 17
ucf/BoxingPunchingBag/samples/00738.png 17
ucf/BoxingPunchingBag/samples/00739.png 17
ucf/BoxingPunchingBag/samples/00740.png 17
ucf/BoxingPunchingBag/samples/00741.png 17
ucf/BoxingPunchingBag/samples/00742.png 17
ucf/BoxingPunchingBag/samples/00743.png 17
ucf/BoxingPunchingBag/samples/00744.png 17
ucf/BoxingPunchingBag/samples/00745.png 17
ucf/BoxingPunchingBag/samples/00746.png 17
ucf/BoxingPunchingBag/samples/00747.png 17
ucf/BoxingPunchingBag/samples/00748.png 17
ucf/BoxingPunchingBag/samples/00749.png 17
ucf/BoxingPunchingBag/samples/00750.png 17
ucf/BoxingPunchingBag/samples/00751.png 17
ucf/BoxingPunchingBag/samples/00752.png 17
ucf/BoxingPunchingBag/samples/00753.png 17
ucf/BoxingPunchingBag/samples/00754.png 17
ucf/BoxingPunchingBag/samples/00755.png 17
ucf/BoxingPunchingBag/samples/00756.png 17
ucf/BoxingPunchingBag/samples/00757.png 17
ucf/BoxingPunchingBag/samples/00758.png 17
ucf/BoxingPunchingBag/samples/00759.png 17
ucf/BoxingPunchingBag/samples/00760.png 17
ucf/BoxingPunchingBag/samples/00761.png 17
ucf/BoxingPunchingBag/samples/00762.png 17
ucf/BoxingPunchingBag/samples/00763.png 17
ucf/BoxingPunchingBag/samples/00764.png 17
ucf/BoxingPunchingBag/samples/00765.png 17
ucf/BoxingPunchingBag/samples/00766.png 17
ucf/BoxingPunchingBag/samples/00767.png 17
ucf/BoxingPunchingBag/samples/00768.png 17
ucf/BoxingPunchingBag/samples/00769.png 17
ucf/BoxingPunchingBag/samples/00770.png 17
ucf/BoxingPunchingBag/samples/00771.png 17
ucf/BoxingPunchingBag/samples/00772.png 17
ucf/BoxingPunchingBag/samples/00773.png 17
ucf/BoxingPunchingBag/samples/00774.png 17
ucf/BoxingPunchingBag/samples/00775.png 17
ucf/BoxingPunchingBag/samples/00776.png 17
ucf/BoxingPunchingBag/samples/00777.png 17
ucf/BoxingPunchingBag/samples/00778.png 17
ucf/BoxingPunchingBag/samples/00779.png 17
ucf/BoxingPunchingBag/samples/00780.png 17
ucf/BoxingPunchingBag/samples/00781.png 17
ucf/BoxingPunchingBag/samples/00782.png 17
ucf/BoxingPunchingBag/samples/00783.png 17
ucf/BoxingPunchingBag/samples/00784.png 17
ucf/BoxingPunchingBag/samples/00785.png 17
ucf/BoxingPunchingBag/samples/00786.png 17
ucf/BoxingPunchingBag/samples/00787.png 17
ucf/BoxingPunchingBag/samples/00788.png 17
ucf/BoxingPunchingBag/samples/00789.png 17
ucf/BoxingPunchingBag/samples/00790.png 17
ucf/BoxingPunchingBag/samples/00791.png 17
ucf/BoxingPunchingBag/samples/00792.png 17
ucf/BoxingPunchingBag/samples/00793.png 17
ucf/BoxingPunchingBag/samples/00794.png 17
ucf/BoxingPunchingBag/samples/00795.png 17
ucf/BoxingPunchingBag/samples/00796.png 17
ucf/BoxingPunchingBag/samples/00797.png 17
ucf/BoxingPunchingBag/samples/00798.png 17
ucf/BoxingPunchingBag/samples/00799.png 17
ucf/BoxingPunchingBag/samples/00800.png 17
ucf/BoxingPunchingBag/samples/00801.png 17
ucf/BoxingPunchingBag/samples/00802.png 17
ucf/BoxingPunchingBag/samples/00803.png 17
ucf/BoxingPunchingBag/samples/00804.png 17
ucf/BoxingPunchingBag/samples/00805.png 17
ucf/BoxingPunchingBag/samples/00806.png 17
ucf/BoxingPunchingBag/samples/00807.png 17
ucf/BoxingPunchingBag/samples/00808.png 17
ucf/BoxingPunchingBag/samples/00809.png 17
ucf/BoxingPunchingBag/samples/00810.png 17
ucf/BoxingPunchingBag/samples/00811.png 17
ucf/BoxingPunchingBag/samples/00812.png 17
ucf/BoxingPunchingBag/samples/00813.png 17
ucf/BoxingPunchingBag/samples/00814.png 17
ucf/BoxingPunchingBag/samples/00815.png 17
ucf/BoxingPunchingBag/samples/00816.png 17
ucf/BoxingPunchingBag/samples/00817.png 17
ucf/BoxingPunchingBag/samples/00818.png 17
ucf/BoxingPunchingBag/samples/00819.png 17
ucf/BoxingPunchingBag/samples/00820.png 17
ucf/BoxingPunchingBag/samples/00821.png 17
ucf/BoxingPunchingBag/samples/00822.png 17
ucf/BoxingPunchingBag/samples/00823.png 17
ucf/BoxingPunchingBag/samples/00824.png 17
ucf/BoxingPunchingBag/samples/00825.png 17
ucf/BoxingPunchingBag/samples/00826.png 17
ucf/BoxingPunchingBag/samples/00827.png 17
ucf/BoxingPunchingBag/samples/00828.png 17
ucf/BoxingPunchingBag/samples/00829.png 17
ucf/BoxingPunchingBag/samples/00830.png 17
ucf/BoxingPunchingBag/samples/00831.png 17
ucf/BoxingPunchingBag/samples/00832.png 17
ucf/BoxingPunchingBag/samples/00833.png 17
ucf/BoxingPunchingBag/samples/00834.png 17
ucf/BoxingPunchingBag/samples/00835.png 17
ucf/BoxingPunchingBag/samples/00836.png 17
ucf/BoxingPunchingBag/samples/00837.png 17
ucf/BoxingPunchingBag/samples/00838.png 17
ucf/BoxingPunchingBag/samples/00839.png 17
ucf/BoxingPunchingBag/samples/00840.png 17
ucf/BoxingPunchingBag/samples/00841.png 17
ucf/BoxingPunchingBag/samples/00842.png 17
ucf/BoxingPunchingBag/samples/00843.png 17
ucf/BoxingPunchingBag/samples/00844.png 17
ucf/BoxingPunchingBag/samples/00845.png 17
ucf/BoxingPunchingBag/samples/00846.png 17
ucf/BoxingPunchingBag/samples/00847.png 17
ucf/BoxingPunchingBag/samples/00848.png 17
ucf/BoxingPunchingBag/samples/00849.png 17
ucf/BoxingPunchingBag/samples/00850.png 17
ucf/BoxingPunchingBag/samples/00851.png 17
ucf/BoxingPunchingBag/samples/00852.png 17
ucf/BoxingPunchingBag/samples/00853.png 17
ucf/BoxingPunchingBag/samples/00854.png 17
ucf/BoxingPunchingBag/samples/00855.png 17
ucf/BoxingPunchingBag/samples/00856.png 17
ucf/BoxingPunchingBag/samples/00857.png 17
ucf/BoxingPunchingBag/samples/00858.png 17
ucf/BoxingPunchingBag/samples/00859.png 17
ucf/BoxingPunchingBag/samples/00860.png 17
ucf/BoxingPunchingBag/samples/00861.png 17
ucf/BoxingPunchingBag/samples/00862.png 17
ucf/BoxingPunchingBag/samples/00863.png 17
ucf/BoxingPunchingBag/samples/00864.png 17
ucf/BoxingPunchingBag/samples/00865.png 17
ucf/BoxingPunchingBag/samples/00866.png 17
ucf/BoxingPunchingBag/samples/00867.png 17
ucf/BoxingPunchingBag/samples/00868.png 17
ucf/BoxingPunchingBag/samples/00869.png 17
ucf/BoxingPunchingBag/samples/00870.png 17
ucf/BoxingPunchingBag/samples/00871.png 17
ucf/BoxingPunchingBag/samples/00872.png 17
ucf/BoxingPunchingBag/samples/00873.png 17
ucf/BoxingPunchingBag/samples/00874.png 17
ucf/BoxingPunchingBag/samples/00875.png 17
ucf/BoxingPunchingBag/samples/00876.png 17
ucf/BoxingPunchingBag/samples/00877.png 17
ucf/BoxingPunchingBag/samples/00878.png 17
ucf/BoxingPunchingBag/samples/00879.png 17
ucf/BoxingPunchingBag/samples/00880.png 17
ucf/BoxingPunchingBag/samples/00881.png 17
ucf/BoxingPunchingBag/samples/00882.png 17
ucf/BoxingPunchingBag/samples/00883.png 17
ucf/BoxingPunchingBag/samples/00884.png 17
ucf/BoxingPunchingBag/samples/00885.png 17
ucf/BoxingPunchingBag/samples/00886.png 17
ucf/BoxingPunchingBag/samples/00887.png 17
ucf/BoxingPunchingBag/samples/00888.png 17
ucf/BoxingPunchingBag/samples/00889.png 17
ucf/BoxingPunchingBag/samples/00890.png 17
ucf/BoxingPunchingBag/samples/00891.png 17
ucf/BoxingPunchingBag/samples/00892.png 17
ucf/BoxingPunchingBag/samples/00893.png 17
ucf/BoxingPunchingBag/samples/00894.png 17
ucf/BoxingPunchingBag/samples/00895.png 17
ucf/BoxingPunchingBag/samples/00896.png 17
ucf/BoxingPunchingBag/samples/00897.png 17
ucf/BoxingPunchingBag/samples/00898.png 17
ucf/BoxingPunchingBag/samples/00899.png 17
ucf/BoxingPunchingBag/samples/00900.png 17
ucf/BoxingPunchingBag/samples/00901.png 17
ucf/BoxingPunchingBag/samples/00902.png 17
ucf/BoxingPunchingBag/samples/00903.png 17
ucf/BoxingPunchingBag/samples/00904.png 17
ucf/BoxingPunchingBag/samples/00905.png 17
ucf/BoxingPunchingBag/samples/00906.png 17
ucf/BoxingPunchingBag/samples/00907.png 17
ucf/BoxingPunchingBag/samples/00908.png 17
ucf/BoxingPunchingBag/samples/00909.png 17
ucf/BoxingPunchingBag/samples/00910.png 17
ucf/BoxingPunchingBag/samples/00911.png 17
ucf/BoxingPunchingBag/samples/00912.png 17
ucf/BoxingPunchingBag/samples/00913.png 17
ucf/BoxingPunchingBag/samples/00914.png 17
ucf/BoxingPunchingBag/samples/00915.png 17
ucf/BoxingPunchingBag/samples/00916.png 17
ucf/BoxingPunchingBag/samples/00917.png 17
ucf/BoxingPunchingBag/samples/00918.png 17
ucf/BoxingPunchingBag/samples/00919.png 17
ucf/BoxingPunchingBag/samples/00920.png 17
ucf/BoxingPunchingBag/samples/00921.png 17
ucf/BoxingPunchingBag/samples/00922.png 17
ucf/BoxingPunchingBag/samples/00923.png 17
ucf/BoxingPunchingBag/samples/00924.png 17
ucf/BoxingPunchingBag/samples/00925.png 17
ucf/BoxingPunchingBag/samples/00926.png 17
ucf/BoxingPunchingBag/samples/00927.png 17
ucf/BoxingPunchingBag/samples/00928.png 17
ucf/BoxingPunchingBag/samples/00929.png 17
ucf/BoxingPunchingBag/samples/00930.png 17
ucf/BoxingPunchingBag/samples/00931.png 17
ucf/BoxingPunchingBag/samples/00932.png 17
ucf/BoxingPunchingBag/samples/00933.png 17
ucf/BoxingPunchingBag/samples/00934.png 17
ucf/BoxingPunchingBag/samples/00935.png 17
ucf/BoxingPunchingBag/samples/00936.png 17
ucf/BoxingPunchingBag/samples/00937.png 17
ucf/BoxingPunchingBag/samples/00938.png 17
ucf/BoxingPunchingBag/samples/00939.png 17
ucf/BoxingPunchingBag/samples/00940.png 17
ucf/BoxingPunchingBag/samples/00941.png 17
ucf/BoxingPunchingBag/samples/00942.png 17
ucf/BoxingPunchingBag/samples/00943.png 17
ucf/BoxingPunchingBag/samples/00944.png 17
ucf/BoxingPunchingBag/samples/00945.png 17
ucf/BoxingPunchingBag/samples/00946.png 17
ucf/BoxingPunchingBag/samples/00947.png 17
ucf/BoxingPunchingBag/samples/00948.png 17
ucf/BoxingPunchingBag/samples/00949.png 17
ucf/BoxingPunchingBag/samples/00950.png 17
ucf/BoxingPunchingBag/samples/00951.png 17
ucf/BoxingPunchingBag/samples/00952.png 17
ucf/BoxingPunchingBag/samples/00953.png 17
ucf/BoxingPunchingBag/samples/00954.png 17
ucf/BoxingPunchingBag/samples/00955.png 17
ucf/BoxingPunchingBag/samples/00956.png 17
ucf/BoxingPunchingBag/samples/00957.png 17
ucf/BoxingPunchingBag/samples/00958.png 17
ucf/BoxingPunchingBag/samples/00959.png 17
ucf/BoxingPunchingBag/samples/00960.png 17
ucf/BoxingPunchingBag/samples/00961.png 17
ucf/BoxingPunchingBag/samples/00962.png 17
ucf/BoxingPunchingBag/samples/00963.png 17
ucf/BoxingPunchingBag/samples/00964.png 17
ucf/BoxingPunchingBag/samples/00965.png 17
ucf/BoxingPunchingBag/samples/00966.png 17
ucf/BoxingPunchingBag/samples/00967.png 17
ucf/BoxingPunchingBag/samples/00968.png 17
ucf/BoxingPunchingBag/samples/00969.png 17
ucf/BoxingPunchingBag/samples/00970.png 17
ucf/BoxingPunchingBag/samples/00971.png 17
ucf/BoxingPunchingBag/samples/00972.png 17
ucf/BoxingPunchingBag/samples/00973.png 17
ucf/BoxingPunchingBag/samples/00974.png 17
ucf/BoxingPunchingBag/samples/00975.png 17
ucf/BoxingPunchingBag/samples/00976.png 17
ucf/BoxingPunchingBag/samples/00977.png 17
ucf/BoxingPunchingBag/samples/00978.png 17
ucf/BoxingPunchingBag/samples/00979.png 17
ucf/BoxingPunchingBag/samples/00980.png 17
ucf/BoxingPunchingBag/samples/00981.png 17
ucf/BoxingPunchingBag/samples/00982.png 17
ucf/BoxingPunchingBag/samples/00983.png 17
ucf/BoxingPunchingBag/samples/00984.png 17
ucf/BoxingPunchingBag/samples/00985.png 17
ucf/BoxingPunchingBag/samples/00986.png 17
ucf/BoxingPunchingBag/samples/00987.png 17
ucf/BoxingPunchingBag/samples/00988.png 17
ucf/BoxingPunchingBag/samples/00989.png 17
ucf/BoxingPunchingBag/samples/00990.png 17
ucf/BoxingPunchingBag/samples/00991.png 17
ucf/BoxingPunchingBag/samples/00992.png 17
ucf/BoxingPunchingBag/samples/00993.png 17
ucf/BoxingPunchingBag/samples/00994.png 17
ucf/BoxingPunchingBag/samples/00995.png 17
ucf/BoxingPunchingBag/samples/00996.png 17
ucf/BoxingPunchingBag/samples/00997.png 17
ucf/BoxingPunchingBag/samples/00998.png 17
ucf/BoxingPunchingBag/samples/00999.png 17
ucf/PoleVault/samples/00000.png 68
ucf/PoleVault/samples/00001.png 68
ucf/PoleVault/samples/00002.png 68
ucf/PoleVault/samples/00003.png 68
ucf/PoleVault/samples/00004.png 68
ucf/PoleVault/samples/00005.png 68
ucf/PoleVault/samples/00006.png 68
ucf/PoleVault/samples/00007.png 68
ucf/PoleVault/samples/00008.png 68
ucf/PoleVault/samples/00009.png 68
ucf/PoleVault/samples/00010.png 68
ucf/PoleVault/samples/00011.png 68
ucf/PoleVault/samples/00012.png 68
ucf/PoleVault/samples/00013.png 68
ucf/PoleVault/samples/00014.png 68
ucf/PoleVault/samples/00015.png 68
ucf/PoleVault/samples/00016.png 68
ucf/PoleVault/samples/00017.png 68
ucf/PoleVault/samples/00018.png 68
ucf/PoleVault/samples/00019.png 68
ucf/PoleVault/samples/00020.png 68
ucf/PoleVault/samples/00021.png 68
ucf/PoleVault/samples/00022.png 68
ucf/PoleVault/samples/00023.png 68
ucf/PoleVault/samples/00024.png 68
ucf/PoleVault/samples/00025.png 68
ucf/PoleVault/samples/00026.png 68
ucf/PoleVault/samples/00027.png 68
ucf/PoleVault/samples/00028.png 68
ucf/PoleVault/samples/00029.png 68
ucf/PoleVault/samples/00030.png 68
ucf/PoleVault/samples/00031.png 68
ucf/PoleVault/samples/00032.png 68
ucf/PoleVault/samples/00033.png 68
ucf/PoleVault/samples/00034.png 68
ucf/PoleVault/samples/00035.png 68
ucf/PoleVault/samples/00036.png 68
ucf/PoleVault/samples/00037.png 68
ucf/PoleVault/samples/00038.png 68
ucf/PoleVault/samples/00039.png 68
ucf/PoleVault/samples/00040.png 68
ucf/PoleVault/samples/00041.png 68
ucf/PoleVault/samples/00042.png 68
ucf/PoleVault/samples/00043.png 68
ucf/PoleVault/samples/00044.png 68
ucf/PoleVault/samples/00045.png 68
ucf/PoleVault/samples/00046.png 68
ucf/PoleVault/samples/00047.png 68
ucf/PoleVault/samples/00048.png 68
ucf/PoleVault/samples/00049.png 68
ucf/PoleVault/samples/00050.png 68
ucf/PoleVault/samples/00051.png 68
ucf/PoleVault/samples/00052.png 68
ucf/PoleVault/samples/00053.png 68
ucf/PoleVault/samples/00054.png 68
ucf/PoleVault/samples/00055.png 68
ucf/PoleVault/samples/00056.png 68
ucf/PoleVault/samples/00057.png 68
ucf/PoleVault/samples/00058.png 68
ucf/PoleVault/samples/00059.png 68
ucf/PoleVault/samples/00060.png 68
ucf/PoleVault/samples/00061.png 68
ucf/PoleVault/samples/00062.png 68
ucf/PoleVault/samples/00063.png 68
ucf/PoleVault/samples/00064.png 68
ucf/PoleVault/samples/00065.png 68
ucf/PoleVault/samples/00066.png 68
ucf/PoleVault/samples/00067.png 68
ucf/PoleVault/samples/00068.png 68
ucf/PoleVault/samples/00069.png 68
ucf/PoleVault/samples/00070.png 68
ucf/PoleVault/samples/00071.png 68
ucf/PoleVault/samples/00072.png 68
ucf/PoleVault/samples/00073.png 68
ucf/PoleVault/samples/00074.png 68
ucf/PoleVault/samples/00075.png 68
ucf/PoleVault/samples/00076.png 68
ucf/PoleVault/samples/00077.png 68
ucf/PoleVault/samples/00078.png 68
ucf/PoleVault/samples/00079.png 68
ucf/PoleVault/samples/00080.png 68
ucf/PoleVault/samples/00081.png 68
ucf/PoleVault/samples/00082.png 68
ucf/PoleVault/samples/00083.png 68
ucf/PoleVault/samples/00084.png 68
ucf/PoleVault/samples/00085.png 68
ucf/PoleVault/samples/00086.png 68
ucf/PoleVault/samples/00087.png 68
ucf/PoleVault/samples/00088.png 68
ucf/PoleVault/samples/00089.png 68
ucf/PoleVault/samples/00090.png 68
ucf/PoleVault/samples/00091.png 68
ucf/PoleVault/samples/00092.png 68
ucf/PoleVault/samples/00093.png 68
ucf/PoleVault/samples/00094.png 68
ucf/PoleVault/samples/00095.png 68
ucf/PoleVault/samples/00096.png 68
ucf/PoleVault/samples/00097.png 68
ucf/PoleVault/samples/00098.png 68
ucf/PoleVault/samples/00099.png 68
ucf/PoleVault/samples/00100.png 68
ucf/PoleVault/samples/00101.png 68
ucf/PoleVault/samples/00102.png 68
ucf/PoleVault/samples/00103.png 68
ucf/PoleVault/samples/00104.png 68
ucf/PoleVault/samples/00105.png 68
ucf/PoleVault/samples/00106.png 68
ucf/PoleVault/samples/00107.png 68
ucf/PoleVault/samples/00108.png 68
ucf/PoleVault/samples/00109.png 68
ucf/PoleVault/samples/00110.png 68
ucf/PoleVault/samples/00111.png 68
ucf/PoleVault/samples/00112.png 68
ucf/PoleVault/samples/00113.png 68
ucf/PoleVault/samples/00114.png 68
ucf/PoleVault/samples/00115.png 68
ucf/PoleVault/samples/00116.png 68
ucf/PoleVault/samples/00117.png 68
ucf/PoleVault/samples/00118.png 68
ucf/PoleVault/samples/00119.png 68
ucf/PoleVault/samples/00120.png 68
ucf/PoleVault/samples/00121.png 68
ucf/PoleVault/samples/00122.png 68
ucf/PoleVault/samples/00123.png 68
ucf/PoleVault/samples/00124.png 68
ucf/PoleVault/samples/00125.png 68
ucf/PoleVault/samples/00126.png 68
ucf/PoleVault/samples/00127.png 68
ucf/PoleVault/samples/00128.png 68
ucf/PoleVault/samples/00129.png 68
ucf/PoleVault/samples/00130.png 68
ucf/PoleVault/samples/00131.png 68
ucf/PoleVault/samples/00132.png 68
ucf/PoleVault/samples/00133.png 68
ucf/PoleVault/samples/00134.png 68
ucf/PoleVault/samples/00135.png 68
ucf/PoleVault/samples/00136.png 68
ucf/PoleVault/samples/00137.png 68
ucf/PoleVault/samples/00138.png 68
ucf/PoleVault/samples/00139.png 68
ucf/PoleVault/samples/00140.png 68
ucf/PoleVault/samples/00141.png 68
ucf/PoleVault/samples/00142.png 68
ucf/PoleVault/samples/00143.png 68
ucf/PoleVault/samples/00144.png 68
ucf/PoleVault/samples/00145.png 68
ucf/PoleVault/samples/00146.png 68
ucf/PoleVault/samples/00147.png 68
ucf/PoleVault/samples/00148.png 68
ucf/PoleVault/samples/00149.png 68
ucf/PoleVault/samples/00150.png 68
ucf/PoleVault/samples/00151.png 68
ucf/PoleVault/samples/00152.png 68
ucf/PoleVault/samples/00153.png 68
ucf/PoleVault/samples/00154.png 68
ucf/PoleVault/samples/00155.png 68
ucf/PoleVault/samples/00156.png 68
ucf/PoleVault/samples/00157.png 68
ucf/PoleVault/samples/00158.png 68
ucf/PoleVault/samples/00159.png 68
ucf/PoleVault/samples/00160.png 68
ucf/PoleVault/samples/00161.png 68
ucf/PoleVault/samples/00162.png 68
ucf/PoleVault/samples/00163.png 68
ucf/PoleVault/samples/00164.png 68
ucf/PoleVault/samples/00165.png 68
ucf/PoleVault/samples/00166.png 68
ucf/PoleVault/samples/00167.png 68
ucf/PoleVault/samples/00168.png 68
ucf/PoleVault/samples/00169.png 68
ucf/PoleVault/samples/00170.png 68
ucf/PoleVault/samples/00171.png 68
ucf/PoleVault/samples/00172.png 68
ucf/PoleVault/samples/00173.png 68
ucf/PoleVault/samples/00174.png 68
ucf/PoleVault/samples/00175.png 68
ucf/PoleVault/samples/00176.png 68
ucf/PoleVault/samples/00177.png 68
ucf/PoleVault/samples/00178.png 68
ucf/PoleVault/samples/00179.png 68
ucf/PoleVault/samples/00180.png 68
ucf/PoleVault/samples/00181.png 68
ucf/PoleVault/samples/00182.png 68
ucf/PoleVault/samples/00183.png 68
ucf/PoleVault/samples/00184.png 68
ucf/PoleVault/samples/00185.png 68
ucf/PoleVault/samples/00186.png 68
ucf/PoleVault/samples/00187.png 68
ucf/PoleVault/samples/00188.png 68
ucf/PoleVault/samples/00189.png 68
ucf/PoleVault/samples/00190.png 68
ucf/PoleVault/samples/00191.png 68
ucf/PoleVault/samples/00192.png 68
ucf/PoleVault/samples/00193.png 68
ucf/PoleVault/samples/00194.png 68
ucf/PoleVault/samples/00195.png 68
ucf/PoleVault/samples/00196.png 68
ucf/PoleVault/samples/00197.png 68
ucf/PoleVault/samples/00198.png 68
ucf/PoleVault/samples/00199.png 68
ucf/PoleVault/samples/00200.png 68
ucf/PoleVault/samples/00201.png 68
ucf/PoleVault/samples/00202.png 68
ucf/PoleVault/samples/00203.png 68
ucf/PoleVault/samples/00204.png 68
ucf/PoleVault/samples/00205.png 68
ucf/PoleVault/samples/00206.png 68
ucf/PoleVault/samples/00207.png 68
ucf/PoleVault/samples/00208.png 68
ucf/PoleVault/samples/00209.png 68
ucf/PoleVault/samples/00210.png 68
ucf/PoleVault/samples/00211.png 68
ucf/PoleVault/samples/00212.png 68
ucf/PoleVault/samples/00213.png 68
ucf/PoleVault/samples/00214.png 68
ucf/PoleVault/samples/00215.png 68
ucf/PoleVault/samples/00216.png 68
ucf/PoleVault/samples/00217.png 68
ucf/PoleVault/samples/00218.png 68
ucf/PoleVault/samples/00219.png 68
ucf/PoleVault/samples/00220.png 68
ucf/PoleVault/samples/00221.png 68
ucf/PoleVault/samples/00222.png 68
ucf/PoleVault/samples/00223.png 68
ucf/PoleVault/samples/00224.png 68
ucf/PoleVault/samples/00225.png 68
ucf/PoleVault/samples/00226.png 68
ucf/PoleVault/samples/00227.png 68
ucf/PoleVault/samples/00228.png 68
ucf/PoleVault/samples/00229.png 68
ucf/PoleVault/samples/00230.png 68
ucf/PoleVault/samples/00231.png 68
ucf/PoleVault/samples/00232.png 68
ucf/PoleVault/samples/00233.png 68
ucf/PoleVault/samples/00234.png 68
ucf/PoleVault/samples/00235.png 68
ucf/PoleVault/samples/00236.png 68
ucf/PoleVault/samples/00237.png 68
ucf/PoleVault/samples/00238.png 68
ucf/PoleVault/samples/00239.png 68
ucf/PoleVault/samples/00240.png 68
ucf/PoleVault/samples/00241.png 68
ucf/PoleVault/samples/00242.png 68
ucf/PoleVault/samples/00243.png 68
ucf/PoleVault/samples/00244.png 68
ucf/PoleVault/samples/00245.png 68
ucf/PoleVault/samples/00246.png 68
ucf/PoleVault/samples/00247.png 68
ucf/PoleVault/samples/00248.png 68
ucf/PoleVault/samples/00249.png 68
ucf/PoleVault/samples/00250.png 68
ucf/PoleVault/samples/00251.png 68
ucf/PoleVault/samples/00252.png 68
ucf/PoleVault/samples/00253.png 68
ucf/PoleVault/samples/00254.png 68
ucf/PoleVault/samples/00255.png 68
ucf/PoleVault/samples/00256.png 68
ucf/PoleVault/samples/00257.png 68
ucf/PoleVault/samples/00258.png 68
ucf/PoleVault/samples/00259.png 68
ucf/PoleVault/samples/00260.png 68
ucf/PoleVault/samples/00261.png 68
ucf/PoleVault/samples/00262.png 68
ucf/PoleVault/samples/00263.png 68
ucf/PoleVault/samples/00264.png 68
ucf/PoleVault/samples/00265.png 68
ucf/PoleVault/samples/00266.png 68
ucf/PoleVault/samples/00267.png 68
ucf/PoleVault/samples/00268.png 68
ucf/PoleVault/samples/00269.png 68
ucf/PoleVault/samples/00270.png 68
ucf/PoleVault/samples/00271.png 68
ucf/PoleVault/samples/00272.png 68
ucf/PoleVault/samples/00273.png 68
ucf/PoleVault/samples/00274.png 68
ucf/PoleVault/samples/00275.png 68
ucf/PoleVault/samples/00276.png 68
ucf/PoleVault/samples/00277.png 68
ucf/PoleVault/samples/00278.png 68
ucf/PoleVault/samples/00279.png 68
ucf/PoleVault/samples/00280.png 68
ucf/PoleVault/samples/00281.png 68
ucf/PoleVault/samples/00282.png 68
ucf/PoleVault/samples/00283.png 68
ucf/PoleVault/samples/00284.png 68
ucf/PoleVault/samples/00285.png 68
ucf/PoleVault/samples/00286.png 68
ucf/PoleVault/samples/00287.png 68
ucf/PoleVault/samples/00288.png 68
ucf/PoleVault/samples/00289.png 68
ucf/PoleVault/samples/00290.png 68
ucf/PoleVault/samples/00291.png 68
ucf/PoleVault/samples/00292.png 68
ucf/PoleVault/samples/00293.png 68
ucf/PoleVault/samples/00294.png 68
ucf/PoleVault/samples/00295.png 68
ucf/PoleVault/samples/00296.png 68
ucf/PoleVault/samples/00297.png 68
ucf/PoleVault/samples/00298.png 68
ucf/PoleVault/samples/00299.png 68
ucf/PoleVault/samples/00300.png 68
ucf/PoleVault/samples/00301.png 68
ucf/PoleVault/samples/00302.png 68
ucf/PoleVault/samples/00303.png 68
ucf/PoleVault/samples/00304.png 68
ucf/PoleVault/samples/00305.png 68
ucf/PoleVault/samples/00306.png 68
ucf/PoleVault/samples/00307.png 68
ucf/PoleVault/samples/00308.png 68
ucf/PoleVault/samples/00309.png 68
ucf/PoleVault/samples/00310.png 68
ucf/PoleVault/samples/00311.png 68
ucf/PoleVault/samples/00312.png 68
ucf/PoleVault/samples/00313.png 68
ucf/PoleVault/samples/00314.png 68
ucf/PoleVault/samples/00315.png 68
ucf/PoleVault/samples/00316.png 68
ucf/PoleVault/samples/00317.png 68
ucf/PoleVault/samples/00318.png 68
ucf/PoleVault/samples/00319.png 68
ucf/PoleVault/samples/00320.png 68
ucf/PoleVault/samples/00321.png 68
ucf/PoleVault/samples/00322.png 68
ucf/PoleVault/samples/00323.png 68
ucf/PoleVault/samples/00324.png 68
ucf/PoleVault/samples/00325.png 68
ucf/PoleVault/samples/00326.png 68
ucf/PoleVault/samples/00327.png 68
ucf/PoleVault/samples/00328.png 68
ucf/PoleVault/samples/00329.png 68
ucf/PoleVault/samples/00330.png 68
ucf/PoleVault/samples/00331.png 68
ucf/PoleVault/samples/00332.png 68
ucf/PoleVault/samples/00333.png 68
ucf/PoleVault/samples/00334.png 68
ucf/PoleVault/samples/00335.png 68
ucf/PoleVault/samples/00336.png 68
ucf/PoleVault/samples/00337.png 68
ucf/PoleVault/samples/00338.png 68
ucf/PoleVault/samples/00339.png 68
ucf/PoleVault/samples/00340.png 68
ucf/PoleVault/samples/00341.png 68
ucf/PoleVault/samples/00342.png 68
ucf/PoleVault/samples/00343.png 68
ucf/PoleVault/samples/00344.png 68
ucf/PoleVault/samples/00345.png 68
ucf/PoleVault/samples/00346.png 68
ucf/PoleVault/samples/00347.png 68
ucf/PoleVault/samples/00348.png 68
ucf/PoleVault/samples/00349.png 68
ucf/PoleVault/samples/00350.png 68
ucf/PoleVault/samples/00351.png 68
ucf/PoleVault/samples/00352.png 68
ucf/PoleVault/samples/00353.png 68
ucf/PoleVault/samples/00354.png 68
ucf/PoleVault/samples/00355.png 68
ucf/PoleVault/samples/00356.png 68
ucf/PoleVault/samples/00357.png 68
ucf/PoleVault/samples/00358.png 68
ucf/PoleVault/samples/00359.png 68
ucf/PoleVault/samples/00360.png 68
ucf/PoleVault/samples/00361.png 68
ucf/PoleVault/samples/00362.png 68
ucf/PoleVault/samples/00363.png 68
ucf/PoleVault/samples/00364.png 68
ucf/PoleVault/samples/00365.png 68
ucf/PoleVault/samples/00366.png 68
ucf/PoleVault/samples/00367.png 68
ucf/PoleVault/samples/00368.png 68
ucf/PoleVault/samples/00369.png 68
ucf/PoleVault/samples/00370.png 68
ucf/PoleVault/samples/00371.png 68
ucf/PoleVault/samples/00372.png 68
ucf/PoleVault/samples/00373.png 68
ucf/PoleVault/samples/00374.png 68
ucf/PoleVault/samples/00375.png 68
ucf/PoleVault/samples/00376.png 68
ucf/PoleVault/samples/00377.png 68
ucf/PoleVault/samples/00378.png 68
ucf/PoleVault/samples/00379.png 68
ucf/PoleVault/samples/00380.png 68
ucf/PoleVault/samples/00381.png 68
ucf/PoleVault/samples/00382.png 68
ucf/PoleVault/samples/00383.png 68
ucf/PoleVault/samples/00384.png 68
ucf/PoleVault/samples/00385.png 68
ucf/PoleVault/samples/00386.png 68
ucf/PoleVault/samples/00387.png 68
ucf/PoleVault/samples/00388.png 68
ucf/PoleVault/samples/00389.png 68
ucf/PoleVault/samples/00390.png 68
ucf/PoleVault/samples/00391.png 68
ucf/PoleVault/samples/00392.png 68
ucf/PoleVault/samples/00393.png 68
ucf/PoleVault/samples/00394.png 68
ucf/PoleVault/samples/00395.png 68
ucf/PoleVault/samples/00396.png 68
ucf/PoleVault/samples/00397.png 68
ucf/PoleVault/samples/00398.png 68
ucf/PoleVault/samples/00399.png 68
ucf/PoleVault/samples/00400.png 68
ucf/PoleVault/samples/00401.png 68
ucf/PoleVault/samples/00402.png 68
ucf/PoleVault/samples/00403.png 68
ucf/PoleVault/samples/00404.png 68
ucf/PoleVault/samples/00405.png 68
ucf/PoleVault/samples/00406.png 68
ucf/PoleVault/samples/00407.png 68
ucf/PoleVault/samples/00408.png 68
ucf/PoleVault/samples/00409.png 68
ucf/PoleVault/samples/00410.png 68
ucf/PoleVault/samples/00411.png 68
ucf/PoleVault/samples/00412.png 68
ucf/PoleVault/samples/00413.png 68
ucf/PoleVault/samples/00414.png 68
ucf/PoleVault/samples/00415.png 68
ucf/PoleVault/samples/00416.png 68
ucf/PoleVault/samples/00417.png 68
ucf/PoleVault/samples/00418.png 68
ucf/PoleVault/samples/00419.png 68
ucf/PoleVault/samples/00420.png 68
ucf/PoleVault/samples/00421.png 68
ucf/PoleVault/samples/00422.png 68
ucf/PoleVault/samples/00423.png 68
ucf/PoleVault/samples/00424.png 68
ucf/PoleVault/samples/00425.png 68
ucf/PoleVault/samples/00426.png 68
ucf/PoleVault/samples/00427.png 68
ucf/PoleVault/samples/00428.png 68
ucf/PoleVault/samples/00429.png 68
ucf/PoleVault/samples/00430.png 68
ucf/PoleVault/samples/00431.png 68
ucf/PoleVault/samples/00432.png 68
ucf/PoleVault/samples/00433.png 68
ucf/PoleVault/samples/00434.png 68
ucf/PoleVault/samples/00435.png 68
ucf/PoleVault/samples/00436.png 68
ucf/PoleVault/samples/00437.png 68
ucf/PoleVault/samples/00438.png 68
ucf/PoleVault/samples/00439.png 68
ucf/PoleVault/samples/00440.png 68
ucf/PoleVault/samples/00441.png 68
ucf/PoleVault/samples/00442.png 68
ucf/PoleVault/samples/00443.png 68
ucf/PoleVault/samples/00444.png 68
ucf/PoleVault/samples/00445.png 68
ucf/PoleVault/samples/00446.png 68
ucf/PoleVault/samples/00447.png 68
ucf/PoleVault/samples/00448.png 68
ucf/PoleVault/samples/00449.png 68
ucf/PoleVault/samples/00450.png 68
ucf/PoleVault/samples/00451.png 68
ucf/PoleVault/samples/00452.png 68
ucf/PoleVault/samples/00453.png 68
ucf/PoleVault/samples/00454.png 68
ucf/PoleVault/samples/00455.png 68
ucf/PoleVault/samples/00456.png 68
ucf/PoleVault/samples/00457.png 68
ucf/PoleVault/samples/00458.png 68
ucf/PoleVault/samples/00459.png 68
ucf/PoleVault/samples/00460.png 68
ucf/PoleVault/samples/00461.png 68
ucf/PoleVault/samples/00462.png 68
ucf/PoleVault/samples/00463.png 68
ucf/PoleVault/samples/00464.png 68
ucf/PoleVault/samples/00465.png 68
ucf/PoleVault/samples/00466.png 68
ucf/PoleVault/samples/00467.png 68
ucf/PoleVault/samples/00468.png 68
ucf/PoleVault/samples/00469.png 68
ucf/PoleVault/samples/00470.png 68
ucf/PoleVault/samples/00471.png 68
ucf/PoleVault/samples/00472.png 68
ucf/PoleVault/samples/00473.png 68
ucf/PoleVault/samples/00474.png 68
ucf/PoleVault/samples/00475.png 68
ucf/PoleVault/samples/00476.png 68
ucf/PoleVault/samples/00477.png 68
ucf/PoleVault/samples/00478.png 68
ucf/PoleVault/samples/00479.png 68
ucf/PoleVault/samples/00480.png 68
ucf/PoleVault/samples/00481.png 68
ucf/PoleVault/samples/00482.png 68
ucf/PoleVault/samples/00483.png 68
ucf/PoleVault/samples/00484.png 68
ucf/PoleVault/samples/00485.png 68
ucf/PoleVault/samples/00486.png 68
ucf/PoleVault/samples/00487.png 68
ucf/PoleVault/samples/00488.png 68
ucf/PoleVault/samples/00489.png 68
ucf/PoleVault/samples/00490.png 68
ucf/PoleVault/samples/00491.png 68
ucf/PoleVault/samples/00492.png 68
ucf/PoleVault/samples/00493.png 68
ucf/PoleVault/samples/00494.png 68
ucf/PoleVault/samples/00495.png 68
ucf/PoleVault/samples/00496.png 68
ucf/PoleVault/samples/00497.png 68
ucf/PoleVault/samples/00498.png 68
ucf/PoleVault/samples/00499.png 68
ucf/PoleVault/samples/00500.png 68
ucf/PoleVault/samples/00501.png 68
ucf/PoleVault/samples/00502.png 68
ucf/PoleVault/samples/00503.png 68
ucf/PoleVault/samples/00504.png 68
ucf/PoleVault/samples/00505.png 68
ucf/PoleVault/samples/00506.png 68
ucf/PoleVault/samples/00507.png 68
ucf/PoleVault/samples/00508.png 68
ucf/PoleVault/samples/00509.png 68
ucf/PoleVault/samples/00510.png 68
ucf/PoleVault/samples/00511.png 68
ucf/PoleVault/samples/00512.png 68
ucf/PoleVault/samples/00513.png 68
ucf/PoleVault/samples/00514.png 68
ucf/PoleVault/samples/00515.png 68
ucf/PoleVault/samples/00516.png 68
ucf/PoleVault/samples/00517.png 68
ucf/PoleVault/samples/00518.png 68
ucf/PoleVault/samples/00519.png 68
ucf/PoleVault/samples/00520.png 68
ucf/PoleVault/samples/00521.png 68
ucf/PoleVault/samples/00522.png 68
ucf/PoleVault/samples/00523.png 68
ucf/PoleVault/samples/00524.png 68
ucf/PoleVault/samples/00525.png 68
ucf/PoleVault/samples/00526.png 68
ucf/PoleVault/samples/00527.png 68
ucf/PoleVault/samples/00528.png 68
ucf/PoleVault/samples/00529.png 68
ucf/PoleVault/samples/00530.png 68
ucf/PoleVault/samples/00531.png 68
ucf/PoleVault/samples/00532.png 68
ucf/PoleVault/samples/00533.png 68
ucf/PoleVault/samples/00534.png 68
ucf/PoleVault/samples/00535.png 68
ucf/PoleVault/samples/00536.png 68
ucf/PoleVault/samples/00537.png 68
ucf/PoleVault/samples/00538.png 68
ucf/PoleVault/samples/00539.png 68
ucf/PoleVault/samples/00540.png 68
ucf/PoleVault/samples/00541.png 68
ucf/PoleVault/samples/00542.png 68
ucf/PoleVault/samples/00543.png 68
ucf/PoleVault/samples/00544.png 68
ucf/PoleVault/samples/00545.png 68
ucf/PoleVault/samples/00546.png 68
ucf/PoleVault/samples/00547.png 68
ucf/PoleVault/samples/00548.png 68
ucf/PoleVault/samples/00549.png 68
ucf/PoleVault/samples/00550.png 68
ucf/PoleVault/samples/00551.png 68
ucf/PoleVault/samples/00552.png 68
ucf/PoleVault/samples/00553.png 68
ucf/PoleVault/samples/00554.png 68
ucf/PoleVault/samples/00555.png 68
ucf/PoleVault/samples/00556.png 68
ucf/PoleVault/samples/00557.png 68
ucf/PoleVault/samples/00558.png 68
ucf/PoleVault/samples/00559.png 68
ucf/PoleVault/samples/00560.png 68
ucf/PoleVault/samples/00561.png 68
ucf/PoleVault/samples/00562.png 68
ucf/PoleVault/samples/00563.png 68
ucf/PoleVault/samples/00564.png 68
ucf/PoleVault/samples/00565.png 68
ucf/PoleVault/samples/00566.png 68
ucf/PoleVault/samples/00567.png 68
ucf/PoleVault/samples/00568.png 68
ucf/PoleVault/samples/00569.png 68
ucf/PoleVault/samples/00570.png 68
ucf/PoleVault/samples/00571.png 68
ucf/PoleVault/samples/00572.png 68
ucf/PoleVault/samples/00573.png 68
ucf/PoleVault/samples/00574.png 68
ucf/PoleVault/samples/00575.png 68
ucf/PoleVault/samples/00576.png 68
ucf/PoleVault/samples/00577.png 68
ucf/PoleVault/samples/00578.png 68
ucf/PoleVault/samples/00579.png 68
ucf/PoleVault/samples/00580.png 68
ucf/PoleVault/samples/00581.png 68
ucf/PoleVault/samples/00582.png 68
ucf/PoleVault/samples/00583.png 68
ucf/PoleVault/samples/00584.png 68
ucf/PoleVault/samples/00585.png 68
ucf/PoleVault/samples/00586.png 68
ucf/PoleVault/samples/00587.png 68
ucf/PoleVault/samples/00588.png 68
ucf/PoleVault/samples/00589.png 68
ucf/PoleVault/samples/00590.png 68
ucf/PoleVault/samples/00591.png 68
ucf/PoleVault/samples/00592.png 68
ucf/PoleVault/samples/00593.png 68
ucf/PoleVault/samples/00594.png 68
ucf/PoleVault/samples/00595.png 68
ucf/PoleVault/samples/00596.png 68
ucf/PoleVault/samples/00597.png 68
ucf/PoleVault/samples/00598.png 68
ucf/PoleVault/samples/00599.png 68
ucf/PoleVault/samples/00600.png 68
ucf/PoleVault/samples/00601.png 68
ucf/PoleVault/samples/00602.png 68
ucf/PoleVault/samples/00603.png 68
ucf/PoleVault/samples/00604.png 68
ucf/PoleVault/samples/00605.png 68
ucf/PoleVault/samples/00606.png 68
ucf/PoleVault/samples/00607.png 68
ucf/PoleVault/samples/00608.png 68
ucf/PoleVault/samples/00609.png 68
ucf/PoleVault/samples/00610.png 68
ucf/PoleVault/samples/00611.png 68
ucf/PoleVault/samples/00612.png 68
ucf/PoleVault/samples/00613.png 68
ucf/PoleVault/samples/00614.png 68
ucf/PoleVault/samples/00615.png 68
ucf/PoleVault/samples/00616.png 68
ucf/PoleVault/samples/00617.png 68
ucf/PoleVault/samples/00618.png 68
ucf/PoleVault/samples/00619.png 68
ucf/PoleVault/samples/00620.png 68
ucf/PoleVault/samples/00621.png 68
ucf/PoleVault/samples/00622.png 68
ucf/PoleVault/samples/00623.png 68
ucf/PoleVault/samples/00624.png 68
ucf/PoleVault/samples/00625.png 68
ucf/PoleVault/samples/00626.png 68
ucf/PoleVault/samples/00627.png 68
ucf/PoleVault/samples/00628.png 68
ucf/PoleVault/samples/00629.png 68
ucf/PoleVault/samples/00630.png 68
ucf/PoleVault/samples/00631.png 68
ucf/PoleVault/samples/00632.png 68
ucf/PoleVault/samples/00633.png 68
ucf/PoleVault/samples/00634.png 68
ucf/PoleVault/samples/00635.png 68
ucf/PoleVault/samples/00636.png 68
ucf/PoleVault/samples/00637.png 68
ucf/PoleVault/samples/00638.png 68
ucf/PoleVault/samples/00639.png 68
ucf/PoleVault/samples/00640.png 68
ucf/PoleVault/samples/00641.png 68
ucf/PoleVault/samples/00642.png 68
ucf/PoleVault/samples/00643.png 68
ucf/PoleVault/samples/00644.png 68
ucf/PoleVault/samples/00645.png 68
ucf/PoleVault/samples/00646.png 68
ucf/PoleVault/samples/00647.png 68
ucf/PoleVault/samples/00648.png 68
ucf/PoleVault/samples/00649.png 68
ucf/PoleVault/samples/00650.png 68
ucf/PoleVault/samples/00651.png 68
ucf/PoleVault/samples/00652.png 68
ucf/PoleVault/samples/00653.png 68
ucf/PoleVault/samples/00654.png 68
ucf/PoleVault/samples/00655.png 68
ucf/PoleVault/samples/00656.png 68
ucf/PoleVault/samples/00657.png 68
ucf/PoleVault/samples/00658.png 68
ucf/PoleVault/samples/00659.png 68
ucf/PoleVault/samples/00660.png 68
ucf/PoleVault/samples/00661.png 68
ucf/PoleVault/samples/00662.png 68
ucf/PoleVault/samples/00663.png 68
ucf/PoleVault/samples/00664.png 68
ucf/PoleVault/samples/00665.png 68
ucf/PoleVault/samples/00666.png 68
ucf/PoleVault/samples/00667.png 68
ucf/PoleVault/samples/00668.png 68
ucf/PoleVault/samples/00669.png 68
ucf/PoleVault/samples/00670.png 68
ucf/PoleVault/samples/00671.png 68
ucf/PoleVault/samples/00672.png 68
ucf/PoleVault/samples/00673.png 68
ucf/PoleVault/samples/00674.png 68
ucf/PoleVault/samples/00675.png 68
ucf/PoleVault/samples/00676.png 68
ucf/PoleVault/samples/00677.png 68
ucf/PoleVault/samples/00678.png 68
ucf/PoleVault/samples/00679.png 68
ucf/PoleVault/samples/00680.png 68
ucf/PoleVault/samples/00681.png 68
ucf/PoleVault/samples/00682.png 68
ucf/PoleVault/samples/00683.png 68
ucf/PoleVault/samples/00684.png 68
ucf/PoleVault/samples/00685.png 68
ucf/PoleVault/samples/00686.png 68
ucf/PoleVault/samples/00687.png 68
ucf/PoleVault/samples/00688.png 68
ucf/PoleVault/samples/00689.png 68
ucf/PoleVault/samples/00690.png 68
ucf/PoleVault/samples/00691.png 68
ucf/PoleVault/samples/00692.png 68
ucf/PoleVault/samples/00693.png 68
ucf/PoleVault/samples/00694.png 68
ucf/PoleVault/samples/00695.png 68
ucf/PoleVault/samples/00696.png 68
ucf/PoleVault/samples/00697.png 68
ucf/PoleVault/samples/00698.png 68
ucf/PoleVault/samples/00699.png 68
ucf/PoleVault/samples/00700.png 68
ucf/PoleVault/samples/00701.png 68
ucf/PoleVault/samples/00702.png 68
ucf/PoleVault/samples/00703.png 68
ucf/PoleVault/samples/00704.png 68
ucf/PoleVault/samples/00705.png 68
ucf/PoleVault/samples/00706.png 68
ucf/PoleVault/samples/00707.png 68
ucf/PoleVault/samples/00708.png 68
ucf/PoleVault/samples/00709.png 68
ucf/PoleVault/samples/00710.png 68
ucf/PoleVault/samples/00711.png 68
ucf/PoleVault/samples/00712.png 68
ucf/PoleVault/samples/00713.png 68
ucf/PoleVault/samples/00714.png 68
ucf/PoleVault/samples/00715.png 68
ucf/PoleVault/samples/00716.png 68
ucf/PoleVault/samples/00717.png 68
ucf/PoleVault/samples/00718.png 68
ucf/PoleVault/samples/00719.png 68
ucf/PoleVault/samples/00720.png 68
ucf/PoleVault/samples/00721.png 68
ucf/PoleVault/samples/00722.png 68
ucf/PoleVault/samples/00723.png 68
ucf/PoleVault/samples/00724.png 68
ucf/PoleVault/samples/00725.png 68
ucf/PoleVault/samples/00726.png 68
ucf/PoleVault/samples/00727.png 68
ucf/PoleVault/samples/00728.png 68
ucf/PoleVault/samples/00729.png 68
ucf/PoleVault/samples/00730.png 68
ucf/PoleVault/samples/00731.png 68
ucf/PoleVault/samples/00732.png 68
ucf/PoleVault/samples/00733.png 68
ucf/PoleVault/samples/00734.png 68
ucf/PoleVault/samples/00735.png 68
ucf/PoleVault/samples/00736.png 68
ucf/PoleVault/samples/00737.png 68
ucf/PoleVault/samples/00738.png 68
ucf/PoleVault/samples/00739.png 68
ucf/PoleVault/samples/00740.png 68
ucf/PoleVault/samples/00741.png 68
ucf/PoleVault/samples/00742.png 68
ucf/PoleVault/samples/00743.png 68
ucf/PoleVault/samples/00744.png 68
ucf/PoleVault/samples/00745.png 68
ucf/PoleVault/samples/00746.png 68
ucf/PoleVault/samples/00747.png 68
ucf/PoleVault/samples/00748.png 68
ucf/PoleVault/samples/00749.png 68
ucf/PoleVault/samples/00750.png 68
ucf/PoleVault/samples/00751.png 68
ucf/PoleVault/samples/00752.png 68
ucf/PoleVault/samples/00753.png 68
ucf/PoleVault/samples/00754.png 68
ucf/PoleVault/samples/00755.png 68
ucf/PoleVault/samples/00756.png 68
ucf/PoleVault/samples/00757.png 68
ucf/PoleVault/samples/00758.png 68
ucf/PoleVault/samples/00759.png 68
ucf/PoleVault/samples/00760.png 68
ucf/PoleVault/samples/00761.png 68
ucf/PoleVault/samples/00762.png 68
ucf/PoleVault/samples/00763.png 68
ucf/PoleVault/samples/00764.png 68
ucf/PoleVault/samples/00765.png 68
ucf/PoleVault/samples/00766.png 68
ucf/PoleVault/samples/00767.png 68
ucf/PoleVault/samples/00768.png 68
ucf/PoleVault/samples/00769.png 68
ucf/PoleVault/samples/00770.png 68
ucf/PoleVault/samples/00771.png 68
ucf/PoleVault/samples/00772.png 68
ucf/PoleVault/samples/00773.png 68
ucf/PoleVault/samples/00774.png 68
ucf/PoleVault/samples/00775.png 68
ucf/PoleVault/samples/00776.png 68
ucf/PoleVault/samples/00777.png 68
ucf/PoleVault/samples/00778.png 68
ucf/PoleVault/samples/00779.png 68
ucf/PoleVault/samples/00780.png 68
ucf/PoleVault/samples/00781.png 68
ucf/PoleVault/samples/00782.png 68
ucf/PoleVault/samples/00783.png 68
ucf/PoleVault/samples/00784.png 68
ucf/PoleVault/samples/00785.png 68
ucf/PoleVault/samples/00786.png 68
ucf/PoleVault/samples/00787.png 68
ucf/PoleVault/samples/00788.png 68
ucf/PoleVault/samples/00789.png 68
ucf/PoleVault/samples/00790.png 68
ucf/PoleVault/samples/00791.png 68
ucf/PoleVault/samples/00792.png 68
ucf/PoleVault/samples/00793.png 68
ucf/PoleVault/samples/00794.png 68
ucf/PoleVault/samples/00795.png 68
ucf/PoleVault/samples/00796.png 68
ucf/PoleVault/samples/00797.png 68
ucf/PoleVault/samples/00798.png 68
ucf/PoleVault/samples/00799.png 68
ucf/PoleVault/samples/00800.png 68
ucf/PoleVault/samples/00801.png 68
ucf/PoleVault/samples/00802.png 68
ucf/PoleVault/samples/00803.png 68
ucf/PoleVault/samples/00804.png 68
ucf/PoleVault/samples/00805.png 68
ucf/PoleVault/samples/00806.png 68
ucf/PoleVault/samples/00807.png 68
ucf/PoleVault/samples/00808.png 68
ucf/PoleVault/samples/00809.png 68
ucf/PoleVault/samples/00810.png 68
ucf/PoleVault/samples/00811.png 68
ucf/PoleVault/samples/00812.png 68
ucf/PoleVault/samples/00813.png 68
ucf/PoleVault/samples/00814.png 68
ucf/PoleVault/samples/00815.png 68
ucf/PoleVault/samples/00816.png 68
ucf/PoleVault/samples/00817.png 68
ucf/PoleVault/samples/00818.png 68
ucf/PoleVault/samples/00819.png 68
ucf/PoleVault/samples/00820.png 68
ucf/PoleVault/samples/00821.png 68
ucf/PoleVault/samples/00822.png 68
ucf/PoleVault/samples/00823.png 68
ucf/PoleVault/samples/00824.png 68
ucf/PoleVault/samples/00825.png 68
ucf/PoleVault/samples/00826.png 68
ucf/PoleVault/samples/00827.png 68
ucf/PoleVault/samples/00828.png 68
ucf/PoleVault/samples/00829.png 68
ucf/PoleVault/samples/00830.png 68
ucf/PoleVault/samples/00831.png 68
ucf/PoleVault/samples/00832.png 68
ucf/PoleVault/samples/00833.png 68
ucf/PoleVault/samples/00834.png 68
ucf/PoleVault/samples/00835.png 68
ucf/PoleVault/samples/00836.png 68
ucf/PoleVault/samples/00837.png 68
ucf/PoleVault/samples/00838.png 68
ucf/PoleVault/samples/00839.png 68
ucf/PoleVault/samples/00840.png 68
ucf/PoleVault/samples/00841.png 68
ucf/PoleVault/samples/00842.png 68
ucf/PoleVault/samples/00843.png 68
ucf/PoleVault/samples/00844.png 68
ucf/PoleVault/samples/00845.png 68
ucf/PoleVault/samples/00846.png 68
ucf/PoleVault/samples/00847.png 68
ucf/PoleVault/samples/00848.png 68
ucf/PoleVault/samples/00849.png 68
ucf/PoleVault/samples/00850.png 68
ucf/PoleVault/samples/00851.png 68
ucf/PoleVault/samples/00852.png 68
ucf/PoleVault/samples/00853.png 68
ucf/PoleVault/samples/00854.png 68
ucf/PoleVault/samples/00855.png 68
ucf/PoleVault/samples/00856.png 68
ucf/PoleVault/samples/00857.png 68
ucf/PoleVault/samples/00858.png 68
ucf/PoleVault/samples/00859.png 68
ucf/PoleVault/samples/00860.png 68
ucf/PoleVault/samples/00861.png 68
ucf/PoleVault/samples/00862.png 68
ucf/PoleVault/samples/00863.png 68
ucf/PoleVault/samples/00864.png 68
ucf/PoleVault/samples/00865.png 68
ucf/PoleVault/samples/00866.png 68
ucf/PoleVault/samples/00867.png 68
ucf/PoleVault/samples/00868.png 68
ucf/PoleVault/samples/00869.png 68
ucf/PoleVault/samples/00870.png 68
ucf/PoleVault/samples/00871.png 68
ucf/PoleVault/samples/00872.png 68
ucf/PoleVault/samples/00873.png 68
ucf/PoleVault/samples/00874.png 68
ucf/PoleVault/samples/00875.png 68
ucf/PoleVault/samples/00876.png 68
ucf/PoleVault/samples/00877.png 68
ucf/PoleVault/samples/00878.png 68
ucf/PoleVault/samples/00879.png 68
ucf/PoleVault/samples/00880.png 68
ucf/PoleVault/samples/00881.png 68
ucf/PoleVault/samples/00882.png 68
ucf/PoleVault/samples/00883.png 68
ucf/PoleVault/samples/00884.png 68
ucf/PoleVault/samples/00885.png 68
ucf/PoleVault/samples/00886.png 68
ucf/PoleVault/samples/00887.png 68
ucf/PoleVault/samples/00888.png 68
ucf/PoleVault/samples/00889.png 68
ucf/PoleVault/samples/00890.png 68
ucf/PoleVault/samples/00891.png 68
ucf/PoleVault/samples/00892.png 68
ucf/PoleVault/samples/00893.png 68
ucf/PoleVault/samples/00894.png 68
ucf/PoleVault/samples/00895.png 68
ucf/PoleVault/samples/00896.png 68
ucf/PoleVault/samples/00897.png 68
ucf/PoleVault/samples/00898.png 68
ucf/PoleVault/samples/00899.png 68
ucf/PoleVault/samples/00900.png 68
ucf/PoleVault/samples/00901.png 68
ucf/PoleVault/samples/00902.png 68
ucf/PoleVault/samples/00903.png 68
ucf/PoleVault/samples/00904.png 68
ucf/PoleVault/samples/00905.png 68
ucf/PoleVault/samples/00906.png 68
ucf/PoleVault/samples/00907.png 68
ucf/PoleVault/samples/00908.png 68
ucf/PoleVault/samples/00909.png 68
ucf/PoleVault/samples/00910.png 68
ucf/PoleVault/samples/00911.png 68
ucf/PoleVault/samples/00912.png 68
ucf/PoleVault/samples/00913.png 68
ucf/PoleVault/samples/00914.png 68
ucf/PoleVault/samples/00915.png 68
ucf/PoleVault/samples/00916.png 68
ucf/PoleVault/samples/00917.png 68
ucf/PoleVault/samples/00918.png 68
ucf/PoleVault/samples/00919.png 68
ucf/PoleVault/samples/00920.png 68
ucf/PoleVault/samples/00921.png 68
ucf/PoleVault/samples/00922.png 68
ucf/PoleVault/samples/00923.png 68
ucf/PoleVault/samples/00924.png 68
ucf/PoleVault/samples/00925.png 68
ucf/PoleVault/samples/00926.png 68
ucf/PoleVault/samples/00927.png 68
ucf/PoleVault/samples/00928.png 68
ucf/PoleVault/samples/00929.png 68
ucf/PoleVault/samples/00930.png 68
ucf/PoleVault/samples/00931.png 68
ucf/PoleVault/samples/00932.png 68
ucf/PoleVault/samples/00933.png 68
ucf/PoleVault/samples/00934.png 68
ucf/PoleVault/samples/00935.png 68
ucf/PoleVault/samples/00936.png 68
ucf/PoleVault/samples/00937.png 68
ucf/PoleVault/samples/00938.png 68
ucf/PoleVault/samples/00939.png 68
ucf/PoleVault/samples/00940.png 68
ucf/PoleVault/samples/00941.png 68
ucf/PoleVault/samples/00942.png 68
ucf/PoleVault/samples/00943.png 68
ucf/PoleVault/samples/00944.png 68
ucf/PoleVault/samples/00945.png 68
ucf/PoleVault/samples/00946.png 68
ucf/PoleVault/samples/00947.png 68
ucf/PoleVault/samples/00948.png 68
ucf/PoleVault/samples/00949.png 68
ucf/PoleVault/samples/00950.png 68
ucf/PoleVault/samples/00951.png 68
ucf/PoleVault/samples/00952.png 68
ucf/PoleVault/samples/00953.png 68
ucf/PoleVault/samples/00954.png 68
ucf/PoleVault/samples/00955.png 68
ucf/PoleVault/samples/00956.png 68
ucf/PoleVault/samples/00957.png 68
ucf/PoleVault/samples/00958.png 68
ucf/PoleVault/samples/00959.png 68
ucf/PoleVault/samples/00960.png 68
ucf/PoleVault/samples/00961.png 68
ucf/PoleVault/samples/00962.png 68
ucf/PoleVault/samples/00963.png 68
ucf/PoleVault/samples/00964.png 68
ucf/PoleVault/samples/00965.png 68
ucf/PoleVault/samples/00966.png 68
ucf/PoleVault/samples/00967.png 68
ucf/PoleVault/samples/00968.png 68
ucf/PoleVault/samples/00969.png 68
ucf/PoleVault/samples/00970.png 68
ucf/PoleVault/samples/00971.png 68
ucf/PoleVault/samples/00972.png 68
ucf/PoleVault/samples/00973.png 68
ucf/PoleVault/samples/00974.png 68
ucf/PoleVault/samples/00975.png 68
ucf/PoleVault/samples/00976.png 68
ucf/PoleVault/samples/00977.png 68
ucf/PoleVault/samples/00978.png 68
ucf/PoleVault/samples/00979.png 68
ucf/PoleVault/samples/00980.png 68
ucf/PoleVault/samples/00981.png 68
ucf/PoleVault/samples/00982.png 68
ucf/PoleVault/samples/00983.png 68
ucf/PoleVault/samples/00984.png 68
ucf/PoleVault/samples/00985.png 68
ucf/PoleVault/samples/00986.png 68
ucf/PoleVault/samples/00987.png 68
ucf/PoleVault/samples/00988.png 68
ucf/PoleVault/samples/00989.png 68
ucf/PoleVault/samples/00990.png 68
ucf/PoleVault/samples/00991.png 68
ucf/PoleVault/samples/00992.png 68
ucf/PoleVault/samples/00993.png 68
ucf/PoleVault/samples/00994.png 68
ucf/PoleVault/samples/00995.png 68
ucf/PoleVault/samples/00996.png 68
ucf/PoleVault/samples/00997.png 68
ucf/PoleVault/samples/00998.png 68
ucf/PoleVault/samples/00999.png 68
ucf/BlowingCandles/samples/00000.png 14
ucf/BlowingCandles/samples/00001.png 14
ucf/BlowingCandles/samples/00002.png 14
ucf/BlowingCandles/samples/00003.png 14
ucf/BlowingCandles/samples/00004.png 14
ucf/BlowingCandles/samples/00005.png 14
ucf/BlowingCandles/samples/00006.png 14
ucf/BlowingCandles/samples/00007.png 14
ucf/BlowingCandles/samples/00008.png 14
ucf/BlowingCandles/samples/00009.png 14
ucf/BlowingCandles/samples/00010.png 14
ucf/BlowingCandles/samples/00011.png 14
ucf/BlowingCandles/samples/00012.png 14
ucf/BlowingCandles/samples/00013.png 14
ucf/BlowingCandles/samples/00014.png 14
ucf/BlowingCandles/samples/00015.png 14
ucf/BlowingCandles/samples/00016.png 14
ucf/BlowingCandles/samples/00017.png 14
ucf/BlowingCandles/samples/00018.png 14
ucf/BlowingCandles/samples/00019.png 14
ucf/BlowingCandles/samples/00020.png 14
ucf/BlowingCandles/samples/00021.png 14
ucf/BlowingCandles/samples/00022.png 14
ucf/BlowingCandles/samples/00023.png 14
ucf/BlowingCandles/samples/00024.png 14
ucf/BlowingCandles/samples/00025.png 14
ucf/BlowingCandles/samples/00026.png 14
ucf/BlowingCandles/samples/00027.png 14
ucf/BlowingCandles/samples/00028.png 14
ucf/BlowingCandles/samples/00029.png 14
ucf/BlowingCandles/samples/00030.png 14
ucf/BlowingCandles/samples/00031.png 14
ucf/BlowingCandles/samples/00032.png 14
ucf/BlowingCandles/samples/00033.png 14
ucf/BlowingCandles/samples/00034.png 14
ucf/BlowingCandles/samples/00035.png 14
ucf/BlowingCandles/samples/00036.png 14
ucf/BlowingCandles/samples/00037.png 14
ucf/BlowingCandles/samples/00038.png 14
ucf/BlowingCandles/samples/00039.png 14
ucf/BlowingCandles/samples/00040.png 14
ucf/BlowingCandles/samples/00041.png 14
ucf/BlowingCandles/samples/00042.png 14
ucf/BlowingCandles/samples/00043.png 14
ucf/BlowingCandles/samples/00044.png 14
ucf/BlowingCandles/samples/00045.png 14
ucf/BlowingCandles/samples/00046.png 14
ucf/BlowingCandles/samples/00047.png 14
ucf/BlowingCandles/samples/00048.png 14
ucf/BlowingCandles/samples/00049.png 14
ucf/BlowingCandles/samples/00050.png 14
ucf/BlowingCandles/samples/00051.png 14
ucf/BlowingCandles/samples/00052.png 14
ucf/BlowingCandles/samples/00053.png 14
ucf/BlowingCandles/samples/00054.png 14
ucf/BlowingCandles/samples/00055.png 14
ucf/BlowingCandles/samples/00056.png 14
ucf/BlowingCandles/samples/00057.png 14
ucf/BlowingCandles/samples/00058.png 14
ucf/BlowingCandles/samples/00059.png 14
ucf/BlowingCandles/samples/00060.png 14
ucf/BlowingCandles/samples/00061.png 14
ucf/BlowingCandles/samples/00062.png 14
ucf/BlowingCandles/samples/00063.png 14
ucf/BlowingCandles/samples/00064.png 14
ucf/BlowingCandles/samples/00065.png 14
ucf/BlowingCandles/samples/00066.png 14
ucf/BlowingCandles/samples/00067.png 14
ucf/BlowingCandles/samples/00068.png 14
ucf/BlowingCandles/samples/00069.png 14
ucf/BlowingCandles/samples/00070.png 14
ucf/BlowingCandles/samples/00071.png 14
ucf/BlowingCandles/samples/00072.png 14
ucf/BlowingCandles/samples/00073.png 14
ucf/BlowingCandles/samples/00074.png 14
ucf/BlowingCandles/samples/00075.png 14
ucf/BlowingCandles/samples/00076.png 14
ucf/BlowingCandles/samples/00077.png 14
ucf/BlowingCandles/samples/00078.png 14
ucf/BlowingCandles/samples/00079.png 14
ucf/BlowingCandles/samples/00080.png 14
ucf/BlowingCandles/samples/00081.png 14
ucf/BlowingCandles/samples/00082.png 14
ucf/BlowingCandles/samples/00083.png 14
ucf/BlowingCandles/samples/00084.png 14
ucf/BlowingCandles/samples/00085.png 14
ucf/BlowingCandles/samples/00086.png 14
ucf/BlowingCandles/samples/00087.png 14
ucf/BlowingCandles/samples/00088.png 14
ucf/BlowingCandles/samples/00089.png 14
ucf/BlowingCandles/samples/00090.png 14
ucf/BlowingCandles/samples/00091.png 14
ucf/BlowingCandles/samples/00092.png 14
ucf/BlowingCandles/samples/00093.png 14
ucf/BlowingCandles/samples/00094.png 14
ucf/BlowingCandles/samples/00095.png 14
ucf/BlowingCandles/samples/00096.png 14
ucf/BlowingCandles/samples/00097.png 14
ucf/BlowingCandles/samples/00098.png 14
ucf/BlowingCandles/samples/00099.png 14
ucf/BlowingCandles/samples/00100.png 14
ucf/BlowingCandles/samples/00101.png 14
ucf/BlowingCandles/samples/00102.png 14
ucf/BlowingCandles/samples/00103.png 14
ucf/BlowingCandles/samples/00104.png 14
ucf/BlowingCandles/samples/00105.png 14
ucf/BlowingCandles/samples/00106.png 14
ucf/BlowingCandles/samples/00107.png 14
ucf/BlowingCandles/samples/00108.png 14
ucf/BlowingCandles/samples/00109.png 14
ucf/BlowingCandles/samples/00110.png 14
ucf/BlowingCandles/samples/00111.png 14
ucf/BlowingCandles/samples/00112.png 14
ucf/BlowingCandles/samples/00113.png 14
ucf/BlowingCandles/samples/00114.png 14
ucf/BlowingCandles/samples/00115.png 14
ucf/BlowingCandles/samples/00116.png 14
ucf/BlowingCandles/samples/00117.png 14
ucf/BlowingCandles/samples/00118.png 14
ucf/BlowingCandles/samples/00119.png 14
ucf/BlowingCandles/samples/00120.png 14
ucf/BlowingCandles/samples/00121.png 14
ucf/BlowingCandles/samples/00122.png 14
ucf/BlowingCandles/samples/00123.png 14
ucf/BlowingCandles/samples/00124.png 14
ucf/BlowingCandles/samples/00125.png 14
ucf/BlowingCandles/samples/00126.png 14
ucf/BlowingCandles/samples/00127.png 14
ucf/BlowingCandles/samples/00128.png 14
ucf/BlowingCandles/samples/00129.png 14
ucf/BlowingCandles/samples/00130.png 14
ucf/BlowingCandles/samples/00131.png 14
ucf/BlowingCandles/samples/00132.png 14
ucf/BlowingCandles/samples/00133.png 14
ucf/BlowingCandles/samples/00134.png 14
ucf/BlowingCandles/samples/00135.png 14
ucf/BlowingCandles/samples/00136.png 14
ucf/BlowingCandles/samples/00137.png 14
ucf/BlowingCandles/samples/00138.png 14
ucf/BlowingCandles/samples/00139.png 14
ucf/BlowingCandles/samples/00140.png 14
ucf/BlowingCandles/samples/00141.png 14
ucf/BlowingCandles/samples/00142.png 14
ucf/BlowingCandles/samples/00143.png 14
ucf/BlowingCandles/samples/00144.png 14
ucf/BlowingCandles/samples/00145.png 14
ucf/BlowingCandles/samples/00146.png 14
ucf/BlowingCandles/samples/00147.png 14
ucf/BlowingCandles/samples/00148.png 14
ucf/BlowingCandles/samples/00149.png 14
ucf/BlowingCandles/samples/00150.png 14
ucf/BlowingCandles/samples/00151.png 14
ucf/BlowingCandles/samples/00152.png 14
ucf/BlowingCandles/samples/00153.png 14
ucf/BlowingCandles/samples/00154.png 14
ucf/BlowingCandles/samples/00155.png 14
ucf/BlowingCandles/samples/00156.png 14
ucf/BlowingCandles/samples/00157.png 14
ucf/BlowingCandles/samples/00158.png 14
ucf/BlowingCandles/samples/00159.png 14
ucf/BlowingCandles/samples/00160.png 14
ucf/BlowingCandles/samples/00161.png 14
ucf/BlowingCandles/samples/00162.png 14
ucf/BlowingCandles/samples/00163.png 14
ucf/BlowingCandles/samples/00164.png 14
ucf/BlowingCandles/samples/00165.png 14
ucf/BlowingCandles/samples/00166.png 14
ucf/BlowingCandles/samples/00167.png 14
ucf/BlowingCandles/samples/00168.png 14
ucf/BlowingCandles/samples/00169.png 14
ucf/BlowingCandles/samples/00170.png 14
ucf/BlowingCandles/samples/00171.png 14
ucf/BlowingCandles/samples/00172.png 14
ucf/BlowingCandles/samples/00173.png 14
ucf/BlowingCandles/samples/00174.png 14
ucf/BlowingCandles/samples/00175.png 14
ucf/BlowingCandles/samples/00176.png 14
ucf/BlowingCandles/samples/00177.png 14
ucf/BlowingCandles/samples/00178.png 14
ucf/BlowingCandles/samples/00179.png 14
ucf/BlowingCandles/samples/00180.png 14
ucf/BlowingCandles/samples/00181.png 14
ucf/BlowingCandles/samples/00182.png 14
ucf/BlowingCandles/samples/00183.png 14
ucf/BlowingCandles/samples/00184.png 14
ucf/BlowingCandles/samples/00185.png 14
ucf/BlowingCandles/samples/00186.png 14
ucf/BlowingCandles/samples/00187.png 14
ucf/BlowingCandles/samples/00188.png 14
ucf/BlowingCandles/samples/00189.png 14
ucf/BlowingCandles/samples/00190.png 14
ucf/BlowingCandles/samples/00191.png 14
ucf/BlowingCandles/samples/00192.png 14
ucf/BlowingCandles/samples/00193.png 14
ucf/BlowingCandles/samples/00194.png 14
ucf/BlowingCandles/samples/00195.png 14
ucf/BlowingCandles/samples/00196.png 14
ucf/BlowingCandles/samples/00197.png 14
ucf/BlowingCandles/samples/00198.png 14
ucf/BlowingCandles/samples/00199.png 14
ucf/BlowingCandles/samples/00200.png 14
ucf/BlowingCandles/samples/00201.png 14
ucf/BlowingCandles/samples/00202.png 14
ucf/BlowingCandles/samples/00203.png 14
ucf/BlowingCandles/samples/00204.png 14
ucf/BlowingCandles/samples/00205.png 14
ucf/BlowingCandles/samples/00206.png 14
ucf/BlowingCandles/samples/00207.png 14
ucf/BlowingCandles/samples/00208.png 14
ucf/BlowingCandles/samples/00209.png 14
ucf/BlowingCandles/samples/00210.png 14
ucf/BlowingCandles/samples/00211.png 14
ucf/BlowingCandles/samples/00212.png 14
ucf/BlowingCandles/samples/00213.png 14
ucf/BlowingCandles/samples/00214.png 14
ucf/BlowingCandles/samples/00215.png 14
ucf/BlowingCandles/samples/00216.png 14
ucf/BlowingCandles/samples/00217.png 14
ucf/BlowingCandles/samples/00218.png 14
ucf/BlowingCandles/samples/00219.png 14
ucf/BlowingCandles/samples/00220.png 14
ucf/BlowingCandles/samples/00221.png 14
ucf/BlowingCandles/samples/00222.png 14
ucf/BlowingCandles/samples/00223.png 14
ucf/BlowingCandles/samples/00224.png 14
ucf/BlowingCandles/samples/00225.png 14
ucf/BlowingCandles/samples/00226.png 14
ucf/BlowingCandles/samples/00227.png 14
ucf/BlowingCandles/samples/00228.png 14
ucf/BlowingCandles/samples/00229.png 14
ucf/BlowingCandles/samples/00230.png 14
ucf/BlowingCandles/samples/00231.png 14
ucf/BlowingCandles/samples/00232.png 14
ucf/BlowingCandles/samples/00233.png 14
ucf/BlowingCandles/samples/00234.png 14
ucf/BlowingCandles/samples/00235.png 14
ucf/BlowingCandles/samples/00236.png 14
ucf/BlowingCandles/samples/00237.png 14
ucf/BlowingCandles/samples/00238.png 14
ucf/BlowingCandles/samples/00239.png 14
ucf/BlowingCandles/samples/00240.png 14
ucf/BlowingCandles/samples/00241.png 14
ucf/BlowingCandles/samples/00242.png 14
ucf/BlowingCandles/samples/00243.png 14
ucf/BlowingCandles/samples/00244.png 14
ucf/BlowingCandles/samples/00245.png 14
ucf/BlowingCandles/samples/00246.png 14
ucf/BlowingCandles/samples/00247.png 14
ucf/BlowingCandles/samples/00248.png 14
ucf/BlowingCandles/samples/00249.png 14
ucf/BlowingCandles/samples/00250.png 14
ucf/BlowingCandles/samples/00251.png 14
ucf/BlowingCandles/samples/00252.png 14
ucf/BlowingCandles/samples/00253.png 14
ucf/BlowingCandles/samples/00254.png 14
ucf/BlowingCandles/samples/00255.png 14
ucf/BlowingCandles/samples/00256.png 14
ucf/BlowingCandles/samples/00257.png 14
ucf/BlowingCandles/samples/00258.png 14
ucf/BlowingCandles/samples/00259.png 14
ucf/BlowingCandles/samples/00260.png 14
ucf/BlowingCandles/samples/00261.png 14
ucf/BlowingCandles/samples/00262.png 14
ucf/BlowingCandles/samples/00263.png 14
ucf/BlowingCandles/samples/00264.png 14
ucf/BlowingCandles/samples/00265.png 14
ucf/BlowingCandles/samples/00266.png 14
ucf/BlowingCandles/samples/00267.png 14
ucf/BlowingCandles/samples/00268.png 14
ucf/BlowingCandles/samples/00269.png 14
ucf/BlowingCandles/samples/00270.png 14
ucf/BlowingCandles/samples/00271.png 14
ucf/BlowingCandles/samples/00272.png 14
ucf/BlowingCandles/samples/00273.png 14
ucf/BlowingCandles/samples/00274.png 14
ucf/BlowingCandles/samples/00275.png 14
ucf/BlowingCandles/samples/00276.png 14
ucf/BlowingCandles/samples/00277.png 14
ucf/BlowingCandles/samples/00278.png 14
ucf/BlowingCandles/samples/00279.png 14
ucf/BlowingCandles/samples/00280.png 14
ucf/BlowingCandles/samples/00281.png 14
ucf/BlowingCandles/samples/00282.png 14
ucf/BlowingCandles/samples/00283.png 14
ucf/BlowingCandles/samples/00284.png 14
ucf/BlowingCandles/samples/00285.png 14
ucf/BlowingCandles/samples/00286.png 14
ucf/BlowingCandles/samples/00287.png 14
ucf/BlowingCandles/samples/00288.png 14
ucf/BlowingCandles/samples/00289.png 14
ucf/BlowingCandles/samples/00290.png 14
ucf/BlowingCandles/samples/00291.png 14
ucf/BlowingCandles/samples/00292.png 14
ucf/BlowingCandles/samples/00293.png 14
ucf/BlowingCandles/samples/00294.png 14
ucf/BlowingCandles/samples/00295.png 14
ucf/BlowingCandles/samples/00296.png 14
ucf/BlowingCandles/samples/00297.png 14
ucf/BlowingCandles/samples/00298.png 14
ucf/BlowingCandles/samples/00299.png 14
ucf/BlowingCandles/samples/00300.png 14
ucf/BlowingCandles/samples/00301.png 14
ucf/BlowingCandles/samples/00302.png 14
ucf/BlowingCandles/samples/00303.png 14
ucf/BlowingCandles/samples/00304.png 14
ucf/BlowingCandles/samples/00305.png 14
ucf/BlowingCandles/samples/00306.png 14
ucf/BlowingCandles/samples/00307.png 14
ucf/BlowingCandles/samples/00308.png 14
ucf/BlowingCandles/samples/00309.png 14
ucf/BlowingCandles/samples/00310.png 14
ucf/BlowingCandles/samples/00311.png 14
ucf/BlowingCandles/samples/00312.png 14
ucf/BlowingCandles/samples/00313.png 14
ucf/BlowingCandles/samples/00314.png 14
ucf/BlowingCandles/samples/00315.png 14
ucf/BlowingCandles/samples/00316.png 14
ucf/BlowingCandles/samples/00317.png 14
ucf/BlowingCandles/samples/00318.png 14
ucf/BlowingCandles/samples/00319.png 14
ucf/BlowingCandles/samples/00320.png 14
ucf/BlowingCandles/samples/00321.png 14
ucf/BlowingCandles/samples/00322.png 14
ucf/BlowingCandles/samples/00323.png 14
ucf/BlowingCandles/samples/00324.png 14
ucf/BlowingCandles/samples/00325.png 14
ucf/BlowingCandles/samples/00326.png 14
ucf/BlowingCandles/samples/00327.png 14
ucf/BlowingCandles/samples/00328.png 14
ucf/BlowingCandles/samples/00329.png 14
ucf/BlowingCandles/samples/00330.png 14
ucf/BlowingCandles/samples/00331.png 14
ucf/BlowingCandles/samples/00332.png 14
ucf/BlowingCandles/samples/00333.png 14
ucf/BlowingCandles/samples/00334.png 14
ucf/BlowingCandles/samples/00335.png 14
ucf/BlowingCandles/samples/00336.png 14
ucf/BlowingCandles/samples/00337.png 14
ucf/BlowingCandles/samples/00338.png 14
ucf/BlowingCandles/samples/00339.png 14
ucf/BlowingCandles/samples/00340.png 14
ucf/BlowingCandles/samples/00341.png 14
ucf/BlowingCandles/samples/00342.png 14
ucf/BlowingCandles/samples/00343.png 14
ucf/BlowingCandles/samples/00344.png 14
ucf/BlowingCandles/samples/00345.png 14
ucf/BlowingCandles/samples/00346.png 14
ucf/BlowingCandles/samples/00347.png 14
ucf/BlowingCandles/samples/00348.png 14
ucf/BlowingCandles/samples/00349.png 14
ucf/BlowingCandles/samples/00350.png 14
ucf/BlowingCandles/samples/00351.png 14
ucf/BlowingCandles/samples/00352.png 14
ucf/BlowingCandles/samples/00353.png 14
ucf/BlowingCandles/samples/00354.png 14
ucf/BlowingCandles/samples/00355.png 14
ucf/BlowingCandles/samples/00356.png 14
ucf/BlowingCandles/samples/00357.png 14
ucf/BlowingCandles/samples/00358.png 14
ucf/BlowingCandles/samples/00359.png 14
ucf/BlowingCandles/samples/00360.png 14
ucf/BlowingCandles/samples/00361.png 14
ucf/BlowingCandles/samples/00362.png 14
ucf/BlowingCandles/samples/00363.png 14
ucf/BlowingCandles/samples/00364.png 14
ucf/BlowingCandles/samples/00365.png 14
ucf/BlowingCandles/samples/00366.png 14
ucf/BlowingCandles/samples/00367.png 14
ucf/BlowingCandles/samples/00368.png 14
ucf/BlowingCandles/samples/00369.png 14
ucf/BlowingCandles/samples/00370.png 14
ucf/BlowingCandles/samples/00371.png 14
ucf/BlowingCandles/samples/00372.png 14
ucf/BlowingCandles/samples/00373.png 14
ucf/BlowingCandles/samples/00374.png 14
ucf/BlowingCandles/samples/00375.png 14
ucf/BlowingCandles/samples/00376.png 14
ucf/BlowingCandles/samples/00377.png 14
ucf/BlowingCandles/samples/00378.png 14
ucf/BlowingCandles/samples/00379.png 14
ucf/BlowingCandles/samples/00380.png 14
ucf/BlowingCandles/samples/00381.png 14
ucf/BlowingCandles/samples/00382.png 14
ucf/BlowingCandles/samples/00383.png 14
ucf/BlowingCandles/samples/00384.png 14
ucf/BlowingCandles/samples/00385.png 14
ucf/BlowingCandles/samples/00386.png 14
ucf/BlowingCandles/samples/00387.png 14
ucf/BlowingCandles/samples/00388.png 14
ucf/BlowingCandles/samples/00389.png 14
ucf/BlowingCandles/samples/00390.png 14
ucf/BlowingCandles/samples/00391.png 14
ucf/BlowingCandles/samples/00392.png 14
ucf/BlowingCandles/samples/00393.png 14
ucf/BlowingCandles/samples/00394.png 14
ucf/BlowingCandles/samples/00395.png 14
ucf/BlowingCandles/samples/00396.png 14
ucf/BlowingCandles/samples/00397.png 14
ucf/BlowingCandles/samples/00398.png 14
ucf/BlowingCandles/samples/00399.png 14
ucf/BlowingCandles/samples/00400.png 14
ucf/BlowingCandles/samples/00401.png 14
ucf/BlowingCandles/samples/00402.png 14
ucf/BlowingCandles/samples/00403.png 14
ucf/BlowingCandles/samples/00404.png 14
ucf/BlowingCandles/samples/00405.png 14
ucf/BlowingCandles/samples/00406.png 14
ucf/BlowingCandles/samples/00407.png 14
ucf/BlowingCandles/samples/00408.png 14
ucf/BlowingCandles/samples/00409.png 14
ucf/BlowingCandles/samples/00410.png 14
ucf/BlowingCandles/samples/00411.png 14
ucf/BlowingCandles/samples/00412.png 14
ucf/BlowingCandles/samples/00413.png 14
ucf/BlowingCandles/samples/00414.png 14
ucf/BlowingCandles/samples/00415.png 14
ucf/BlowingCandles/samples/00416.png 14
ucf/BlowingCandles/samples/00417.png 14
ucf/BlowingCandles/samples/00418.png 14
ucf/BlowingCandles/samples/00419.png 14
ucf/BlowingCandles/samples/00420.png 14
ucf/BlowingCandles/samples/00421.png 14
ucf/BlowingCandles/samples/00422.png 14
ucf/BlowingCandles/samples/00423.png 14
ucf/BlowingCandles/samples/00424.png 14
ucf/BlowingCandles/samples/00425.png 14
ucf/BlowingCandles/samples/00426.png 14
ucf/BlowingCandles/samples/00427.png 14
ucf/BlowingCandles/samples/00428.png 14
ucf/BlowingCandles/samples/00429.png 14
ucf/BlowingCandles/samples/00430.png 14
ucf/BlowingCandles/samples/00431.png 14
ucf/BlowingCandles/samples/00432.png 14
ucf/BlowingCandles/samples/00433.png 14
ucf/BlowingCandles/samples/00434.png 14
ucf/BlowingCandles/samples/00435.png 14
ucf/BlowingCandles/samples/00436.png 14
ucf/BlowingCandles/samples/00437.png 14
ucf/BlowingCandles/samples/00438.png 14
ucf/BlowingCandles/samples/00439.png 14
ucf/BlowingCandles/samples/00440.png 14
ucf/BlowingCandles/samples/00441.png 14
ucf/BlowingCandles/samples/00442.png 14
ucf/BlowingCandles/samples/00443.png 14
ucf/BlowingCandles/samples/00444.png 14
ucf/BlowingCandles/samples/00445.png 14
ucf/BlowingCandles/samples/00446.png 14
ucf/BlowingCandles/samples/00447.png 14
ucf/BlowingCandles/samples/00448.png 14
ucf/BlowingCandles/samples/00449.png 14
ucf/BlowingCandles/samples/00450.png 14
ucf/BlowingCandles/samples/00451.png 14
ucf/BlowingCandles/samples/00452.png 14
ucf/BlowingCandles/samples/00453.png 14
ucf/BlowingCandles/samples/00454.png 14
ucf/BlowingCandles/samples/00455.png 14
ucf/BlowingCandles/samples/00456.png 14
ucf/BlowingCandles/samples/00457.png 14
ucf/BlowingCandles/samples/00458.png 14
ucf/BlowingCandles/samples/00459.png 14
ucf/BlowingCandles/samples/00460.png 14
ucf/BlowingCandles/samples/00461.png 14
ucf/BlowingCandles/samples/00462.png 14
ucf/BlowingCandles/samples/00463.png 14
ucf/BlowingCandles/samples/00464.png 14
ucf/BlowingCandles/samples/00465.png 14
ucf/BlowingCandles/samples/00466.png 14
ucf/BlowingCandles/samples/00467.png 14
ucf/BlowingCandles/samples/00468.png 14
ucf/BlowingCandles/samples/00469.png 14
ucf/BlowingCandles/samples/00470.png 14
ucf/BlowingCandles/samples/00471.png 14
ucf/BlowingCandles/samples/00472.png 14
ucf/BlowingCandles/samples/00473.png 14
ucf/BlowingCandles/samples/00474.png 14
ucf/BlowingCandles/samples/00475.png 14
ucf/BlowingCandles/samples/00476.png 14
ucf/BlowingCandles/samples/00477.png 14
ucf/BlowingCandles/samples/00478.png 14
ucf/BlowingCandles/samples/00479.png 14
ucf/BlowingCandles/samples/00480.png 14
ucf/BlowingCandles/samples/00481.png 14
ucf/BlowingCandles/samples/00482.png 14
ucf/BlowingCandles/samples/00483.png 14
ucf/BlowingCandles/samples/00484.png 14
ucf/BlowingCandles/samples/00485.png 14
ucf/BlowingCandles/samples/00486.png 14
ucf/BlowingCandles/samples/00487.png 14
ucf/BlowingCandles/samples/00488.png 14
ucf/BlowingCandles/samples/00489.png 14
ucf/BlowingCandles/samples/00490.png 14
ucf/BlowingCandles/samples/00491.png 14
ucf/BlowingCandles/samples/00492.png 14
ucf/BlowingCandles/samples/00493.png 14
ucf/BlowingCandles/samples/00494.png 14
ucf/BlowingCandles/samples/00495.png 14
ucf/BlowingCandles/samples/00496.png 14
ucf/BlowingCandles/samples/00497.png 14
ucf/BlowingCandles/samples/00498.png 14
ucf/BlowingCandles/samples/00499.png 14
ucf/BlowingCandles/samples/00500.png 14
ucf/BlowingCandles/samples/00501.png 14
ucf/BlowingCandles/samples/00502.png 14
ucf/BlowingCandles/samples/00503.png 14
ucf/BlowingCandles/samples/00504.png 14
ucf/BlowingCandles/samples/00505.png 14
ucf/BlowingCandles/samples/00506.png 14
ucf/BlowingCandles/samples/00507.png 14
ucf/BlowingCandles/samples/00508.png 14
ucf/BlowingCandles/samples/00509.png 14
ucf/BlowingCandles/samples/00510.png 14
ucf/BlowingCandles/samples/00511.png 14
ucf/BlowingCandles/samples/00512.png 14
ucf/BlowingCandles/samples/00513.png 14
ucf/BlowingCandles/samples/00514.png 14
ucf/BlowingCandles/samples/00515.png 14
ucf/BlowingCandles/samples/00516.png 14
ucf/BlowingCandles/samples/00517.png 14
ucf/BlowingCandles/samples/00518.png 14
ucf/BlowingCandles/samples/00519.png 14
ucf/BlowingCandles/samples/00520.png 14
ucf/BlowingCandles/samples/00521.png 14
ucf/BlowingCandles/samples/00522.png 14
ucf/BlowingCandles/samples/00523.png 14
ucf/BlowingCandles/samples/00524.png 14
ucf/BlowingCandles/samples/00525.png 14
ucf/BlowingCandles/samples/00526.png 14
ucf/BlowingCandles/samples/00527.png 14
ucf/BlowingCandles/samples/00528.png 14
ucf/BlowingCandles/samples/00529.png 14
ucf/BlowingCandles/samples/00530.png 14
ucf/BlowingCandles/samples/00531.png 14
ucf/BlowingCandles/samples/00532.png 14
ucf/BlowingCandles/samples/00533.png 14
ucf/BlowingCandles/samples/00534.png 14
ucf/BlowingCandles/samples/00535.png 14
ucf/BlowingCandles/samples/00536.png 14
ucf/BlowingCandles/samples/00537.png 14
ucf/BlowingCandles/samples/00538.png 14
ucf/BlowingCandles/samples/00539.png 14
ucf/BlowingCandles/samples/00540.png 14
ucf/BlowingCandles/samples/00541.png 14
ucf/BlowingCandles/samples/00542.png 14
ucf/BlowingCandles/samples/00543.png 14
ucf/BlowingCandles/samples/00544.png 14
ucf/BlowingCandles/samples/00545.png 14
ucf/BlowingCandles/samples/00546.png 14
ucf/BlowingCandles/samples/00547.png 14
ucf/BlowingCandles/samples/00548.png 14
ucf/BlowingCandles/samples/00549.png 14
ucf/BlowingCandles/samples/00550.png 14
ucf/BlowingCandles/samples/00551.png 14
ucf/BlowingCandles/samples/00552.png 14
ucf/BlowingCandles/samples/00553.png 14
ucf/BlowingCandles/samples/00554.png 14
ucf/BlowingCandles/samples/00555.png 14
ucf/BlowingCandles/samples/00556.png 14
ucf/BlowingCandles/samples/00557.png 14
ucf/BlowingCandles/samples/00558.png 14
ucf/BlowingCandles/samples/00559.png 14
ucf/BlowingCandles/samples/00560.png 14
ucf/BlowingCandles/samples/00561.png 14
ucf/BlowingCandles/samples/00562.png 14
ucf/BlowingCandles/samples/00563.png 14
ucf/BlowingCandles/samples/00564.png 14
ucf/BlowingCandles/samples/00565.png 14
ucf/BlowingCandles/samples/00566.png 14
ucf/BlowingCandles/samples/00567.png 14
ucf/BlowingCandles/samples/00568.png 14
ucf/BlowingCandles/samples/00569.png 14
ucf/BlowingCandles/samples/00570.png 14
ucf/BlowingCandles/samples/00571.png 14
ucf/BlowingCandles/samples/00572.png 14
ucf/BlowingCandles/samples/00573.png 14
ucf/BlowingCandles/samples/00574.png 14
ucf/BlowingCandles/samples/00575.png 14
ucf/BlowingCandles/samples/00576.png 14
ucf/BlowingCandles/samples/00577.png 14
ucf/BlowingCandles/samples/00578.png 14
ucf/BlowingCandles/samples/00579.png 14
ucf/BlowingCandles/samples/00580.png 14
ucf/BlowingCandles/samples/00581.png 14
ucf/BlowingCandles/samples/00582.png 14
ucf/BlowingCandles/samples/00583.png 14
ucf/BlowingCandles/samples/00584.png 14
ucf/BlowingCandles/samples/00585.png 14
ucf/BlowingCandles/samples/00586.png 14
ucf/BlowingCandles/samples/00587.png 14
ucf/BlowingCandles/samples/00588.png 14
ucf/BlowingCandles/samples/00589.png 14
ucf/BlowingCandles/samples/00590.png 14
ucf/BlowingCandles/samples/00591.png 14
ucf/BlowingCandles/samples/00592.png 14
ucf/BlowingCandles/samples/00593.png 14
ucf/BlowingCandles/samples/00594.png 14
ucf/BlowingCandles/samples/00595.png 14
ucf/BlowingCandles/samples/00596.png 14
ucf/BlowingCandles/samples/00597.png 14
ucf/BlowingCandles/samples/00598.png 14
ucf/BlowingCandles/samples/00599.png 14
ucf/BlowingCandles/samples/00600.png 14
ucf/BlowingCandles/samples/00601.png 14
ucf/BlowingCandles/samples/00602.png 14
ucf/BlowingCandles/samples/00603.png 14
ucf/BlowingCandles/samples/00604.png 14
ucf/BlowingCandles/samples/00605.png 14
ucf/BlowingCandles/samples/00606.png 14
ucf/BlowingCandles/samples/00607.png 14
ucf/BlowingCandles/samples/00608.png 14
ucf/BlowingCandles/samples/00609.png 14
ucf/BlowingCandles/samples/00610.png 14
ucf/BlowingCandles/samples/00611.png 14
ucf/BlowingCandles/samples/00612.png 14
ucf/BlowingCandles/samples/00613.png 14
ucf/BlowingCandles/samples/00614.png 14
ucf/BlowingCandles/samples/00615.png 14
ucf/BlowingCandles/samples/00616.png 14
ucf/BlowingCandles/samples/00617.png 14
ucf/BlowingCandles/samples/00618.png 14
ucf/BlowingCandles/samples/00619.png 14
ucf/BlowingCandles/samples/00620.png 14
ucf/BlowingCandles/samples/00621.png 14
ucf/BlowingCandles/samples/00622.png 14
ucf/BlowingCandles/samples/00623.png 14
ucf/BlowingCandles/samples/00624.png 14
ucf/BlowingCandles/samples/00625.png 14
ucf/BlowingCandles/samples/00626.png 14
ucf/BlowingCandles/samples/00627.png 14
ucf/BlowingCandles/samples/00628.png 14
ucf/BlowingCandles/samples/00629.png 14
ucf/BlowingCandles/samples/00630.png 14
ucf/BlowingCandles/samples/00631.png 14
ucf/BlowingCandles/samples/00632.png 14
ucf/BlowingCandles/samples/00633.png 14
ucf/BlowingCandles/samples/00634.png 14
ucf/BlowingCandles/samples/00635.png 14
ucf/BlowingCandles/samples/00636.png 14
ucf/BlowingCandles/samples/00637.png 14
ucf/BlowingCandles/samples/00638.png 14
ucf/BlowingCandles/samples/00639.png 14
ucf/BlowingCandles/samples/00640.png 14
ucf/BlowingCandles/samples/00641.png 14
ucf/BlowingCandles/samples/00642.png 14
ucf/BlowingCandles/samples/00643.png 14
ucf/BlowingCandles/samples/00644.png 14
ucf/BlowingCandles/samples/00645.png 14
ucf/BlowingCandles/samples/00646.png 14
ucf/BlowingCandles/samples/00647.png 14
ucf/BlowingCandles/samples/00648.png 14
ucf/BlowingCandles/samples/00649.png 14
ucf/BlowingCandles/samples/00650.png 14
ucf/BlowingCandles/samples/00651.png 14
ucf/BlowingCandles/samples/00652.png 14
ucf/BlowingCandles/samples/00653.png 14
ucf/BlowingCandles/samples/00654.png 14
ucf/BlowingCandles/samples/00655.png 14
ucf/BlowingCandles/samples/00656.png 14
ucf/BlowingCandles/samples/00657.png 14
ucf/BlowingCandles/samples/00658.png 14
ucf/BlowingCandles/samples/00659.png 14
ucf/BlowingCandles/samples/00660.png 14
ucf/BlowingCandles/samples/00661.png 14
ucf/BlowingCandles/samples/00662.png 14
ucf/BlowingCandles/samples/00663.png 14
ucf/BlowingCandles/samples/00664.png 14
ucf/BlowingCandles/samples/00665.png 14
ucf/BlowingCandles/samples/00666.png 14
ucf/BlowingCandles/samples/00667.png 14
ucf/BlowingCandles/samples/00668.png 14
ucf/BlowingCandles/samples/00669.png 14
ucf/BlowingCandles/samples/00670.png 14
ucf/BlowingCandles/samples/00671.png 14
ucf/BlowingCandles/samples/00672.png 14
ucf/BlowingCandles/samples/00673.png 14
ucf/BlowingCandles/samples/00674.png 14
ucf/BlowingCandles/samples/00675.png 14
ucf/BlowingCandles/samples/00676.png 14
ucf/BlowingCandles/samples/00677.png 14
ucf/BlowingCandles/samples/00678.png 14
ucf/BlowingCandles/samples/00679.png 14
ucf/BlowingCandles/samples/00680.png 14
ucf/BlowingCandles/samples/00681.png 14
ucf/BlowingCandles/samples/00682.png 14
ucf/BlowingCandles/samples/00683.png 14
ucf/BlowingCandles/samples/00684.png 14
ucf/BlowingCandles/samples/00685.png 14
ucf/BlowingCandles/samples/00686.png 14
ucf/BlowingCandles/samples/00687.png 14
ucf/BlowingCandles/samples/00688.png 14
ucf/BlowingCandles/samples/00689.png 14
ucf/BlowingCandles/samples/00690.png 14
ucf/BlowingCandles/samples/00691.png 14
ucf/BlowingCandles/samples/00692.png 14
ucf/BlowingCandles/samples/00693.png 14
ucf/BlowingCandles/samples/00694.png 14
ucf/BlowingCandles/samples/00695.png 14
ucf/BlowingCandles/samples/00696.png 14
ucf/BlowingCandles/samples/00697.png 14
ucf/BlowingCandles/samples/00698.png 14
ucf/BlowingCandles/samples/00699.png 14
ucf/BlowingCandles/samples/00700.png 14
ucf/BlowingCandles/samples/00701.png 14
ucf/BlowingCandles/samples/00702.png 14
ucf/BlowingCandles/samples/00703.png 14
ucf/BlowingCandles/samples/00704.png 14
ucf/BlowingCandles/samples/00705.png 14
ucf/BlowingCandles/samples/00706.png 14
ucf/BlowingCandles/samples/00707.png 14
ucf/BlowingCandles/samples/00708.png 14
ucf/BlowingCandles/samples/00709.png 14
ucf/BlowingCandles/samples/00710.png 14
ucf/BlowingCandles/samples/00711.png 14
ucf/BlowingCandles/samples/00712.png 14
ucf/BlowingCandles/samples/00713.png 14
ucf/BlowingCandles/samples/00714.png 14
ucf/BlowingCandles/samples/00715.png 14
ucf/BlowingCandles/samples/00716.png 14
ucf/BlowingCandles/samples/00717.png 14
ucf/BlowingCandles/samples/00718.png 14
ucf/BlowingCandles/samples/00719.png 14
ucf/BlowingCandles/samples/00720.png 14
ucf/BlowingCandles/samples/00721.png 14
ucf/BlowingCandles/samples/00722.png 14
ucf/BlowingCandles/samples/00723.png 14
ucf/BlowingCandles/samples/00724.png 14
ucf/BlowingCandles/samples/00725.png 14
ucf/BlowingCandles/samples/00726.png 14
ucf/BlowingCandles/samples/00727.png 14
ucf/BlowingCandles/samples/00728.png 14
ucf/BlowingCandles/samples/00729.png 14
ucf/BlowingCandles/samples/00730.png 14
ucf/BlowingCandles/samples/00731.png 14
ucf/BlowingCandles/samples/00732.png 14
ucf/BlowingCandles/samples/00733.png 14
ucf/BlowingCandles/samples/00734.png 14
ucf/BlowingCandles/samples/00735.png 14
ucf/BlowingCandles/samples/00736.png 14
ucf/BlowingCandles/samples/00737.png 14
ucf/BlowingCandles/samples/00738.png 14
ucf/BlowingCandles/samples/00739.png 14
ucf/BlowingCandles/samples/00740.png 14
ucf/BlowingCandles/samples/00741.png 14
ucf/BlowingCandles/samples/00742.png 14
ucf/BlowingCandles/samples/00743.png 14
ucf/BlowingCandles/samples/00744.png 14
ucf/BlowingCandles/samples/00745.png 14
ucf/BlowingCandles/samples/00746.png 14
ucf/BlowingCandles/samples/00747.png 14
ucf/BlowingCandles/samples/00748.png 14
ucf/BlowingCandles/samples/00749.png 14
ucf/BlowingCandles/samples/00750.png 14
ucf/BlowingCandles/samples/00751.png 14
ucf/BlowingCandles/samples/00752.png 14
ucf/BlowingCandles/samples/00753.png 14
ucf/BlowingCandles/samples/00754.png 14
ucf/BlowingCandles/samples/00755.png 14
ucf/BlowingCandles/samples/00756.png 14
ucf/BlowingCandles/samples/00757.png 14
ucf/BlowingCandles/samples/00758.png 14
ucf/BlowingCandles/samples/00759.png 14
ucf/BlowingCandles/samples/00760.png 14
ucf/BlowingCandles/samples/00761.png 14
ucf/BlowingCandles/samples/00762.png 14
ucf/BlowingCandles/samples/00763.png 14
ucf/BlowingCandles/samples/00764.png 14
ucf/BlowingCandles/samples/00765.png 14
ucf/BlowingCandles/samples/00766.png 14
ucf/BlowingCandles/samples/00767.png 14
ucf/BlowingCandles/samples/00768.png 14
ucf/BlowingCandles/samples/00769.png 14
ucf/BlowingCandles/samples/00770.png 14
ucf/BlowingCandles/samples/00771.png 14
ucf/BlowingCandles/samples/00772.png 14
ucf/BlowingCandles/samples/00773.png 14
ucf/BlowingCandles/samples/00774.png 14
ucf/BlowingCandles/samples/00775.png 14
ucf/BlowingCandles/samples/00776.png 14
ucf/BlowingCandles/samples/00777.png 14
ucf/BlowingCandles/samples/00778.png 14
ucf/BlowingCandles/samples/00779.png 14
ucf/BlowingCandles/samples/00780.png 14
ucf/BlowingCandles/samples/00781.png 14
ucf/BlowingCandles/samples/00782.png 14
ucf/BlowingCandles/samples/00783.png 14
ucf/BlowingCandles/samples/00784.png 14
ucf/BlowingCandles/samples/00785.png 14
ucf/BlowingCandles/samples/00786.png 14
ucf/BlowingCandles/samples/00787.png 14
ucf/BlowingCandles/samples/00788.png 14
ucf/BlowingCandles/samples/00789.png 14
ucf/BlowingCandles/samples/00790.png 14
ucf/BlowingCandles/samples/00791.png 14
ucf/BlowingCandles/samples/00792.png 14
ucf/BlowingCandles/samples/00793.png 14
ucf/BlowingCandles/samples/00794.png 14
ucf/BlowingCandles/samples/00795.png 14
ucf/BlowingCandles/samples/00796.png 14
ucf/BlowingCandles/samples/00797.png 14
ucf/BlowingCandles/samples/00798.png 14
ucf/BlowingCandles/samples/00799.png 14
ucf/BlowingCandles/samples/00800.png 14
ucf/BlowingCandles/samples/00801.png 14
ucf/BlowingCandles/samples/00802.png 14
ucf/BlowingCandles/samples/00803.png 14
ucf/BlowingCandles/samples/00804.png 14
ucf/BlowingCandles/samples/00805.png 14
ucf/BlowingCandles/samples/00806.png 14
ucf/BlowingCandles/samples/00807.png 14
ucf/BlowingCandles/samples/00808.png 14
ucf/BlowingCandles/samples/00809.png 14
ucf/BlowingCandles/samples/00810.png 14
ucf/BlowingCandles/samples/00811.png 14
ucf/BlowingCandles/samples/00812.png 14
ucf/BlowingCandles/samples/00813.png 14
ucf/BlowingCandles/samples/00814.png 14
ucf/BlowingCandles/samples/00815.png 14
ucf/BlowingCandles/samples/00816.png 14
ucf/BlowingCandles/samples/00817.png 14
ucf/BlowingCandles/samples/00818.png 14
ucf/BlowingCandles/samples/00819.png 14
ucf/BlowingCandles/samples/00820.png 14
ucf/BlowingCandles/samples/00821.png 14
ucf/BlowingCandles/samples/00822.png 14
ucf/BlowingCandles/samples/00823.png 14
ucf/BlowingCandles/samples/00824.png 14
ucf/BlowingCandles/samples/00825.png 14
ucf/BlowingCandles/samples/00826.png 14
ucf/BlowingCandles/samples/00827.png 14
ucf/BlowingCandles/samples/00828.png 14
ucf/BlowingCandles/samples/00829.png 14
ucf/BlowingCandles/samples/00830.png 14
ucf/BlowingCandles/samples/00831.png 14
ucf/BlowingCandles/samples/00832.png 14
ucf/BlowingCandles/samples/00833.png 14
ucf/BlowingCandles/samples/00834.png 14
ucf/BlowingCandles/samples/00835.png 14
ucf/BlowingCandles/samples/00836.png 14
ucf/BlowingCandles/samples/00837.png 14
ucf/BlowingCandles/samples/00838.png 14
ucf/BlowingCandles/samples/00839.png 14
ucf/BlowingCandles/samples/00840.png 14
ucf/BlowingCandles/samples/00841.png 14
ucf/BlowingCandles/samples/00842.png 14
ucf/BlowingCandles/samples/00843.png 14
ucf/BlowingCandles/samples/00844.png 14
ucf/BlowingCandles/samples/00845.png 14
ucf/BlowingCandles/samples/00846.png 14
ucf/BlowingCandles/samples/00847.png 14
ucf/BlowingCandles/samples/00848.png 14
ucf/BlowingCandles/samples/00849.png 14
ucf/BlowingCandles/samples/00850.png 14
ucf/BlowingCandles/samples/00851.png 14
ucf/BlowingCandles/samples/00852.png 14
ucf/BlowingCandles/samples/00853.png 14
ucf/BlowingCandles/samples/00854.png 14
ucf/BlowingCandles/samples/00855.png 14
ucf/BlowingCandles/samples/00856.png 14
ucf/BlowingCandles/samples/00857.png 14
ucf/BlowingCandles/samples/00858.png 14
ucf/BlowingCandles/samples/00859.png 14
ucf/BlowingCandles/samples/00860.png 14
ucf/BlowingCandles/samples/00861.png 14
ucf/BlowingCandles/samples/00862.png 14
ucf/BlowingCandles/samples/00863.png 14
ucf/BlowingCandles/samples/00864.png 14
ucf/BlowingCandles/samples/00865.png 14
ucf/BlowingCandles/samples/00866.png 14
ucf/BlowingCandles/samples/00867.png 14
ucf/BlowingCandles/samples/00868.png 14
ucf/BlowingCandles/samples/00869.png 14
ucf/BlowingCandles/samples/00870.png 14
ucf/BlowingCandles/samples/00871.png 14
ucf/BlowingCandles/samples/00872.png 14
ucf/BlowingCandles/samples/00873.png 14
ucf/BlowingCandles/samples/00874.png 14
ucf/BlowingCandles/samples/00875.png 14
ucf/BlowingCandles/samples/00876.png 14
ucf/BlowingCandles/samples/00877.png 14
ucf/BlowingCandles/samples/00878.png 14
ucf/BlowingCandles/samples/00879.png 14
ucf/BlowingCandles/samples/00880.png 14
ucf/BlowingCandles/samples/00881.png 14
ucf/BlowingCandles/samples/00882.png 14
ucf/BlowingCandles/samples/00883.png 14
ucf/BlowingCandles/samples/00884.png 14
ucf/BlowingCandles/samples/00885.png 14
ucf/BlowingCandles/samples/00886.png 14
ucf/BlowingCandles/samples/00887.png 14
ucf/BlowingCandles/samples/00888.png 14
ucf/BlowingCandles/samples/00889.png 14
ucf/BlowingCandles/samples/00890.png 14
ucf/BlowingCandles/samples/00891.png 14
ucf/BlowingCandles/samples/00892.png 14
ucf/BlowingCandles/samples/00893.png 14
ucf/BlowingCandles/samples/00894.png 14
ucf/BlowingCandles/samples/00895.png 14
ucf/BlowingCandles/samples/00896.png 14
ucf/BlowingCandles/samples/00897.png 14
ucf/BlowingCandles/samples/00898.png 14
ucf/BlowingCandles/samples/00899.png 14
ucf/BlowingCandles/samples/00900.png 14
ucf/BlowingCandles/samples/00901.png 14
ucf/BlowingCandles/samples/00902.png 14
ucf/BlowingCandles/samples/00903.png 14
ucf/BlowingCandles/samples/00904.png 14
ucf/BlowingCandles/samples/00905.png 14
ucf/BlowingCandles/samples/00906.png 14
ucf/BlowingCandles/samples/00907.png 14
ucf/BlowingCandles/samples/00908.png 14
ucf/BlowingCandles/samples/00909.png 14
ucf/BlowingCandles/samples/00910.png 14
ucf/BlowingCandles/samples/00911.png 14
ucf/BlowingCandles/samples/00912.png 14
ucf/BlowingCandles/samples/00913.png 14
ucf/BlowingCandles/samples/00914.png 14
ucf/BlowingCandles/samples/00915.png 14
ucf/BlowingCandles/samples/00916.png 14
ucf/BlowingCandles/samples/00917.png 14
ucf/BlowingCandles/samples/00918.png 14
ucf/BlowingCandles/samples/00919.png 14
ucf/BlowingCandles/samples/00920.png 14
ucf/BlowingCandles/samples/00921.png 14
ucf/BlowingCandles/samples/00922.png 14
ucf/BlowingCandles/samples/00923.png 14
ucf/BlowingCandles/samples/00924.png 14
ucf/BlowingCandles/samples/00925.png 14
ucf/BlowingCandles/samples/00926.png 14
ucf/BlowingCandles/samples/00927.png 14
ucf/BlowingCandles/samples/00928.png 14
ucf/BlowingCandles/samples/00929.png 14
ucf/BlowingCandles/samples/00930.png 14
ucf/BlowingCandles/samples/00931.png 14
ucf/BlowingCandles/samples/00932.png 14
ucf/BlowingCandles/samples/00933.png 14
ucf/BlowingCandles/samples/00934.png 14
ucf/BlowingCandles/samples/00935.png 14
ucf/BlowingCandles/samples/00936.png 14
ucf/BlowingCandles/samples/00937.png 14
ucf/BlowingCandles/samples/00938.png 14
ucf/BlowingCandles/samples/00939.png 14
ucf/BlowingCandles/samples/00940.png 14
ucf/BlowingCandles/samples/00941.png 14
ucf/BlowingCandles/samples/00942.png 14
ucf/BlowingCandles/samples/00943.png 14
ucf/BlowingCandles/samples/00944.png 14
ucf/BlowingCandles/samples/00945.png 14
ucf/BlowingCandles/samples/00946.png 14
ucf/BlowingCandles/samples/00947.png 14
ucf/BlowingCandles/samples/00948.png 14
ucf/BlowingCandles/samples/00949.png 14
ucf/BlowingCandles/samples/00950.png 14
ucf/BlowingCandles/samples/00951.png 14
ucf/BlowingCandles/samples/00952.png 14
ucf/BlowingCandles/samples/00953.png 14
ucf/BlowingCandles/samples/00954.png 14
ucf/BlowingCandles/samples/00955.png 14
ucf/BlowingCandles/samples/00956.png 14
ucf/BlowingCandles/samples/00957.png 14
ucf/BlowingCandles/samples/00958.png 14
ucf/BlowingCandles/samples/00959.png 14
ucf/BlowingCandles/samples/00960.png 14
ucf/BlowingCandles/samples/00961.png 14
ucf/BlowingCandles/samples/00962.png 14
ucf/BlowingCandles/samples/00963.png 14
ucf/BlowingCandles/samples/00964.png 14
ucf/BlowingCandles/samples/00965.png 14
ucf/BlowingCandles/samples/00966.png 14
ucf/BlowingCandles/samples/00967.png 14
ucf/BlowingCandles/samples/00968.png 14
ucf/BlowingCandles/samples/00969.png 14
ucf/BlowingCandles/samples/00970.png 14
ucf/BlowingCandles/samples/00971.png 14
ucf/BlowingCandles/samples/00972.png 14
ucf/BlowingCandles/samples/00973.png 14
ucf/BlowingCandles/samples/00974.png 14
ucf/BlowingCandles/samples/00975.png 14
ucf/BlowingCandles/samples/00976.png 14
ucf/BlowingCandles/samples/00977.png 14
ucf/BlowingCandles/samples/00978.png 14
ucf/BlowingCandles/samples/00979.png 14
ucf/BlowingCandles/samples/00980.png 14
ucf/BlowingCandles/samples/00981.png 14
ucf/BlowingCandles/samples/00982.png 14
ucf/BlowingCandles/samples/00983.png 14
ucf/BlowingCandles/samples/00984.png 14
ucf/BlowingCandles/samples/00985.png 14
ucf/BlowingCandles/samples/00986.png 14
ucf/BlowingCandles/samples/00987.png 14
ucf/BlowingCandles/samples/00988.png 14
ucf/BlowingCandles/samples/00989.png 14
ucf/BlowingCandles/samples/00990.png 14
ucf/BlowingCandles/samples/00991.png 14
ucf/BlowingCandles/samples/00992.png 14
ucf/BlowingCandles/samples/00993.png 14
ucf/BlowingCandles/samples/00994.png 14
ucf/BlowingCandles/samples/00995.png 14
ucf/BlowingCandles/samples/00996.png 14
ucf/BlowingCandles/samples/00997.png 14
ucf/BlowingCandles/samples/00998.png 14
ucf/BlowingCandles/samples/00999.png 14
ucf/BaseballPitch/samples/00000.png 7
ucf/BaseballPitch/samples/00001.png 7
ucf/BaseballPitch/samples/00002.png 7
ucf/BaseballPitch/samples/00003.png 7
ucf/BaseballPitch/samples/00004.png 7
ucf/BaseballPitch/samples/00005.png 7
ucf/BaseballPitch/samples/00006.png 7
ucf/BaseballPitch/samples/00007.png 7
ucf/BaseballPitch/samples/00008.png 7
ucf/BaseballPitch/samples/00009.png 7
ucf/BaseballPitch/samples/00010.png 7
ucf/BaseballPitch/samples/00011.png 7
ucf/BaseballPitch/samples/00012.png 7
ucf/BaseballPitch/samples/00013.png 7
ucf/BaseballPitch/samples/00014.png 7
ucf/BaseballPitch/samples/00015.png 7
ucf/BaseballPitch/samples/00016.png 7
ucf/BaseballPitch/samples/00017.png 7
ucf/BaseballPitch/samples/00018.png 7
ucf/BaseballPitch/samples/00019.png 7
ucf/BaseballPitch/samples/00020.png 7
ucf/BaseballPitch/samples/00021.png 7
ucf/BaseballPitch/samples/00022.png 7
ucf/BaseballPitch/samples/00023.png 7
ucf/BaseballPitch/samples/00024.png 7
ucf/BaseballPitch/samples/00025.png 7
ucf/BaseballPitch/samples/00026.png 7
ucf/BaseballPitch/samples/00027.png 7
ucf/BaseballPitch/samples/00028.png 7
ucf/BaseballPitch/samples/00029.png 7
ucf/BaseballPitch/samples/00030.png 7
ucf/BaseballPitch/samples/00031.png 7
ucf/BaseballPitch/samples/00032.png 7
ucf/BaseballPitch/samples/00033.png 7
ucf/BaseballPitch/samples/00034.png 7
ucf/BaseballPitch/samples/00035.png 7
ucf/BaseballPitch/samples/00036.png 7
ucf/BaseballPitch/samples/00037.png 7
ucf/BaseballPitch/samples/00038.png 7
ucf/BaseballPitch/samples/00039.png 7
ucf/BaseballPitch/samples/00040.png 7
ucf/BaseballPitch/samples/00041.png 7
ucf/BaseballPitch/samples/00042.png 7
ucf/BaseballPitch/samples/00043.png 7
ucf/BaseballPitch/samples/00044.png 7
ucf/BaseballPitch/samples/00045.png 7
ucf/BaseballPitch/samples/00046.png 7
ucf/BaseballPitch/samples/00047.png 7
ucf/BaseballPitch/samples/00048.png 7
ucf/BaseballPitch/samples/00049.png 7
ucf/BaseballPitch/samples/00050.png 7
ucf/BaseballPitch/samples/00051.png 7
ucf/BaseballPitch/samples/00052.png 7
ucf/BaseballPitch/samples/00053.png 7
ucf/BaseballPitch/samples/00054.png 7
ucf/BaseballPitch/samples/00055.png 7
ucf/BaseballPitch/samples/00056.png 7
ucf/BaseballPitch/samples/00057.png 7
ucf/BaseballPitch/samples/00058.png 7
ucf/BaseballPitch/samples/00059.png 7
ucf/BaseballPitch/samples/00060.png 7
ucf/BaseballPitch/samples/00061.png 7
ucf/BaseballPitch/samples/00062.png 7
ucf/BaseballPitch/samples/00063.png 7
ucf/BaseballPitch/samples/00064.png 7
ucf/BaseballPitch/samples/00065.png 7
ucf/BaseballPitch/samples/00066.png 7
ucf/BaseballPitch/samples/00067.png 7
ucf/BaseballPitch/samples/00068.png 7
ucf/BaseballPitch/samples/00069.png 7
ucf/BaseballPitch/samples/00070.png 7
ucf/BaseballPitch/samples/00071.png 7
ucf/BaseballPitch/samples/00072.png 7
ucf/BaseballPitch/samples/00073.png 7
ucf/BaseballPitch/samples/00074.png 7
ucf/BaseballPitch/samples/00075.png 7
ucf/BaseballPitch/samples/00076.png 7
ucf/BaseballPitch/samples/00077.png 7
ucf/BaseballPitch/samples/00078.png 7
ucf/BaseballPitch/samples/00079.png 7
ucf/BaseballPitch/samples/00080.png 7
ucf/BaseballPitch/samples/00081.png 7
ucf/BaseballPitch/samples/00082.png 7
ucf/BaseballPitch/samples/00083.png 7
ucf/BaseballPitch/samples/00084.png 7
ucf/BaseballPitch/samples/00085.png 7
ucf/BaseballPitch/samples/00086.png 7
ucf/BaseballPitch/samples/00087.png 7
ucf/BaseballPitch/samples/00088.png 7
ucf/BaseballPitch/samples/00089.png 7
ucf/BaseballPitch/samples/00090.png 7
ucf/BaseballPitch/samples/00091.png 7
ucf/BaseballPitch/samples/00092.png 7
ucf/BaseballPitch/samples/00093.png 7
ucf/BaseballPitch/samples/00094.png 7
ucf/BaseballPitch/samples/00095.png 7
ucf/BaseballPitch/samples/00096.png 7
ucf/BaseballPitch/samples/00097.png 7
ucf/BaseballPitch/samples/00098.png 7
ucf/BaseballPitch/samples/00099.png 7
ucf/BaseballPitch/samples/00100.png 7
ucf/BaseballPitch/samples/00101.png 7
ucf/BaseballPitch/samples/00102.png 7
ucf/BaseballPitch/samples/00103.png 7
ucf/BaseballPitch/samples/00104.png 7
ucf/BaseballPitch/samples/00105.png 7
ucf/BaseballPitch/samples/00106.png 7
ucf/BaseballPitch/samples/00107.png 7
ucf/BaseballPitch/samples/00108.png 7
ucf/BaseballPitch/samples/00109.png 7
ucf/BaseballPitch/samples/00110.png 7
ucf/BaseballPitch/samples/00111.png 7
ucf/BaseballPitch/samples/00112.png 7
ucf/BaseballPitch/samples/00113.png 7
ucf/BaseballPitch/samples/00114.png 7
ucf/BaseballPitch/samples/00115.png 7
ucf/BaseballPitch/samples/00116.png 7
ucf/BaseballPitch/samples/00117.png 7
ucf/BaseballPitch/samples/00118.png 7
ucf/BaseballPitch/samples/00119.png 7
ucf/BaseballPitch/samples/00120.png 7
ucf/BaseballPitch/samples/00121.png 7
ucf/BaseballPitch/samples/00122.png 7
ucf/BaseballPitch/samples/00123.png 7
ucf/BaseballPitch/samples/00124.png 7
ucf/BaseballPitch/samples/00125.png 7
ucf/BaseballPitch/samples/00126.png 7
ucf/BaseballPitch/samples/00127.png 7
ucf/BaseballPitch/samples/00128.png 7
ucf/BaseballPitch/samples/00129.png 7
ucf/BaseballPitch/samples/00130.png 7
ucf/BaseballPitch/samples/00131.png 7
ucf/BaseballPitch/samples/00132.png 7
ucf/BaseballPitch/samples/00133.png 7
ucf/BaseballPitch/samples/00134.png 7
ucf/BaseballPitch/samples/00135.png 7
ucf/BaseballPitch/samples/00136.png 7
ucf/BaseballPitch/samples/00137.png 7
ucf/BaseballPitch/samples/00138.png 7
ucf/BaseballPitch/samples/00139.png 7
ucf/BaseballPitch/samples/00140.png 7
ucf/BaseballPitch/samples/00141.png 7
ucf/BaseballPitch/samples/00142.png 7
ucf/BaseballPitch/samples/00143.png 7
ucf/BaseballPitch/samples/00144.png 7
ucf/BaseballPitch/samples/00145.png 7
ucf/BaseballPitch/samples/00146.png 7
ucf/BaseballPitch/samples/00147.png 7
ucf/BaseballPitch/samples/00148.png 7
ucf/BaseballPitch/samples/00149.png 7
ucf/BaseballPitch/samples/00150.png 7
ucf/BaseballPitch/samples/00151.png 7
ucf/BaseballPitch/samples/00152.png 7
ucf/BaseballPitch/samples/00153.png 7
ucf/BaseballPitch/samples/00154.png 7
ucf/BaseballPitch/samples/00155.png 7
ucf/BaseballPitch/samples/00156.png 7
ucf/BaseballPitch/samples/00157.png 7
ucf/BaseballPitch/samples/00158.png 7
ucf/BaseballPitch/samples/00159.png 7
ucf/BaseballPitch/samples/00160.png 7
ucf/BaseballPitch/samples/00161.png 7
ucf/BaseballPitch/samples/00162.png 7
ucf/BaseballPitch/samples/00163.png 7
ucf/BaseballPitch/samples/00164.png 7
ucf/BaseballPitch/samples/00165.png 7
ucf/BaseballPitch/samples/00166.png 7
ucf/BaseballPitch/samples/00167.png 7
ucf/BaseballPitch/samples/00168.png 7
ucf/BaseballPitch/samples/00169.png 7
ucf/BaseballPitch/samples/00170.png 7
ucf/BaseballPitch/samples/00171.png 7
ucf/BaseballPitch/samples/00172.png 7
ucf/BaseballPitch/samples/00173.png 7
ucf/BaseballPitch/samples/00174.png 7
ucf/BaseballPitch/samples/00175.png 7
ucf/BaseballPitch/samples/00176.png 7
ucf/BaseballPitch/samples/00177.png 7
ucf/BaseballPitch/samples/00178.png 7
ucf/BaseballPitch/samples/00179.png 7
ucf/BaseballPitch/samples/00180.png 7
ucf/BaseballPitch/samples/00181.png 7
ucf/BaseballPitch/samples/00182.png 7
ucf/BaseballPitch/samples/00183.png 7
ucf/BaseballPitch/samples/00184.png 7
ucf/BaseballPitch/samples/00185.png 7
ucf/BaseballPitch/samples/00186.png 7
ucf/BaseballPitch/samples/00187.png 7
ucf/BaseballPitch/samples/00188.png 7
ucf/BaseballPitch/samples/00189.png 7
ucf/BaseballPitch/samples/00190.png 7
ucf/BaseballPitch/samples/00191.png 7
ucf/BaseballPitch/samples/00192.png 7
ucf/BaseballPitch/samples/00193.png 7
ucf/BaseballPitch/samples/00194.png 7
ucf/BaseballPitch/samples/00195.png 7
ucf/BaseballPitch/samples/00196.png 7
ucf/BaseballPitch/samples/00197.png 7
ucf/BaseballPitch/samples/00198.png 7
ucf/BaseballPitch/samples/00199.png 7
ucf/BaseballPitch/samples/00200.png 7
ucf/BaseballPitch/samples/00201.png 7
ucf/BaseballPitch/samples/00202.png 7
ucf/BaseballPitch/samples/00203.png 7
ucf/BaseballPitch/samples/00204.png 7
ucf/BaseballPitch/samples/00205.png 7
ucf/BaseballPitch/samples/00206.png 7
ucf/BaseballPitch/samples/00207.png 7
ucf/BaseballPitch/samples/00208.png 7
ucf/BaseballPitch/samples/00209.png 7
ucf/BaseballPitch/samples/00210.png 7
ucf/BaseballPitch/samples/00211.png 7
ucf/BaseballPitch/samples/00212.png 7
ucf/BaseballPitch/samples/00213.png 7
ucf/BaseballPitch/samples/00214.png 7
ucf/BaseballPitch/samples/00215.png 7
ucf/BaseballPitch/samples/00216.png 7
ucf/BaseballPitch/samples/00217.png 7
ucf/BaseballPitch/samples/00218.png 7
ucf/BaseballPitch/samples/00219.png 7
ucf/BaseballPitch/samples/00220.png 7
ucf/BaseballPitch/samples/00221.png 7
ucf/BaseballPitch/samples/00222.png 7
ucf/BaseballPitch/samples/00223.png 7
ucf/BaseballPitch/samples/00224.png 7
ucf/BaseballPitch/samples/00225.png 7
ucf/BaseballPitch/samples/00226.png 7
ucf/BaseballPitch/samples/00227.png 7
ucf/BaseballPitch/samples/00228.png 7
ucf/BaseballPitch/samples/00229.png 7
ucf/BaseballPitch/samples/00230.png 7
ucf/BaseballPitch/samples/00231.png 7
ucf/BaseballPitch/samples/00232.png 7
ucf/BaseballPitch/samples/00233.png 7
ucf/BaseballPitch/samples/00234.png 7
ucf/BaseballPitch/samples/00235.png 7
ucf/BaseballPitch/samples/00236.png 7
ucf/BaseballPitch/samples/00237.png 7
ucf/BaseballPitch/samples/00238.png 7
ucf/BaseballPitch/samples/00239.png 7
ucf/BaseballPitch/samples/00240.png 7
ucf/BaseballPitch/samples/00241.png 7
ucf/BaseballPitch/samples/00242.png 7
ucf/BaseballPitch/samples/00243.png 7
ucf/BaseballPitch/samples/00244.png 7
ucf/BaseballPitch/samples/00245.png 7
ucf/BaseballPitch/samples/00246.png 7
ucf/BaseballPitch/samples/00247.png 7
ucf/BaseballPitch/samples/00248.png 7
ucf/BaseballPitch/samples/00249.png 7
ucf/BaseballPitch/samples/00250.png 7
ucf/BaseballPitch/samples/00251.png 7
ucf/BaseballPitch/samples/00252.png 7
ucf/BaseballPitch/samples/00253.png 7
ucf/BaseballPitch/samples/00254.png 7
ucf/BaseballPitch/samples/00255.png 7
ucf/BaseballPitch/samples/00256.png 7
ucf/BaseballPitch/samples/00257.png 7
ucf/BaseballPitch/samples/00258.png 7
ucf/BaseballPitch/samples/00259.png 7
ucf/BaseballPitch/samples/00260.png 7
ucf/BaseballPitch/samples/00261.png 7
ucf/BaseballPitch/samples/00262.png 7
ucf/BaseballPitch/samples/00263.png 7
ucf/BaseballPitch/samples/00264.png 7
ucf/BaseballPitch/samples/00265.png 7
ucf/BaseballPitch/samples/00266.png 7
ucf/BaseballPitch/samples/00267.png 7
ucf/BaseballPitch/samples/00268.png 7
ucf/BaseballPitch/samples/00269.png 7
ucf/BaseballPitch/samples/00270.png 7
ucf/BaseballPitch/samples/00271.png 7
ucf/BaseballPitch/samples/00272.png 7
ucf/BaseballPitch/samples/00273.png 7
ucf/BaseballPitch/samples/00274.png 7
ucf/BaseballPitch/samples/00275.png 7
ucf/BaseballPitch/samples/00276.png 7
ucf/BaseballPitch/samples/00277.png 7
ucf/BaseballPitch/samples/00278.png 7
ucf/BaseballPitch/samples/00279.png 7
ucf/BaseballPitch/samples/00280.png 7
ucf/BaseballPitch/samples/00281.png 7
ucf/BaseballPitch/samples/00282.png 7
ucf/BaseballPitch/samples/00283.png 7
ucf/BaseballPitch/samples/00284.png 7
ucf/BaseballPitch/samples/00285.png 7
ucf/BaseballPitch/samples/00286.png 7
ucf/BaseballPitch/samples/00287.png 7
ucf/BaseballPitch/samples/00288.png 7
ucf/BaseballPitch/samples/00289.png 7
ucf/BaseballPitch/samples/00290.png 7
ucf/BaseballPitch/samples/00291.png 7
ucf/BaseballPitch/samples/00292.png 7
ucf/BaseballPitch/samples/00293.png 7
ucf/BaseballPitch/samples/00294.png 7
ucf/BaseballPitch/samples/00295.png 7
ucf/BaseballPitch/samples/00296.png 7
ucf/BaseballPitch/samples/00297.png 7
ucf/BaseballPitch/samples/00298.png 7
ucf/BaseballPitch/samples/00299.png 7
ucf/BaseballPitch/samples/00300.png 7
ucf/BaseballPitch/samples/00301.png 7
ucf/BaseballPitch/samples/00302.png 7
ucf/BaseballPitch/samples/00303.png 7
ucf/BaseballPitch/samples/00304.png 7
ucf/BaseballPitch/samples/00305.png 7
ucf/BaseballPitch/samples/00306.png 7
ucf/BaseballPitch/samples/00307.png 7
ucf/BaseballPitch/samples/00308.png 7
ucf/BaseballPitch/samples/00309.png 7
ucf/BaseballPitch/samples/00310.png 7
ucf/BaseballPitch/samples/00311.png 7
ucf/BaseballPitch/samples/00312.png 7
ucf/BaseballPitch/samples/00313.png 7
ucf/BaseballPitch/samples/00314.png 7
ucf/BaseballPitch/samples/00315.png 7
ucf/BaseballPitch/samples/00316.png 7
ucf/BaseballPitch/samples/00317.png 7
ucf/BaseballPitch/samples/00318.png 7
ucf/BaseballPitch/samples/00319.png 7
ucf/BaseballPitch/samples/00320.png 7
ucf/BaseballPitch/samples/00321.png 7
ucf/BaseballPitch/samples/00322.png 7
ucf/BaseballPitch/samples/00323.png 7
ucf/BaseballPitch/samples/00324.png 7
ucf/BaseballPitch/samples/00325.png 7
ucf/BaseballPitch/samples/00326.png 7
ucf/BaseballPitch/samples/00327.png 7
ucf/BaseballPitch/samples/00328.png 7
ucf/BaseballPitch/samples/00329.png 7
ucf/BaseballPitch/samples/00330.png 7
ucf/BaseballPitch/samples/00331.png 7
ucf/BaseballPitch/samples/00332.png 7
ucf/BaseballPitch/samples/00333.png 7
ucf/BaseballPitch/samples/00334.png 7
ucf/BaseballPitch/samples/00335.png 7
ucf/BaseballPitch/samples/00336.png 7
ucf/BaseballPitch/samples/00337.png 7
ucf/BaseballPitch/samples/00338.png 7
ucf/BaseballPitch/samples/00339.png 7
ucf/BaseballPitch/samples/00340.png 7
ucf/BaseballPitch/samples/00341.png 7
ucf/BaseballPitch/samples/00342.png 7
ucf/BaseballPitch/samples/00343.png 7
ucf/BaseballPitch/samples/00344.png 7
ucf/BaseballPitch/samples/00345.png 7
ucf/BaseballPitch/samples/00346.png 7
ucf/BaseballPitch/samples/00347.png 7
ucf/BaseballPitch/samples/00348.png 7
ucf/BaseballPitch/samples/00349.png 7
ucf/BaseballPitch/samples/00350.png 7
ucf/BaseballPitch/samples/00351.png 7
ucf/BaseballPitch/samples/00352.png 7
ucf/BaseballPitch/samples/00353.png 7
ucf/BaseballPitch/samples/00354.png 7
ucf/BaseballPitch/samples/00355.png 7
ucf/BaseballPitch/samples/00356.png 7
ucf/BaseballPitch/samples/00357.png 7
ucf/BaseballPitch/samples/00358.png 7
ucf/BaseballPitch/samples/00359.png 7
ucf/BaseballPitch/samples/00360.png 7
ucf/BaseballPitch/samples/00361.png 7
ucf/BaseballPitch/samples/00362.png 7
ucf/BaseballPitch/samples/00363.png 7
ucf/BaseballPitch/samples/00364.png 7
ucf/BaseballPitch/samples/00365.png 7
ucf/BaseballPitch/samples/00366.png 7
ucf/BaseballPitch/samples/00367.png 7
ucf/BaseballPitch/samples/00368.png 7
ucf/BaseballPitch/samples/00369.png 7
ucf/BaseballPitch/samples/00370.png 7
ucf/BaseballPitch/samples/00371.png 7
ucf/BaseballPitch/samples/00372.png 7
ucf/BaseballPitch/samples/00373.png 7
ucf/BaseballPitch/samples/00374.png 7
ucf/BaseballPitch/samples/00375.png 7
ucf/BaseballPitch/samples/00376.png 7
ucf/BaseballPitch/samples/00377.png 7
ucf/BaseballPitch/samples/00378.png 7
ucf/BaseballPitch/samples/00379.png 7
ucf/BaseballPitch/samples/00380.png 7
ucf/BaseballPitch/samples/00381.png 7
ucf/BaseballPitch/samples/00382.png 7
ucf/BaseballPitch/samples/00383.png 7
ucf/BaseballPitch/samples/00384.png 7
ucf/BaseballPitch/samples/00385.png 7
ucf/BaseballPitch/samples/00386.png 7
ucf/BaseballPitch/samples/00387.png 7
ucf/BaseballPitch/samples/00388.png 7
ucf/BaseballPitch/samples/00389.png 7
ucf/BaseballPitch/samples/00390.png 7
ucf/BaseballPitch/samples/00391.png 7
ucf/BaseballPitch/samples/00392.png 7
ucf/BaseballPitch/samples/00393.png 7
ucf/BaseballPitch/samples/00394.png 7
ucf/BaseballPitch/samples/00395.png 7
ucf/BaseballPitch/samples/00396.png 7
ucf/BaseballPitch/samples/00397.png 7
ucf/BaseballPitch/samples/00398.png 7
ucf/BaseballPitch/samples/00399.png 7
ucf/BaseballPitch/samples/00400.png 7
ucf/BaseballPitch/samples/00401.png 7
ucf/BaseballPitch/samples/00402.png 7
ucf/BaseballPitch/samples/00403.png 7
ucf/BaseballPitch/samples/00404.png 7
ucf/BaseballPitch/samples/00405.png 7
ucf/BaseballPitch/samples/00406.png 7
ucf/BaseballPitch/samples/00407.png 7
ucf/BaseballPitch/samples/00408.png 7
ucf/BaseballPitch/samples/00409.png 7
ucf/BaseballPitch/samples/00410.png 7
ucf/BaseballPitch/samples/00411.png 7
ucf/BaseballPitch/samples/00412.png 7
ucf/BaseballPitch/samples/00413.png 7
ucf/BaseballPitch/samples/00414.png 7
ucf/BaseballPitch/samples/00415.png 7
ucf/BaseballPitch/samples/00416.png 7
ucf/BaseballPitch/samples/00417.png 7
ucf/BaseballPitch/samples/00418.png 7
ucf/BaseballPitch/samples/00419.png 7
ucf/BaseballPitch/samples/00420.png 7
ucf/BaseballPitch/samples/00421.png 7
ucf/BaseballPitch/samples/00422.png 7
ucf/BaseballPitch/samples/00423.png 7
ucf/BaseballPitch/samples/00424.png 7
ucf/BaseballPitch/samples/00425.png 7
ucf/BaseballPitch/samples/00426.png 7
ucf/BaseballPitch/samples/00427.png 7
ucf/BaseballPitch/samples/00428.png 7
ucf/BaseballPitch/samples/00429.png 7
ucf/BaseballPitch/samples/00430.png 7
ucf/BaseballPitch/samples/00431.png 7
ucf/BaseballPitch/samples/00432.png 7
ucf/BaseballPitch/samples/00433.png 7
ucf/BaseballPitch/samples/00434.png 7
ucf/BaseballPitch/samples/00435.png 7
ucf/BaseballPitch/samples/00436.png 7
ucf/BaseballPitch/samples/00437.png 7
ucf/BaseballPitch/samples/00438.png 7
ucf/BaseballPitch/samples/00439.png 7
ucf/BaseballPitch/samples/00440.png 7
ucf/BaseballPitch/samples/00441.png 7
ucf/BaseballPitch/samples/00442.png 7
ucf/BaseballPitch/samples/00443.png 7
ucf/BaseballPitch/samples/00444.png 7
ucf/BaseballPitch/samples/00445.png 7
ucf/BaseballPitch/samples/00446.png 7
ucf/BaseballPitch/samples/00447.png 7
ucf/BaseballPitch/samples/00448.png 7
ucf/BaseballPitch/samples/00449.png 7
ucf/BaseballPitch/samples/00450.png 7
ucf/BaseballPitch/samples/00451.png 7
ucf/BaseballPitch/samples/00452.png 7
ucf/BaseballPitch/samples/00453.png 7
ucf/BaseballPitch/samples/00454.png 7
ucf/BaseballPitch/samples/00455.png 7
ucf/BaseballPitch/samples/00456.png 7
ucf/BaseballPitch/samples/00457.png 7
ucf/BaseballPitch/samples/00458.png 7
ucf/BaseballPitch/samples/00459.png 7
ucf/BaseballPitch/samples/00460.png 7
ucf/BaseballPitch/samples/00461.png 7
ucf/BaseballPitch/samples/00462.png 7
ucf/BaseballPitch/samples/00463.png 7
ucf/BaseballPitch/samples/00464.png 7
ucf/BaseballPitch/samples/00465.png 7
ucf/BaseballPitch/samples/00466.png 7
ucf/BaseballPitch/samples/00467.png 7
ucf/BaseballPitch/samples/00468.png 7
ucf/BaseballPitch/samples/00469.png 7
ucf/BaseballPitch/samples/00470.png 7
ucf/BaseballPitch/samples/00471.png 7
ucf/BaseballPitch/samples/00472.png 7
ucf/BaseballPitch/samples/00473.png 7
ucf/BaseballPitch/samples/00474.png 7
ucf/BaseballPitch/samples/00475.png 7
ucf/BaseballPitch/samples/00476.png 7
ucf/BaseballPitch/samples/00477.png 7
ucf/BaseballPitch/samples/00478.png 7
ucf/BaseballPitch/samples/00479.png 7
ucf/BaseballPitch/samples/00480.png 7
ucf/BaseballPitch/samples/00481.png 7
ucf/BaseballPitch/samples/00482.png 7
ucf/BaseballPitch/samples/00483.png 7
ucf/BaseballPitch/samples/00484.png 7
ucf/BaseballPitch/samples/00485.png 7
ucf/BaseballPitch/samples/00486.png 7
ucf/BaseballPitch/samples/00487.png 7
ucf/BaseballPitch/samples/00488.png 7
ucf/BaseballPitch/samples/00489.png 7
ucf/BaseballPitch/samples/00490.png 7
ucf/BaseballPitch/samples/00491.png 7
ucf/BaseballPitch/samples/00492.png 7
ucf/BaseballPitch/samples/00493.png 7
ucf/BaseballPitch/samples/00494.png 7
ucf/BaseballPitch/samples/00495.png 7
ucf/BaseballPitch/samples/00496.png 7
ucf/BaseballPitch/samples/00497.png 7
ucf/BaseballPitch/samples/00498.png 7
ucf/BaseballPitch/samples/00499.png 7
ucf/BaseballPitch/samples/00500.png 7
ucf/BaseballPitch/samples/00501.png 7
ucf/BaseballPitch/samples/00502.png 7
ucf/BaseballPitch/samples/00503.png 7
ucf/BaseballPitch/samples/00504.png 7
ucf/BaseballPitch/samples/00505.png 7
ucf/BaseballPitch/samples/00506.png 7
ucf/BaseballPitch/samples/00507.png 7
ucf/BaseballPitch/samples/00508.png 7
ucf/BaseballPitch/samples/00509.png 7
ucf/BaseballPitch/samples/00510.png 7
ucf/BaseballPitch/samples/00511.png 7
ucf/BaseballPitch/samples/00512.png 7
ucf/BaseballPitch/samples/00513.png 7
ucf/BaseballPitch/samples/00514.png 7
ucf/BaseballPitch/samples/00515.png 7
ucf/BaseballPitch/samples/00516.png 7
ucf/BaseballPitch/samples/00517.png 7
ucf/BaseballPitch/samples/00518.png 7
ucf/BaseballPitch/samples/00519.png 7
ucf/BaseballPitch/samples/00520.png 7
ucf/BaseballPitch/samples/00521.png 7
ucf/BaseballPitch/samples/00522.png 7
ucf/BaseballPitch/samples/00523.png 7
ucf/BaseballPitch/samples/00524.png 7
ucf/BaseballPitch/samples/00525.png 7
ucf/BaseballPitch/samples/00526.png 7
ucf/BaseballPitch/samples/00527.png 7
ucf/BaseballPitch/samples/00528.png 7
ucf/BaseballPitch/samples/00529.png 7
ucf/BaseballPitch/samples/00530.png 7
ucf/BaseballPitch/samples/00531.png 7
ucf/BaseballPitch/samples/00532.png 7
ucf/BaseballPitch/samples/00533.png 7
ucf/BaseballPitch/samples/00534.png 7
ucf/BaseballPitch/samples/00535.png 7
ucf/BaseballPitch/samples/00536.png 7
ucf/BaseballPitch/samples/00537.png 7
ucf/BaseballPitch/samples/00538.png 7
ucf/BaseballPitch/samples/00539.png 7
ucf/BaseballPitch/samples/00540.png 7
ucf/BaseballPitch/samples/00541.png 7
ucf/BaseballPitch/samples/00542.png 7
ucf/BaseballPitch/samples/00543.png 7
ucf/BaseballPitch/samples/00544.png 7
ucf/BaseballPitch/samples/00545.png 7
ucf/BaseballPitch/samples/00546.png 7
ucf/BaseballPitch/samples/00547.png 7
ucf/BaseballPitch/samples/00548.png 7
ucf/BaseballPitch/samples/00549.png 7
ucf/BaseballPitch/samples/00550.png 7
ucf/BaseballPitch/samples/00551.png 7
ucf/BaseballPitch/samples/00552.png 7
ucf/BaseballPitch/samples/00553.png 7
ucf/BaseballPitch/samples/00554.png 7
ucf/BaseballPitch/samples/00555.png 7
ucf/BaseballPitch/samples/00556.png 7
ucf/BaseballPitch/samples/00557.png 7
ucf/BaseballPitch/samples/00558.png 7
ucf/BaseballPitch/samples/00559.png 7
ucf/BaseballPitch/samples/00560.png 7
ucf/BaseballPitch/samples/00561.png 7
ucf/BaseballPitch/samples/00562.png 7
ucf/BaseballPitch/samples/00563.png 7
ucf/BaseballPitch/samples/00564.png 7
ucf/BaseballPitch/samples/00565.png 7
ucf/BaseballPitch/samples/00566.png 7
ucf/BaseballPitch/samples/00567.png 7
ucf/BaseballPitch/samples/00568.png 7
ucf/BaseballPitch/samples/00569.png 7
ucf/BaseballPitch/samples/00570.png 7
ucf/BaseballPitch/samples/00571.png 7
ucf/BaseballPitch/samples/00572.png 7
ucf/BaseballPitch/samples/00573.png 7
ucf/BaseballPitch/samples/00574.png 7
ucf/BaseballPitch/samples/00575.png 7
ucf/BaseballPitch/samples/00576.png 7
ucf/BaseballPitch/samples/00577.png 7
ucf/BaseballPitch/samples/00578.png 7
ucf/BaseballPitch/samples/00579.png 7
ucf/BaseballPitch/samples/00580.png 7
ucf/BaseballPitch/samples/00581.png 7
ucf/BaseballPitch/samples/00582.png 7
ucf/BaseballPitch/samples/00583.png 7
ucf/BaseballPitch/samples/00584.png 7
ucf/BaseballPitch/samples/00585.png 7
ucf/BaseballPitch/samples/00586.png 7
ucf/BaseballPitch/samples/00587.png 7
ucf/BaseballPitch/samples/00588.png 7
ucf/BaseballPitch/samples/00589.png 7
ucf/BaseballPitch/samples/00590.png 7
ucf/BaseballPitch/samples/00591.png 7
ucf/BaseballPitch/samples/00592.png 7
ucf/BaseballPitch/samples/00593.png 7
ucf/BaseballPitch/samples/00594.png 7
ucf/BaseballPitch/samples/00595.png 7
ucf/BaseballPitch/samples/00596.png 7
ucf/BaseballPitch/samples/00597.png 7
ucf/BaseballPitch/samples/00598.png 7
ucf/BaseballPitch/samples/00599.png 7
ucf/BaseballPitch/samples/00600.png 7
ucf/BaseballPitch/samples/00601.png 7
ucf/BaseballPitch/samples/00602.png 7
ucf/BaseballPitch/samples/00603.png 7
ucf/BaseballPitch/samples/00604.png 7
ucf/BaseballPitch/samples/00605.png 7
ucf/BaseballPitch/samples/00606.png 7
ucf/BaseballPitch/samples/00607.png 7
ucf/BaseballPitch/samples/00608.png 7
ucf/BaseballPitch/samples/00609.png 7
ucf/BaseballPitch/samples/00610.png 7
ucf/BaseballPitch/samples/00611.png 7
ucf/BaseballPitch/samples/00612.png 7
ucf/BaseballPitch/samples/00613.png 7
ucf/BaseballPitch/samples/00614.png 7
ucf/BaseballPitch/samples/00615.png 7
ucf/BaseballPitch/samples/00616.png 7
ucf/BaseballPitch/samples/00617.png 7
ucf/BaseballPitch/samples/00618.png 7
ucf/BaseballPitch/samples/00619.png 7
ucf/BaseballPitch/samples/00620.png 7
ucf/BaseballPitch/samples/00621.png 7
ucf/BaseballPitch/samples/00622.png 7
ucf/BaseballPitch/samples/00623.png 7
ucf/BaseballPitch/samples/00624.png 7
ucf/BaseballPitch/samples/00625.png 7
ucf/BaseballPitch/samples/00626.png 7
ucf/BaseballPitch/samples/00627.png 7
ucf/BaseballPitch/samples/00628.png 7
ucf/BaseballPitch/samples/00629.png 7
ucf/BaseballPitch/samples/00630.png 7
ucf/BaseballPitch/samples/00631.png 7
ucf/BaseballPitch/samples/00632.png 7
ucf/BaseballPitch/samples/00633.png 7
ucf/BaseballPitch/samples/00634.png 7
ucf/BaseballPitch/samples/00635.png 7
ucf/BaseballPitch/samples/00636.png 7
ucf/BaseballPitch/samples/00637.png 7
ucf/BaseballPitch/samples/00638.png 7
ucf/BaseballPitch/samples/00639.png 7
ucf/BaseballPitch/samples/00640.png 7
ucf/BaseballPitch/samples/00641.png 7
ucf/BaseballPitch/samples/00642.png 7
ucf/BaseballPitch/samples/00643.png 7
ucf/BaseballPitch/samples/00644.png 7
ucf/BaseballPitch/samples/00645.png 7
ucf/BaseballPitch/samples/00646.png 7
ucf/BaseballPitch/samples/00647.png 7
ucf/BaseballPitch/samples/00648.png 7
ucf/BaseballPitch/samples/00649.png 7
ucf/BaseballPitch/samples/00650.png 7
ucf/BaseballPitch/samples/00651.png 7
ucf/BaseballPitch/samples/00652.png 7
ucf/BaseballPitch/samples/00653.png 7
ucf/BaseballPitch/samples/00654.png 7
ucf/BaseballPitch/samples/00655.png 7
ucf/BaseballPitch/samples/00656.png 7
ucf/BaseballPitch/samples/00657.png 7
ucf/BaseballPitch/samples/00658.png 7
ucf/BaseballPitch/samples/00659.png 7
ucf/BaseballPitch/samples/00660.png 7
ucf/BaseballPitch/samples/00661.png 7
ucf/BaseballPitch/samples/00662.png 7
ucf/BaseballPitch/samples/00663.png 7
ucf/BaseballPitch/samples/00664.png 7
ucf/BaseballPitch/samples/00665.png 7
ucf/BaseballPitch/samples/00666.png 7
ucf/BaseballPitch/samples/00667.png 7
ucf/BaseballPitch/samples/00668.png 7
ucf/BaseballPitch/samples/00669.png 7
ucf/BaseballPitch/samples/00670.png 7
ucf/BaseballPitch/samples/00671.png 7
ucf/BaseballPitch/samples/00672.png 7
ucf/BaseballPitch/samples/00673.png 7
ucf/BaseballPitch/samples/00674.png 7
ucf/BaseballPitch/samples/00675.png 7
ucf/BaseballPitch/samples/00676.png 7
ucf/BaseballPitch/samples/00677.png 7
ucf/BaseballPitch/samples/00678.png 7
ucf/BaseballPitch/samples/00679.png 7
ucf/BaseballPitch/samples/00680.png 7
ucf/BaseballPitch/samples/00681.png 7
ucf/BaseballPitch/samples/00682.png 7
ucf/BaseballPitch/samples/00683.png 7
ucf/BaseballPitch/samples/00684.png 7
ucf/BaseballPitch/samples/00685.png 7
ucf/BaseballPitch/samples/00686.png 7
ucf/BaseballPitch/samples/00687.png 7
ucf/BaseballPitch/samples/00688.png 7
ucf/BaseballPitch/samples/00689.png 7
ucf/BaseballPitch/samples/00690.png 7
ucf/BaseballPitch/samples/00691.png 7
ucf/BaseballPitch/samples/00692.png 7
ucf/BaseballPitch/samples/00693.png 7
ucf/BaseballPitch/samples/00694.png 7
ucf/BaseballPitch/samples/00695.png 7
ucf/BaseballPitch/samples/00696.png 7
ucf/BaseballPitch/samples/00697.png 7
ucf/BaseballPitch/samples/00698.png 7
ucf/BaseballPitch/samples/00699.png 7
ucf/BaseballPitch/samples/00700.png 7
ucf/BaseballPitch/samples/00701.png 7
ucf/BaseballPitch/samples/00702.png 7
ucf/BaseballPitch/samples/00703.png 7
ucf/BaseballPitch/samples/00704.png 7
ucf/BaseballPitch/samples/00705.png 7
ucf/BaseballPitch/samples/00706.png 7
ucf/BaseballPitch/samples/00707.png 7
ucf/BaseballPitch/samples/00708.png 7
ucf/BaseballPitch/samples/00709.png 7
ucf/BaseballPitch/samples/00710.png 7
ucf/BaseballPitch/samples/00711.png 7
ucf/BaseballPitch/samples/00712.png 7
ucf/BaseballPitch/samples/00713.png 7
ucf/BaseballPitch/samples/00714.png 7
ucf/BaseballPitch/samples/00715.png 7
ucf/BaseballPitch/samples/00716.png 7
ucf/BaseballPitch/samples/00717.png 7
ucf/BaseballPitch/samples/00718.png 7
ucf/BaseballPitch/samples/00719.png 7
ucf/BaseballPitch/samples/00720.png 7
ucf/BaseballPitch/samples/00721.png 7
ucf/BaseballPitch/samples/00722.png 7
ucf/BaseballPitch/samples/00723.png 7
ucf/BaseballPitch/samples/00724.png 7
ucf/BaseballPitch/samples/00725.png 7
ucf/BaseballPitch/samples/00726.png 7
ucf/BaseballPitch/samples/00727.png 7
ucf/BaseballPitch/samples/00728.png 7
ucf/BaseballPitch/samples/00729.png 7
ucf/BaseballPitch/samples/00730.png 7
ucf/BaseballPitch/samples/00731.png 7
ucf/BaseballPitch/samples/00732.png 7
ucf/BaseballPitch/samples/00733.png 7
ucf/BaseballPitch/samples/00734.png 7
ucf/BaseballPitch/samples/00735.png 7
ucf/BaseballPitch/samples/00736.png 7
ucf/BaseballPitch/samples/00737.png 7
ucf/BaseballPitch/samples/00738.png 7
ucf/BaseballPitch/samples/00739.png 7
ucf/BaseballPitch/samples/00740.png 7
ucf/BaseballPitch/samples/00741.png 7
ucf/BaseballPitch/samples/00742.png 7
ucf/BaseballPitch/samples/00743.png 7
ucf/BaseballPitch/samples/00744.png 7
ucf/BaseballPitch/samples/00745.png 7
ucf/BaseballPitch/samples/00746.png 7
ucf/BaseballPitch/samples/00747.png 7
ucf/BaseballPitch/samples/00748.png 7
ucf/BaseballPitch/samples/00749.png 7
ucf/BaseballPitch/samples/00750.png 7
ucf/BaseballPitch/samples/00751.png 7
ucf/BaseballPitch/samples/00752.png 7
ucf/BaseballPitch/samples/00753.png 7
ucf/BaseballPitch/samples/00754.png 7
ucf/BaseballPitch/samples/00755.png 7
ucf/BaseballPitch/samples/00756.png 7
ucf/BaseballPitch/samples/00757.png 7
ucf/BaseballPitch/samples/00758.png 7
ucf/BaseballPitch/samples/00759.png 7
ucf/BaseballPitch/samples/00760.png 7
ucf/BaseballPitch/samples/00761.png 7
ucf/BaseballPitch/samples/00762.png 7
ucf/BaseballPitch/samples/00763.png 7
ucf/BaseballPitch/samples/00764.png 7
ucf/BaseballPitch/samples/00765.png 7
ucf/BaseballPitch/samples/00766.png 7
ucf/BaseballPitch/samples/00767.png 7
ucf/BaseballPitch/samples/00768.png 7
ucf/BaseballPitch/samples/00769.png 7
ucf/BaseballPitch/samples/00770.png 7
ucf/BaseballPitch/samples/00771.png 7
ucf/BaseballPitch/samples/00772.png 7
ucf/BaseballPitch/samples/00773.png 7
ucf/BaseballPitch/samples/00774.png 7
ucf/BaseballPitch/samples/00775.png 7
ucf/BaseballPitch/samples/00776.png 7
ucf/BaseballPitch/samples/00777.png 7
ucf/BaseballPitch/samples/00778.png 7
ucf/BaseballPitch/samples/00779.png 7
ucf/BaseballPitch/samples/00780.png 7
ucf/BaseballPitch/samples/00781.png 7
ucf/BaseballPitch/samples/00782.png 7
ucf/BaseballPitch/samples/00783.png 7
ucf/BaseballPitch/samples/00784.png 7
ucf/BaseballPitch/samples/00785.png 7
ucf/BaseballPitch/samples/00786.png 7
ucf/BaseballPitch/samples/00787.png 7
ucf/BaseballPitch/samples/00788.png 7
ucf/BaseballPitch/samples/00789.png 7
ucf/BaseballPitch/samples/00790.png 7
ucf/BaseballPitch/samples/00791.png 7
ucf/BaseballPitch/samples/00792.png 7
ucf/BaseballPitch/samples/00793.png 7
ucf/BaseballPitch/samples/00794.png 7
ucf/BaseballPitch/samples/00795.png 7
ucf/BaseballPitch/samples/00796.png 7
ucf/BaseballPitch/samples/00797.png 7
ucf/BaseballPitch/samples/00798.png 7
ucf/BaseballPitch/samples/00799.png 7
ucf/BaseballPitch/samples/00800.png 7
ucf/BaseballPitch/samples/00801.png 7
ucf/BaseballPitch/samples/00802.png 7
ucf/BaseballPitch/samples/00803.png 7
ucf/BaseballPitch/samples/00804.png 7
ucf/BaseballPitch/samples/00805.png 7
ucf/BaseballPitch/samples/00806.png 7
ucf/BaseballPitch/samples/00807.png 7
ucf/BaseballPitch/samples/00808.png 7
ucf/BaseballPitch/samples/00809.png 7
ucf/BaseballPitch/samples/00810.png 7
ucf/BaseballPitch/samples/00811.png 7
ucf/BaseballPitch/samples/00812.png 7
ucf/BaseballPitch/samples/00813.png 7
ucf/BaseballPitch/samples/00814.png 7
ucf/BaseballPitch/samples/00815.png 7
ucf/BaseballPitch/samples/00816.png 7
ucf/BaseballPitch/samples/00817.png 7
ucf/BaseballPitch/samples/00818.png 7
ucf/BaseballPitch/samples/00819.png 7
ucf/BaseballPitch/samples/00820.png 7
ucf/BaseballPitch/samples/00821.png 7
ucf/BaseballPitch/samples/00822.png 7
ucf/BaseballPitch/samples/00823.png 7
ucf/BaseballPitch/samples/00824.png 7
ucf/BaseballPitch/samples/00825.png 7
ucf/BaseballPitch/samples/00826.png 7
ucf/BaseballPitch/samples/00827.png 7
ucf/BaseballPitch/samples/00828.png 7
ucf/BaseballPitch/samples/00829.png 7
ucf/BaseballPitch/samples/00830.png 7
ucf/BaseballPitch/samples/00831.png 7
ucf/BaseballPitch/samples/00832.png 7
ucf/BaseballPitch/samples/00833.png 7
ucf/BaseballPitch/samples/00834.png 7
ucf/BaseballPitch/samples/00835.png 7
ucf/BaseballPitch/samples/00836.png 7
ucf/BaseballPitch/samples/00837.png 7
ucf/BaseballPitch/samples/00838.png 7
ucf/BaseballPitch/samples/00839.png 7
ucf/BaseballPitch/samples/00840.png 7
ucf/BaseballPitch/samples/00841.png 7
ucf/BaseballPitch/samples/00842.png 7
ucf/BaseballPitch/samples/00843.png 7
ucf/BaseballPitch/samples/00844.png 7
ucf/BaseballPitch/samples/00845.png 7
ucf/BaseballPitch/samples/00846.png 7
ucf/BaseballPitch/samples/00847.png 7
ucf/BaseballPitch/samples/00848.png 7
ucf/BaseballPitch/samples/00849.png 7
ucf/BaseballPitch/samples/00850.png 7
ucf/BaseballPitch/samples/00851.png 7
ucf/BaseballPitch/samples/00852.png 7
ucf/BaseballPitch/samples/00853.png 7
ucf/BaseballPitch/samples/00854.png 7
ucf/BaseballPitch/samples/00855.png 7
ucf/BaseballPitch/samples/00856.png 7
ucf/BaseballPitch/samples/00857.png 7
ucf/BaseballPitch/samples/00858.png 7
ucf/BaseballPitch/samples/00859.png 7
ucf/BaseballPitch/samples/00860.png 7
ucf/BaseballPitch/samples/00861.png 7
ucf/BaseballPitch/samples/00862.png 7
ucf/BaseballPitch/samples/00863.png 7
ucf/BaseballPitch/samples/00864.png 7
ucf/BaseballPitch/samples/00865.png 7
ucf/BaseballPitch/samples/00866.png 7
ucf/BaseballPitch/samples/00867.png 7
ucf/BaseballPitch/samples/00868.png 7
ucf/BaseballPitch/samples/00869.png 7
ucf/BaseballPitch/samples/00870.png 7
ucf/BaseballPitch/samples/00871.png 7
ucf/BaseballPitch/samples/00872.png 7
ucf/BaseballPitch/samples/00873.png 7
ucf/BaseballPitch/samples/00874.png 7
ucf/BaseballPitch/samples/00875.png 7
ucf/BaseballPitch/samples/00876.png 7
ucf/BaseballPitch/samples/00877.png 7
ucf/BaseballPitch/samples/00878.png 7
ucf/BaseballPitch/samples/00879.png 7
ucf/BaseballPitch/samples/00880.png 7
ucf/BaseballPitch/samples/00881.png 7
ucf/BaseballPitch/samples/00882.png 7
ucf/BaseballPitch/samples/00883.png 7
ucf/BaseballPitch/samples/00884.png 7
ucf/BaseballPitch/samples/00885.png 7
ucf/BaseballPitch/samples/00886.png 7
ucf/BaseballPitch/samples/00887.png 7
ucf/BaseballPitch/samples/00888.png 7
ucf/BaseballPitch/samples/00889.png 7
ucf/BaseballPitch/samples/00890.png 7
ucf/BaseballPitch/samples/00891.png 7
ucf/BaseballPitch/samples/00892.png 7
ucf/BaseballPitch/samples/00893.png 7
ucf/BaseballPitch/samples/00894.png 7
ucf/BaseballPitch/samples/00895.png 7
ucf/BaseballPitch/samples/00896.png 7
ucf/BaseballPitch/samples/00897.png 7
ucf/BaseballPitch/samples/00898.png 7
ucf/BaseballPitch/samples/00899.png 7
ucf/BaseballPitch/samples/00900.png 7
ucf/BaseballPitch/samples/00901.png 7
ucf/BaseballPitch/samples/00902.png 7
ucf/BaseballPitch/samples/00903.png 7
ucf/BaseballPitch/samples/00904.png 7
ucf/BaseballPitch/samples/00905.png 7
ucf/BaseballPitch/samples/00906.png 7
ucf/BaseballPitch/samples/00907.png 7
ucf/BaseballPitch/samples/00908.png 7
ucf/BaseballPitch/samples/00909.png 7
ucf/BaseballPitch/samples/00910.png 7
ucf/BaseballPitch/samples/00911.png 7
ucf/BaseballPitch/samples/00912.png 7
ucf/BaseballPitch/samples/00913.png 7
ucf/BaseballPitch/samples/00914.png 7
ucf/BaseballPitch/samples/00915.png 7
ucf/BaseballPitch/samples/00916.png 7
ucf/BaseballPitch/samples/00917.png 7
ucf/BaseballPitch/samples/00918.png 7
ucf/BaseballPitch/samples/00919.png 7
ucf/BaseballPitch/samples/00920.png 7
ucf/BaseballPitch/samples/00921.png 7
ucf/BaseballPitch/samples/00922.png 7
ucf/BaseballPitch/samples/00923.png 7
ucf/BaseballPitch/samples/00924.png 7
ucf/BaseballPitch/samples/00925.png 7
ucf/BaseballPitch/samples/00926.png 7
ucf/BaseballPitch/samples/00927.png 7
ucf/BaseballPitch/samples/00928.png 7
ucf/BaseballPitch/samples/00929.png 7
ucf/BaseballPitch/samples/00930.png 7
ucf/BaseballPitch/samples/00931.png 7
ucf/BaseballPitch/samples/00932.png 7
ucf/BaseballPitch/samples/00933.png 7
ucf/BaseballPitch/samples/00934.png 7
ucf/BaseballPitch/samples/00935.png 7
ucf/BaseballPitch/samples/00936.png 7
ucf/BaseballPitch/samples/00937.png 7
ucf/BaseballPitch/samples/00938.png 7
ucf/BaseballPitch/samples/00939.png 7
ucf/BaseballPitch/samples/00940.png 7
ucf/BaseballPitch/samples/00941.png 7
ucf/BaseballPitch/samples/00942.png 7
ucf/BaseballPitch/samples/00943.png 7
ucf/BaseballPitch/samples/00944.png 7
ucf/BaseballPitch/samples/00945.png 7
ucf/BaseballPitch/samples/00946.png 7
ucf/BaseballPitch/samples/00947.png 7
ucf/BaseballPitch/samples/00948.png 7
ucf/BaseballPitch/samples/00949.png 7
ucf/BaseballPitch/samples/00950.png 7
ucf/BaseballPitch/samples/00951.png 7
ucf/BaseballPitch/samples/00952.png 7
ucf/BaseballPitch/samples/00953.png 7
ucf/BaseballPitch/samples/00954.png 7
ucf/BaseballPitch/samples/00955.png 7
ucf/BaseballPitch/samples/00956.png 7
ucf/BaseballPitch/samples/00957.png 7
ucf/BaseballPitch/samples/00958.png 7
ucf/BaseballPitch/samples/00959.png 7
ucf/BaseballPitch/samples/00960.png 7
ucf/BaseballPitch/samples/00961.png 7
ucf/BaseballPitch/samples/00962.png 7
ucf/BaseballPitch/samples/00963.png 7
ucf/BaseballPitch/samples/00964.png 7
ucf/BaseballPitch/samples/00965.png 7
ucf/BaseballPitch/samples/00966.png 7
ucf/BaseballPitch/samples/00967.png 7
ucf/BaseballPitch/samples/00968.png 7
ucf/BaseballPitch/samples/00969.png 7
ucf/BaseballPitch/samples/00970.png 7
ucf/BaseballPitch/samples/00971.png 7
ucf/BaseballPitch/samples/00972.png 7
ucf/BaseballPitch/samples/00973.png 7
ucf/BaseballPitch/samples/00974.png 7
ucf/BaseballPitch/samples/00975.png 7
ucf/BaseballPitch/samples/00976.png 7
ucf/BaseballPitch/samples/00977.png 7
ucf/BaseballPitch/samples/00978.png 7
ucf/BaseballPitch/samples/00979.png 7
ucf/BaseballPitch/samples/00980.png 7
ucf/BaseballPitch/samples/00981.png 7
ucf/BaseballPitch/samples/00982.png 7
ucf/BaseballPitch/samples/00983.png 7
ucf/BaseballPitch/samples/00984.png 7
ucf/BaseballPitch/samples/00985.png 7
ucf/BaseballPitch/samples/00986.png 7
ucf/BaseballPitch/samples/00987.png 7
ucf/BaseballPitch/samples/00988.png 7
ucf/BaseballPitch/samples/00989.png 7
ucf/BaseballPitch/samples/00990.png 7
ucf/BaseballPitch/samples/00991.png 7
ucf/BaseballPitch/samples/00992.png 7
ucf/BaseballPitch/samples/00993.png 7
ucf/BaseballPitch/samples/00994.png 7
ucf/BaseballPitch/samples/00995.png 7
ucf/BaseballPitch/samples/00996.png 7
ucf/BaseballPitch/samples/00997.png 7
ucf/BaseballPitch/samples/00998.png 7
ucf/BaseballPitch/samples/00999.png 7
ucf/BenchPress/samples/00000.png 10
ucf/BenchPress/samples/00001.png 10
ucf/BenchPress/samples/00002.png 10
ucf/BenchPress/samples/00003.png 10
ucf/BenchPress/samples/00004.png 10
ucf/BenchPress/samples/00005.png 10
ucf/BenchPress/samples/00006.png 10
ucf/BenchPress/samples/00007.png 10
ucf/BenchPress/samples/00008.png 10
ucf/BenchPress/samples/00009.png 10
ucf/BenchPress/samples/00010.png 10
ucf/BenchPress/samples/00011.png 10
ucf/BenchPress/samples/00012.png 10
ucf/BenchPress/samples/00013.png 10
ucf/BenchPress/samples/00014.png 10
ucf/BenchPress/samples/00015.png 10
ucf/BenchPress/samples/00016.png 10
ucf/BenchPress/samples/00017.png 10
ucf/BenchPress/samples/00018.png 10
ucf/BenchPress/samples/00019.png 10
ucf/BenchPress/samples/00020.png 10
ucf/BenchPress/samples/00021.png 10
ucf/BenchPress/samples/00022.png 10
ucf/BenchPress/samples/00023.png 10
ucf/BenchPress/samples/00024.png 10
ucf/BenchPress/samples/00025.png 10
ucf/BenchPress/samples/00026.png 10
ucf/BenchPress/samples/00027.png 10
ucf/BenchPress/samples/00028.png 10
ucf/BenchPress/samples/00029.png 10
ucf/BenchPress/samples/00030.png 10
ucf/BenchPress/samples/00031.png 10
ucf/BenchPress/samples/00032.png 10
ucf/BenchPress/samples/00033.png 10
ucf/BenchPress/samples/00034.png 10
ucf/BenchPress/samples/00035.png 10
ucf/BenchPress/samples/00036.png 10
ucf/BenchPress/samples/00037.png 10
ucf/BenchPress/samples/00038.png 10
ucf/BenchPress/samples/00039.png 10
ucf/BenchPress/samples/00040.png 10
ucf/BenchPress/samples/00041.png 10
ucf/BenchPress/samples/00042.png 10
ucf/BenchPress/samples/00043.png 10
ucf/BenchPress/samples/00044.png 10
ucf/BenchPress/samples/00045.png 10
ucf/BenchPress/samples/00046.png 10
ucf/BenchPress/samples/00047.png 10
ucf/BenchPress/samples/00048.png 10
ucf/BenchPress/samples/00049.png 10
ucf/BenchPress/samples/00050.png 10
ucf/BenchPress/samples/00051.png 10
ucf/BenchPress/samples/00052.png 10
ucf/BenchPress/samples/00053.png 10
ucf/BenchPress/samples/00054.png 10
ucf/BenchPress/samples/00055.png 10
ucf/BenchPress/samples/00056.png 10
ucf/BenchPress/samples/00057.png 10
ucf/BenchPress/samples/00058.png 10
ucf/BenchPress/samples/00059.png 10
ucf/BenchPress/samples/00060.png 10
ucf/BenchPress/samples/00061.png 10
ucf/BenchPress/samples/00062.png 10
ucf/BenchPress/samples/00063.png 10
ucf/BenchPress/samples/00064.png 10
ucf/BenchPress/samples/00065.png 10
ucf/BenchPress/samples/00066.png 10
ucf/BenchPress/samples/00067.png 10
ucf/BenchPress/samples/00068.png 10
ucf/BenchPress/samples/00069.png 10
ucf/BenchPress/samples/00070.png 10
ucf/BenchPress/samples/00071.png 10
ucf/BenchPress/samples/00072.png 10
ucf/BenchPress/samples/00073.png 10
ucf/BenchPress/samples/00074.png 10
ucf/BenchPress/samples/00075.png 10
ucf/BenchPress/samples/00076.png 10
ucf/BenchPress/samples/00077.png 10
ucf/BenchPress/samples/00078.png 10
ucf/BenchPress/samples/00079.png 10
ucf/BenchPress/samples/00080.png 10
ucf/BenchPress/samples/00081.png 10
ucf/BenchPress/samples/00082.png 10
ucf/BenchPress/samples/00083.png 10
ucf/BenchPress/samples/00084.png 10
ucf/BenchPress/samples/00085.png 10
ucf/BenchPress/samples/00086.png 10
ucf/BenchPress/samples/00087.png 10
ucf/BenchPress/samples/00088.png 10
ucf/BenchPress/samples/00089.png 10
ucf/BenchPress/samples/00090.png 10
ucf/BenchPress/samples/00091.png 10
ucf/BenchPress/samples/00092.png 10
ucf/BenchPress/samples/00093.png 10
ucf/BenchPress/samples/00094.png 10
ucf/BenchPress/samples/00095.png 10
ucf/BenchPress/samples/00096.png 10
ucf/BenchPress/samples/00097.png 10
ucf/BenchPress/samples/00098.png 10
ucf/BenchPress/samples/00099.png 10
ucf/BenchPress/samples/00100.png 10
ucf/BenchPress/samples/00101.png 10
ucf/BenchPress/samples/00102.png 10
ucf/BenchPress/samples/00103.png 10
ucf/BenchPress/samples/00104.png 10
ucf/BenchPress/samples/00105.png 10
ucf/BenchPress/samples/00106.png 10
ucf/BenchPress/samples/00107.png 10
ucf/BenchPress/samples/00108.png 10
ucf/BenchPress/samples/00109.png 10
ucf/BenchPress/samples/00110.png 10
ucf/BenchPress/samples/00111.png 10
ucf/BenchPress/samples/00112.png 10
ucf/BenchPress/samples/00113.png 10
ucf/BenchPress/samples/00114.png 10
ucf/BenchPress/samples/00115.png 10
ucf/BenchPress/samples/00116.png 10
ucf/BenchPress/samples/00117.png 10
ucf/BenchPress/samples/00118.png 10
ucf/BenchPress/samples/00119.png 10
ucf/BenchPress/samples/00120.png 10
ucf/BenchPress/samples/00121.png 10
ucf/BenchPress/samples/00122.png 10
ucf/BenchPress/samples/00123.png 10
ucf/BenchPress/samples/00124.png 10
ucf/BenchPress/samples/00125.png 10
ucf/BenchPress/samples/00126.png 10
ucf/BenchPress/samples/00127.png 10
ucf/BenchPress/samples/00128.png 10
ucf/BenchPress/samples/00129.png 10
ucf/BenchPress/samples/00130.png 10
ucf/BenchPress/samples/00131.png 10
ucf/BenchPress/samples/00132.png 10
ucf/BenchPress/samples/00133.png 10
ucf/BenchPress/samples/00134.png 10
ucf/BenchPress/samples/00135.png 10
ucf/BenchPress/samples/00136.png 10
ucf/BenchPress/samples/00137.png 10
ucf/BenchPress/samples/00138.png 10
ucf/BenchPress/samples/00139.png 10
ucf/BenchPress/samples/00140.png 10
ucf/BenchPress/samples/00141.png 10
ucf/BenchPress/samples/00142.png 10
ucf/BenchPress/samples/00143.png 10
ucf/BenchPress/samples/00144.png 10
ucf/BenchPress/samples/00145.png 10
ucf/BenchPress/samples/00146.png 10
ucf/BenchPress/samples/00147.png 10
ucf/BenchPress/samples/00148.png 10
ucf/BenchPress/samples/00149.png 10
ucf/BenchPress/samples/00150.png 10
ucf/BenchPress/samples/00151.png 10
ucf/BenchPress/samples/00152.png 10
ucf/BenchPress/samples/00153.png 10
ucf/BenchPress/samples/00154.png 10
ucf/BenchPress/samples/00155.png 10
ucf/BenchPress/samples/00156.png 10
ucf/BenchPress/samples/00157.png 10
ucf/BenchPress/samples/00158.png 10
ucf/BenchPress/samples/00159.png 10
ucf/BenchPress/samples/00160.png 10
ucf/BenchPress/samples/00161.png 10
ucf/BenchPress/samples/00162.png 10
ucf/BenchPress/samples/00163.png 10
ucf/BenchPress/samples/00164.png 10
ucf/BenchPress/samples/00165.png 10
ucf/BenchPress/samples/00166.png 10
ucf/BenchPress/samples/00167.png 10
ucf/BenchPress/samples/00168.png 10
ucf/BenchPress/samples/00169.png 10
ucf/BenchPress/samples/00170.png 10
ucf/BenchPress/samples/00171.png 10
ucf/BenchPress/samples/00172.png 10
ucf/BenchPress/samples/00173.png 10
ucf/BenchPress/samples/00174.png 10
ucf/BenchPress/samples/00175.png 10
ucf/BenchPress/samples/00176.png 10
ucf/BenchPress/samples/00177.png 10
ucf/BenchPress/samples/00178.png 10
ucf/BenchPress/samples/00179.png 10
ucf/BenchPress/samples/00180.png 10
ucf/BenchPress/samples/00181.png 10
ucf/BenchPress/samples/00182.png 10
ucf/BenchPress/samples/00183.png 10
ucf/BenchPress/samples/00184.png 10
ucf/BenchPress/samples/00185.png 10
ucf/BenchPress/samples/00186.png 10
ucf/BenchPress/samples/00187.png 10
ucf/BenchPress/samples/00188.png 10
ucf/BenchPress/samples/00189.png 10
ucf/BenchPress/samples/00190.png 10
ucf/BenchPress/samples/00191.png 10
ucf/BenchPress/samples/00192.png 10
ucf/BenchPress/samples/00193.png 10
ucf/BenchPress/samples/00194.png 10
ucf/BenchPress/samples/00195.png 10
ucf/BenchPress/samples/00196.png 10
ucf/BenchPress/samples/00197.png 10
ucf/BenchPress/samples/00198.png 10
ucf/BenchPress/samples/00199.png 10
ucf/BenchPress/samples/00200.png 10
ucf/BenchPress/samples/00201.png 10
ucf/BenchPress/samples/00202.png 10
ucf/BenchPress/samples/00203.png 10
ucf/BenchPress/samples/00204.png 10
ucf/BenchPress/samples/00205.png 10
ucf/BenchPress/samples/00206.png 10
ucf/BenchPress/samples/00207.png 10
ucf/BenchPress/samples/00208.png 10
ucf/BenchPress/samples/00209.png 10
ucf/BenchPress/samples/00210.png 10
ucf/BenchPress/samples/00211.png 10
ucf/BenchPress/samples/00212.png 10
ucf/BenchPress/samples/00213.png 10
ucf/BenchPress/samples/00214.png 10
ucf/BenchPress/samples/00215.png 10
ucf/BenchPress/samples/00216.png 10
ucf/BenchPress/samples/00217.png 10
ucf/BenchPress/samples/00218.png 10
ucf/BenchPress/samples/00219.png 10
ucf/BenchPress/samples/00220.png 10
ucf/BenchPress/samples/00221.png 10
ucf/BenchPress/samples/00222.png 10
ucf/BenchPress/samples/00223.png 10
ucf/BenchPress/samples/00224.png 10
ucf/BenchPress/samples/00225.png 10
ucf/BenchPress/samples/00226.png 10
ucf/BenchPress/samples/00227.png 10
ucf/BenchPress/samples/00228.png 10
ucf/BenchPress/samples/00229.png 10
ucf/BenchPress/samples/00230.png 10
ucf/BenchPress/samples/00231.png 10
ucf/BenchPress/samples/00232.png 10
ucf/BenchPress/samples/00233.png 10
ucf/BenchPress/samples/00234.png 10
ucf/BenchPress/samples/00235.png 10
ucf/BenchPress/samples/00236.png 10
ucf/BenchPress/samples/00237.png 10
ucf/BenchPress/samples/00238.png 10
ucf/BenchPress/samples/00239.png 10
ucf/BenchPress/samples/00240.png 10
ucf/BenchPress/samples/00241.png 10
ucf/BenchPress/samples/00242.png 10
ucf/BenchPress/samples/00243.png 10
ucf/BenchPress/samples/00244.png 10
ucf/BenchPress/samples/00245.png 10
ucf/BenchPress/samples/00246.png 10
ucf/BenchPress/samples/00247.png 10
ucf/BenchPress/samples/00248.png 10
ucf/BenchPress/samples/00249.png 10
ucf/BenchPress/samples/00250.png 10
ucf/BenchPress/samples/00251.png 10
ucf/BenchPress/samples/00252.png 10
ucf/BenchPress/samples/00253.png 10
ucf/BenchPress/samples/00254.png 10
ucf/BenchPress/samples/00255.png 10
ucf/BenchPress/samples/00256.png 10
ucf/BenchPress/samples/00257.png 10
ucf/BenchPress/samples/00258.png 10
ucf/BenchPress/samples/00259.png 10
ucf/BenchPress/samples/00260.png 10
ucf/BenchPress/samples/00261.png 10
ucf/BenchPress/samples/00262.png 10
ucf/BenchPress/samples/00263.png 10
ucf/BenchPress/samples/00264.png 10
ucf/BenchPress/samples/00265.png 10
ucf/BenchPress/samples/00266.png 10
ucf/BenchPress/samples/00267.png 10
ucf/BenchPress/samples/00268.png 10
ucf/BenchPress/samples/00269.png 10
ucf/BenchPress/samples/00270.png 10
ucf/BenchPress/samples/00271.png 10
ucf/BenchPress/samples/00272.png 10
ucf/BenchPress/samples/00273.png 10
ucf/BenchPress/samples/00274.png 10
ucf/BenchPress/samples/00275.png 10
ucf/BenchPress/samples/00276.png 10
ucf/BenchPress/samples/00277.png 10
ucf/BenchPress/samples/00278.png 10
ucf/BenchPress/samples/00279.png 10
ucf/BenchPress/samples/00280.png 10
ucf/BenchPress/samples/00281.png 10
ucf/BenchPress/samples/00282.png 10
ucf/BenchPress/samples/00283.png 10
ucf/BenchPress/samples/00284.png 10
ucf/BenchPress/samples/00285.png 10
ucf/BenchPress/samples/00286.png 10
ucf/BenchPress/samples/00287.png 10
ucf/BenchPress/samples/00288.png 10
ucf/BenchPress/samples/00289.png 10
ucf/BenchPress/samples/00290.png 10
ucf/BenchPress/samples/00291.png 10
ucf/BenchPress/samples/00292.png 10
ucf/BenchPress/samples/00293.png 10
ucf/BenchPress/samples/00294.png 10
ucf/BenchPress/samples/00295.png 10
ucf/BenchPress/samples/00296.png 10
ucf/BenchPress/samples/00297.png 10
ucf/BenchPress/samples/00298.png 10
ucf/BenchPress/samples/00299.png 10
ucf/BenchPress/samples/00300.png 10
ucf/BenchPress/samples/00301.png 10
ucf/BenchPress/samples/00302.png 10
ucf/BenchPress/samples/00303.png 10
ucf/BenchPress/samples/00304.png 10
ucf/BenchPress/samples/00305.png 10
ucf/BenchPress/samples/00306.png 10
ucf/BenchPress/samples/00307.png 10
ucf/BenchPress/samples/00308.png 10
ucf/BenchPress/samples/00309.png 10
ucf/BenchPress/samples/00310.png 10
ucf/BenchPress/samples/00311.png 10
ucf/BenchPress/samples/00312.png 10
ucf/BenchPress/samples/00313.png 10
ucf/BenchPress/samples/00314.png 10
ucf/BenchPress/samples/00315.png 10
ucf/BenchPress/samples/00316.png 10
ucf/BenchPress/samples/00317.png 10
ucf/BenchPress/samples/00318.png 10
ucf/BenchPress/samples/00319.png 10
ucf/BenchPress/samples/00320.png 10
ucf/BenchPress/samples/00321.png 10
ucf/BenchPress/samples/00322.png 10
ucf/BenchPress/samples/00323.png 10
ucf/BenchPress/samples/00324.png 10
ucf/BenchPress/samples/00325.png 10
ucf/BenchPress/samples/00326.png 10
ucf/BenchPress/samples/00327.png 10
ucf/BenchPress/samples/00328.png 10
ucf/BenchPress/samples/00329.png 10
ucf/BenchPress/samples/00330.png 10
ucf/BenchPress/samples/00331.png 10
ucf/BenchPress/samples/00332.png 10
ucf/BenchPress/samples/00333.png 10
ucf/BenchPress/samples/00334.png 10
ucf/BenchPress/samples/00335.png 10
ucf/BenchPress/samples/00336.png 10
ucf/BenchPress/samples/00337.png 10
ucf/BenchPress/samples/00338.png 10
ucf/BenchPress/samples/00339.png 10
ucf/BenchPress/samples/00340.png 10
ucf/BenchPress/samples/00341.png 10
ucf/BenchPress/samples/00342.png 10
ucf/BenchPress/samples/00343.png 10
ucf/BenchPress/samples/00344.png 10
ucf/BenchPress/samples/00345.png 10
ucf/BenchPress/samples/00346.png 10
ucf/BenchPress/samples/00347.png 10
ucf/BenchPress/samples/00348.png 10
ucf/BenchPress/samples/00349.png 10
ucf/BenchPress/samples/00350.png 10
ucf/BenchPress/samples/00351.png 10
ucf/BenchPress/samples/00352.png 10
ucf/BenchPress/samples/00353.png 10
ucf/BenchPress/samples/00354.png 10
ucf/BenchPress/samples/00355.png 10
ucf/BenchPress/samples/00356.png 10
ucf/BenchPress/samples/00357.png 10
ucf/BenchPress/samples/00358.png 10
ucf/BenchPress/samples/00359.png 10
ucf/BenchPress/samples/00360.png 10
ucf/BenchPress/samples/00361.png 10
ucf/BenchPress/samples/00362.png 10
ucf/BenchPress/samples/00363.png 10
ucf/BenchPress/samples/00364.png 10
ucf/BenchPress/samples/00365.png 10
ucf/BenchPress/samples/00366.png 10
ucf/BenchPress/samples/00367.png 10
ucf/BenchPress/samples/00368.png 10
ucf/BenchPress/samples/00369.png 10
ucf/BenchPress/samples/00370.png 10
ucf/BenchPress/samples/00371.png 10
ucf/BenchPress/samples/00372.png 10
ucf/BenchPress/samples/00373.png 10
ucf/BenchPress/samples/00374.png 10
ucf/BenchPress/samples/00375.png 10
ucf/BenchPress/samples/00376.png 10
ucf/BenchPress/samples/00377.png 10
ucf/BenchPress/samples/00378.png 10
ucf/BenchPress/samples/00379.png 10
ucf/BenchPress/samples/00380.png 10
ucf/BenchPress/samples/00381.png 10
ucf/BenchPress/samples/00382.png 10
ucf/BenchPress/samples/00383.png 10
ucf/BenchPress/samples/00384.png 10
ucf/BenchPress/samples/00385.png 10
ucf/BenchPress/samples/00386.png 10
ucf/BenchPress/samples/00387.png 10
ucf/BenchPress/samples/00388.png 10
ucf/BenchPress/samples/00389.png 10
ucf/BenchPress/samples/00390.png 10
ucf/BenchPress/samples/00391.png 10
ucf/BenchPress/samples/00392.png 10
ucf/BenchPress/samples/00393.png 10
ucf/BenchPress/samples/00394.png 10
ucf/BenchPress/samples/00395.png 10
ucf/BenchPress/samples/00396.png 10
ucf/BenchPress/samples/00397.png 10
ucf/BenchPress/samples/00398.png 10
ucf/BenchPress/samples/00399.png 10
ucf/BenchPress/samples/00400.png 10
ucf/BenchPress/samples/00401.png 10
ucf/BenchPress/samples/00402.png 10
ucf/BenchPress/samples/00403.png 10
ucf/BenchPress/samples/00404.png 10
ucf/BenchPress/samples/00405.png 10
ucf/BenchPress/samples/00406.png 10
ucf/BenchPress/samples/00407.png 10
ucf/BenchPress/samples/00408.png 10
ucf/BenchPress/samples/00409.png 10
ucf/BenchPress/samples/00410.png 10
ucf/BenchPress/samples/00411.png 10
ucf/BenchPress/samples/00412.png 10
ucf/BenchPress/samples/00413.png 10
ucf/BenchPress/samples/00414.png 10
ucf/BenchPress/samples/00415.png 10
ucf/BenchPress/samples/00416.png 10
ucf/BenchPress/samples/00417.png 10
ucf/BenchPress/samples/00418.png 10
ucf/BenchPress/samples/00419.png 10
ucf/BenchPress/samples/00420.png 10
ucf/BenchPress/samples/00421.png 10
ucf/BenchPress/samples/00422.png 10
ucf/BenchPress/samples/00423.png 10
ucf/BenchPress/samples/00424.png 10
ucf/BenchPress/samples/00425.png 10
ucf/BenchPress/samples/00426.png 10
ucf/BenchPress/samples/00427.png 10
ucf/BenchPress/samples/00428.png 10
ucf/BenchPress/samples/00429.png 10
ucf/BenchPress/samples/00430.png 10
ucf/BenchPress/samples/00431.png 10
ucf/BenchPress/samples/00432.png 10
ucf/BenchPress/samples/00433.png 10
ucf/BenchPress/samples/00434.png 10
ucf/BenchPress/samples/00435.png 10
ucf/BenchPress/samples/00436.png 10
ucf/BenchPress/samples/00437.png 10
ucf/BenchPress/samples/00438.png 10
ucf/BenchPress/samples/00439.png 10
ucf/BenchPress/samples/00440.png 10
ucf/BenchPress/samples/00441.png 10
ucf/BenchPress/samples/00442.png 10
ucf/BenchPress/samples/00443.png 10
ucf/BenchPress/samples/00444.png 10
ucf/BenchPress/samples/00445.png 10
ucf/BenchPress/samples/00446.png 10
ucf/BenchPress/samples/00447.png 10
ucf/BenchPress/samples/00448.png 10
ucf/BenchPress/samples/00449.png 10
ucf/BenchPress/samples/00450.png 10
ucf/BenchPress/samples/00451.png 10
ucf/BenchPress/samples/00452.png 10
ucf/BenchPress/samples/00453.png 10
ucf/BenchPress/samples/00454.png 10
ucf/BenchPress/samples/00455.png 10
ucf/BenchPress/samples/00456.png 10
ucf/BenchPress/samples/00457.png 10
ucf/BenchPress/samples/00458.png 10
ucf/BenchPress/samples/00459.png 10
ucf/BenchPress/samples/00460.png 10
ucf/BenchPress/samples/00461.png 10
ucf/BenchPress/samples/00462.png 10
ucf/BenchPress/samples/00463.png 10
ucf/BenchPress/samples/00464.png 10
ucf/BenchPress/samples/00465.png 10
ucf/BenchPress/samples/00466.png 10
ucf/BenchPress/samples/00467.png 10
ucf/BenchPress/samples/00468.png 10
ucf/BenchPress/samples/00469.png 10
ucf/BenchPress/samples/00470.png 10
ucf/BenchPress/samples/00471.png 10
ucf/BenchPress/samples/00472.png 10
ucf/BenchPress/samples/00473.png 10
ucf/BenchPress/samples/00474.png 10
ucf/BenchPress/samples/00475.png 10
ucf/BenchPress/samples/00476.png 10
ucf/BenchPress/samples/00477.png 10
ucf/BenchPress/samples/00478.png 10
ucf/BenchPress/samples/00479.png 10
ucf/BenchPress/samples/00480.png 10
ucf/BenchPress/samples/00481.png 10
ucf/BenchPress/samples/00482.png 10
ucf/BenchPress/samples/00483.png 10
ucf/BenchPress/samples/00484.png 10
ucf/BenchPress/samples/00485.png 10
ucf/BenchPress/samples/00486.png 10
ucf/BenchPress/samples/00487.png 10
ucf/BenchPress/samples/00488.png 10
ucf/BenchPress/samples/00489.png 10
ucf/BenchPress/samples/00490.png 10
ucf/BenchPress/samples/00491.png 10
ucf/BenchPress/samples/00492.png 10
ucf/BenchPress/samples/00493.png 10
ucf/BenchPress/samples/00494.png 10
ucf/BenchPress/samples/00495.png 10
ucf/BenchPress/samples/00496.png 10
ucf/BenchPress/samples/00497.png 10
ucf/BenchPress/samples/00498.png 10
ucf/BenchPress/samples/00499.png 10
ucf/BenchPress/samples/00500.png 10
ucf/BenchPress/samples/00501.png 10
ucf/BenchPress/samples/00502.png 10
ucf/BenchPress/samples/00503.png 10
ucf/BenchPress/samples/00504.png 10
ucf/BenchPress/samples/00505.png 10
ucf/BenchPress/samples/00506.png 10
ucf/BenchPress/samples/00507.png 10
ucf/BenchPress/samples/00508.png 10
ucf/BenchPress/samples/00509.png 10
ucf/BenchPress/samples/00510.png 10
ucf/BenchPress/samples/00511.png 10
ucf/BenchPress/samples/00512.png 10
ucf/BenchPress/samples/00513.png 10
ucf/BenchPress/samples/00514.png 10
ucf/BenchPress/samples/00515.png 10
ucf/BenchPress/samples/00516.png 10
ucf/BenchPress/samples/00517.png 10
ucf/BenchPress/samples/00518.png 10
ucf/BenchPress/samples/00519.png 10
ucf/BenchPress/samples/00520.png 10
ucf/BenchPress/samples/00521.png 10
ucf/BenchPress/samples/00522.png 10
ucf/BenchPress/samples/00523.png 10
ucf/BenchPress/samples/00524.png 10
ucf/BenchPress/samples/00525.png 10
ucf/BenchPress/samples/00526.png 10
ucf/BenchPress/samples/00527.png 10
ucf/BenchPress/samples/00528.png 10
ucf/BenchPress/samples/00529.png 10
ucf/BenchPress/samples/00530.png 10
ucf/BenchPress/samples/00531.png 10
ucf/BenchPress/samples/00532.png 10
ucf/BenchPress/samples/00533.png 10
ucf/BenchPress/samples/00534.png 10
ucf/BenchPress/samples/00535.png 10
ucf/BenchPress/samples/00536.png 10
ucf/BenchPress/samples/00537.png 10
ucf/BenchPress/samples/00538.png 10
ucf/BenchPress/samples/00539.png 10
ucf/BenchPress/samples/00540.png 10
ucf/BenchPress/samples/00541.png 10
ucf/BenchPress/samples/00542.png 10
ucf/BenchPress/samples/00543.png 10
ucf/BenchPress/samples/00544.png 10
ucf/BenchPress/samples/00545.png 10
ucf/BenchPress/samples/00546.png 10
ucf/BenchPress/samples/00547.png 10
ucf/BenchPress/samples/00548.png 10
ucf/BenchPress/samples/00549.png 10
ucf/BenchPress/samples/00550.png 10
ucf/BenchPress/samples/00551.png 10
ucf/BenchPress/samples/00552.png 10
ucf/BenchPress/samples/00553.png 10
ucf/BenchPress/samples/00554.png 10
ucf/BenchPress/samples/00555.png 10
ucf/BenchPress/samples/00556.png 10
ucf/BenchPress/samples/00557.png 10
ucf/BenchPress/samples/00558.png 10
ucf/BenchPress/samples/00559.png 10
ucf/BenchPress/samples/00560.png 10
ucf/BenchPress/samples/00561.png 10
ucf/BenchPress/samples/00562.png 10
ucf/BenchPress/samples/00563.png 10
ucf/BenchPress/samples/00564.png 10
ucf/BenchPress/samples/00565.png 10
ucf/BenchPress/samples/00566.png 10
ucf/BenchPress/samples/00567.png 10
ucf/BenchPress/samples/00568.png 10
ucf/BenchPress/samples/00569.png 10
ucf/BenchPress/samples/00570.png 10
ucf/BenchPress/samples/00571.png 10
ucf/BenchPress/samples/00572.png 10
ucf/BenchPress/samples/00573.png 10
ucf/BenchPress/samples/00574.png 10
ucf/BenchPress/samples/00575.png 10
ucf/BenchPress/samples/00576.png 10
ucf/BenchPress/samples/00577.png 10
ucf/BenchPress/samples/00578.png 10
ucf/BenchPress/samples/00579.png 10
ucf/BenchPress/samples/00580.png 10
ucf/BenchPress/samples/00581.png 10
ucf/BenchPress/samples/00582.png 10
ucf/BenchPress/samples/00583.png 10
ucf/BenchPress/samples/00584.png 10
ucf/BenchPress/samples/00585.png 10
ucf/BenchPress/samples/00586.png 10
ucf/BenchPress/samples/00587.png 10
ucf/BenchPress/samples/00588.png 10
ucf/BenchPress/samples/00589.png 10
ucf/BenchPress/samples/00590.png 10
ucf/BenchPress/samples/00591.png 10
ucf/BenchPress/samples/00592.png 10
ucf/BenchPress/samples/00593.png 10
ucf/BenchPress/samples/00594.png 10
ucf/BenchPress/samples/00595.png 10
ucf/BenchPress/samples/00596.png 10
ucf/BenchPress/samples/00597.png 10
ucf/BenchPress/samples/00598.png 10
ucf/BenchPress/samples/00599.png 10
ucf/BenchPress/samples/00600.png 10
ucf/BenchPress/samples/00601.png 10
ucf/BenchPress/samples/00602.png 10
ucf/BenchPress/samples/00603.png 10
ucf/BenchPress/samples/00604.png 10
ucf/BenchPress/samples/00605.png 10
ucf/BenchPress/samples/00606.png 10
ucf/BenchPress/samples/00607.png 10
ucf/BenchPress/samples/00608.png 10
ucf/BenchPress/samples/00609.png 10
ucf/BenchPress/samples/00610.png 10
ucf/BenchPress/samples/00611.png 10
ucf/BenchPress/samples/00612.png 10
ucf/BenchPress/samples/00613.png 10
ucf/BenchPress/samples/00614.png 10
ucf/BenchPress/samples/00615.png 10
ucf/BenchPress/samples/00616.png 10
ucf/BenchPress/samples/00617.png 10
ucf/BenchPress/samples/00618.png 10
ucf/BenchPress/samples/00619.png 10
ucf/BenchPress/samples/00620.png 10
ucf/BenchPress/samples/00621.png 10
ucf/BenchPress/samples/00622.png 10
ucf/BenchPress/samples/00623.png 10
ucf/BenchPress/samples/00624.png 10
ucf/BenchPress/samples/00625.png 10
ucf/BenchPress/samples/00626.png 10
ucf/BenchPress/samples/00627.png 10
ucf/BenchPress/samples/00628.png 10
ucf/BenchPress/samples/00629.png 10
ucf/BenchPress/samples/00630.png 10
ucf/BenchPress/samples/00631.png 10
ucf/BenchPress/samples/00632.png 10
ucf/BenchPress/samples/00633.png 10
ucf/BenchPress/samples/00634.png 10
ucf/BenchPress/samples/00635.png 10
ucf/BenchPress/samples/00636.png 10
ucf/BenchPress/samples/00637.png 10
ucf/BenchPress/samples/00638.png 10
ucf/BenchPress/samples/00639.png 10
ucf/BenchPress/samples/00640.png 10
ucf/BenchPress/samples/00641.png 10
ucf/BenchPress/samples/00642.png 10
ucf/BenchPress/samples/00643.png 10
ucf/BenchPress/samples/00644.png 10
ucf/BenchPress/samples/00645.png 10
ucf/BenchPress/samples/00646.png 10
ucf/BenchPress/samples/00647.png 10
ucf/BenchPress/samples/00648.png 10
ucf/BenchPress/samples/00649.png 10
ucf/BenchPress/samples/00650.png 10
ucf/BenchPress/samples/00651.png 10
ucf/BenchPress/samples/00652.png 10
ucf/BenchPress/samples/00653.png 10
ucf/BenchPress/samples/00654.png 10
ucf/BenchPress/samples/00655.png 10
ucf/BenchPress/samples/00656.png 10
ucf/BenchPress/samples/00657.png 10
ucf/BenchPress/samples/00658.png 10
ucf/BenchPress/samples/00659.png 10
ucf/BenchPress/samples/00660.png 10
ucf/BenchPress/samples/00661.png 10
ucf/BenchPress/samples/00662.png 10
ucf/BenchPress/samples/00663.png 10
ucf/BenchPress/samples/00664.png 10
ucf/BenchPress/samples/00665.png 10
ucf/BenchPress/samples/00666.png 10
ucf/BenchPress/samples/00667.png 10
ucf/BenchPress/samples/00668.png 10
ucf/BenchPress/samples/00669.png 10
ucf/BenchPress/samples/00670.png 10
ucf/BenchPress/samples/00671.png 10
ucf/BenchPress/samples/00672.png 10
ucf/BenchPress/samples/00673.png 10
ucf/BenchPress/samples/00674.png 10
ucf/BenchPress/samples/00675.png 10
ucf/BenchPress/samples/00676.png 10
ucf/BenchPress/samples/00677.png 10
ucf/BenchPress/samples/00678.png 10
ucf/BenchPress/samples/00679.png 10
ucf/BenchPress/samples/00680.png 10
ucf/BenchPress/samples/00681.png 10
ucf/BenchPress/samples/00682.png 10
ucf/BenchPress/samples/00683.png 10
ucf/BenchPress/samples/00684.png 10
ucf/BenchPress/samples/00685.png 10
ucf/BenchPress/samples/00686.png 10
ucf/BenchPress/samples/00687.png 10
ucf/BenchPress/samples/00688.png 10
ucf/BenchPress/samples/00689.png 10
ucf/BenchPress/samples/00690.png 10
ucf/BenchPress/samples/00691.png 10
ucf/BenchPress/samples/00692.png 10
ucf/BenchPress/samples/00693.png 10
ucf/BenchPress/samples/00694.png 10
ucf/BenchPress/samples/00695.png 10
ucf/BenchPress/samples/00696.png 10
ucf/BenchPress/samples/00697.png 10
ucf/BenchPress/samples/00698.png 10
ucf/BenchPress/samples/00699.png 10
ucf/BenchPress/samples/00700.png 10
ucf/BenchPress/samples/00701.png 10
ucf/BenchPress/samples/00702.png 10
ucf/BenchPress/samples/00703.png 10
ucf/BenchPress/samples/00704.png 10
ucf/BenchPress/samples/00705.png 10
ucf/BenchPress/samples/00706.png 10
ucf/BenchPress/samples/00707.png 10
ucf/BenchPress/samples/00708.png 10
ucf/BenchPress/samples/00709.png 10
ucf/BenchPress/samples/00710.png 10
ucf/BenchPress/samples/00711.png 10
ucf/BenchPress/samples/00712.png 10
ucf/BenchPress/samples/00713.png 10
ucf/BenchPress/samples/00714.png 10
ucf/BenchPress/samples/00715.png 10
ucf/BenchPress/samples/00716.png 10
ucf/BenchPress/samples/00717.png 10
ucf/BenchPress/samples/00718.png 10
ucf/BenchPress/samples/00719.png 10
ucf/BenchPress/samples/00720.png 10
ucf/BenchPress/samples/00721.png 10
ucf/BenchPress/samples/00722.png 10
ucf/BenchPress/samples/00723.png 10
ucf/BenchPress/samples/00724.png 10
ucf/BenchPress/samples/00725.png 10
ucf/BenchPress/samples/00726.png 10
ucf/BenchPress/samples/00727.png 10
ucf/BenchPress/samples/00728.png 10
ucf/BenchPress/samples/00729.png 10
ucf/BenchPress/samples/00730.png 10
ucf/BenchPress/samples/00731.png 10
ucf/BenchPress/samples/00732.png 10
ucf/BenchPress/samples/00733.png 10
ucf/BenchPress/samples/00734.png 10
ucf/BenchPress/samples/00735.png 10
ucf/BenchPress/samples/00736.png 10
ucf/BenchPress/samples/00737.png 10
ucf/BenchPress/samples/00738.png 10
ucf/BenchPress/samples/00739.png 10
ucf/BenchPress/samples/00740.png 10
ucf/BenchPress/samples/00741.png 10
ucf/BenchPress/samples/00742.png 10
ucf/BenchPress/samples/00743.png 10
ucf/BenchPress/samples/00744.png 10
ucf/BenchPress/samples/00745.png 10
ucf/BenchPress/samples/00746.png 10
ucf/BenchPress/samples/00747.png 10
ucf/BenchPress/samples/00748.png 10
ucf/BenchPress/samples/00749.png 10
ucf/BenchPress/samples/00750.png 10
ucf/BenchPress/samples/00751.png 10
ucf/BenchPress/samples/00752.png 10
ucf/BenchPress/samples/00753.png 10
ucf/BenchPress/samples/00754.png 10
ucf/BenchPress/samples/00755.png 10
ucf/BenchPress/samples/00756.png 10
ucf/BenchPress/samples/00757.png 10
ucf/BenchPress/samples/00758.png 10
ucf/BenchPress/samples/00759.png 10
ucf/BenchPress/samples/00760.png 10
ucf/BenchPress/samples/00761.png 10
ucf/BenchPress/samples/00762.png 10
ucf/BenchPress/samples/00763.png 10
ucf/BenchPress/samples/00764.png 10
ucf/BenchPress/samples/00765.png 10
ucf/BenchPress/samples/00766.png 10
ucf/BenchPress/samples/00767.png 10
ucf/BenchPress/samples/00768.png 10
ucf/BenchPress/samples/00769.png 10
ucf/BenchPress/samples/00770.png 10
ucf/BenchPress/samples/00771.png 10
ucf/BenchPress/samples/00772.png 10
ucf/BenchPress/samples/00773.png 10
ucf/BenchPress/samples/00774.png 10
ucf/BenchPress/samples/00775.png 10
ucf/BenchPress/samples/00776.png 10
ucf/BenchPress/samples/00777.png 10
ucf/BenchPress/samples/00778.png 10
ucf/BenchPress/samples/00779.png 10
ucf/BenchPress/samples/00780.png 10
ucf/BenchPress/samples/00781.png 10
ucf/BenchPress/samples/00782.png 10
ucf/BenchPress/samples/00783.png 10
ucf/BenchPress/samples/00784.png 10
ucf/BenchPress/samples/00785.png 10
ucf/BenchPress/samples/00786.png 10
ucf/BenchPress/samples/00787.png 10
ucf/BenchPress/samples/00788.png 10
ucf/BenchPress/samples/00789.png 10
ucf/BenchPress/samples/00790.png 10
ucf/BenchPress/samples/00791.png 10
ucf/BenchPress/samples/00792.png 10
ucf/BenchPress/samples/00793.png 10
ucf/BenchPress/samples/00794.png 10
ucf/BenchPress/samples/00795.png 10
ucf/BenchPress/samples/00796.png 10
ucf/BenchPress/samples/00797.png 10
ucf/BenchPress/samples/00798.png 10
ucf/BenchPress/samples/00799.png 10
ucf/BenchPress/samples/00800.png 10
ucf/BenchPress/samples/00801.png 10
ucf/BenchPress/samples/00802.png 10
ucf/BenchPress/samples/00803.png 10
ucf/BenchPress/samples/00804.png 10
ucf/BenchPress/samples/00805.png 10
ucf/BenchPress/samples/00806.png 10
ucf/BenchPress/samples/00807.png 10
ucf/BenchPress/samples/00808.png 10
ucf/BenchPress/samples/00809.png 10
ucf/BenchPress/samples/00810.png 10
ucf/BenchPress/samples/00811.png 10
ucf/BenchPress/samples/00812.png 10
ucf/BenchPress/samples/00813.png 10
ucf/BenchPress/samples/00814.png 10
ucf/BenchPress/samples/00815.png 10
ucf/BenchPress/samples/00816.png 10
ucf/BenchPress/samples/00817.png 10
ucf/BenchPress/samples/00818.png 10
ucf/BenchPress/samples/00819.png 10
ucf/BenchPress/samples/00820.png 10
ucf/BenchPress/samples/00821.png 10
ucf/BenchPress/samples/00822.png 10
ucf/BenchPress/samples/00823.png 10
ucf/BenchPress/samples/00824.png 10
ucf/BenchPress/samples/00825.png 10
ucf/BenchPress/samples/00826.png 10
ucf/BenchPress/samples/00827.png 10
ucf/BenchPress/samples/00828.png 10
ucf/BenchPress/samples/00829.png 10
ucf/BenchPress/samples/00830.png 10
ucf/BenchPress/samples/00831.png 10
ucf/BenchPress/samples/00832.png 10
ucf/BenchPress/samples/00833.png 10
ucf/BenchPress/samples/00834.png 10
ucf/BenchPress/samples/00835.png 10
ucf/BenchPress/samples/00836.png 10
ucf/BenchPress/samples/00837.png 10
ucf/BenchPress/samples/00838.png 10
ucf/BenchPress/samples/00839.png 10
ucf/BenchPress/samples/00840.png 10
ucf/BenchPress/samples/00841.png 10
ucf/BenchPress/samples/00842.png 10
ucf/BenchPress/samples/00843.png 10
ucf/BenchPress/samples/00844.png 10
ucf/BenchPress/samples/00845.png 10
ucf/BenchPress/samples/00846.png 10
ucf/BenchPress/samples/00847.png 10
ucf/BenchPress/samples/00848.png 10
ucf/BenchPress/samples/00849.png 10
ucf/BenchPress/samples/00850.png 10
ucf/BenchPress/samples/00851.png 10
ucf/BenchPress/samples/00852.png 10
ucf/BenchPress/samples/00853.png 10
ucf/BenchPress/samples/00854.png 10
ucf/BenchPress/samples/00855.png 10
ucf/BenchPress/samples/00856.png 10
ucf/BenchPress/samples/00857.png 10
ucf/BenchPress/samples/00858.png 10
ucf/BenchPress/samples/00859.png 10
ucf/BenchPress/samples/00860.png 10
ucf/BenchPress/samples/00861.png 10
ucf/BenchPress/samples/00862.png 10
ucf/BenchPress/samples/00863.png 10
ucf/BenchPress/samples/00864.png 10
ucf/BenchPress/samples/00865.png 10
ucf/BenchPress/samples/00866.png 10
ucf/BenchPress/samples/00867.png 10
ucf/BenchPress/samples/00868.png 10
ucf/BenchPress/samples/00869.png 10
ucf/BenchPress/samples/00870.png 10
ucf/BenchPress/samples/00871.png 10
ucf/BenchPress/samples/00872.png 10
ucf/BenchPress/samples/00873.png 10
ucf/BenchPress/samples/00874.png 10
ucf/BenchPress/samples/00875.png 10
ucf/BenchPress/samples/00876.png 10
ucf/BenchPress/samples/00877.png 10
ucf/BenchPress/samples/00878.png 10
ucf/BenchPress/samples/00879.png 10
ucf/BenchPress/samples/00880.png 10
ucf/BenchPress/samples/00881.png 10
ucf/BenchPress/samples/00882.png 10
ucf/BenchPress/samples/00883.png 10
ucf/BenchPress/samples/00884.png 10
ucf/BenchPress/samples/00885.png 10
ucf/BenchPress/samples/00886.png 10
ucf/BenchPress/samples/00887.png 10
ucf/BenchPress/samples/00888.png 10
ucf/BenchPress/samples/00889.png 10
ucf/BenchPress/samples/00890.png 10
ucf/BenchPress/samples/00891.png 10
ucf/BenchPress/samples/00892.png 10
ucf/BenchPress/samples/00893.png 10
ucf/BenchPress/samples/00894.png 10
ucf/BenchPress/samples/00895.png 10
ucf/BenchPress/samples/00896.png 10
ucf/BenchPress/samples/00897.png 10
ucf/BenchPress/samples/00898.png 10
ucf/BenchPress/samples/00899.png 10
ucf/BenchPress/samples/00900.png 10
ucf/BenchPress/samples/00901.png 10
ucf/BenchPress/samples/00902.png 10
ucf/BenchPress/samples/00903.png 10
ucf/BenchPress/samples/00904.png 10
ucf/BenchPress/samples/00905.png 10
ucf/BenchPress/samples/00906.png 10
ucf/BenchPress/samples/00907.png 10
ucf/BenchPress/samples/00908.png 10
ucf/BenchPress/samples/00909.png 10
ucf/BenchPress/samples/00910.png 10
ucf/BenchPress/samples/00911.png 10
ucf/BenchPress/samples/00912.png 10
ucf/BenchPress/samples/00913.png 10
ucf/BenchPress/samples/00914.png 10
ucf/BenchPress/samples/00915.png 10
ucf/BenchPress/samples/00916.png 10
ucf/BenchPress/samples/00917.png 10
ucf/BenchPress/samples/00918.png 10
ucf/BenchPress/samples/00919.png 10
ucf/BenchPress/samples/00920.png 10
ucf/BenchPress/samples/00921.png 10
ucf/BenchPress/samples/00922.png 10
ucf/BenchPress/samples/00923.png 10
ucf/BenchPress/samples/00924.png 10
ucf/BenchPress/samples/00925.png 10
ucf/BenchPress/samples/00926.png 10
ucf/BenchPress/samples/00927.png 10
ucf/BenchPress/samples/00928.png 10
ucf/BenchPress/samples/00929.png 10
ucf/BenchPress/samples/00930.png 10
ucf/BenchPress/samples/00931.png 10
ucf/BenchPress/samples/00932.png 10
ucf/BenchPress/samples/00933.png 10
ucf/BenchPress/samples/00934.png 10
ucf/BenchPress/samples/00935.png 10
ucf/BenchPress/samples/00936.png 10
ucf/BenchPress/samples/00937.png 10
ucf/BenchPress/samples/00938.png 10
ucf/BenchPress/samples/00939.png 10
ucf/BenchPress/samples/00940.png 10
ucf/BenchPress/samples/00941.png 10
ucf/BenchPress/samples/00942.png 10
ucf/BenchPress/samples/00943.png 10
ucf/BenchPress/samples/00944.png 10
ucf/BenchPress/samples/00945.png 10
ucf/BenchPress/samples/00946.png 10
ucf/BenchPress/samples/00947.png 10
ucf/BenchPress/samples/00948.png 10
ucf/BenchPress/samples/00949.png 10
ucf/BenchPress/samples/00950.png 10
ucf/BenchPress/samples/00951.png 10
ucf/BenchPress/samples/00952.png 10
ucf/BenchPress/samples/00953.png 10
ucf/BenchPress/samples/00954.png 10
ucf/BenchPress/samples/00955.png 10
ucf/BenchPress/samples/00956.png 10
ucf/BenchPress/samples/00957.png 10
ucf/BenchPress/samples/00958.png 10
ucf/BenchPress/samples/00959.png 10
ucf/BenchPress/samples/00960.png 10
ucf/BenchPress/samples/00961.png 10
ucf/BenchPress/samples/00962.png 10
ucf/BenchPress/samples/00963.png 10
ucf/BenchPress/samples/00964.png 10
ucf/BenchPress/samples/00965.png 10
ucf/BenchPress/samples/00966.png 10
ucf/BenchPress/samples/00967.png 10
ucf/BenchPress/samples/00968.png 10
ucf/BenchPress/samples/00969.png 10
ucf/BenchPress/samples/00970.png 10
ucf/BenchPress/samples/00971.png 10
ucf/BenchPress/samples/00972.png 10
ucf/BenchPress/samples/00973.png 10
ucf/BenchPress/samples/00974.png 10
ucf/BenchPress/samples/00975.png 10
ucf/BenchPress/samples/00976.png 10
ucf/BenchPress/samples/00977.png 10
ucf/BenchPress/samples/00978.png 10
ucf/BenchPress/samples/00979.png 10
ucf/BenchPress/samples/00980.png 10
ucf/BenchPress/samples/00981.png 10
ucf/BenchPress/samples/00982.png 10
ucf/BenchPress/samples/00983.png 10
ucf/BenchPress/samples/00984.png 10
ucf/BenchPress/samples/00985.png 10
ucf/BenchPress/samples/00986.png 10
ucf/BenchPress/samples/00987.png 10
ucf/BenchPress/samples/00988.png 10
ucf/BenchPress/samples/00989.png 10
ucf/BenchPress/samples/00990.png 10
ucf/BenchPress/samples/00991.png 10
ucf/BenchPress/samples/00992.png 10
ucf/BenchPress/samples/00993.png 10
ucf/BenchPress/samples/00994.png 10
ucf/BenchPress/samples/00995.png 10
ucf/BenchPress/samples/00996.png 10
ucf/BenchPress/samples/00997.png 10
ucf/BenchPress/samples/00998.png 10
ucf/BenchPress/samples/00999.png 10
ucf/CleanAndJerk/samples/00000.png 21
ucf/CleanAndJerk/samples/00001.png 21
ucf/CleanAndJerk/samples/00002.png 21
ucf/CleanAndJerk/samples/00003.png 21
ucf/CleanAndJerk/samples/00004.png 21
ucf/CleanAndJerk/samples/00005.png 21
ucf/CleanAndJerk/samples/00006.png 21
ucf/CleanAndJerk/samples/00007.png 21
ucf/CleanAndJerk/samples/00008.png 21
ucf/CleanAndJerk/samples/00009.png 21
ucf/CleanAndJerk/samples/00010.png 21
ucf/CleanAndJerk/samples/00011.png 21
ucf/CleanAndJerk/samples/00012.png 21
ucf/CleanAndJerk/samples/00013.png 21
ucf/CleanAndJerk/samples/00014.png 21
ucf/CleanAndJerk/samples/00015.png 21
ucf/CleanAndJerk/samples/00016.png 21
ucf/CleanAndJerk/samples/00017.png 21
ucf/CleanAndJerk/samples/00018.png 21
ucf/CleanAndJerk/samples/00019.png 21
ucf/CleanAndJerk/samples/00020.png 21
ucf/CleanAndJerk/samples/00021.png 21
ucf/CleanAndJerk/samples/00022.png 21
ucf/CleanAndJerk/samples/00023.png 21
ucf/CleanAndJerk/samples/00024.png 21
ucf/CleanAndJerk/samples/00025.png 21
ucf/CleanAndJerk/samples/00026.png 21
ucf/CleanAndJerk/samples/00027.png 21
ucf/CleanAndJerk/samples/00028.png 21
ucf/CleanAndJerk/samples/00029.png 21
ucf/CleanAndJerk/samples/00030.png 21
ucf/CleanAndJerk/samples/00031.png 21
ucf/CleanAndJerk/samples/00032.png 21
ucf/CleanAndJerk/samples/00033.png 21
ucf/CleanAndJerk/samples/00034.png 21
ucf/CleanAndJerk/samples/00035.png 21
ucf/CleanAndJerk/samples/00036.png 21
ucf/CleanAndJerk/samples/00037.png 21
ucf/CleanAndJerk/samples/00038.png 21
ucf/CleanAndJerk/samples/00039.png 21
ucf/CleanAndJerk/samples/00040.png 21
ucf/CleanAndJerk/samples/00041.png 21
ucf/CleanAndJerk/samples/00042.png 21
ucf/CleanAndJerk/samples/00043.png 21
ucf/CleanAndJerk/samples/00044.png 21
ucf/CleanAndJerk/samples/00045.png 21
ucf/CleanAndJerk/samples/00046.png 21
ucf/CleanAndJerk/samples/00047.png 21
ucf/CleanAndJerk/samples/00048.png 21
ucf/CleanAndJerk/samples/00049.png 21
ucf/CleanAndJerk/samples/00050.png 21
ucf/CleanAndJerk/samples/00051.png 21
ucf/CleanAndJerk/samples/00052.png 21
ucf/CleanAndJerk/samples/00053.png 21
ucf/CleanAndJerk/samples/00054.png 21
ucf/CleanAndJerk/samples/00055.png 21
ucf/CleanAndJerk/samples/00056.png 21
ucf/CleanAndJerk/samples/00057.png 21
ucf/CleanAndJerk/samples/00058.png 21
ucf/CleanAndJerk/samples/00059.png 21
ucf/CleanAndJerk/samples/00060.png 21
ucf/CleanAndJerk/samples/00061.png 21
ucf/CleanAndJerk/samples/00062.png 21
ucf/CleanAndJerk/samples/00063.png 21
ucf/CleanAndJerk/samples/00064.png 21
ucf/CleanAndJerk/samples/00065.png 21
ucf/CleanAndJerk/samples/00066.png 21
ucf/CleanAndJerk/samples/00067.png 21
ucf/CleanAndJerk/samples/00068.png 21
ucf/CleanAndJerk/samples/00069.png 21
ucf/CleanAndJerk/samples/00070.png 21
ucf/CleanAndJerk/samples/00071.png 21
ucf/CleanAndJerk/samples/00072.png 21
ucf/CleanAndJerk/samples/00073.png 21
ucf/CleanAndJerk/samples/00074.png 21
ucf/CleanAndJerk/samples/00075.png 21
ucf/CleanAndJerk/samples/00076.png 21
ucf/CleanAndJerk/samples/00077.png 21
ucf/CleanAndJerk/samples/00078.png 21
ucf/CleanAndJerk/samples/00079.png 21
ucf/CleanAndJerk/samples/00080.png 21
ucf/CleanAndJerk/samples/00081.png 21
ucf/CleanAndJerk/samples/00082.png 21
ucf/CleanAndJerk/samples/00083.png 21
ucf/CleanAndJerk/samples/00084.png 21
ucf/CleanAndJerk/samples/00085.png 21
ucf/CleanAndJerk/samples/00086.png 21
ucf/CleanAndJerk/samples/00087.png 21
ucf/CleanAndJerk/samples/00088.png 21
ucf/CleanAndJerk/samples/00089.png 21
ucf/CleanAndJerk/samples/00090.png 21
ucf/CleanAndJerk/samples/00091.png 21
ucf/CleanAndJerk/samples/00092.png 21
ucf/CleanAndJerk/samples/00093.png 21
ucf/CleanAndJerk/samples/00094.png 21
ucf/CleanAndJerk/samples/00095.png 21
ucf/CleanAndJerk/samples/00096.png 21
ucf/CleanAndJerk/samples/00097.png 21
ucf/CleanAndJerk/samples/00098.png 21
ucf/CleanAndJerk/samples/00099.png 21
ucf/CleanAndJerk/samples/00100.png 21
ucf/CleanAndJerk/samples/00101.png 21
ucf/CleanAndJerk/samples/00102.png 21
ucf/CleanAndJerk/samples/00103.png 21
ucf/CleanAndJerk/samples/00104.png 21
ucf/CleanAndJerk/samples/00105.png 21
ucf/CleanAndJerk/samples/00106.png 21
ucf/CleanAndJerk/samples/00107.png 21
ucf/CleanAndJerk/samples/00108.png 21
ucf/CleanAndJerk/samples/00109.png 21
ucf/CleanAndJerk/samples/00110.png 21
ucf/CleanAndJerk/samples/00111.png 21
ucf/CleanAndJerk/samples/00112.png 21
ucf/CleanAndJerk/samples/00113.png 21
ucf/CleanAndJerk/samples/00114.png 21
ucf/CleanAndJerk/samples/00115.png 21
ucf/CleanAndJerk/samples/00116.png 21
ucf/CleanAndJerk/samples/00117.png 21
ucf/CleanAndJerk/samples/00118.png 21
ucf/CleanAndJerk/samples/00119.png 21
ucf/CleanAndJerk/samples/00120.png 21
ucf/CleanAndJerk/samples/00121.png 21
ucf/CleanAndJerk/samples/00122.png 21
ucf/CleanAndJerk/samples/00123.png 21
ucf/CleanAndJerk/samples/00124.png 21
ucf/CleanAndJerk/samples/00125.png 21
ucf/CleanAndJerk/samples/00126.png 21
ucf/CleanAndJerk/samples/00127.png 21
ucf/CleanAndJerk/samples/00128.png 21
ucf/CleanAndJerk/samples/00129.png 21
ucf/CleanAndJerk/samples/00130.png 21
ucf/CleanAndJerk/samples/00131.png 21
ucf/CleanAndJerk/samples/00132.png 21
ucf/CleanAndJerk/samples/00133.png 21
ucf/CleanAndJerk/samples/00134.png 21
ucf/CleanAndJerk/samples/00135.png 21
ucf/CleanAndJerk/samples/00136.png 21
ucf/CleanAndJerk/samples/00137.png 21
ucf/CleanAndJerk/samples/00138.png 21
ucf/CleanAndJerk/samples/00139.png 21
ucf/CleanAndJerk/samples/00140.png 21
ucf/CleanAndJerk/samples/00141.png 21
ucf/CleanAndJerk/samples/00142.png 21
ucf/CleanAndJerk/samples/00143.png 21
ucf/CleanAndJerk/samples/00144.png 21
ucf/CleanAndJerk/samples/00145.png 21
ucf/CleanAndJerk/samples/00146.png 21
ucf/CleanAndJerk/samples/00147.png 21
ucf/CleanAndJerk/samples/00148.png 21
ucf/CleanAndJerk/samples/00149.png 21
ucf/CleanAndJerk/samples/00150.png 21
ucf/CleanAndJerk/samples/00151.png 21
ucf/CleanAndJerk/samples/00152.png 21
ucf/CleanAndJerk/samples/00153.png 21
ucf/CleanAndJerk/samples/00154.png 21
ucf/CleanAndJerk/samples/00155.png 21
ucf/CleanAndJerk/samples/00156.png 21
ucf/CleanAndJerk/samples/00157.png 21
ucf/CleanAndJerk/samples/00158.png 21
ucf/CleanAndJerk/samples/00159.png 21
ucf/CleanAndJerk/samples/00160.png 21
ucf/CleanAndJerk/samples/00161.png 21
ucf/CleanAndJerk/samples/00162.png 21
ucf/CleanAndJerk/samples/00163.png 21
ucf/CleanAndJerk/samples/00164.png 21
ucf/CleanAndJerk/samples/00165.png 21
ucf/CleanAndJerk/samples/00166.png 21
ucf/CleanAndJerk/samples/00167.png 21
ucf/CleanAndJerk/samples/00168.png 21
ucf/CleanAndJerk/samples/00169.png 21
ucf/CleanAndJerk/samples/00170.png 21
ucf/CleanAndJerk/samples/00171.png 21
ucf/CleanAndJerk/samples/00172.png 21
ucf/CleanAndJerk/samples/00173.png 21
ucf/CleanAndJerk/samples/00174.png 21
ucf/CleanAndJerk/samples/00175.png 21
ucf/CleanAndJerk/samples/00176.png 21
ucf/CleanAndJerk/samples/00177.png 21
ucf/CleanAndJerk/samples/00178.png 21
ucf/CleanAndJerk/samples/00179.png 21
ucf/CleanAndJerk/samples/00180.png 21
ucf/CleanAndJerk/samples/00181.png 21
ucf/CleanAndJerk/samples/00182.png 21
ucf/CleanAndJerk/samples/00183.png 21
ucf/CleanAndJerk/samples/00184.png 21
ucf/CleanAndJerk/samples/00185.png 21
ucf/CleanAndJerk/samples/00186.png 21
ucf/CleanAndJerk/samples/00187.png 21
ucf/CleanAndJerk/samples/00188.png 21
ucf/CleanAndJerk/samples/00189.png 21
ucf/CleanAndJerk/samples/00190.png 21
ucf/CleanAndJerk/samples/00191.png 21
ucf/CleanAndJerk/samples/00192.png 21
ucf/CleanAndJerk/samples/00193.png 21
ucf/CleanAndJerk/samples/00194.png 21
ucf/CleanAndJerk/samples/00195.png 21
ucf/CleanAndJerk/samples/00196.png 21
ucf/CleanAndJerk/samples/00197.png 21
ucf/CleanAndJerk/samples/00198.png 21
ucf/CleanAndJerk/samples/00199.png 21
ucf/CleanAndJerk/samples/00200.png 21
ucf/CleanAndJerk/samples/00201.png 21
ucf/CleanAndJerk/samples/00202.png 21
ucf/CleanAndJerk/samples/00203.png 21
ucf/CleanAndJerk/samples/00204.png 21
ucf/CleanAndJerk/samples/00205.png 21
ucf/CleanAndJerk/samples/00206.png 21
ucf/CleanAndJerk/samples/00207.png 21
ucf/CleanAndJerk/samples/00208.png 21
ucf/CleanAndJerk/samples/00209.png 21
ucf/CleanAndJerk/samples/00210.png 21
ucf/CleanAndJerk/samples/00211.png 21
ucf/CleanAndJerk/samples/00212.png 21
ucf/CleanAndJerk/samples/00213.png 21
ucf/CleanAndJerk/samples/00214.png 21
ucf/CleanAndJerk/samples/00215.png 21
ucf/CleanAndJerk/samples/00216.png 21
ucf/CleanAndJerk/samples/00217.png 21
ucf/CleanAndJerk/samples/00218.png 21
ucf/CleanAndJerk/samples/00219.png 21
ucf/CleanAndJerk/samples/00220.png 21
ucf/CleanAndJerk/samples/00221.png 21
ucf/CleanAndJerk/samples/00222.png 21
ucf/CleanAndJerk/samples/00223.png 21
ucf/CleanAndJerk/samples/00224.png 21
ucf/CleanAndJerk/samples/00225.png 21
ucf/CleanAndJerk/samples/00226.png 21
ucf/CleanAndJerk/samples/00227.png 21
ucf/CleanAndJerk/samples/00228.png 21
ucf/CleanAndJerk/samples/00229.png 21
ucf/CleanAndJerk/samples/00230.png 21
ucf/CleanAndJerk/samples/00231.png 21
ucf/CleanAndJerk/samples/00232.png 21
ucf/CleanAndJerk/samples/00233.png 21
ucf/CleanAndJerk/samples/00234.png 21
ucf/CleanAndJerk/samples/00235.png 21
ucf/CleanAndJerk/samples/00236.png 21
ucf/CleanAndJerk/samples/00237.png 21
ucf/CleanAndJerk/samples/00238.png 21
ucf/CleanAndJerk/samples/00239.png 21
ucf/CleanAndJerk/samples/00240.png 21
ucf/CleanAndJerk/samples/00241.png 21
ucf/CleanAndJerk/samples/00242.png 21
ucf/CleanAndJerk/samples/00243.png 21
ucf/CleanAndJerk/samples/00244.png 21
ucf/CleanAndJerk/samples/00245.png 21
ucf/CleanAndJerk/samples/00246.png 21
ucf/CleanAndJerk/samples/00247.png 21
ucf/CleanAndJerk/samples/00248.png 21
ucf/CleanAndJerk/samples/00249.png 21
ucf/CleanAndJerk/samples/00250.png 21
ucf/CleanAndJerk/samples/00251.png 21
ucf/CleanAndJerk/samples/00252.png 21
ucf/CleanAndJerk/samples/00253.png 21
ucf/CleanAndJerk/samples/00254.png 21
ucf/CleanAndJerk/samples/00255.png 21
ucf/CleanAndJerk/samples/00256.png 21
ucf/CleanAndJerk/samples/00257.png 21
ucf/CleanAndJerk/samples/00258.png 21
ucf/CleanAndJerk/samples/00259.png 21
ucf/CleanAndJerk/samples/00260.png 21
ucf/CleanAndJerk/samples/00261.png 21
ucf/CleanAndJerk/samples/00262.png 21
ucf/CleanAndJerk/samples/00263.png 21
ucf/CleanAndJerk/samples/00264.png 21
ucf/CleanAndJerk/samples/00265.png 21
ucf/CleanAndJerk/samples/00266.png 21
ucf/CleanAndJerk/samples/00267.png 21
ucf/CleanAndJerk/samples/00268.png 21
ucf/CleanAndJerk/samples/00269.png 21
ucf/CleanAndJerk/samples/00270.png 21
ucf/CleanAndJerk/samples/00271.png 21
ucf/CleanAndJerk/samples/00272.png 21
ucf/CleanAndJerk/samples/00273.png 21
ucf/CleanAndJerk/samples/00274.png 21
ucf/CleanAndJerk/samples/00275.png 21
ucf/CleanAndJerk/samples/00276.png 21
ucf/CleanAndJerk/samples/00277.png 21
ucf/CleanAndJerk/samples/00278.png 21
ucf/CleanAndJerk/samples/00279.png 21
ucf/CleanAndJerk/samples/00280.png 21
ucf/CleanAndJerk/samples/00281.png 21
ucf/CleanAndJerk/samples/00282.png 21
ucf/CleanAndJerk/samples/00283.png 21
ucf/CleanAndJerk/samples/00284.png 21
ucf/CleanAndJerk/samples/00285.png 21
ucf/CleanAndJerk/samples/00286.png 21
ucf/CleanAndJerk/samples/00287.png 21
ucf/CleanAndJerk/samples/00288.png 21
ucf/CleanAndJerk/samples/00289.png 21
ucf/CleanAndJerk/samples/00290.png 21
ucf/CleanAndJerk/samples/00291.png 21
ucf/CleanAndJerk/samples/00292.png 21
ucf/CleanAndJerk/samples/00293.png 21
ucf/CleanAndJerk/samples/00294.png 21
ucf/CleanAndJerk/samples/00295.png 21
ucf/CleanAndJerk/samples/00296.png 21
ucf/CleanAndJerk/samples/00297.png 21
ucf/CleanAndJerk/samples/00298.png 21
ucf/CleanAndJerk/samples/00299.png 21
ucf/CleanAndJerk/samples/00300.png 21
ucf/CleanAndJerk/samples/00301.png 21
ucf/CleanAndJerk/samples/00302.png 21
ucf/CleanAndJerk/samples/00303.png 21
ucf/CleanAndJerk/samples/00304.png 21
ucf/CleanAndJerk/samples/00305.png 21
ucf/CleanAndJerk/samples/00306.png 21
ucf/CleanAndJerk/samples/00307.png 21
ucf/CleanAndJerk/samples/00308.png 21
ucf/CleanAndJerk/samples/00309.png 21
ucf/CleanAndJerk/samples/00310.png 21
ucf/CleanAndJerk/samples/00311.png 21
ucf/CleanAndJerk/samples/00312.png 21
ucf/CleanAndJerk/samples/00313.png 21
ucf/CleanAndJerk/samples/00314.png 21
ucf/CleanAndJerk/samples/00315.png 21
ucf/CleanAndJerk/samples/00316.png 21
ucf/CleanAndJerk/samples/00317.png 21
ucf/CleanAndJerk/samples/00318.png 21
ucf/CleanAndJerk/samples/00319.png 21
ucf/CleanAndJerk/samples/00320.png 21
ucf/CleanAndJerk/samples/00321.png 21
ucf/CleanAndJerk/samples/00322.png 21
ucf/CleanAndJerk/samples/00323.png 21
ucf/CleanAndJerk/samples/00324.png 21
ucf/CleanAndJerk/samples/00325.png 21
ucf/CleanAndJerk/samples/00326.png 21
ucf/CleanAndJerk/samples/00327.png 21
ucf/CleanAndJerk/samples/00328.png 21
ucf/CleanAndJerk/samples/00329.png 21
ucf/CleanAndJerk/samples/00330.png 21
ucf/CleanAndJerk/samples/00331.png 21
ucf/CleanAndJerk/samples/00332.png 21
ucf/CleanAndJerk/samples/00333.png 21
ucf/CleanAndJerk/samples/00334.png 21
ucf/CleanAndJerk/samples/00335.png 21
ucf/CleanAndJerk/samples/00336.png 21
ucf/CleanAndJerk/samples/00337.png 21
ucf/CleanAndJerk/samples/00338.png 21
ucf/CleanAndJerk/samples/00339.png 21
ucf/CleanAndJerk/samples/00340.png 21
ucf/CleanAndJerk/samples/00341.png 21
ucf/CleanAndJerk/samples/00342.png 21
ucf/CleanAndJerk/samples/00343.png 21
ucf/CleanAndJerk/samples/00344.png 21
ucf/CleanAndJerk/samples/00345.png 21
ucf/CleanAndJerk/samples/00346.png 21
ucf/CleanAndJerk/samples/00347.png 21
ucf/CleanAndJerk/samples/00348.png 21
ucf/CleanAndJerk/samples/00349.png 21
ucf/CleanAndJerk/samples/00350.png 21
ucf/CleanAndJerk/samples/00351.png 21
ucf/CleanAndJerk/samples/00352.png 21
ucf/CleanAndJerk/samples/00353.png 21
ucf/CleanAndJerk/samples/00354.png 21
ucf/CleanAndJerk/samples/00355.png 21
ucf/CleanAndJerk/samples/00356.png 21
ucf/CleanAndJerk/samples/00357.png 21
ucf/CleanAndJerk/samples/00358.png 21
ucf/CleanAndJerk/samples/00359.png 21
ucf/CleanAndJerk/samples/00360.png 21
ucf/CleanAndJerk/samples/00361.png 21
ucf/CleanAndJerk/samples/00362.png 21
ucf/CleanAndJerk/samples/00363.png 21
ucf/CleanAndJerk/samples/00364.png 21
ucf/CleanAndJerk/samples/00365.png 21
ucf/CleanAndJerk/samples/00366.png 21
ucf/CleanAndJerk/samples/00367.png 21
ucf/CleanAndJerk/samples/00368.png 21
ucf/CleanAndJerk/samples/00369.png 21
ucf/CleanAndJerk/samples/00370.png 21
ucf/CleanAndJerk/samples/00371.png 21
ucf/CleanAndJerk/samples/00372.png 21
ucf/CleanAndJerk/samples/00373.png 21
ucf/CleanAndJerk/samples/00374.png 21
ucf/CleanAndJerk/samples/00375.png 21
ucf/CleanAndJerk/samples/00376.png 21
ucf/CleanAndJerk/samples/00377.png 21
ucf/CleanAndJerk/samples/00378.png 21
ucf/CleanAndJerk/samples/00379.png 21
ucf/CleanAndJerk/samples/00380.png 21
ucf/CleanAndJerk/samples/00381.png 21
ucf/CleanAndJerk/samples/00382.png 21
ucf/CleanAndJerk/samples/00383.png 21
ucf/CleanAndJerk/samples/00384.png 21
ucf/CleanAndJerk/samples/00385.png 21
ucf/CleanAndJerk/samples/00386.png 21
ucf/CleanAndJerk/samples/00387.png 21
ucf/CleanAndJerk/samples/00388.png 21
ucf/CleanAndJerk/samples/00389.png 21
ucf/CleanAndJerk/samples/00390.png 21
ucf/CleanAndJerk/samples/00391.png 21
ucf/CleanAndJerk/samples/00392.png 21
ucf/CleanAndJerk/samples/00393.png 21
ucf/CleanAndJerk/samples/00394.png 21
ucf/CleanAndJerk/samples/00395.png 21
ucf/CleanAndJerk/samples/00396.png 21
ucf/CleanAndJerk/samples/00397.png 21
ucf/CleanAndJerk/samples/00398.png 21
ucf/CleanAndJerk/samples/00399.png 21
ucf/CleanAndJerk/samples/00400.png 21
ucf/CleanAndJerk/samples/00401.png 21
ucf/CleanAndJerk/samples/00402.png 21
ucf/CleanAndJerk/samples/00403.png 21
ucf/CleanAndJerk/samples/00404.png 21
ucf/CleanAndJerk/samples/00405.png 21
ucf/CleanAndJerk/samples/00406.png 21
ucf/CleanAndJerk/samples/00407.png 21
ucf/CleanAndJerk/samples/00408.png 21
ucf/CleanAndJerk/samples/00409.png 21
ucf/CleanAndJerk/samples/00410.png 21
ucf/CleanAndJerk/samples/00411.png 21
ucf/CleanAndJerk/samples/00412.png 21
ucf/CleanAndJerk/samples/00413.png 21
ucf/CleanAndJerk/samples/00414.png 21
ucf/CleanAndJerk/samples/00415.png 21
ucf/CleanAndJerk/samples/00416.png 21
ucf/CleanAndJerk/samples/00417.png 21
ucf/CleanAndJerk/samples/00418.png 21
ucf/CleanAndJerk/samples/00419.png 21
ucf/CleanAndJerk/samples/00420.png 21
ucf/CleanAndJerk/samples/00421.png 21
ucf/CleanAndJerk/samples/00422.png 21
ucf/CleanAndJerk/samples/00423.png 21
ucf/CleanAndJerk/samples/00424.png 21
ucf/CleanAndJerk/samples/00425.png 21
ucf/CleanAndJerk/samples/00426.png 21
ucf/CleanAndJerk/samples/00427.png 21
ucf/CleanAndJerk/samples/00428.png 21
ucf/CleanAndJerk/samples/00429.png 21
ucf/CleanAndJerk/samples/00430.png 21
ucf/CleanAndJerk/samples/00431.png 21
ucf/CleanAndJerk/samples/00432.png 21
ucf/CleanAndJerk/samples/00433.png 21
ucf/CleanAndJerk/samples/00434.png 21
ucf/CleanAndJerk/samples/00435.png 21
ucf/CleanAndJerk/samples/00436.png 21
ucf/CleanAndJerk/samples/00437.png 21
ucf/CleanAndJerk/samples/00438.png 21
ucf/CleanAndJerk/samples/00439.png 21
ucf/CleanAndJerk/samples/00440.png 21
ucf/CleanAndJerk/samples/00441.png 21
ucf/CleanAndJerk/samples/00442.png 21
ucf/CleanAndJerk/samples/00443.png 21
ucf/CleanAndJerk/samples/00444.png 21
ucf/CleanAndJerk/samples/00445.png 21
ucf/CleanAndJerk/samples/00446.png 21
ucf/CleanAndJerk/samples/00447.png 21
ucf/CleanAndJerk/samples/00448.png 21
ucf/CleanAndJerk/samples/00449.png 21
ucf/CleanAndJerk/samples/00450.png 21
ucf/CleanAndJerk/samples/00451.png 21
ucf/CleanAndJerk/samples/00452.png 21
ucf/CleanAndJerk/samples/00453.png 21
ucf/CleanAndJerk/samples/00454.png 21
ucf/CleanAndJerk/samples/00455.png 21
ucf/CleanAndJerk/samples/00456.png 21
ucf/CleanAndJerk/samples/00457.png 21
ucf/CleanAndJerk/samples/00458.png 21
ucf/CleanAndJerk/samples/00459.png 21
ucf/CleanAndJerk/samples/00460.png 21
ucf/CleanAndJerk/samples/00461.png 21
ucf/CleanAndJerk/samples/00462.png 21
ucf/CleanAndJerk/samples/00463.png 21
ucf/CleanAndJerk/samples/00464.png 21
ucf/CleanAndJerk/samples/00465.png 21
ucf/CleanAndJerk/samples/00466.png 21
ucf/CleanAndJerk/samples/00467.png 21
ucf/CleanAndJerk/samples/00468.png 21
ucf/CleanAndJerk/samples/00469.png 21
ucf/CleanAndJerk/samples/00470.png 21
ucf/CleanAndJerk/samples/00471.png 21
ucf/CleanAndJerk/samples/00472.png 21
ucf/CleanAndJerk/samples/00473.png 21
ucf/CleanAndJerk/samples/00474.png 21
ucf/CleanAndJerk/samples/00475.png 21
ucf/CleanAndJerk/samples/00476.png 21
ucf/CleanAndJerk/samples/00477.png 21
ucf/CleanAndJerk/samples/00478.png 21
ucf/CleanAndJerk/samples/00479.png 21
ucf/CleanAndJerk/samples/00480.png 21
ucf/CleanAndJerk/samples/00481.png 21
ucf/CleanAndJerk/samples/00482.png 21
ucf/CleanAndJerk/samples/00483.png 21
ucf/CleanAndJerk/samples/00484.png 21
ucf/CleanAndJerk/samples/00485.png 21
ucf/CleanAndJerk/samples/00486.png 21
ucf/CleanAndJerk/samples/00487.png 21
ucf/CleanAndJerk/samples/00488.png 21
ucf/CleanAndJerk/samples/00489.png 21
ucf/CleanAndJerk/samples/00490.png 21
ucf/CleanAndJerk/samples/00491.png 21
ucf/CleanAndJerk/samples/00492.png 21
ucf/CleanAndJerk/samples/00493.png 21
ucf/CleanAndJerk/samples/00494.png 21
ucf/CleanAndJerk/samples/00495.png 21
ucf/CleanAndJerk/samples/00496.png 21
ucf/CleanAndJerk/samples/00497.png 21
ucf/CleanAndJerk/samples/00498.png 21
ucf/CleanAndJerk/samples/00499.png 21
ucf/CleanAndJerk/samples/00500.png 21
ucf/CleanAndJerk/samples/00501.png 21
ucf/CleanAndJerk/samples/00502.png 21
ucf/CleanAndJerk/samples/00503.png 21
ucf/CleanAndJerk/samples/00504.png 21
ucf/CleanAndJerk/samples/00505.png 21
ucf/CleanAndJerk/samples/00506.png 21
ucf/CleanAndJerk/samples/00507.png 21
ucf/CleanAndJerk/samples/00508.png 21
ucf/CleanAndJerk/samples/00509.png 21
ucf/CleanAndJerk/samples/00510.png 21
ucf/CleanAndJerk/samples/00511.png 21
ucf/CleanAndJerk/samples/00512.png 21
ucf/CleanAndJerk/samples/00513.png 21
ucf/CleanAndJerk/samples/00514.png 21
ucf/CleanAndJerk/samples/00515.png 21
ucf/CleanAndJerk/samples/00516.png 21
ucf/CleanAndJerk/samples/00517.png 21
ucf/CleanAndJerk/samples/00518.png 21
ucf/CleanAndJerk/samples/00519.png 21
ucf/CleanAndJerk/samples/00520.png 21
ucf/CleanAndJerk/samples/00521.png 21
ucf/CleanAndJerk/samples/00522.png 21
ucf/CleanAndJerk/samples/00523.png 21
ucf/CleanAndJerk/samples/00524.png 21
ucf/CleanAndJerk/samples/00525.png 21
ucf/CleanAndJerk/samples/00526.png 21
ucf/CleanAndJerk/samples/00527.png 21
ucf/CleanAndJerk/samples/00528.png 21
ucf/CleanAndJerk/samples/00529.png 21
ucf/CleanAndJerk/samples/00530.png 21
ucf/CleanAndJerk/samples/00531.png 21
ucf/CleanAndJerk/samples/00532.png 21
ucf/CleanAndJerk/samples/00533.png 21
ucf/CleanAndJerk/samples/00534.png 21
ucf/CleanAndJerk/samples/00535.png 21
ucf/CleanAndJerk/samples/00536.png 21
ucf/CleanAndJerk/samples/00537.png 21
ucf/CleanAndJerk/samples/00538.png 21
ucf/CleanAndJerk/samples/00539.png 21
ucf/CleanAndJerk/samples/00540.png 21
ucf/CleanAndJerk/samples/00541.png 21
ucf/CleanAndJerk/samples/00542.png 21
ucf/CleanAndJerk/samples/00543.png 21
ucf/CleanAndJerk/samples/00544.png 21
ucf/CleanAndJerk/samples/00545.png 21
ucf/CleanAndJerk/samples/00546.png 21
ucf/CleanAndJerk/samples/00547.png 21
ucf/CleanAndJerk/samples/00548.png 21
ucf/CleanAndJerk/samples/00549.png 21
ucf/CleanAndJerk/samples/00550.png 21
ucf/CleanAndJerk/samples/00551.png 21
ucf/CleanAndJerk/samples/00552.png 21
ucf/CleanAndJerk/samples/00553.png 21
ucf/CleanAndJerk/samples/00554.png 21
ucf/CleanAndJerk/samples/00555.png 21
ucf/CleanAndJerk/samples/00556.png 21
ucf/CleanAndJerk/samples/00557.png 21
ucf/CleanAndJerk/samples/00558.png 21
ucf/CleanAndJerk/samples/00559.png 21
ucf/CleanAndJerk/samples/00560.png 21
ucf/CleanAndJerk/samples/00561.png 21
ucf/CleanAndJerk/samples/00562.png 21
ucf/CleanAndJerk/samples/00563.png 21
ucf/CleanAndJerk/samples/00564.png 21
ucf/CleanAndJerk/samples/00565.png 21
ucf/CleanAndJerk/samples/00566.png 21
ucf/CleanAndJerk/samples/00567.png 21
ucf/CleanAndJerk/samples/00568.png 21
ucf/CleanAndJerk/samples/00569.png 21
ucf/CleanAndJerk/samples/00570.png 21
ucf/CleanAndJerk/samples/00571.png 21
ucf/CleanAndJerk/samples/00572.png 21
ucf/CleanAndJerk/samples/00573.png 21
ucf/CleanAndJerk/samples/00574.png 21
ucf/CleanAndJerk/samples/00575.png 21
ucf/CleanAndJerk/samples/00576.png 21
ucf/CleanAndJerk/samples/00577.png 21
ucf/CleanAndJerk/samples/00578.png 21
ucf/CleanAndJerk/samples/00579.png 21
ucf/CleanAndJerk/samples/00580.png 21
ucf/CleanAndJerk/samples/00581.png 21
ucf/CleanAndJerk/samples/00582.png 21
ucf/CleanAndJerk/samples/00583.png 21
ucf/CleanAndJerk/samples/00584.png 21
ucf/CleanAndJerk/samples/00585.png 21
ucf/CleanAndJerk/samples/00586.png 21
ucf/CleanAndJerk/samples/00587.png 21
ucf/CleanAndJerk/samples/00588.png 21
ucf/CleanAndJerk/samples/00589.png 21
ucf/CleanAndJerk/samples/00590.png 21
ucf/CleanAndJerk/samples/00591.png 21
ucf/CleanAndJerk/samples/00592.png 21
ucf/CleanAndJerk/samples/00593.png 21
ucf/CleanAndJerk/samples/00594.png 21
ucf/CleanAndJerk/samples/00595.png 21
ucf/CleanAndJerk/samples/00596.png 21
ucf/CleanAndJerk/samples/00597.png 21
ucf/CleanAndJerk/samples/00598.png 21
ucf/CleanAndJerk/samples/00599.png 21
ucf/CleanAndJerk/samples/00600.png 21
ucf/CleanAndJerk/samples/00601.png 21
ucf/CleanAndJerk/samples/00602.png 21
ucf/CleanAndJerk/samples/00603.png 21
ucf/CleanAndJerk/samples/00604.png 21
ucf/CleanAndJerk/samples/00605.png 21
ucf/CleanAndJerk/samples/00606.png 21
ucf/CleanAndJerk/samples/00607.png 21
ucf/CleanAndJerk/samples/00608.png 21
ucf/CleanAndJerk/samples/00609.png 21
ucf/CleanAndJerk/samples/00610.png 21
ucf/CleanAndJerk/samples/00611.png 21
ucf/CleanAndJerk/samples/00612.png 21
ucf/CleanAndJerk/samples/00613.png 21
ucf/CleanAndJerk/samples/00614.png 21
ucf/CleanAndJerk/samples/00615.png 21
ucf/CleanAndJerk/samples/00616.png 21
ucf/CleanAndJerk/samples/00617.png 21
ucf/CleanAndJerk/samples/00618.png 21
ucf/CleanAndJerk/samples/00619.png 21
ucf/CleanAndJerk/samples/00620.png 21
ucf/CleanAndJerk/samples/00621.png 21
ucf/CleanAndJerk/samples/00622.png 21
ucf/CleanAndJerk/samples/00623.png 21
ucf/CleanAndJerk/samples/00624.png 21
ucf/CleanAndJerk/samples/00625.png 21
ucf/CleanAndJerk/samples/00626.png 21
ucf/CleanAndJerk/samples/00627.png 21
ucf/CleanAndJerk/samples/00628.png 21
ucf/CleanAndJerk/samples/00629.png 21
ucf/CleanAndJerk/samples/00630.png 21
ucf/CleanAndJerk/samples/00631.png 21
ucf/CleanAndJerk/samples/00632.png 21
ucf/CleanAndJerk/samples/00633.png 21
ucf/CleanAndJerk/samples/00634.png 21
ucf/CleanAndJerk/samples/00635.png 21
ucf/CleanAndJerk/samples/00636.png 21
ucf/CleanAndJerk/samples/00637.png 21
ucf/CleanAndJerk/samples/00638.png 21
ucf/CleanAndJerk/samples/00639.png 21
ucf/CleanAndJerk/samples/00640.png 21
ucf/CleanAndJerk/samples/00641.png 21
ucf/CleanAndJerk/samples/00642.png 21
ucf/CleanAndJerk/samples/00643.png 21
ucf/CleanAndJerk/samples/00644.png 21
ucf/CleanAndJerk/samples/00645.png 21
ucf/CleanAndJerk/samples/00646.png 21
ucf/CleanAndJerk/samples/00647.png 21
ucf/CleanAndJerk/samples/00648.png 21
ucf/CleanAndJerk/samples/00649.png 21
ucf/CleanAndJerk/samples/00650.png 21
ucf/CleanAndJerk/samples/00651.png 21
ucf/CleanAndJerk/samples/00652.png 21
ucf/CleanAndJerk/samples/00653.png 21
ucf/CleanAndJerk/samples/00654.png 21
ucf/CleanAndJerk/samples/00655.png 21
ucf/CleanAndJerk/samples/00656.png 21
ucf/CleanAndJerk/samples/00657.png 21
ucf/CleanAndJerk/samples/00658.png 21
ucf/CleanAndJerk/samples/00659.png 21
ucf/CleanAndJerk/samples/00660.png 21
ucf/CleanAndJerk/samples/00661.png 21
ucf/CleanAndJerk/samples/00662.png 21
ucf/CleanAndJerk/samples/00663.png 21
ucf/CleanAndJerk/samples/00664.png 21
ucf/CleanAndJerk/samples/00665.png 21
ucf/CleanAndJerk/samples/00666.png 21
ucf/CleanAndJerk/samples/00667.png 21
ucf/CleanAndJerk/samples/00668.png 21
ucf/CleanAndJerk/samples/00669.png 21
ucf/CleanAndJerk/samples/00670.png 21
ucf/CleanAndJerk/samples/00671.png 21
ucf/CleanAndJerk/samples/00672.png 21
ucf/CleanAndJerk/samples/00673.png 21
ucf/CleanAndJerk/samples/00674.png 21
ucf/CleanAndJerk/samples/00675.png 21
ucf/CleanAndJerk/samples/00676.png 21
ucf/CleanAndJerk/samples/00677.png 21
ucf/CleanAndJerk/samples/00678.png 21
ucf/CleanAndJerk/samples/00679.png 21
ucf/CleanAndJerk/samples/00680.png 21
ucf/CleanAndJerk/samples/00681.png 21
ucf/CleanAndJerk/samples/00682.png 21
ucf/CleanAndJerk/samples/00683.png 21
ucf/CleanAndJerk/samples/00684.png 21
ucf/CleanAndJerk/samples/00685.png 21
ucf/CleanAndJerk/samples/00686.png 21
ucf/CleanAndJerk/samples/00687.png 21
ucf/CleanAndJerk/samples/00688.png 21
ucf/CleanAndJerk/samples/00689.png 21
ucf/CleanAndJerk/samples/00690.png 21
ucf/CleanAndJerk/samples/00691.png 21
ucf/CleanAndJerk/samples/00692.png 21
ucf/CleanAndJerk/samples/00693.png 21
ucf/CleanAndJerk/samples/00694.png 21
ucf/CleanAndJerk/samples/00695.png 21
ucf/CleanAndJerk/samples/00696.png 21
ucf/CleanAndJerk/samples/00697.png 21
ucf/CleanAndJerk/samples/00698.png 21
ucf/CleanAndJerk/samples/00699.png 21
ucf/CleanAndJerk/samples/00700.png 21
ucf/CleanAndJerk/samples/00701.png 21
ucf/CleanAndJerk/samples/00702.png 21
ucf/CleanAndJerk/samples/00703.png 21
ucf/CleanAndJerk/samples/00704.png 21
ucf/CleanAndJerk/samples/00705.png 21
ucf/CleanAndJerk/samples/00706.png 21
ucf/CleanAndJerk/samples/00707.png 21
ucf/CleanAndJerk/samples/00708.png 21
ucf/CleanAndJerk/samples/00709.png 21
ucf/CleanAndJerk/samples/00710.png 21
ucf/CleanAndJerk/samples/00711.png 21
ucf/CleanAndJerk/samples/00712.png 21
ucf/CleanAndJerk/samples/00713.png 21
ucf/CleanAndJerk/samples/00714.png 21
ucf/CleanAndJerk/samples/00715.png 21
ucf/CleanAndJerk/samples/00716.png 21
ucf/CleanAndJerk/samples/00717.png 21
ucf/CleanAndJerk/samples/00718.png 21
ucf/CleanAndJerk/samples/00719.png 21
ucf/CleanAndJerk/samples/00720.png 21
ucf/CleanAndJerk/samples/00721.png 21
ucf/CleanAndJerk/samples/00722.png 21
ucf/CleanAndJerk/samples/00723.png 21
ucf/CleanAndJerk/samples/00724.png 21
ucf/CleanAndJerk/samples/00725.png 21
ucf/CleanAndJerk/samples/00726.png 21
ucf/CleanAndJerk/samples/00727.png 21
ucf/CleanAndJerk/samples/00728.png 21
ucf/CleanAndJerk/samples/00729.png 21
ucf/CleanAndJerk/samples/00730.png 21
ucf/CleanAndJerk/samples/00731.png 21
ucf/CleanAndJerk/samples/00732.png 21
ucf/CleanAndJerk/samples/00733.png 21
ucf/CleanAndJerk/samples/00734.png 21
ucf/CleanAndJerk/samples/00735.png 21
ucf/CleanAndJerk/samples/00736.png 21
ucf/CleanAndJerk/samples/00737.png 21
ucf/CleanAndJerk/samples/00738.png 21
ucf/CleanAndJerk/samples/00739.png 21
ucf/CleanAndJerk/samples/00740.png 21
ucf/CleanAndJerk/samples/00741.png 21
ucf/CleanAndJerk/samples/00742.png 21
ucf/CleanAndJerk/samples/00743.png 21
ucf/CleanAndJerk/samples/00744.png 21
ucf/CleanAndJerk/samples/00745.png 21
ucf/CleanAndJerk/samples/00746.png 21
ucf/CleanAndJerk/samples/00747.png 21
ucf/CleanAndJerk/samples/00748.png 21
ucf/CleanAndJerk/samples/00749.png 21
ucf/CleanAndJerk/samples/00750.png 21
ucf/CleanAndJerk/samples/00751.png 21
ucf/CleanAndJerk/samples/00752.png 21
ucf/CleanAndJerk/samples/00753.png 21
ucf/CleanAndJerk/samples/00754.png 21
ucf/CleanAndJerk/samples/00755.png 21
ucf/CleanAndJerk/samples/00756.png 21
ucf/CleanAndJerk/samples/00757.png 21
ucf/CleanAndJerk/samples/00758.png 21
ucf/CleanAndJerk/samples/00759.png 21
ucf/CleanAndJerk/samples/00760.png 21
ucf/CleanAndJerk/samples/00761.png 21
ucf/CleanAndJerk/samples/00762.png 21
ucf/CleanAndJerk/samples/00763.png 21
ucf/CleanAndJerk/samples/00764.png 21
ucf/CleanAndJerk/samples/00765.png 21
ucf/CleanAndJerk/samples/00766.png 21
ucf/CleanAndJerk/samples/00767.png 21
ucf/CleanAndJerk/samples/00768.png 21
ucf/CleanAndJerk/samples/00769.png 21
ucf/CleanAndJerk/samples/00770.png 21
ucf/CleanAndJerk/samples/00771.png 21
ucf/CleanAndJerk/samples/00772.png 21
ucf/CleanAndJerk/samples/00773.png 21
ucf/CleanAndJerk/samples/00774.png 21
ucf/CleanAndJerk/samples/00775.png 21
ucf/CleanAndJerk/samples/00776.png 21
ucf/CleanAndJerk/samples/00777.png 21
ucf/CleanAndJerk/samples/00778.png 21
ucf/CleanAndJerk/samples/00779.png 21
ucf/CleanAndJerk/samples/00780.png 21
ucf/CleanAndJerk/samples/00781.png 21
ucf/CleanAndJerk/samples/00782.png 21
ucf/CleanAndJerk/samples/00783.png 21
ucf/CleanAndJerk/samples/00784.png 21
ucf/CleanAndJerk/samples/00785.png 21
ucf/CleanAndJerk/samples/00786.png 21
ucf/CleanAndJerk/samples/00787.png 21
ucf/CleanAndJerk/samples/00788.png 21
ucf/CleanAndJerk/samples/00789.png 21
ucf/CleanAndJerk/samples/00790.png 21
ucf/CleanAndJerk/samples/00791.png 21
ucf/CleanAndJerk/samples/00792.png 21
ucf/CleanAndJerk/samples/00793.png 21
ucf/CleanAndJerk/samples/00794.png 21
ucf/CleanAndJerk/samples/00795.png 21
ucf/CleanAndJerk/samples/00796.png 21
ucf/CleanAndJerk/samples/00797.png 21
ucf/CleanAndJerk/samples/00798.png 21
ucf/CleanAndJerk/samples/00799.png 21
ucf/CleanAndJerk/samples/00800.png 21
ucf/CleanAndJerk/samples/00801.png 21
ucf/CleanAndJerk/samples/00802.png 21
ucf/CleanAndJerk/samples/00803.png 21
ucf/CleanAndJerk/samples/00804.png 21
ucf/CleanAndJerk/samples/00805.png 21
ucf/CleanAndJerk/samples/00806.png 21
ucf/CleanAndJerk/samples/00807.png 21
ucf/CleanAndJerk/samples/00808.png 21
ucf/CleanAndJerk/samples/00809.png 21
ucf/CleanAndJerk/samples/00810.png 21
ucf/CleanAndJerk/samples/00811.png 21
ucf/CleanAndJerk/samples/00812.png 21
ucf/CleanAndJerk/samples/00813.png 21
ucf/CleanAndJerk/samples/00814.png 21
ucf/CleanAndJerk/samples/00815.png 21
ucf/CleanAndJerk/samples/00816.png 21
ucf/CleanAndJerk/samples/00817.png 21
ucf/CleanAndJerk/samples/00818.png 21
ucf/CleanAndJerk/samples/00819.png 21
ucf/CleanAndJerk/samples/00820.png 21
ucf/CleanAndJerk/samples/00821.png 21
ucf/CleanAndJerk/samples/00822.png 21
ucf/CleanAndJerk/samples/00823.png 21
ucf/CleanAndJerk/samples/00824.png 21
ucf/CleanAndJerk/samples/00825.png 21
ucf/CleanAndJerk/samples/00826.png 21
ucf/CleanAndJerk/samples/00827.png 21
ucf/CleanAndJerk/samples/00828.png 21
ucf/CleanAndJerk/samples/00829.png 21
ucf/CleanAndJerk/samples/00830.png 21
ucf/CleanAndJerk/samples/00831.png 21
ucf/CleanAndJerk/samples/00832.png 21
ucf/CleanAndJerk/samples/00833.png 21
ucf/CleanAndJerk/samples/00834.png 21
ucf/CleanAndJerk/samples/00835.png 21
ucf/CleanAndJerk/samples/00836.png 21
ucf/CleanAndJerk/samples/00837.png 21
ucf/CleanAndJerk/samples/00838.png 21
ucf/CleanAndJerk/samples/00839.png 21
ucf/CleanAndJerk/samples/00840.png 21
ucf/CleanAndJerk/samples/00841.png 21
ucf/CleanAndJerk/samples/00842.png 21
ucf/CleanAndJerk/samples/00843.png 21
ucf/CleanAndJerk/samples/00844.png 21
ucf/CleanAndJerk/samples/00845.png 21
ucf/CleanAndJerk/samples/00846.png 21
ucf/CleanAndJerk/samples/00847.png 21
ucf/CleanAndJerk/samples/00848.png 21
ucf/CleanAndJerk/samples/00849.png 21
ucf/CleanAndJerk/samples/00850.png 21
ucf/CleanAndJerk/samples/00851.png 21
ucf/CleanAndJerk/samples/00852.png 21
ucf/CleanAndJerk/samples/00853.png 21
ucf/CleanAndJerk/samples/00854.png 21
ucf/CleanAndJerk/samples/00855.png 21
ucf/CleanAndJerk/samples/00856.png 21
ucf/CleanAndJerk/samples/00857.png 21
ucf/CleanAndJerk/samples/00858.png 21
ucf/CleanAndJerk/samples/00859.png 21
ucf/CleanAndJerk/samples/00860.png 21
ucf/CleanAndJerk/samples/00861.png 21
ucf/CleanAndJerk/samples/00862.png 21
ucf/CleanAndJerk/samples/00863.png 21
ucf/CleanAndJerk/samples/00864.png 21
ucf/CleanAndJerk/samples/00865.png 21
ucf/CleanAndJerk/samples/00866.png 21
ucf/CleanAndJerk/samples/00867.png 21
ucf/CleanAndJerk/samples/00868.png 21
ucf/CleanAndJerk/samples/00869.png 21
ucf/CleanAndJerk/samples/00870.png 21
ucf/CleanAndJerk/samples/00871.png 21
ucf/CleanAndJerk/samples/00872.png 21
ucf/CleanAndJerk/samples/00873.png 21
ucf/CleanAndJerk/samples/00874.png 21
ucf/CleanAndJerk/samples/00875.png 21
ucf/CleanAndJerk/samples/00876.png 21
ucf/CleanAndJerk/samples/00877.png 21
ucf/CleanAndJerk/samples/00878.png 21
ucf/CleanAndJerk/samples/00879.png 21
ucf/CleanAndJerk/samples/00880.png 21
ucf/CleanAndJerk/samples/00881.png 21
ucf/CleanAndJerk/samples/00882.png 21
ucf/CleanAndJerk/samples/00883.png 21
ucf/CleanAndJerk/samples/00884.png 21
ucf/CleanAndJerk/samples/00885.png 21
ucf/CleanAndJerk/samples/00886.png 21
ucf/CleanAndJerk/samples/00887.png 21
ucf/CleanAndJerk/samples/00888.png 21
ucf/CleanAndJerk/samples/00889.png 21
ucf/CleanAndJerk/samples/00890.png 21
ucf/CleanAndJerk/samples/00891.png 21
ucf/CleanAndJerk/samples/00892.png 21
ucf/CleanAndJerk/samples/00893.png 21
ucf/CleanAndJerk/samples/00894.png 21
ucf/CleanAndJerk/samples/00895.png 21
ucf/CleanAndJerk/samples/00896.png 21
ucf/CleanAndJerk/samples/00897.png 21
ucf/CleanAndJerk/samples/00898.png 21
ucf/CleanAndJerk/samples/00899.png 21
ucf/CleanAndJerk/samples/00900.png 21
ucf/CleanAndJerk/samples/00901.png 21
ucf/CleanAndJerk/samples/00902.png 21
ucf/CleanAndJerk/samples/00903.png 21
ucf/CleanAndJerk/samples/00904.png 21
ucf/CleanAndJerk/samples/00905.png 21
ucf/CleanAndJerk/samples/00906.png 21
ucf/CleanAndJerk/samples/00907.png 21
ucf/CleanAndJerk/samples/00908.png 21
ucf/CleanAndJerk/samples/00909.png 21
ucf/CleanAndJerk/samples/00910.png 21
ucf/CleanAndJerk/samples/00911.png 21
ucf/CleanAndJerk/samples/00912.png 21
ucf/CleanAndJerk/samples/00913.png 21
ucf/CleanAndJerk/samples/00914.png 21
ucf/CleanAndJerk/samples/00915.png 21
ucf/CleanAndJerk/samples/00916.png 21
ucf/CleanAndJerk/samples/00917.png 21
ucf/CleanAndJerk/samples/00918.png 21
ucf/CleanAndJerk/samples/00919.png 21
ucf/CleanAndJerk/samples/00920.png 21
ucf/CleanAndJerk/samples/00921.png 21
ucf/CleanAndJerk/samples/00922.png 21
ucf/CleanAndJerk/samples/00923.png 21
ucf/CleanAndJerk/samples/00924.png 21
ucf/CleanAndJerk/samples/00925.png 21
ucf/CleanAndJerk/samples/00926.png 21
ucf/CleanAndJerk/samples/00927.png 21
ucf/CleanAndJerk/samples/00928.png 21
ucf/CleanAndJerk/samples/00929.png 21
ucf/CleanAndJerk/samples/00930.png 21
ucf/CleanAndJerk/samples/00931.png 21
ucf/CleanAndJerk/samples/00932.png 21
ucf/CleanAndJerk/samples/00933.png 21
ucf/CleanAndJerk/samples/00934.png 21
ucf/CleanAndJerk/samples/00935.png 21
ucf/CleanAndJerk/samples/00936.png 21
ucf/CleanAndJerk/samples/00937.png 21
ucf/CleanAndJerk/samples/00938.png 21
ucf/CleanAndJerk/samples/00939.png 21
ucf/CleanAndJerk/samples/00940.png 21
ucf/CleanAndJerk/samples/00941.png 21
ucf/CleanAndJerk/samples/00942.png 21
ucf/CleanAndJerk/samples/00943.png 21
ucf/CleanAndJerk/samples/00944.png 21
ucf/CleanAndJerk/samples/00945.png 21
ucf/CleanAndJerk/samples/00946.png 21
ucf/CleanAndJerk/samples/00947.png 21
ucf/CleanAndJerk/samples/00948.png 21
ucf/CleanAndJerk/samples/00949.png 21
ucf/CleanAndJerk/samples/00950.png 21
ucf/CleanAndJerk/samples/00951.png 21
ucf/CleanAndJerk/samples/00952.png 21
ucf/CleanAndJerk/samples/00953.png 21
ucf/CleanAndJerk/samples/00954.png 21
ucf/CleanAndJerk/samples/00955.png 21
ucf/CleanAndJerk/samples/00956.png 21
ucf/CleanAndJerk/samples/00957.png 21
ucf/CleanAndJerk/samples/00958.png 21
ucf/CleanAndJerk/samples/00959.png 21
ucf/CleanAndJerk/samples/00960.png 21
ucf/CleanAndJerk/samples/00961.png 21
ucf/CleanAndJerk/samples/00962.png 21
ucf/CleanAndJerk/samples/00963.png 21
ucf/CleanAndJerk/samples/00964.png 21
ucf/CleanAndJerk/samples/00965.png 21
ucf/CleanAndJerk/samples/00966.png 21
ucf/CleanAndJerk/samples/00967.png 21
ucf/CleanAndJerk/samples/00968.png 21
ucf/CleanAndJerk/samples/00969.png 21
ucf/CleanAndJerk/samples/00970.png 21
ucf/CleanAndJerk/samples/00971.png 21
ucf/CleanAndJerk/samples/00972.png 21
ucf/CleanAndJerk/samples/00973.png 21
ucf/CleanAndJerk/samples/00974.png 21
ucf/CleanAndJerk/samples/00975.png 21
ucf/CleanAndJerk/samples/00976.png 21
ucf/CleanAndJerk/samples/00977.png 21
ucf/CleanAndJerk/samples/00978.png 21
ucf/CleanAndJerk/samples/00979.png 21
ucf/CleanAndJerk/samples/00980.png 21
ucf/CleanAndJerk/samples/00981.png 21
ucf/CleanAndJerk/samples/00982.png 21
ucf/CleanAndJerk/samples/00983.png 21
ucf/CleanAndJerk/samples/00984.png 21
ucf/CleanAndJerk/samples/00985.png 21
ucf/CleanAndJerk/samples/00986.png 21
ucf/CleanAndJerk/samples/00987.png 21
ucf/CleanAndJerk/samples/00988.png 21
ucf/CleanAndJerk/samples/00989.png 21
ucf/CleanAndJerk/samples/00990.png 21
ucf/CleanAndJerk/samples/00991.png 21
ucf/CleanAndJerk/samples/00992.png 21
ucf/CleanAndJerk/samples/00993.png 21
ucf/CleanAndJerk/samples/00994.png 21
ucf/CleanAndJerk/samples/00995.png 21
ucf/CleanAndJerk/samples/00996.png 21
ucf/CleanAndJerk/samples/00997.png 21
ucf/CleanAndJerk/samples/00998.png 21
ucf/CleanAndJerk/samples/00999.png 21
ucf/TrampolineJumping/samples/00000.png 94
ucf/TrampolineJumping/samples/00001.png 94
ucf/TrampolineJumping/samples/00002.png 94
ucf/TrampolineJumping/samples/00003.png 94
ucf/TrampolineJumping/samples/00004.png 94
ucf/TrampolineJumping/samples/00005.png 94
ucf/TrampolineJumping/samples/00006.png 94
ucf/TrampolineJumping/samples/00007.png 94
ucf/TrampolineJumping/samples/00008.png 94
ucf/TrampolineJumping/samples/00009.png 94
ucf/TrampolineJumping/samples/00010.png 94
ucf/TrampolineJumping/samples/00011.png 94
ucf/TrampolineJumping/samples/00012.png 94
ucf/TrampolineJumping/samples/00013.png 94
ucf/TrampolineJumping/samples/00014.png 94
ucf/TrampolineJumping/samples/00015.png 94
ucf/TrampolineJumping/samples/00016.png 94
ucf/TrampolineJumping/samples/00017.png 94
ucf/TrampolineJumping/samples/00018.png 94
ucf/TrampolineJumping/samples/00019.png 94
ucf/TrampolineJumping/samples/00020.png 94
ucf/TrampolineJumping/samples/00021.png 94
ucf/TrampolineJumping/samples/00022.png 94
ucf/TrampolineJumping/samples/00023.png 94
ucf/TrampolineJumping/samples/00024.png 94
ucf/TrampolineJumping/samples/00025.png 94
ucf/TrampolineJumping/samples/00026.png 94
ucf/TrampolineJumping/samples/00027.png 94
ucf/TrampolineJumping/samples/00028.png 94
ucf/TrampolineJumping/samples/00029.png 94
ucf/TrampolineJumping/samples/00030.png 94
ucf/TrampolineJumping/samples/00031.png 94
ucf/TrampolineJumping/samples/00032.png 94
ucf/TrampolineJumping/samples/00033.png 94
ucf/TrampolineJumping/samples/00034.png 94
ucf/TrampolineJumping/samples/00035.png 94
ucf/TrampolineJumping/samples/00036.png 94
ucf/TrampolineJumping/samples/00037.png 94
ucf/TrampolineJumping/samples/00038.png 94
ucf/TrampolineJumping/samples/00039.png 94
ucf/TrampolineJumping/samples/00040.png 94
ucf/TrampolineJumping/samples/00041.png 94
ucf/TrampolineJumping/samples/00042.png 94
ucf/TrampolineJumping/samples/00043.png 94
ucf/TrampolineJumping/samples/00044.png 94
ucf/TrampolineJumping/samples/00045.png 94
ucf/TrampolineJumping/samples/00046.png 94
ucf/TrampolineJumping/samples/00047.png 94
ucf/TrampolineJumping/samples/00048.png 94
ucf/TrampolineJumping/samples/00049.png 94
ucf/TrampolineJumping/samples/00050.png 94
ucf/TrampolineJumping/samples/00051.png 94
ucf/TrampolineJumping/samples/00052.png 94
ucf/TrampolineJumping/samples/00053.png 94
ucf/TrampolineJumping/samples/00054.png 94
ucf/TrampolineJumping/samples/00055.png 94
ucf/TrampolineJumping/samples/00056.png 94
ucf/TrampolineJumping/samples/00057.png 94
ucf/TrampolineJumping/samples/00058.png 94
ucf/TrampolineJumping/samples/00059.png 94
ucf/TrampolineJumping/samples/00060.png 94
ucf/TrampolineJumping/samples/00061.png 94
ucf/TrampolineJumping/samples/00062.png 94
ucf/TrampolineJumping/samples/00063.png 94
ucf/TrampolineJumping/samples/00064.png 94
ucf/TrampolineJumping/samples/00065.png 94
ucf/TrampolineJumping/samples/00066.png 94
ucf/TrampolineJumping/samples/00067.png 94
ucf/TrampolineJumping/samples/00068.png 94
ucf/TrampolineJumping/samples/00069.png 94
ucf/TrampolineJumping/samples/00070.png 94
ucf/TrampolineJumping/samples/00071.png 94
ucf/TrampolineJumping/samples/00072.png 94
ucf/TrampolineJumping/samples/00073.png 94
ucf/TrampolineJumping/samples/00074.png 94
ucf/TrampolineJumping/samples/00075.png 94
ucf/TrampolineJumping/samples/00076.png 94
ucf/TrampolineJumping/samples/00077.png 94
ucf/TrampolineJumping/samples/00078.png 94
ucf/TrampolineJumping/samples/00079.png 94
ucf/TrampolineJumping/samples/00080.png 94
ucf/TrampolineJumping/samples/00081.png 94
ucf/TrampolineJumping/samples/00082.png 94
ucf/TrampolineJumping/samples/00083.png 94
ucf/TrampolineJumping/samples/00084.png 94
ucf/TrampolineJumping/samples/00085.png 94
ucf/TrampolineJumping/samples/00086.png 94
ucf/TrampolineJumping/samples/00087.png 94
ucf/TrampolineJumping/samples/00088.png 94
ucf/TrampolineJumping/samples/00089.png 94
ucf/TrampolineJumping/samples/00090.png 94
ucf/TrampolineJumping/samples/00091.png 94
ucf/TrampolineJumping/samples/00092.png 94
ucf/TrampolineJumping/samples/00093.png 94
ucf/TrampolineJumping/samples/00094.png 94
ucf/TrampolineJumping/samples/00095.png 94
ucf/TrampolineJumping/samples/00096.png 94
ucf/TrampolineJumping/samples/00097.png 94
ucf/TrampolineJumping/samples/00098.png 94
ucf/TrampolineJumping/samples/00099.png 94
ucf/TrampolineJumping/samples/00100.png 94
ucf/TrampolineJumping/samples/00101.png 94
ucf/TrampolineJumping/samples/00102.png 94
ucf/TrampolineJumping/samples/00103.png 94
ucf/TrampolineJumping/samples/00104.png 94
ucf/TrampolineJumping/samples/00105.png 94
ucf/TrampolineJumping/samples/00106.png 94
ucf/TrampolineJumping/samples/00107.png 94
ucf/TrampolineJumping/samples/00108.png 94
ucf/TrampolineJumping/samples/00109.png 94
ucf/TrampolineJumping/samples/00110.png 94
ucf/TrampolineJumping/samples/00111.png 94
ucf/TrampolineJumping/samples/00112.png 94
ucf/TrampolineJumping/samples/00113.png 94
ucf/TrampolineJumping/samples/00114.png 94
ucf/TrampolineJumping/samples/00115.png 94
ucf/TrampolineJumping/samples/00116.png 94
ucf/TrampolineJumping/samples/00117.png 94
ucf/TrampolineJumping/samples/00118.png 94
ucf/TrampolineJumping/samples/00119.png 94
ucf/TrampolineJumping/samples/00120.png 94
ucf/TrampolineJumping/samples/00121.png 94
ucf/TrampolineJumping/samples/00122.png 94
ucf/TrampolineJumping/samples/00123.png 94
ucf/TrampolineJumping/samples/00124.png 94
ucf/TrampolineJumping/samples/00125.png 94
ucf/TrampolineJumping/samples/00126.png 94
ucf/TrampolineJumping/samples/00127.png 94
ucf/TrampolineJumping/samples/00128.png 94
ucf/TrampolineJumping/samples/00129.png 94
ucf/TrampolineJumping/samples/00130.png 94
ucf/TrampolineJumping/samples/00131.png 94
ucf/TrampolineJumping/samples/00132.png 94
ucf/TrampolineJumping/samples/00133.png 94
ucf/TrampolineJumping/samples/00134.png 94
ucf/TrampolineJumping/samples/00135.png 94
ucf/TrampolineJumping/samples/00136.png 94
ucf/TrampolineJumping/samples/00137.png 94
ucf/TrampolineJumping/samples/00138.png 94
ucf/TrampolineJumping/samples/00139.png 94
ucf/TrampolineJumping/samples/00140.png 94
ucf/TrampolineJumping/samples/00141.png 94
ucf/TrampolineJumping/samples/00142.png 94
ucf/TrampolineJumping/samples/00143.png 94
ucf/TrampolineJumping/samples/00144.png 94
ucf/TrampolineJumping/samples/00145.png 94
ucf/TrampolineJumping/samples/00146.png 94
ucf/TrampolineJumping/samples/00147.png 94
ucf/TrampolineJumping/samples/00148.png 94
ucf/TrampolineJumping/samples/00149.png 94
ucf/TrampolineJumping/samples/00150.png 94
ucf/TrampolineJumping/samples/00151.png 94
ucf/TrampolineJumping/samples/00152.png 94
ucf/TrampolineJumping/samples/00153.png 94
ucf/TrampolineJumping/samples/00154.png 94
ucf/TrampolineJumping/samples/00155.png 94
ucf/TrampolineJumping/samples/00156.png 94
ucf/TrampolineJumping/samples/00157.png 94
ucf/TrampolineJumping/samples/00158.png 94
ucf/TrampolineJumping/samples/00159.png 94
ucf/TrampolineJumping/samples/00160.png 94
ucf/TrampolineJumping/samples/00161.png 94
ucf/TrampolineJumping/samples/00162.png 94
ucf/TrampolineJumping/samples/00163.png 94
ucf/TrampolineJumping/samples/00164.png 94
ucf/TrampolineJumping/samples/00165.png 94
ucf/TrampolineJumping/samples/00166.png 94
ucf/TrampolineJumping/samples/00167.png 94
ucf/TrampolineJumping/samples/00168.png 94
ucf/TrampolineJumping/samples/00169.png 94
ucf/TrampolineJumping/samples/00170.png 94
ucf/TrampolineJumping/samples/00171.png 94
ucf/TrampolineJumping/samples/00172.png 94
ucf/TrampolineJumping/samples/00173.png 94
ucf/TrampolineJumping/samples/00174.png 94
ucf/TrampolineJumping/samples/00175.png 94
ucf/TrampolineJumping/samples/00176.png 94
ucf/TrampolineJumping/samples/00177.png 94
ucf/TrampolineJumping/samples/00178.png 94
ucf/TrampolineJumping/samples/00179.png 94
ucf/TrampolineJumping/samples/00180.png 94
ucf/TrampolineJumping/samples/00181.png 94
ucf/TrampolineJumping/samples/00182.png 94
ucf/TrampolineJumping/samples/00183.png 94
ucf/TrampolineJumping/samples/00184.png 94
ucf/TrampolineJumping/samples/00185.png 94
ucf/TrampolineJumping/samples/00186.png 94
ucf/TrampolineJumping/samples/00187.png 94
ucf/TrampolineJumping/samples/00188.png 94
ucf/TrampolineJumping/samples/00189.png 94
ucf/TrampolineJumping/samples/00190.png 94
ucf/TrampolineJumping/samples/00191.png 94
ucf/TrampolineJumping/samples/00192.png 94
ucf/TrampolineJumping/samples/00193.png 94
ucf/TrampolineJumping/samples/00194.png 94
ucf/TrampolineJumping/samples/00195.png 94
ucf/TrampolineJumping/samples/00196.png 94
ucf/TrampolineJumping/samples/00197.png 94
ucf/TrampolineJumping/samples/00198.png 94
ucf/TrampolineJumping/samples/00199.png 94
ucf/TrampolineJumping/samples/00200.png 94
ucf/TrampolineJumping/samples/00201.png 94
ucf/TrampolineJumping/samples/00202.png 94
ucf/TrampolineJumping/samples/00203.png 94
ucf/TrampolineJumping/samples/00204.png 94
ucf/TrampolineJumping/samples/00205.png 94
ucf/TrampolineJumping/samples/00206.png 94
ucf/TrampolineJumping/samples/00207.png 94
ucf/TrampolineJumping/samples/00208.png 94
ucf/TrampolineJumping/samples/00209.png 94
ucf/TrampolineJumping/samples/00210.png 94
ucf/TrampolineJumping/samples/00211.png 94
ucf/TrampolineJumping/samples/00212.png 94
ucf/TrampolineJumping/samples/00213.png 94
ucf/TrampolineJumping/samples/00214.png 94
ucf/TrampolineJumping/samples/00215.png 94
ucf/TrampolineJumping/samples/00216.png 94
ucf/TrampolineJumping/samples/00217.png 94
ucf/TrampolineJumping/samples/00218.png 94
ucf/TrampolineJumping/samples/00219.png 94
ucf/TrampolineJumping/samples/00220.png 94
ucf/TrampolineJumping/samples/00221.png 94
ucf/TrampolineJumping/samples/00222.png 94
ucf/TrampolineJumping/samples/00223.png 94
ucf/TrampolineJumping/samples/00224.png 94
ucf/TrampolineJumping/samples/00225.png 94
ucf/TrampolineJumping/samples/00226.png 94
ucf/TrampolineJumping/samples/00227.png 94
ucf/TrampolineJumping/samples/00228.png 94
ucf/TrampolineJumping/samples/00229.png 94
ucf/TrampolineJumping/samples/00230.png 94
ucf/TrampolineJumping/samples/00231.png 94
ucf/TrampolineJumping/samples/00232.png 94
ucf/TrampolineJumping/samples/00233.png 94
ucf/TrampolineJumping/samples/00234.png 94
ucf/TrampolineJumping/samples/00235.png 94
ucf/TrampolineJumping/samples/00236.png 94
ucf/TrampolineJumping/samples/00237.png 94
ucf/TrampolineJumping/samples/00238.png 94
ucf/TrampolineJumping/samples/00239.png 94
ucf/TrampolineJumping/samples/00240.png 94
ucf/TrampolineJumping/samples/00241.png 94
ucf/TrampolineJumping/samples/00242.png 94
ucf/TrampolineJumping/samples/00243.png 94
ucf/TrampolineJumping/samples/00244.png 94
ucf/TrampolineJumping/samples/00245.png 94
ucf/TrampolineJumping/samples/00246.png 94
ucf/TrampolineJumping/samples/00247.png 94
ucf/TrampolineJumping/samples/00248.png 94
ucf/TrampolineJumping/samples/00249.png 94
ucf/TrampolineJumping/samples/00250.png 94
ucf/TrampolineJumping/samples/00251.png 94
ucf/TrampolineJumping/samples/00252.png 94
ucf/TrampolineJumping/samples/00253.png 94
ucf/TrampolineJumping/samples/00254.png 94
ucf/TrampolineJumping/samples/00255.png 94
ucf/TrampolineJumping/samples/00256.png 94
ucf/TrampolineJumping/samples/00257.png 94
ucf/TrampolineJumping/samples/00258.png 94
ucf/TrampolineJumping/samples/00259.png 94
ucf/TrampolineJumping/samples/00260.png 94
ucf/TrampolineJumping/samples/00261.png 94
ucf/TrampolineJumping/samples/00262.png 94
ucf/TrampolineJumping/samples/00263.png 94
ucf/TrampolineJumping/samples/00264.png 94
ucf/TrampolineJumping/samples/00265.png 94
ucf/TrampolineJumping/samples/00266.png 94
ucf/TrampolineJumping/samples/00267.png 94
ucf/TrampolineJumping/samples/00268.png 94
ucf/TrampolineJumping/samples/00269.png 94
ucf/TrampolineJumping/samples/00270.png 94
ucf/TrampolineJumping/samples/00271.png 94
ucf/TrampolineJumping/samples/00272.png 94
ucf/TrampolineJumping/samples/00273.png 94
ucf/TrampolineJumping/samples/00274.png 94
ucf/TrampolineJumping/samples/00275.png 94
ucf/TrampolineJumping/samples/00276.png 94
ucf/TrampolineJumping/samples/00277.png 94
ucf/TrampolineJumping/samples/00278.png 94
ucf/TrampolineJumping/samples/00279.png 94
ucf/TrampolineJumping/samples/00280.png 94
ucf/TrampolineJumping/samples/00281.png 94
ucf/TrampolineJumping/samples/00282.png 94
ucf/TrampolineJumping/samples/00283.png 94
ucf/TrampolineJumping/samples/00284.png 94
ucf/TrampolineJumping/samples/00285.png 94
ucf/TrampolineJumping/samples/00286.png 94
ucf/TrampolineJumping/samples/00287.png 94
ucf/TrampolineJumping/samples/00288.png 94
ucf/TrampolineJumping/samples/00289.png 94
ucf/TrampolineJumping/samples/00290.png 94
ucf/TrampolineJumping/samples/00291.png 94
ucf/TrampolineJumping/samples/00292.png 94
ucf/TrampolineJumping/samples/00293.png 94
ucf/TrampolineJumping/samples/00294.png 94
ucf/TrampolineJumping/samples/00295.png 94
ucf/TrampolineJumping/samples/00296.png 94
ucf/TrampolineJumping/samples/00297.png 94
ucf/TrampolineJumping/samples/00298.png 94
ucf/TrampolineJumping/samples/00299.png 94
ucf/TrampolineJumping/samples/00300.png 94
ucf/TrampolineJumping/samples/00301.png 94
ucf/TrampolineJumping/samples/00302.png 94
ucf/TrampolineJumping/samples/00303.png 94
ucf/TrampolineJumping/samples/00304.png 94
ucf/TrampolineJumping/samples/00305.png 94
ucf/TrampolineJumping/samples/00306.png 94
ucf/TrampolineJumping/samples/00307.png 94
ucf/TrampolineJumping/samples/00308.png 94
ucf/TrampolineJumping/samples/00309.png 94
ucf/TrampolineJumping/samples/00310.png 94
ucf/TrampolineJumping/samples/00311.png 94
ucf/TrampolineJumping/samples/00312.png 94
ucf/TrampolineJumping/samples/00313.png 94
ucf/TrampolineJumping/samples/00314.png 94
ucf/TrampolineJumping/samples/00315.png 94
ucf/TrampolineJumping/samples/00316.png 94
ucf/TrampolineJumping/samples/00317.png 94
ucf/TrampolineJumping/samples/00318.png 94
ucf/TrampolineJumping/samples/00319.png 94
ucf/TrampolineJumping/samples/00320.png 94
ucf/TrampolineJumping/samples/00321.png 94
ucf/TrampolineJumping/samples/00322.png 94
ucf/TrampolineJumping/samples/00323.png 94
ucf/TrampolineJumping/samples/00324.png 94
ucf/TrampolineJumping/samples/00325.png 94
ucf/TrampolineJumping/samples/00326.png 94
ucf/TrampolineJumping/samples/00327.png 94
ucf/TrampolineJumping/samples/00328.png 94
ucf/TrampolineJumping/samples/00329.png 94
ucf/TrampolineJumping/samples/00330.png 94
ucf/TrampolineJumping/samples/00331.png 94
ucf/TrampolineJumping/samples/00332.png 94
ucf/TrampolineJumping/samples/00333.png 94
ucf/TrampolineJumping/samples/00334.png 94
ucf/TrampolineJumping/samples/00335.png 94
ucf/TrampolineJumping/samples/00336.png 94
ucf/TrampolineJumping/samples/00337.png 94
ucf/TrampolineJumping/samples/00338.png 94
ucf/TrampolineJumping/samples/00339.png 94
ucf/TrampolineJumping/samples/00340.png 94
ucf/TrampolineJumping/samples/00341.png 94
ucf/TrampolineJumping/samples/00342.png 94
ucf/TrampolineJumping/samples/00343.png 94
ucf/TrampolineJumping/samples/00344.png 94
ucf/TrampolineJumping/samples/00345.png 94
ucf/TrampolineJumping/samples/00346.png 94
ucf/TrampolineJumping/samples/00347.png 94
ucf/TrampolineJumping/samples/00348.png 94
ucf/TrampolineJumping/samples/00349.png 94
ucf/TrampolineJumping/samples/00350.png 94
ucf/TrampolineJumping/samples/00351.png 94
ucf/TrampolineJumping/samples/00352.png 94
ucf/TrampolineJumping/samples/00353.png 94
ucf/TrampolineJumping/samples/00354.png 94
ucf/TrampolineJumping/samples/00355.png 94
ucf/TrampolineJumping/samples/00356.png 94
ucf/TrampolineJumping/samples/00357.png 94
ucf/TrampolineJumping/samples/00358.png 94
ucf/TrampolineJumping/samples/00359.png 94
ucf/TrampolineJumping/samples/00360.png 94
ucf/TrampolineJumping/samples/00361.png 94
ucf/TrampolineJumping/samples/00362.png 94
ucf/TrampolineJumping/samples/00363.png 94
ucf/TrampolineJumping/samples/00364.png 94
ucf/TrampolineJumping/samples/00365.png 94
ucf/TrampolineJumping/samples/00366.png 94
ucf/TrampolineJumping/samples/00367.png 94
ucf/TrampolineJumping/samples/00368.png 94
ucf/TrampolineJumping/samples/00369.png 94
ucf/TrampolineJumping/samples/00370.png 94
ucf/TrampolineJumping/samples/00371.png 94
ucf/TrampolineJumping/samples/00372.png 94
ucf/TrampolineJumping/samples/00373.png 94
ucf/TrampolineJumping/samples/00374.png 94
ucf/TrampolineJumping/samples/00375.png 94
ucf/TrampolineJumping/samples/00376.png 94
ucf/TrampolineJumping/samples/00377.png 94
ucf/TrampolineJumping/samples/00378.png 94
ucf/TrampolineJumping/samples/00379.png 94
ucf/TrampolineJumping/samples/00380.png 94
ucf/TrampolineJumping/samples/00381.png 94
ucf/TrampolineJumping/samples/00382.png 94
ucf/TrampolineJumping/samples/00383.png 94
ucf/TrampolineJumping/samples/00384.png 94
ucf/TrampolineJumping/samples/00385.png 94
ucf/TrampolineJumping/samples/00386.png 94
ucf/TrampolineJumping/samples/00387.png 94
ucf/TrampolineJumping/samples/00388.png 94
ucf/TrampolineJumping/samples/00389.png 94
ucf/TrampolineJumping/samples/00390.png 94
ucf/TrampolineJumping/samples/00391.png 94
ucf/TrampolineJumping/samples/00392.png 94
ucf/TrampolineJumping/samples/00393.png 94
ucf/TrampolineJumping/samples/00394.png 94
ucf/TrampolineJumping/samples/00395.png 94
ucf/TrampolineJumping/samples/00396.png 94
ucf/TrampolineJumping/samples/00397.png 94
ucf/TrampolineJumping/samples/00398.png 94
ucf/TrampolineJumping/samples/00399.png 94
ucf/TrampolineJumping/samples/00400.png 94
ucf/TrampolineJumping/samples/00401.png 94
ucf/TrampolineJumping/samples/00402.png 94
ucf/TrampolineJumping/samples/00403.png 94
ucf/TrampolineJumping/samples/00404.png 94
ucf/TrampolineJumping/samples/00405.png 94
ucf/TrampolineJumping/samples/00406.png 94
ucf/TrampolineJumping/samples/00407.png 94
ucf/TrampolineJumping/samples/00408.png 94
ucf/TrampolineJumping/samples/00409.png 94
ucf/TrampolineJumping/samples/00410.png 94
ucf/TrampolineJumping/samples/00411.png 94
ucf/TrampolineJumping/samples/00412.png 94
ucf/TrampolineJumping/samples/00413.png 94
ucf/TrampolineJumping/samples/00414.png 94
ucf/TrampolineJumping/samples/00415.png 94
ucf/TrampolineJumping/samples/00416.png 94
ucf/TrampolineJumping/samples/00417.png 94
ucf/TrampolineJumping/samples/00418.png 94
ucf/TrampolineJumping/samples/00419.png 94
ucf/TrampolineJumping/samples/00420.png 94
ucf/TrampolineJumping/samples/00421.png 94
ucf/TrampolineJumping/samples/00422.png 94
ucf/TrampolineJumping/samples/00423.png 94
ucf/TrampolineJumping/samples/00424.png 94
ucf/TrampolineJumping/samples/00425.png 94
ucf/TrampolineJumping/samples/00426.png 94
ucf/TrampolineJumping/samples/00427.png 94
ucf/TrampolineJumping/samples/00428.png 94
ucf/TrampolineJumping/samples/00429.png 94
ucf/TrampolineJumping/samples/00430.png 94
ucf/TrampolineJumping/samples/00431.png 94
ucf/TrampolineJumping/samples/00432.png 94
ucf/TrampolineJumping/samples/00433.png 94
ucf/TrampolineJumping/samples/00434.png 94
ucf/TrampolineJumping/samples/00435.png 94
ucf/TrampolineJumping/samples/00436.png 94
ucf/TrampolineJumping/samples/00437.png 94
ucf/TrampolineJumping/samples/00438.png 94
ucf/TrampolineJumping/samples/00439.png 94
ucf/TrampolineJumping/samples/00440.png 94
ucf/TrampolineJumping/samples/00441.png 94
ucf/TrampolineJumping/samples/00442.png 94
ucf/TrampolineJumping/samples/00443.png 94
ucf/TrampolineJumping/samples/00444.png 94
ucf/TrampolineJumping/samples/00445.png 94
ucf/TrampolineJumping/samples/00446.png 94
ucf/TrampolineJumping/samples/00447.png 94
ucf/TrampolineJumping/samples/00448.png 94
ucf/TrampolineJumping/samples/00449.png 94
ucf/TrampolineJumping/samples/00450.png 94
ucf/TrampolineJumping/samples/00451.png 94
ucf/TrampolineJumping/samples/00452.png 94
ucf/TrampolineJumping/samples/00453.png 94
ucf/TrampolineJumping/samples/00454.png 94
ucf/TrampolineJumping/samples/00455.png 94
ucf/TrampolineJumping/samples/00456.png 94
ucf/TrampolineJumping/samples/00457.png 94
ucf/TrampolineJumping/samples/00458.png 94
ucf/TrampolineJumping/samples/00459.png 94
ucf/TrampolineJumping/samples/00460.png 94
ucf/TrampolineJumping/samples/00461.png 94
ucf/TrampolineJumping/samples/00462.png 94
ucf/TrampolineJumping/samples/00463.png 94
ucf/TrampolineJumping/samples/00464.png 94
ucf/TrampolineJumping/samples/00465.png 94
ucf/TrampolineJumping/samples/00466.png 94
ucf/TrampolineJumping/samples/00467.png 94
ucf/TrampolineJumping/samples/00468.png 94
ucf/TrampolineJumping/samples/00469.png 94
ucf/TrampolineJumping/samples/00470.png 94
ucf/TrampolineJumping/samples/00471.png 94
ucf/TrampolineJumping/samples/00472.png 94
ucf/TrampolineJumping/samples/00473.png 94
ucf/TrampolineJumping/samples/00474.png 94
ucf/TrampolineJumping/samples/00475.png 94
ucf/TrampolineJumping/samples/00476.png 94
ucf/TrampolineJumping/samples/00477.png 94
ucf/TrampolineJumping/samples/00478.png 94
ucf/TrampolineJumping/samples/00479.png 94
ucf/TrampolineJumping/samples/00480.png 94
ucf/TrampolineJumping/samples/00481.png 94
ucf/TrampolineJumping/samples/00482.png 94
ucf/TrampolineJumping/samples/00483.png 94
ucf/TrampolineJumping/samples/00484.png 94
ucf/TrampolineJumping/samples/00485.png 94
ucf/TrampolineJumping/samples/00486.png 94
ucf/TrampolineJumping/samples/00487.png 94
ucf/TrampolineJumping/samples/00488.png 94
ucf/TrampolineJumping/samples/00489.png 94
ucf/TrampolineJumping/samples/00490.png 94
ucf/TrampolineJumping/samples/00491.png 94
ucf/TrampolineJumping/samples/00492.png 94
ucf/TrampolineJumping/samples/00493.png 94
ucf/TrampolineJumping/samples/00494.png 94
ucf/TrampolineJumping/samples/00495.png 94
ucf/TrampolineJumping/samples/00496.png 94
ucf/TrampolineJumping/samples/00497.png 94
ucf/TrampolineJumping/samples/00498.png 94
ucf/TrampolineJumping/samples/00499.png 94
ucf/TrampolineJumping/samples/00500.png 94
ucf/TrampolineJumping/samples/00501.png 94
ucf/TrampolineJumping/samples/00502.png 94
ucf/TrampolineJumping/samples/00503.png 94
ucf/TrampolineJumping/samples/00504.png 94
ucf/TrampolineJumping/samples/00505.png 94
ucf/TrampolineJumping/samples/00506.png 94
ucf/TrampolineJumping/samples/00507.png 94
ucf/TrampolineJumping/samples/00508.png 94
ucf/TrampolineJumping/samples/00509.png 94
ucf/TrampolineJumping/samples/00510.png 94
ucf/TrampolineJumping/samples/00511.png 94
ucf/TrampolineJumping/samples/00512.png 94
ucf/TrampolineJumping/samples/00513.png 94
ucf/TrampolineJumping/samples/00514.png 94
ucf/TrampolineJumping/samples/00515.png 94
ucf/TrampolineJumping/samples/00516.png 94
ucf/TrampolineJumping/samples/00517.png 94
ucf/TrampolineJumping/samples/00518.png 94
ucf/TrampolineJumping/samples/00519.png 94
ucf/TrampolineJumping/samples/00520.png 94
ucf/TrampolineJumping/samples/00521.png 94
ucf/TrampolineJumping/samples/00522.png 94
ucf/TrampolineJumping/samples/00523.png 94
ucf/TrampolineJumping/samples/00524.png 94
ucf/TrampolineJumping/samples/00525.png 94
ucf/TrampolineJumping/samples/00526.png 94
ucf/TrampolineJumping/samples/00527.png 94
ucf/TrampolineJumping/samples/00528.png 94
ucf/TrampolineJumping/samples/00529.png 94
ucf/TrampolineJumping/samples/00530.png 94
ucf/TrampolineJumping/samples/00531.png 94
ucf/TrampolineJumping/samples/00532.png 94
ucf/TrampolineJumping/samples/00533.png 94
ucf/TrampolineJumping/samples/00534.png 94
ucf/TrampolineJumping/samples/00535.png 94
ucf/TrampolineJumping/samples/00536.png 94
ucf/TrampolineJumping/samples/00537.png 94
ucf/TrampolineJumping/samples/00538.png 94
ucf/TrampolineJumping/samples/00539.png 94
ucf/TrampolineJumping/samples/00540.png 94
ucf/TrampolineJumping/samples/00541.png 94
ucf/TrampolineJumping/samples/00542.png 94
ucf/TrampolineJumping/samples/00543.png 94
ucf/TrampolineJumping/samples/00544.png 94
ucf/TrampolineJumping/samples/00545.png 94
ucf/TrampolineJumping/samples/00546.png 94
ucf/TrampolineJumping/samples/00547.png 94
ucf/TrampolineJumping/samples/00548.png 94
ucf/TrampolineJumping/samples/00549.png 94
ucf/TrampolineJumping/samples/00550.png 94
ucf/TrampolineJumping/samples/00551.png 94
ucf/TrampolineJumping/samples/00552.png 94
ucf/TrampolineJumping/samples/00553.png 94
ucf/TrampolineJumping/samples/00554.png 94
ucf/TrampolineJumping/samples/00555.png 94
ucf/TrampolineJumping/samples/00556.png 94
ucf/TrampolineJumping/samples/00557.png 94
ucf/TrampolineJumping/samples/00558.png 94
ucf/TrampolineJumping/samples/00559.png 94
ucf/TrampolineJumping/samples/00560.png 94
ucf/TrampolineJumping/samples/00561.png 94
ucf/TrampolineJumping/samples/00562.png 94
ucf/TrampolineJumping/samples/00563.png 94
ucf/TrampolineJumping/samples/00564.png 94
ucf/TrampolineJumping/samples/00565.png 94
ucf/TrampolineJumping/samples/00566.png 94
ucf/TrampolineJumping/samples/00567.png 94
ucf/TrampolineJumping/samples/00568.png 94
ucf/TrampolineJumping/samples/00569.png 94
ucf/TrampolineJumping/samples/00570.png 94
ucf/TrampolineJumping/samples/00571.png 94
ucf/TrampolineJumping/samples/00572.png 94
ucf/TrampolineJumping/samples/00573.png 94
ucf/TrampolineJumping/samples/00574.png 94
ucf/TrampolineJumping/samples/00575.png 94
ucf/TrampolineJumping/samples/00576.png 94
ucf/TrampolineJumping/samples/00577.png 94
ucf/TrampolineJumping/samples/00578.png 94
ucf/TrampolineJumping/samples/00579.png 94
ucf/TrampolineJumping/samples/00580.png 94
ucf/TrampolineJumping/samples/00581.png 94
ucf/TrampolineJumping/samples/00582.png 94
ucf/TrampolineJumping/samples/00583.png 94
ucf/TrampolineJumping/samples/00584.png 94
ucf/TrampolineJumping/samples/00585.png 94
ucf/TrampolineJumping/samples/00586.png 94
ucf/TrampolineJumping/samples/00587.png 94
ucf/TrampolineJumping/samples/00588.png 94
ucf/TrampolineJumping/samples/00589.png 94
ucf/TrampolineJumping/samples/00590.png 94
ucf/TrampolineJumping/samples/00591.png 94
ucf/TrampolineJumping/samples/00592.png 94
ucf/TrampolineJumping/samples/00593.png 94
ucf/TrampolineJumping/samples/00594.png 94
ucf/TrampolineJumping/samples/00595.png 94
ucf/TrampolineJumping/samples/00596.png 94
ucf/TrampolineJumping/samples/00597.png 94
ucf/TrampolineJumping/samples/00598.png 94
ucf/TrampolineJumping/samples/00599.png 94
ucf/TrampolineJumping/samples/00600.png 94
ucf/TrampolineJumping/samples/00601.png 94
ucf/TrampolineJumping/samples/00602.png 94
ucf/TrampolineJumping/samples/00603.png 94
ucf/TrampolineJumping/samples/00604.png 94
ucf/TrampolineJumping/samples/00605.png 94
ucf/TrampolineJumping/samples/00606.png 94
ucf/TrampolineJumping/samples/00607.png 94
ucf/TrampolineJumping/samples/00608.png 94
ucf/TrampolineJumping/samples/00609.png 94
ucf/TrampolineJumping/samples/00610.png 94
ucf/TrampolineJumping/samples/00611.png 94
ucf/TrampolineJumping/samples/00612.png 94
ucf/TrampolineJumping/samples/00613.png 94
ucf/TrampolineJumping/samples/00614.png 94
ucf/TrampolineJumping/samples/00615.png 94
ucf/TrampolineJumping/samples/00616.png 94
ucf/TrampolineJumping/samples/00617.png 94
ucf/TrampolineJumping/samples/00618.png 94
ucf/TrampolineJumping/samples/00619.png 94
ucf/TrampolineJumping/samples/00620.png 94
ucf/TrampolineJumping/samples/00621.png 94
ucf/TrampolineJumping/samples/00622.png 94
ucf/TrampolineJumping/samples/00623.png 94
ucf/TrampolineJumping/samples/00624.png 94
ucf/TrampolineJumping/samples/00625.png 94
ucf/TrampolineJumping/samples/00626.png 94
ucf/TrampolineJumping/samples/00627.png 94
ucf/TrampolineJumping/samples/00628.png 94
ucf/TrampolineJumping/samples/00629.png 94
ucf/TrampolineJumping/samples/00630.png 94
ucf/TrampolineJumping/samples/00631.png 94
ucf/TrampolineJumping/samples/00632.png 94
ucf/TrampolineJumping/samples/00633.png 94
ucf/TrampolineJumping/samples/00634.png 94
ucf/TrampolineJumping/samples/00635.png 94
ucf/TrampolineJumping/samples/00636.png 94
ucf/TrampolineJumping/samples/00637.png 94
ucf/TrampolineJumping/samples/00638.png 94
ucf/TrampolineJumping/samples/00639.png 94
ucf/TrampolineJumping/samples/00640.png 94
ucf/TrampolineJumping/samples/00641.png 94
ucf/TrampolineJumping/samples/00642.png 94
ucf/TrampolineJumping/samples/00643.png 94
ucf/TrampolineJumping/samples/00644.png 94
ucf/TrampolineJumping/samples/00645.png 94
ucf/TrampolineJumping/samples/00646.png 94
ucf/TrampolineJumping/samples/00647.png 94
ucf/TrampolineJumping/samples/00648.png 94
ucf/TrampolineJumping/samples/00649.png 94
ucf/TrampolineJumping/samples/00650.png 94
ucf/TrampolineJumping/samples/00651.png 94
ucf/TrampolineJumping/samples/00652.png 94
ucf/TrampolineJumping/samples/00653.png 94
ucf/TrampolineJumping/samples/00654.png 94
ucf/TrampolineJumping/samples/00655.png 94
ucf/TrampolineJumping/samples/00656.png 94
ucf/TrampolineJumping/samples/00657.png 94
ucf/TrampolineJumping/samples/00658.png 94
ucf/TrampolineJumping/samples/00659.png 94
ucf/TrampolineJumping/samples/00660.png 94
ucf/TrampolineJumping/samples/00661.png 94
ucf/TrampolineJumping/samples/00662.png 94
ucf/TrampolineJumping/samples/00663.png 94
ucf/TrampolineJumping/samples/00664.png 94
ucf/TrampolineJumping/samples/00665.png 94
ucf/TrampolineJumping/samples/00666.png 94
ucf/TrampolineJumping/samples/00667.png 94
ucf/TrampolineJumping/samples/00668.png 94
ucf/TrampolineJumping/samples/00669.png 94
ucf/TrampolineJumping/samples/00670.png 94
ucf/TrampolineJumping/samples/00671.png 94
ucf/TrampolineJumping/samples/00672.png 94
ucf/TrampolineJumping/samples/00673.png 94
ucf/TrampolineJumping/samples/00674.png 94
ucf/TrampolineJumping/samples/00675.png 94
ucf/TrampolineJumping/samples/00676.png 94
ucf/TrampolineJumping/samples/00677.png 94
ucf/TrampolineJumping/samples/00678.png 94
ucf/TrampolineJumping/samples/00679.png 94
ucf/TrampolineJumping/samples/00680.png 94
ucf/TrampolineJumping/samples/00681.png 94
ucf/TrampolineJumping/samples/00682.png 94
ucf/TrampolineJumping/samples/00683.png 94
ucf/TrampolineJumping/samples/00684.png 94
ucf/TrampolineJumping/samples/00685.png 94
ucf/TrampolineJumping/samples/00686.png 94
ucf/TrampolineJumping/samples/00687.png 94
ucf/TrampolineJumping/samples/00688.png 94
ucf/TrampolineJumping/samples/00689.png 94
ucf/TrampolineJumping/samples/00690.png 94
ucf/TrampolineJumping/samples/00691.png 94
ucf/TrampolineJumping/samples/00692.png 94
ucf/TrampolineJumping/samples/00693.png 94
ucf/TrampolineJumping/samples/00694.png 94
ucf/TrampolineJumping/samples/00695.png 94
ucf/TrampolineJumping/samples/00696.png 94
ucf/TrampolineJumping/samples/00697.png 94
ucf/TrampolineJumping/samples/00698.png 94
ucf/TrampolineJumping/samples/00699.png 94
ucf/TrampolineJumping/samples/00700.png 94
ucf/TrampolineJumping/samples/00701.png 94
ucf/TrampolineJumping/samples/00702.png 94
ucf/TrampolineJumping/samples/00703.png 94
ucf/TrampolineJumping/samples/00704.png 94
ucf/TrampolineJumping/samples/00705.png 94
ucf/TrampolineJumping/samples/00706.png 94
ucf/TrampolineJumping/samples/00707.png 94
ucf/TrampolineJumping/samples/00708.png 94
ucf/TrampolineJumping/samples/00709.png 94
ucf/TrampolineJumping/samples/00710.png 94
ucf/TrampolineJumping/samples/00711.png 94
ucf/TrampolineJumping/samples/00712.png 94
ucf/TrampolineJumping/samples/00713.png 94
ucf/TrampolineJumping/samples/00714.png 94
ucf/TrampolineJumping/samples/00715.png 94
ucf/TrampolineJumping/samples/00716.png 94
ucf/TrampolineJumping/samples/00717.png 94
ucf/TrampolineJumping/samples/00718.png 94
ucf/TrampolineJumping/samples/00719.png 94
ucf/TrampolineJumping/samples/00720.png 94
ucf/TrampolineJumping/samples/00721.png 94
ucf/TrampolineJumping/samples/00722.png 94
ucf/TrampolineJumping/samples/00723.png 94
ucf/TrampolineJumping/samples/00724.png 94
ucf/TrampolineJumping/samples/00725.png 94
ucf/TrampolineJumping/samples/00726.png 94
ucf/TrampolineJumping/samples/00727.png 94
ucf/TrampolineJumping/samples/00728.png 94
ucf/TrampolineJumping/samples/00729.png 94
ucf/TrampolineJumping/samples/00730.png 94
ucf/TrampolineJumping/samples/00731.png 94
ucf/TrampolineJumping/samples/00732.png 94
ucf/TrampolineJumping/samples/00733.png 94
ucf/TrampolineJumping/samples/00734.png 94
ucf/TrampolineJumping/samples/00735.png 94
ucf/TrampolineJumping/samples/00736.png 94
ucf/TrampolineJumping/samples/00737.png 94
ucf/TrampolineJumping/samples/00738.png 94
ucf/TrampolineJumping/samples/00739.png 94
ucf/TrampolineJumping/samples/00740.png 94
ucf/TrampolineJumping/samples/00741.png 94
ucf/TrampolineJumping/samples/00742.png 94
ucf/TrampolineJumping/samples/00743.png 94
ucf/TrampolineJumping/samples/00744.png 94
ucf/TrampolineJumping/samples/00745.png 94
ucf/TrampolineJumping/samples/00746.png 94
ucf/TrampolineJumping/samples/00747.png 94
ucf/TrampolineJumping/samples/00748.png 94
ucf/TrampolineJumping/samples/00749.png 94
ucf/TrampolineJumping/samples/00750.png 94
ucf/TrampolineJumping/samples/00751.png 94
ucf/TrampolineJumping/samples/00752.png 94
ucf/TrampolineJumping/samples/00753.png 94
ucf/TrampolineJumping/samples/00754.png 94
ucf/TrampolineJumping/samples/00755.png 94
ucf/TrampolineJumping/samples/00756.png 94
ucf/TrampolineJumping/samples/00757.png 94
ucf/TrampolineJumping/samples/00758.png 94
ucf/TrampolineJumping/samples/00759.png 94
ucf/TrampolineJumping/samples/00760.png 94
ucf/TrampolineJumping/samples/00761.png 94
ucf/TrampolineJumping/samples/00762.png 94
ucf/TrampolineJumping/samples/00763.png 94
ucf/TrampolineJumping/samples/00764.png 94
ucf/TrampolineJumping/samples/00765.png 94
ucf/TrampolineJumping/samples/00766.png 94
ucf/TrampolineJumping/samples/00767.png 94
ucf/TrampolineJumping/samples/00768.png 94
ucf/TrampolineJumping/samples/00769.png 94
ucf/TrampolineJumping/samples/00770.png 94
ucf/TrampolineJumping/samples/00771.png 94
ucf/TrampolineJumping/samples/00772.png 94
ucf/TrampolineJumping/samples/00773.png 94
ucf/TrampolineJumping/samples/00774.png 94
ucf/TrampolineJumping/samples/00775.png 94
ucf/TrampolineJumping/samples/00776.png 94
ucf/TrampolineJumping/samples/00777.png 94
ucf/TrampolineJumping/samples/00778.png 94
ucf/TrampolineJumping/samples/00779.png 94
ucf/TrampolineJumping/samples/00780.png 94
ucf/TrampolineJumping/samples/00781.png 94
ucf/TrampolineJumping/samples/00782.png 94
ucf/TrampolineJumping/samples/00783.png 94
ucf/TrampolineJumping/samples/00784.png 94
ucf/TrampolineJumping/samples/00785.png 94
ucf/TrampolineJumping/samples/00786.png 94
ucf/TrampolineJumping/samples/00787.png 94
ucf/TrampolineJumping/samples/00788.png 94
ucf/TrampolineJumping/samples/00789.png 94
ucf/TrampolineJumping/samples/00790.png 94
ucf/TrampolineJumping/samples/00791.png 94
ucf/TrampolineJumping/samples/00792.png 94
ucf/TrampolineJumping/samples/00793.png 94
ucf/TrampolineJumping/samples/00794.png 94
ucf/TrampolineJumping/samples/00795.png 94
ucf/TrampolineJumping/samples/00796.png 94
ucf/TrampolineJumping/samples/00797.png 94
ucf/TrampolineJumping/samples/00798.png 94
ucf/TrampolineJumping/samples/00799.png 94
ucf/TrampolineJumping/samples/00800.png 94
ucf/TrampolineJumping/samples/00801.png 94
ucf/TrampolineJumping/samples/00802.png 94
ucf/TrampolineJumping/samples/00803.png 94
ucf/TrampolineJumping/samples/00804.png 94
ucf/TrampolineJumping/samples/00805.png 94
ucf/TrampolineJumping/samples/00806.png 94
ucf/TrampolineJumping/samples/00807.png 94
ucf/TrampolineJumping/samples/00808.png 94
ucf/TrampolineJumping/samples/00809.png 94
ucf/TrampolineJumping/samples/00810.png 94
ucf/TrampolineJumping/samples/00811.png 94
ucf/TrampolineJumping/samples/00812.png 94
ucf/TrampolineJumping/samples/00813.png 94
ucf/TrampolineJumping/samples/00814.png 94
ucf/TrampolineJumping/samples/00815.png 94
ucf/TrampolineJumping/samples/00816.png 94
ucf/TrampolineJumping/samples/00817.png 94
ucf/TrampolineJumping/samples/00818.png 94
ucf/TrampolineJumping/samples/00819.png 94
ucf/TrampolineJumping/samples/00820.png 94
ucf/TrampolineJumping/samples/00821.png 94
ucf/TrampolineJumping/samples/00822.png 94
ucf/TrampolineJumping/samples/00823.png 94
ucf/TrampolineJumping/samples/00824.png 94
ucf/TrampolineJumping/samples/00825.png 94
ucf/TrampolineJumping/samples/00826.png 94
ucf/TrampolineJumping/samples/00827.png 94
ucf/TrampolineJumping/samples/00828.png 94
ucf/TrampolineJumping/samples/00829.png 94
ucf/TrampolineJumping/samples/00830.png 94
ucf/TrampolineJumping/samples/00831.png 94
ucf/TrampolineJumping/samples/00832.png 94
ucf/TrampolineJumping/samples/00833.png 94
ucf/TrampolineJumping/samples/00834.png 94
ucf/TrampolineJumping/samples/00835.png 94
ucf/TrampolineJumping/samples/00836.png 94
ucf/TrampolineJumping/samples/00837.png 94
ucf/TrampolineJumping/samples/00838.png 94
ucf/TrampolineJumping/samples/00839.png 94
ucf/TrampolineJumping/samples/00840.png 94
ucf/TrampolineJumping/samples/00841.png 94
ucf/TrampolineJumping/samples/00842.png 94
ucf/TrampolineJumping/samples/00843.png 94
ucf/TrampolineJumping/samples/00844.png 94
ucf/TrampolineJumping/samples/00845.png 94
ucf/TrampolineJumping/samples/00846.png 94
ucf/TrampolineJumping/samples/00847.png 94
ucf/TrampolineJumping/samples/00848.png 94
ucf/TrampolineJumping/samples/00849.png 94
ucf/TrampolineJumping/samples/00850.png 94
ucf/TrampolineJumping/samples/00851.png 94
ucf/TrampolineJumping/samples/00852.png 94
ucf/TrampolineJumping/samples/00853.png 94
ucf/TrampolineJumping/samples/00854.png 94
ucf/TrampolineJumping/samples/00855.png 94
ucf/TrampolineJumping/samples/00856.png 94
ucf/TrampolineJumping/samples/00857.png 94
ucf/TrampolineJumping/samples/00858.png 94
ucf/TrampolineJumping/samples/00859.png 94
ucf/TrampolineJumping/samples/00860.png 94
ucf/TrampolineJumping/samples/00861.png 94
ucf/TrampolineJumping/samples/00862.png 94
ucf/TrampolineJumping/samples/00863.png 94
ucf/TrampolineJumping/samples/00864.png 94
ucf/TrampolineJumping/samples/00865.png 94
ucf/TrampolineJumping/samples/00866.png 94
ucf/TrampolineJumping/samples/00867.png 94
ucf/TrampolineJumping/samples/00868.png 94
ucf/TrampolineJumping/samples/00869.png 94
ucf/TrampolineJumping/samples/00870.png 94
ucf/TrampolineJumping/samples/00871.png 94
ucf/TrampolineJumping/samples/00872.png 94
ucf/TrampolineJumping/samples/00873.png 94
ucf/TrampolineJumping/samples/00874.png 94
ucf/TrampolineJumping/samples/00875.png 94
ucf/TrampolineJumping/samples/00876.png 94
ucf/TrampolineJumping/samples/00877.png 94
ucf/TrampolineJumping/samples/00878.png 94
ucf/TrampolineJumping/samples/00879.png 94
ucf/TrampolineJumping/samples/00880.png 94
ucf/TrampolineJumping/samples/00881.png 94
ucf/TrampolineJumping/samples/00882.png 94
ucf/TrampolineJumping/samples/00883.png 94
ucf/TrampolineJumping/samples/00884.png 94
ucf/TrampolineJumping/samples/00885.png 94
ucf/TrampolineJumping/samples/00886.png 94
ucf/TrampolineJumping/samples/00887.png 94
ucf/TrampolineJumping/samples/00888.png 94
ucf/TrampolineJumping/samples/00889.png 94
ucf/TrampolineJumping/samples/00890.png 94
ucf/TrampolineJumping/samples/00891.png 94
ucf/TrampolineJumping/samples/00892.png 94
ucf/TrampolineJumping/samples/00893.png 94
ucf/TrampolineJumping/samples/00894.png 94
ucf/TrampolineJumping/samples/00895.png 94
ucf/TrampolineJumping/samples/00896.png 94
ucf/TrampolineJumping/samples/00897.png 94
ucf/TrampolineJumping/samples/00898.png 94
ucf/TrampolineJumping/samples/00899.png 94
ucf/TrampolineJumping/samples/00900.png 94
ucf/TrampolineJumping/samples/00901.png 94
ucf/TrampolineJumping/samples/00902.png 94
ucf/TrampolineJumping/samples/00903.png 94
ucf/TrampolineJumping/samples/00904.png 94
ucf/TrampolineJumping/samples/00905.png 94
ucf/TrampolineJumping/samples/00906.png 94
ucf/TrampolineJumping/samples/00907.png 94
ucf/TrampolineJumping/samples/00908.png 94
ucf/TrampolineJumping/samples/00909.png 94
ucf/TrampolineJumping/samples/00910.png 94
ucf/TrampolineJumping/samples/00911.png 94
ucf/TrampolineJumping/samples/00912.png 94
ucf/TrampolineJumping/samples/00913.png 94
ucf/TrampolineJumping/samples/00914.png 94
ucf/TrampolineJumping/samples/00915.png 94
ucf/TrampolineJumping/samples/00916.png 94
ucf/TrampolineJumping/samples/00917.png 94
ucf/TrampolineJumping/samples/00918.png 94
ucf/TrampolineJumping/samples/00919.png 94
ucf/TrampolineJumping/samples/00920.png 94
ucf/TrampolineJumping/samples/00921.png 94
ucf/TrampolineJumping/samples/00922.png 94
ucf/TrampolineJumping/samples/00923.png 94
ucf/TrampolineJumping/samples/00924.png 94
ucf/TrampolineJumping/samples/00925.png 94
ucf/TrampolineJumping/samples/00926.png 94
ucf/TrampolineJumping/samples/00927.png 94
ucf/TrampolineJumping/samples/00928.png 94
ucf/TrampolineJumping/samples/00929.png 94
ucf/TrampolineJumping/samples/00930.png 94
ucf/TrampolineJumping/samples/00931.png 94
ucf/TrampolineJumping/samples/00932.png 94
ucf/TrampolineJumping/samples/00933.png 94
ucf/TrampolineJumping/samples/00934.png 94
ucf/TrampolineJumping/samples/00935.png 94
ucf/TrampolineJumping/samples/00936.png 94
ucf/TrampolineJumping/samples/00937.png 94
ucf/TrampolineJumping/samples/00938.png 94
ucf/TrampolineJumping/samples/00939.png 94
ucf/TrampolineJumping/samples/00940.png 94
ucf/TrampolineJumping/samples/00941.png 94
ucf/TrampolineJumping/samples/00942.png 94
ucf/TrampolineJumping/samples/00943.png 94
ucf/TrampolineJumping/samples/00944.png 94
ucf/TrampolineJumping/samples/00945.png 94
ucf/TrampolineJumping/samples/00946.png 94
ucf/TrampolineJumping/samples/00947.png 94
ucf/TrampolineJumping/samples/00948.png 94
ucf/TrampolineJumping/samples/00949.png 94
ucf/TrampolineJumping/samples/00950.png 94
ucf/TrampolineJumping/samples/00951.png 94
ucf/TrampolineJumping/samples/00952.png 94
ucf/TrampolineJumping/samples/00953.png 94
ucf/TrampolineJumping/samples/00954.png 94
ucf/TrampolineJumping/samples/00955.png 94
ucf/TrampolineJumping/samples/00956.png 94
ucf/TrampolineJumping/samples/00957.png 94
ucf/TrampolineJumping/samples/00958.png 94
ucf/TrampolineJumping/samples/00959.png 94
ucf/TrampolineJumping/samples/00960.png 94
ucf/TrampolineJumping/samples/00961.png 94
ucf/TrampolineJumping/samples/00962.png 94
ucf/TrampolineJumping/samples/00963.png 94
ucf/TrampolineJumping/samples/00964.png 94
ucf/TrampolineJumping/samples/00965.png 94
ucf/TrampolineJumping/samples/00966.png 94
ucf/TrampolineJumping/samples/00967.png 94
ucf/TrampolineJumping/samples/00968.png 94
ucf/TrampolineJumping/samples/00969.png 94
ucf/TrampolineJumping/samples/00970.png 94
ucf/TrampolineJumping/samples/00971.png 94
ucf/TrampolineJumping/samples/00972.png 94
ucf/TrampolineJumping/samples/00973.png 94
ucf/TrampolineJumping/samples/00974.png 94
ucf/TrampolineJumping/samples/00975.png 94
ucf/TrampolineJumping/samples/00976.png 94
ucf/TrampolineJumping/samples/00977.png 94
ucf/TrampolineJumping/samples/00978.png 94
ucf/TrampolineJumping/samples/00979.png 94
ucf/TrampolineJumping/samples/00980.png 94
ucf/TrampolineJumping/samples/00981.png 94
ucf/TrampolineJumping/samples/00982.png 94
ucf/TrampolineJumping/samples/00983.png 94
ucf/TrampolineJumping/samples/00984.png 94
ucf/TrampolineJumping/samples/00985.png 94
ucf/TrampolineJumping/samples/00986.png 94
ucf/TrampolineJumping/samples/00987.png 94
ucf/TrampolineJumping/samples/00988.png 94
ucf/TrampolineJumping/samples/00989.png 94
ucf/TrampolineJumping/samples/00990.png 94
ucf/TrampolineJumping/samples/00991.png 94
ucf/TrampolineJumping/samples/00992.png 94
ucf/TrampolineJumping/samples/00993.png 94
ucf/TrampolineJumping/samples/00994.png 94
ucf/TrampolineJumping/samples/00995.png 94
ucf/TrampolineJumping/samples/00996.png 94
ucf/TrampolineJumping/samples/00997.png 94
ucf/TrampolineJumping/samples/00998.png 94
ucf/TrampolineJumping/samples/00999.png 94
ucf/Lunges/samples/00000.png 52
ucf/Lunges/samples/00001.png 52
ucf/Lunges/samples/00002.png 52
ucf/Lunges/samples/00003.png 52
ucf/Lunges/samples/00004.png 52
ucf/Lunges/samples/00005.png 52
ucf/Lunges/samples/00006.png 52
ucf/Lunges/samples/00007.png 52
ucf/Lunges/samples/00008.png 52
ucf/Lunges/samples/00009.png 52
ucf/Lunges/samples/00010.png 52
ucf/Lunges/samples/00011.png 52
ucf/Lunges/samples/00012.png 52
ucf/Lunges/samples/00013.png 52
ucf/Lunges/samples/00014.png 52
ucf/Lunges/samples/00015.png 52
ucf/Lunges/samples/00016.png 52
ucf/Lunges/samples/00017.png 52
ucf/Lunges/samples/00018.png 52
ucf/Lunges/samples/00019.png 52
ucf/Lunges/samples/00020.png 52
ucf/Lunges/samples/00021.png 52
ucf/Lunges/samples/00022.png 52
ucf/Lunges/samples/00023.png 52
ucf/Lunges/samples/00024.png 52
ucf/Lunges/samples/00025.png 52
ucf/Lunges/samples/00026.png 52
ucf/Lunges/samples/00027.png 52
ucf/Lunges/samples/00028.png 52
ucf/Lunges/samples/00029.png 52
ucf/Lunges/samples/00030.png 52
ucf/Lunges/samples/00031.png 52
ucf/Lunges/samples/00032.png 52
ucf/Lunges/samples/00033.png 52
ucf/Lunges/samples/00034.png 52
ucf/Lunges/samples/00035.png 52
ucf/Lunges/samples/00036.png 52
ucf/Lunges/samples/00037.png 52
ucf/Lunges/samples/00038.png 52
ucf/Lunges/samples/00039.png 52
ucf/Lunges/samples/00040.png 52
ucf/Lunges/samples/00041.png 52
ucf/Lunges/samples/00042.png 52
ucf/Lunges/samples/00043.png 52
ucf/Lunges/samples/00044.png 52
ucf/Lunges/samples/00045.png 52
ucf/Lunges/samples/00046.png 52
ucf/Lunges/samples/00047.png 52
ucf/Lunges/samples/00048.png 52
ucf/Lunges/samples/00049.png 52
ucf/Lunges/samples/00050.png 52
ucf/Lunges/samples/00051.png 52
ucf/Lunges/samples/00052.png 52
ucf/Lunges/samples/00053.png 52
ucf/Lunges/samples/00054.png 52
ucf/Lunges/samples/00055.png 52
ucf/Lunges/samples/00056.png 52
ucf/Lunges/samples/00057.png 52
ucf/Lunges/samples/00058.png 52
ucf/Lunges/samples/00059.png 52
ucf/Lunges/samples/00060.png 52
ucf/Lunges/samples/00061.png 52
ucf/Lunges/samples/00062.png 52
ucf/Lunges/samples/00063.png 52
ucf/Lunges/samples/00064.png 52
ucf/Lunges/samples/00065.png 52
ucf/Lunges/samples/00066.png 52
ucf/Lunges/samples/00067.png 52
ucf/Lunges/samples/00068.png 52
ucf/Lunges/samples/00069.png 52
ucf/Lunges/samples/00070.png 52
ucf/Lunges/samples/00071.png 52
ucf/Lunges/samples/00072.png 52
ucf/Lunges/samples/00073.png 52
ucf/Lunges/samples/00074.png 52
ucf/Lunges/samples/00075.png 52
ucf/Lunges/samples/00076.png 52
ucf/Lunges/samples/00077.png 52
ucf/Lunges/samples/00078.png 52
ucf/Lunges/samples/00079.png 52
ucf/Lunges/samples/00080.png 52
ucf/Lunges/samples/00081.png 52
ucf/Lunges/samples/00082.png 52
ucf/Lunges/samples/00083.png 52
ucf/Lunges/samples/00084.png 52
ucf/Lunges/samples/00085.png 52
ucf/Lunges/samples/00086.png 52
ucf/Lunges/samples/00087.png 52
ucf/Lunges/samples/00088.png 52
ucf/Lunges/samples/00089.png 52
ucf/Lunges/samples/00090.png 52
ucf/Lunges/samples/00091.png 52
ucf/Lunges/samples/00092.png 52
ucf/Lunges/samples/00093.png 52
ucf/Lunges/samples/00094.png 52
ucf/Lunges/samples/00095.png 52
ucf/Lunges/samples/00096.png 52
ucf/Lunges/samples/00097.png 52
ucf/Lunges/samples/00098.png 52
ucf/Lunges/samples/00099.png 52
ucf/Lunges/samples/00100.png 52
ucf/Lunges/samples/00101.png 52
ucf/Lunges/samples/00102.png 52
ucf/Lunges/samples/00103.png 52
ucf/Lunges/samples/00104.png 52
ucf/Lunges/samples/00105.png 52
ucf/Lunges/samples/00106.png 52
ucf/Lunges/samples/00107.png 52
ucf/Lunges/samples/00108.png 52
ucf/Lunges/samples/00109.png 52
ucf/Lunges/samples/00110.png 52
ucf/Lunges/samples/00111.png 52
ucf/Lunges/samples/00112.png 52
ucf/Lunges/samples/00113.png 52
ucf/Lunges/samples/00114.png 52
ucf/Lunges/samples/00115.png 52
ucf/Lunges/samples/00116.png 52
ucf/Lunges/samples/00117.png 52
ucf/Lunges/samples/00118.png 52
ucf/Lunges/samples/00119.png 52
ucf/Lunges/samples/00120.png 52
ucf/Lunges/samples/00121.png 52
ucf/Lunges/samples/00122.png 52
ucf/Lunges/samples/00123.png 52
ucf/Lunges/samples/00124.png 52
ucf/Lunges/samples/00125.png 52
ucf/Lunges/samples/00126.png 52
ucf/Lunges/samples/00127.png 52
ucf/Lunges/samples/00128.png 52
ucf/Lunges/samples/00129.png 52
ucf/Lunges/samples/00130.png 52
ucf/Lunges/samples/00131.png 52
ucf/Lunges/samples/00132.png 52
ucf/Lunges/samples/00133.png 52
ucf/Lunges/samples/00134.png 52
ucf/Lunges/samples/00135.png 52
ucf/Lunges/samples/00136.png 52
ucf/Lunges/samples/00137.png 52
ucf/Lunges/samples/00138.png 52
ucf/Lunges/samples/00139.png 52
ucf/Lunges/samples/00140.png 52
ucf/Lunges/samples/00141.png 52
ucf/Lunges/samples/00142.png 52
ucf/Lunges/samples/00143.png 52
ucf/Lunges/samples/00144.png 52
ucf/Lunges/samples/00145.png 52
ucf/Lunges/samples/00146.png 52
ucf/Lunges/samples/00147.png 52
ucf/Lunges/samples/00148.png 52
ucf/Lunges/samples/00149.png 52
ucf/Lunges/samples/00150.png 52
ucf/Lunges/samples/00151.png 52
ucf/Lunges/samples/00152.png 52
ucf/Lunges/samples/00153.png 52
ucf/Lunges/samples/00154.png 52
ucf/Lunges/samples/00155.png 52
ucf/Lunges/samples/00156.png 52
ucf/Lunges/samples/00157.png 52
ucf/Lunges/samples/00158.png 52
ucf/Lunges/samples/00159.png 52
ucf/Lunges/samples/00160.png 52
ucf/Lunges/samples/00161.png 52
ucf/Lunges/samples/00162.png 52
ucf/Lunges/samples/00163.png 52
ucf/Lunges/samples/00164.png 52
ucf/Lunges/samples/00165.png 52
ucf/Lunges/samples/00166.png 52
ucf/Lunges/samples/00167.png 52
ucf/Lunges/samples/00168.png 52
ucf/Lunges/samples/00169.png 52
ucf/Lunges/samples/00170.png 52
ucf/Lunges/samples/00171.png 52
ucf/Lunges/samples/00172.png 52
ucf/Lunges/samples/00173.png 52
ucf/Lunges/samples/00174.png 52
ucf/Lunges/samples/00175.png 52
ucf/Lunges/samples/00176.png 52
ucf/Lunges/samples/00177.png 52
ucf/Lunges/samples/00178.png 52
ucf/Lunges/samples/00179.png 52
ucf/Lunges/samples/00180.png 52
ucf/Lunges/samples/00181.png 52
ucf/Lunges/samples/00182.png 52
ucf/Lunges/samples/00183.png 52
ucf/Lunges/samples/00184.png 52
ucf/Lunges/samples/00185.png 52
ucf/Lunges/samples/00186.png 52
ucf/Lunges/samples/00187.png 52
ucf/Lunges/samples/00188.png 52
ucf/Lunges/samples/00189.png 52
ucf/Lunges/samples/00190.png 52
ucf/Lunges/samples/00191.png 52
ucf/Lunges/samples/00192.png 52
ucf/Lunges/samples/00193.png 52
ucf/Lunges/samples/00194.png 52
ucf/Lunges/samples/00195.png 52
ucf/Lunges/samples/00196.png 52
ucf/Lunges/samples/00197.png 52
ucf/Lunges/samples/00198.png 52
ucf/Lunges/samples/00199.png 52
ucf/Lunges/samples/00200.png 52
ucf/Lunges/samples/00201.png 52
ucf/Lunges/samples/00202.png 52
ucf/Lunges/samples/00203.png 52
ucf/Lunges/samples/00204.png 52
ucf/Lunges/samples/00205.png 52
ucf/Lunges/samples/00206.png 52
ucf/Lunges/samples/00207.png 52
ucf/Lunges/samples/00208.png 52
ucf/Lunges/samples/00209.png 52
ucf/Lunges/samples/00210.png 52
ucf/Lunges/samples/00211.png 52
ucf/Lunges/samples/00212.png 52
ucf/Lunges/samples/00213.png 52
ucf/Lunges/samples/00214.png 52
ucf/Lunges/samples/00215.png 52
ucf/Lunges/samples/00216.png 52
ucf/Lunges/samples/00217.png 52
ucf/Lunges/samples/00218.png 52
ucf/Lunges/samples/00219.png 52
ucf/Lunges/samples/00220.png 52
ucf/Lunges/samples/00221.png 52
ucf/Lunges/samples/00222.png 52
ucf/Lunges/samples/00223.png 52
ucf/Lunges/samples/00224.png 52
ucf/Lunges/samples/00225.png 52
ucf/Lunges/samples/00226.png 52
ucf/Lunges/samples/00227.png 52
ucf/Lunges/samples/00228.png 52
ucf/Lunges/samples/00229.png 52
ucf/Lunges/samples/00230.png 52
ucf/Lunges/samples/00231.png 52
ucf/Lunges/samples/00232.png 52
ucf/Lunges/samples/00233.png 52
ucf/Lunges/samples/00234.png 52
ucf/Lunges/samples/00235.png 52
ucf/Lunges/samples/00236.png 52
ucf/Lunges/samples/00237.png 52
ucf/Lunges/samples/00238.png 52
ucf/Lunges/samples/00239.png 52
ucf/Lunges/samples/00240.png 52
ucf/Lunges/samples/00241.png 52
ucf/Lunges/samples/00242.png 52
ucf/Lunges/samples/00243.png 52
ucf/Lunges/samples/00244.png 52
ucf/Lunges/samples/00245.png 52
ucf/Lunges/samples/00246.png 52
ucf/Lunges/samples/00247.png 52
ucf/Lunges/samples/00248.png 52
ucf/Lunges/samples/00249.png 52
ucf/Lunges/samples/00250.png 52
ucf/Lunges/samples/00251.png 52
ucf/Lunges/samples/00252.png 52
ucf/Lunges/samples/00253.png 52
ucf/Lunges/samples/00254.png 52
ucf/Lunges/samples/00255.png 52
ucf/Lunges/samples/00256.png 52
ucf/Lunges/samples/00257.png 52
ucf/Lunges/samples/00258.png 52
ucf/Lunges/samples/00259.png 52
ucf/Lunges/samples/00260.png 52
ucf/Lunges/samples/00261.png 52
ucf/Lunges/samples/00262.png 52
ucf/Lunges/samples/00263.png 52
ucf/Lunges/samples/00264.png 52
ucf/Lunges/samples/00265.png 52
ucf/Lunges/samples/00266.png 52
ucf/Lunges/samples/00267.png 52
ucf/Lunges/samples/00268.png 52
ucf/Lunges/samples/00269.png 52
ucf/Lunges/samples/00270.png 52
ucf/Lunges/samples/00271.png 52
ucf/Lunges/samples/00272.png 52
ucf/Lunges/samples/00273.png 52
ucf/Lunges/samples/00274.png 52
ucf/Lunges/samples/00275.png 52
ucf/Lunges/samples/00276.png 52
ucf/Lunges/samples/00277.png 52
ucf/Lunges/samples/00278.png 52
ucf/Lunges/samples/00279.png 52
ucf/Lunges/samples/00280.png 52
ucf/Lunges/samples/00281.png 52
ucf/Lunges/samples/00282.png 52
ucf/Lunges/samples/00283.png 52
ucf/Lunges/samples/00284.png 52
ucf/Lunges/samples/00285.png 52
ucf/Lunges/samples/00286.png 52
ucf/Lunges/samples/00287.png 52
ucf/Lunges/samples/00288.png 52
ucf/Lunges/samples/00289.png 52
ucf/Lunges/samples/00290.png 52
ucf/Lunges/samples/00291.png 52
ucf/Lunges/samples/00292.png 52
ucf/Lunges/samples/00293.png 52
ucf/Lunges/samples/00294.png 52
ucf/Lunges/samples/00295.png 52
ucf/Lunges/samples/00296.png 52
ucf/Lunges/samples/00297.png 52
ucf/Lunges/samples/00298.png 52
ucf/Lunges/samples/00299.png 52
ucf/Lunges/samples/00300.png 52
ucf/Lunges/samples/00301.png 52
ucf/Lunges/samples/00302.png 52
ucf/Lunges/samples/00303.png 52
ucf/Lunges/samples/00304.png 52
ucf/Lunges/samples/00305.png 52
ucf/Lunges/samples/00306.png 52
ucf/Lunges/samples/00307.png 52
ucf/Lunges/samples/00308.png 52
ucf/Lunges/samples/00309.png 52
ucf/Lunges/samples/00310.png 52
ucf/Lunges/samples/00311.png 52
ucf/Lunges/samples/00312.png 52
ucf/Lunges/samples/00313.png 52
ucf/Lunges/samples/00314.png 52
ucf/Lunges/samples/00315.png 52
ucf/Lunges/samples/00316.png 52
ucf/Lunges/samples/00317.png 52
ucf/Lunges/samples/00318.png 52
ucf/Lunges/samples/00319.png 52
ucf/Lunges/samples/00320.png 52
ucf/Lunges/samples/00321.png 52
ucf/Lunges/samples/00322.png 52
ucf/Lunges/samples/00323.png 52
ucf/Lunges/samples/00324.png 52
ucf/Lunges/samples/00325.png 52
ucf/Lunges/samples/00326.png 52
ucf/Lunges/samples/00327.png 52
ucf/Lunges/samples/00328.png 52
ucf/Lunges/samples/00329.png 52
ucf/Lunges/samples/00330.png 52
ucf/Lunges/samples/00331.png 52
ucf/Lunges/samples/00332.png 52
ucf/Lunges/samples/00333.png 52
ucf/Lunges/samples/00334.png 52
ucf/Lunges/samples/00335.png 52
ucf/Lunges/samples/00336.png 52
ucf/Lunges/samples/00337.png 52
ucf/Lunges/samples/00338.png 52
ucf/Lunges/samples/00339.png 52
ucf/Lunges/samples/00340.png 52
ucf/Lunges/samples/00341.png 52
ucf/Lunges/samples/00342.png 52
ucf/Lunges/samples/00343.png 52
ucf/Lunges/samples/00344.png 52
ucf/Lunges/samples/00345.png 52
ucf/Lunges/samples/00346.png 52
ucf/Lunges/samples/00347.png 52
ucf/Lunges/samples/00348.png 52
ucf/Lunges/samples/00349.png 52
ucf/Lunges/samples/00350.png 52
ucf/Lunges/samples/00351.png 52
ucf/Lunges/samples/00352.png 52
ucf/Lunges/samples/00353.png 52
ucf/Lunges/samples/00354.png 52
ucf/Lunges/samples/00355.png 52
ucf/Lunges/samples/00356.png 52
ucf/Lunges/samples/00357.png 52
ucf/Lunges/samples/00358.png 52
ucf/Lunges/samples/00359.png 52
ucf/Lunges/samples/00360.png 52
ucf/Lunges/samples/00361.png 52
ucf/Lunges/samples/00362.png 52
ucf/Lunges/samples/00363.png 52
ucf/Lunges/samples/00364.png 52
ucf/Lunges/samples/00365.png 52
ucf/Lunges/samples/00366.png 52
ucf/Lunges/samples/00367.png 52
ucf/Lunges/samples/00368.png 52
ucf/Lunges/samples/00369.png 52
ucf/Lunges/samples/00370.png 52
ucf/Lunges/samples/00371.png 52
ucf/Lunges/samples/00372.png 52
ucf/Lunges/samples/00373.png 52
ucf/Lunges/samples/00374.png 52
ucf/Lunges/samples/00375.png 52
ucf/Lunges/samples/00376.png 52
ucf/Lunges/samples/00377.png 52
ucf/Lunges/samples/00378.png 52
ucf/Lunges/samples/00379.png 52
ucf/Lunges/samples/00380.png 52
ucf/Lunges/samples/00381.png 52
ucf/Lunges/samples/00382.png 52
ucf/Lunges/samples/00383.png 52
ucf/Lunges/samples/00384.png 52
ucf/Lunges/samples/00385.png 52
ucf/Lunges/samples/00386.png 52
ucf/Lunges/samples/00387.png 52
ucf/Lunges/samples/00388.png 52
ucf/Lunges/samples/00389.png 52
ucf/Lunges/samples/00390.png 52
ucf/Lunges/samples/00391.png 52
ucf/Lunges/samples/00392.png 52
ucf/Lunges/samples/00393.png 52
ucf/Lunges/samples/00394.png 52
ucf/Lunges/samples/00395.png 52
ucf/Lunges/samples/00396.png 52
ucf/Lunges/samples/00397.png 52
ucf/Lunges/samples/00398.png 52
ucf/Lunges/samples/00399.png 52
ucf/Lunges/samples/00400.png 52
ucf/Lunges/samples/00401.png 52
ucf/Lunges/samples/00402.png 52
ucf/Lunges/samples/00403.png 52
ucf/Lunges/samples/00404.png 52
ucf/Lunges/samples/00405.png 52
ucf/Lunges/samples/00406.png 52
ucf/Lunges/samples/00407.png 52
ucf/Lunges/samples/00408.png 52
ucf/Lunges/samples/00409.png 52
ucf/Lunges/samples/00410.png 52
ucf/Lunges/samples/00411.png 52
ucf/Lunges/samples/00412.png 52
ucf/Lunges/samples/00413.png 52
ucf/Lunges/samples/00414.png 52
ucf/Lunges/samples/00415.png 52
ucf/Lunges/samples/00416.png 52
ucf/Lunges/samples/00417.png 52
ucf/Lunges/samples/00418.png 52
ucf/Lunges/samples/00419.png 52
ucf/Lunges/samples/00420.png 52
ucf/Lunges/samples/00421.png 52
ucf/Lunges/samples/00422.png 52
ucf/Lunges/samples/00423.png 52
ucf/Lunges/samples/00424.png 52
ucf/Lunges/samples/00425.png 52
ucf/Lunges/samples/00426.png 52
ucf/Lunges/samples/00427.png 52
ucf/Lunges/samples/00428.png 52
ucf/Lunges/samples/00429.png 52
ucf/Lunges/samples/00430.png 52
ucf/Lunges/samples/00431.png 52
ucf/Lunges/samples/00432.png 52
ucf/Lunges/samples/00433.png 52
ucf/Lunges/samples/00434.png 52
ucf/Lunges/samples/00435.png 52
ucf/Lunges/samples/00436.png 52
ucf/Lunges/samples/00437.png 52
ucf/Lunges/samples/00438.png 52
ucf/Lunges/samples/00439.png 52
ucf/Lunges/samples/00440.png 52
ucf/Lunges/samples/00441.png 52
ucf/Lunges/samples/00442.png 52
ucf/Lunges/samples/00443.png 52
ucf/Lunges/samples/00444.png 52
ucf/Lunges/samples/00445.png 52
ucf/Lunges/samples/00446.png 52
ucf/Lunges/samples/00447.png 52
ucf/Lunges/samples/00448.png 52
ucf/Lunges/samples/00449.png 52
ucf/Lunges/samples/00450.png 52
ucf/Lunges/samples/00451.png 52
ucf/Lunges/samples/00452.png 52
ucf/Lunges/samples/00453.png 52
ucf/Lunges/samples/00454.png 52
ucf/Lunges/samples/00455.png 52
ucf/Lunges/samples/00456.png 52
ucf/Lunges/samples/00457.png 52
ucf/Lunges/samples/00458.png 52
ucf/Lunges/samples/00459.png 52
ucf/Lunges/samples/00460.png 52
ucf/Lunges/samples/00461.png 52
ucf/Lunges/samples/00462.png 52
ucf/Lunges/samples/00463.png 52
ucf/Lunges/samples/00464.png 52
ucf/Lunges/samples/00465.png 52
ucf/Lunges/samples/00466.png 52
ucf/Lunges/samples/00467.png 52
ucf/Lunges/samples/00468.png 52
ucf/Lunges/samples/00469.png 52
ucf/Lunges/samples/00470.png 52
ucf/Lunges/samples/00471.png 52
ucf/Lunges/samples/00472.png 52
ucf/Lunges/samples/00473.png 52
ucf/Lunges/samples/00474.png 52
ucf/Lunges/samples/00475.png 52
ucf/Lunges/samples/00476.png 52
ucf/Lunges/samples/00477.png 52
ucf/Lunges/samples/00478.png 52
ucf/Lunges/samples/00479.png 52
ucf/Lunges/samples/00480.png 52
ucf/Lunges/samples/00481.png 52
ucf/Lunges/samples/00482.png 52
ucf/Lunges/samples/00483.png 52
ucf/Lunges/samples/00484.png 52
ucf/Lunges/samples/00485.png 52
ucf/Lunges/samples/00486.png 52
ucf/Lunges/samples/00487.png 52
ucf/Lunges/samples/00488.png 52
ucf/Lunges/samples/00489.png 52
ucf/Lunges/samples/00490.png 52
ucf/Lunges/samples/00491.png 52
ucf/Lunges/samples/00492.png 52
ucf/Lunges/samples/00493.png 52
ucf/Lunges/samples/00494.png 52
ucf/Lunges/samples/00495.png 52
ucf/Lunges/samples/00496.png 52
ucf/Lunges/samples/00497.png 52
ucf/Lunges/samples/00498.png 52
ucf/Lunges/samples/00499.png 52
ucf/Lunges/samples/00500.png 52
ucf/Lunges/samples/00501.png 52
ucf/Lunges/samples/00502.png 52
ucf/Lunges/samples/00503.png 52
ucf/Lunges/samples/00504.png 52
ucf/Lunges/samples/00505.png 52
ucf/Lunges/samples/00506.png 52
ucf/Lunges/samples/00507.png 52
ucf/Lunges/samples/00508.png 52
ucf/Lunges/samples/00509.png 52
ucf/Lunges/samples/00510.png 52
ucf/Lunges/samples/00511.png 52
ucf/Lunges/samples/00512.png 52
ucf/Lunges/samples/00513.png 52
ucf/Lunges/samples/00514.png 52
ucf/Lunges/samples/00515.png 52
ucf/Lunges/samples/00516.png 52
ucf/Lunges/samples/00517.png 52
ucf/Lunges/samples/00518.png 52
ucf/Lunges/samples/00519.png 52
ucf/Lunges/samples/00520.png 52
ucf/Lunges/samples/00521.png 52
ucf/Lunges/samples/00522.png 52
ucf/Lunges/samples/00523.png 52
ucf/Lunges/samples/00524.png 52
ucf/Lunges/samples/00525.png 52
ucf/Lunges/samples/00526.png 52
ucf/Lunges/samples/00527.png 52
ucf/Lunges/samples/00528.png 52
ucf/Lunges/samples/00529.png 52
ucf/Lunges/samples/00530.png 52
ucf/Lunges/samples/00531.png 52
ucf/Lunges/samples/00532.png 52
ucf/Lunges/samples/00533.png 52
ucf/Lunges/samples/00534.png 52
ucf/Lunges/samples/00535.png 52
ucf/Lunges/samples/00536.png 52
ucf/Lunges/samples/00537.png 52
ucf/Lunges/samples/00538.png 52
ucf/Lunges/samples/00539.png 52
ucf/Lunges/samples/00540.png 52
ucf/Lunges/samples/00541.png 52
ucf/Lunges/samples/00542.png 52
ucf/Lunges/samples/00543.png 52
ucf/Lunges/samples/00544.png 52
ucf/Lunges/samples/00545.png 52
ucf/Lunges/samples/00546.png 52
ucf/Lunges/samples/00547.png 52
ucf/Lunges/samples/00548.png 52
ucf/Lunges/samples/00549.png 52
ucf/Lunges/samples/00550.png 52
ucf/Lunges/samples/00551.png 52
ucf/Lunges/samples/00552.png 52
ucf/Lunges/samples/00553.png 52
ucf/Lunges/samples/00554.png 52
ucf/Lunges/samples/00555.png 52
ucf/Lunges/samples/00556.png 52
ucf/Lunges/samples/00557.png 52
ucf/Lunges/samples/00558.png 52
ucf/Lunges/samples/00559.png 52
ucf/Lunges/samples/00560.png 52
ucf/Lunges/samples/00561.png 52
ucf/Lunges/samples/00562.png 52
ucf/Lunges/samples/00563.png 52
ucf/Lunges/samples/00564.png 52
ucf/Lunges/samples/00565.png 52
ucf/Lunges/samples/00566.png 52
ucf/Lunges/samples/00567.png 52
ucf/Lunges/samples/00568.png 52
ucf/Lunges/samples/00569.png 52
ucf/Lunges/samples/00570.png 52
ucf/Lunges/samples/00571.png 52
ucf/Lunges/samples/00572.png 52
ucf/Lunges/samples/00573.png 52
ucf/Lunges/samples/00574.png 52
ucf/Lunges/samples/00575.png 52
ucf/Lunges/samples/00576.png 52
ucf/Lunges/samples/00577.png 52
ucf/Lunges/samples/00578.png 52
ucf/Lunges/samples/00579.png 52
ucf/Lunges/samples/00580.png 52
ucf/Lunges/samples/00581.png 52
ucf/Lunges/samples/00582.png 52
ucf/Lunges/samples/00583.png 52
ucf/Lunges/samples/00584.png 52
ucf/Lunges/samples/00585.png 52
ucf/Lunges/samples/00586.png 52
ucf/Lunges/samples/00587.png 52
ucf/Lunges/samples/00588.png 52
ucf/Lunges/samples/00589.png 52
ucf/Lunges/samples/00590.png 52
ucf/Lunges/samples/00591.png 52
ucf/Lunges/samples/00592.png 52
ucf/Lunges/samples/00593.png 52
ucf/Lunges/samples/00594.png 52
ucf/Lunges/samples/00595.png 52
ucf/Lunges/samples/00596.png 52
ucf/Lunges/samples/00597.png 52
ucf/Lunges/samples/00598.png 52
ucf/Lunges/samples/00599.png 52
ucf/Lunges/samples/00600.png 52
ucf/Lunges/samples/00601.png 52
ucf/Lunges/samples/00602.png 52
ucf/Lunges/samples/00603.png 52
ucf/Lunges/samples/00604.png 52
ucf/Lunges/samples/00605.png 52
ucf/Lunges/samples/00606.png 52
ucf/Lunges/samples/00607.png 52
ucf/Lunges/samples/00608.png 52
ucf/Lunges/samples/00609.png 52
ucf/Lunges/samples/00610.png 52
ucf/Lunges/samples/00611.png 52
ucf/Lunges/samples/00612.png 52
ucf/Lunges/samples/00613.png 52
ucf/Lunges/samples/00614.png 52
ucf/Lunges/samples/00615.png 52
ucf/Lunges/samples/00616.png 52
ucf/Lunges/samples/00617.png 52
ucf/Lunges/samples/00618.png 52
ucf/Lunges/samples/00619.png 52
ucf/Lunges/samples/00620.png 52
ucf/Lunges/samples/00621.png 52
ucf/Lunges/samples/00622.png 52
ucf/Lunges/samples/00623.png 52
ucf/Lunges/samples/00624.png 52
ucf/Lunges/samples/00625.png 52
ucf/Lunges/samples/00626.png 52
ucf/Lunges/samples/00627.png 52
ucf/Lunges/samples/00628.png 52
ucf/Lunges/samples/00629.png 52
ucf/Lunges/samples/00630.png 52
ucf/Lunges/samples/00631.png 52
ucf/Lunges/samples/00632.png 52
ucf/Lunges/samples/00633.png 52
ucf/Lunges/samples/00634.png 52
ucf/Lunges/samples/00635.png 52
ucf/Lunges/samples/00636.png 52
ucf/Lunges/samples/00637.png 52
ucf/Lunges/samples/00638.png 52
ucf/Lunges/samples/00639.png 52
ucf/Lunges/samples/00640.png 52
ucf/Lunges/samples/00641.png 52
ucf/Lunges/samples/00642.png 52
ucf/Lunges/samples/00643.png 52
ucf/Lunges/samples/00644.png 52
ucf/Lunges/samples/00645.png 52
ucf/Lunges/samples/00646.png 52
ucf/Lunges/samples/00647.png 52
ucf/Lunges/samples/00648.png 52
ucf/Lunges/samples/00649.png 52
ucf/Lunges/samples/00650.png 52
ucf/Lunges/samples/00651.png 52
ucf/Lunges/samples/00652.png 52
ucf/Lunges/samples/00653.png 52
ucf/Lunges/samples/00654.png 52
ucf/Lunges/samples/00655.png 52
ucf/Lunges/samples/00656.png 52
ucf/Lunges/samples/00657.png 52
ucf/Lunges/samples/00658.png 52
ucf/Lunges/samples/00659.png 52
ucf/Lunges/samples/00660.png 52
ucf/Lunges/samples/00661.png 52
ucf/Lunges/samples/00662.png 52
ucf/Lunges/samples/00663.png 52
ucf/Lunges/samples/00664.png 52
ucf/Lunges/samples/00665.png 52
ucf/Lunges/samples/00666.png 52
ucf/Lunges/samples/00667.png 52
ucf/Lunges/samples/00668.png 52
ucf/Lunges/samples/00669.png 52
ucf/Lunges/samples/00670.png 52
ucf/Lunges/samples/00671.png 52
ucf/Lunges/samples/00672.png 52
ucf/Lunges/samples/00673.png 52
ucf/Lunges/samples/00674.png 52
ucf/Lunges/samples/00675.png 52
ucf/Lunges/samples/00676.png 52
ucf/Lunges/samples/00677.png 52
ucf/Lunges/samples/00678.png 52
ucf/Lunges/samples/00679.png 52
ucf/Lunges/samples/00680.png 52
ucf/Lunges/samples/00681.png 52
ucf/Lunges/samples/00682.png 52
ucf/Lunges/samples/00683.png 52
ucf/Lunges/samples/00684.png 52
ucf/Lunges/samples/00685.png 52
ucf/Lunges/samples/00686.png 52
ucf/Lunges/samples/00687.png 52
ucf/Lunges/samples/00688.png 52
ucf/Lunges/samples/00689.png 52
ucf/Lunges/samples/00690.png 52
ucf/Lunges/samples/00691.png 52
ucf/Lunges/samples/00692.png 52
ucf/Lunges/samples/00693.png 52
ucf/Lunges/samples/00694.png 52
ucf/Lunges/samples/00695.png 52
ucf/Lunges/samples/00696.png 52
ucf/Lunges/samples/00697.png 52
ucf/Lunges/samples/00698.png 52
ucf/Lunges/samples/00699.png 52
ucf/Lunges/samples/00700.png 52
ucf/Lunges/samples/00701.png 52
ucf/Lunges/samples/00702.png 52
ucf/Lunges/samples/00703.png 52
ucf/Lunges/samples/00704.png 52
ucf/Lunges/samples/00705.png 52
ucf/Lunges/samples/00706.png 52
ucf/Lunges/samples/00707.png 52
ucf/Lunges/samples/00708.png 52
ucf/Lunges/samples/00709.png 52
ucf/Lunges/samples/00710.png 52
ucf/Lunges/samples/00711.png 52
ucf/Lunges/samples/00712.png 52
ucf/Lunges/samples/00713.png 52
ucf/Lunges/samples/00714.png 52
ucf/Lunges/samples/00715.png 52
ucf/Lunges/samples/00716.png 52
ucf/Lunges/samples/00717.png 52
ucf/Lunges/samples/00718.png 52
ucf/Lunges/samples/00719.png 52
ucf/Lunges/samples/00720.png 52
ucf/Lunges/samples/00721.png 52
ucf/Lunges/samples/00722.png 52
ucf/Lunges/samples/00723.png 52
ucf/Lunges/samples/00724.png 52
ucf/Lunges/samples/00725.png 52
ucf/Lunges/samples/00726.png 52
ucf/Lunges/samples/00727.png 52
ucf/Lunges/samples/00728.png 52
ucf/Lunges/samples/00729.png 52
ucf/Lunges/samples/00730.png 52
ucf/Lunges/samples/00731.png 52
ucf/Lunges/samples/00732.png 52
ucf/Lunges/samples/00733.png 52
ucf/Lunges/samples/00734.png 52
ucf/Lunges/samples/00735.png 52
ucf/Lunges/samples/00736.png 52
ucf/Lunges/samples/00737.png 52
ucf/Lunges/samples/00738.png 52
ucf/Lunges/samples/00739.png 52
ucf/Lunges/samples/00740.png 52
ucf/Lunges/samples/00741.png 52
ucf/Lunges/samples/00742.png 52
ucf/Lunges/samples/00743.png 52
ucf/Lunges/samples/00744.png 52
ucf/Lunges/samples/00745.png 52
ucf/Lunges/samples/00746.png 52
ucf/Lunges/samples/00747.png 52
ucf/Lunges/samples/00748.png 52
ucf/Lunges/samples/00749.png 52
ucf/Lunges/samples/00750.png 52
ucf/Lunges/samples/00751.png 52
ucf/Lunges/samples/00752.png 52
ucf/Lunges/samples/00753.png 52
ucf/Lunges/samples/00754.png 52
ucf/Lunges/samples/00755.png 52
ucf/Lunges/samples/00756.png 52
ucf/Lunges/samples/00757.png 52
ucf/Lunges/samples/00758.png 52
ucf/Lunges/samples/00759.png 52
ucf/Lunges/samples/00760.png 52
ucf/Lunges/samples/00761.png 52
ucf/Lunges/samples/00762.png 52
ucf/Lunges/samples/00763.png 52
ucf/Lunges/samples/00764.png 52
ucf/Lunges/samples/00765.png 52
ucf/Lunges/samples/00766.png 52
ucf/Lunges/samples/00767.png 52
ucf/Lunges/samples/00768.png 52
ucf/Lunges/samples/00769.png 52
ucf/Lunges/samples/00770.png 52
ucf/Lunges/samples/00771.png 52
ucf/Lunges/samples/00772.png 52
ucf/Lunges/samples/00773.png 52
ucf/Lunges/samples/00774.png 52
ucf/Lunges/samples/00775.png 52
ucf/Lunges/samples/00776.png 52
ucf/Lunges/samples/00777.png 52
ucf/Lunges/samples/00778.png 52
ucf/Lunges/samples/00779.png 52
ucf/Lunges/samples/00780.png 52
ucf/Lunges/samples/00781.png 52
ucf/Lunges/samples/00782.png 52
ucf/Lunges/samples/00783.png 52
ucf/Lunges/samples/00784.png 52
ucf/Lunges/samples/00785.png 52
ucf/Lunges/samples/00786.png 52
ucf/Lunges/samples/00787.png 52
ucf/Lunges/samples/00788.png 52
ucf/Lunges/samples/00789.png 52
ucf/Lunges/samples/00790.png 52
ucf/Lunges/samples/00791.png 52
ucf/Lunges/samples/00792.png 52
ucf/Lunges/samples/00793.png 52
ucf/Lunges/samples/00794.png 52
ucf/Lunges/samples/00795.png 52
ucf/Lunges/samples/00796.png 52
ucf/Lunges/samples/00797.png 52
ucf/Lunges/samples/00798.png 52
ucf/Lunges/samples/00799.png 52
ucf/Lunges/samples/00800.png 52
ucf/Lunges/samples/00801.png 52
ucf/Lunges/samples/00802.png 52
ucf/Lunges/samples/00803.png 52
ucf/Lunges/samples/00804.png 52
ucf/Lunges/samples/00805.png 52
ucf/Lunges/samples/00806.png 52
ucf/Lunges/samples/00807.png 52
ucf/Lunges/samples/00808.png 52
ucf/Lunges/samples/00809.png 52
ucf/Lunges/samples/00810.png 52
ucf/Lunges/samples/00811.png 52
ucf/Lunges/samples/00812.png 52
ucf/Lunges/samples/00813.png 52
ucf/Lunges/samples/00814.png 52
ucf/Lunges/samples/00815.png 52
ucf/Lunges/samples/00816.png 52
ucf/Lunges/samples/00817.png 52
ucf/Lunges/samples/00818.png 52
ucf/Lunges/samples/00819.png 52
ucf/Lunges/samples/00820.png 52
ucf/Lunges/samples/00821.png 52
ucf/Lunges/samples/00822.png 52
ucf/Lunges/samples/00823.png 52
ucf/Lunges/samples/00824.png 52
ucf/Lunges/samples/00825.png 52
ucf/Lunges/samples/00826.png 52
ucf/Lunges/samples/00827.png 52
ucf/Lunges/samples/00828.png 52
ucf/Lunges/samples/00829.png 52
ucf/Lunges/samples/00830.png 52
ucf/Lunges/samples/00831.png 52
ucf/Lunges/samples/00832.png 52
ucf/Lunges/samples/00833.png 52
ucf/Lunges/samples/00834.png 52
ucf/Lunges/samples/00835.png 52
ucf/Lunges/samples/00836.png 52
ucf/Lunges/samples/00837.png 52
ucf/Lunges/samples/00838.png 52
ucf/Lunges/samples/00839.png 52
ucf/Lunges/samples/00840.png 52
ucf/Lunges/samples/00841.png 52
ucf/Lunges/samples/00842.png 52
ucf/Lunges/samples/00843.png 52
ucf/Lunges/samples/00844.png 52
ucf/Lunges/samples/00845.png 52
ucf/Lunges/samples/00846.png 52
ucf/Lunges/samples/00847.png 52
ucf/Lunges/samples/00848.png 52
ucf/Lunges/samples/00849.png 52
ucf/Lunges/samples/00850.png 52
ucf/Lunges/samples/00851.png 52
ucf/Lunges/samples/00852.png 52
ucf/Lunges/samples/00853.png 52
ucf/Lunges/samples/00854.png 52
ucf/Lunges/samples/00855.png 52
ucf/Lunges/samples/00856.png 52
ucf/Lunges/samples/00857.png 52
ucf/Lunges/samples/00858.png 52
ucf/Lunges/samples/00859.png 52
ucf/Lunges/samples/00860.png 52
ucf/Lunges/samples/00861.png 52
ucf/Lunges/samples/00862.png 52
ucf/Lunges/samples/00863.png 52
ucf/Lunges/samples/00864.png 52
ucf/Lunges/samples/00865.png 52
ucf/Lunges/samples/00866.png 52
ucf/Lunges/samples/00867.png 52
ucf/Lunges/samples/00868.png 52
ucf/Lunges/samples/00869.png 52
ucf/Lunges/samples/00870.png 52
ucf/Lunges/samples/00871.png 52
ucf/Lunges/samples/00872.png 52
ucf/Lunges/samples/00873.png 52
ucf/Lunges/samples/00874.png 52
ucf/Lunges/samples/00875.png 52
ucf/Lunges/samples/00876.png 52
ucf/Lunges/samples/00877.png 52
ucf/Lunges/samples/00878.png 52
ucf/Lunges/samples/00879.png 52
ucf/Lunges/samples/00880.png 52
ucf/Lunges/samples/00881.png 52
ucf/Lunges/samples/00882.png 52
ucf/Lunges/samples/00883.png 52
ucf/Lunges/samples/00884.png 52
ucf/Lunges/samples/00885.png 52
ucf/Lunges/samples/00886.png 52
ucf/Lunges/samples/00887.png 52
ucf/Lunges/samples/00888.png 52
ucf/Lunges/samples/00889.png 52
ucf/Lunges/samples/00890.png 52
ucf/Lunges/samples/00891.png 52
ucf/Lunges/samples/00892.png 52
ucf/Lunges/samples/00893.png 52
ucf/Lunges/samples/00894.png 52
ucf/Lunges/samples/00895.png 52
ucf/Lunges/samples/00896.png 52
ucf/Lunges/samples/00897.png 52
ucf/Lunges/samples/00898.png 52
ucf/Lunges/samples/00899.png 52
ucf/Lunges/samples/00900.png 52
ucf/Lunges/samples/00901.png 52
ucf/Lunges/samples/00902.png 52
ucf/Lunges/samples/00903.png 52
ucf/Lunges/samples/00904.png 52
ucf/Lunges/samples/00905.png 52
ucf/Lunges/samples/00906.png 52
ucf/Lunges/samples/00907.png 52
ucf/Lunges/samples/00908.png 52
ucf/Lunges/samples/00909.png 52
ucf/Lunges/samples/00910.png 52
ucf/Lunges/samples/00911.png 52
ucf/Lunges/samples/00912.png 52
ucf/Lunges/samples/00913.png 52
ucf/Lunges/samples/00914.png 52
ucf/Lunges/samples/00915.png 52
ucf/Lunges/samples/00916.png 52
ucf/Lunges/samples/00917.png 52
ucf/Lunges/samples/00918.png 52
ucf/Lunges/samples/00919.png 52
ucf/Lunges/samples/00920.png 52
ucf/Lunges/samples/00921.png 52
ucf/Lunges/samples/00922.png 52
ucf/Lunges/samples/00923.png 52
ucf/Lunges/samples/00924.png 52
ucf/Lunges/samples/00925.png 52
ucf/Lunges/samples/00926.png 52
ucf/Lunges/samples/00927.png 52
ucf/Lunges/samples/00928.png 52
ucf/Lunges/samples/00929.png 52
ucf/Lunges/samples/00930.png 52
ucf/Lunges/samples/00931.png 52
ucf/Lunges/samples/00932.png 52
ucf/Lunges/samples/00933.png 52
ucf/Lunges/samples/00934.png 52
ucf/Lunges/samples/00935.png 52
ucf/Lunges/samples/00936.png 52
ucf/Lunges/samples/00937.png 52
ucf/Lunges/samples/00938.png 52
ucf/Lunges/samples/00939.png 52
ucf/Lunges/samples/00940.png 52
ucf/Lunges/samples/00941.png 52
ucf/Lunges/samples/00942.png 52
ucf/Lunges/samples/00943.png 52
ucf/Lunges/samples/00944.png 52
ucf/Lunges/samples/00945.png 52
ucf/Lunges/samples/00946.png 52
ucf/Lunges/samples/00947.png 52
ucf/Lunges/samples/00948.png 52
ucf/Lunges/samples/00949.png 52
ucf/Lunges/samples/00950.png 52
ucf/Lunges/samples/00951.png 52
ucf/Lunges/samples/00952.png 52
ucf/Lunges/samples/00953.png 52
ucf/Lunges/samples/00954.png 52
ucf/Lunges/samples/00955.png 52
ucf/Lunges/samples/00956.png 52
ucf/Lunges/samples/00957.png 52
ucf/Lunges/samples/00958.png 52
ucf/Lunges/samples/00959.png 52
ucf/Lunges/samples/00960.png 52
ucf/Lunges/samples/00961.png 52
ucf/Lunges/samples/00962.png 52
ucf/Lunges/samples/00963.png 52
ucf/Lunges/samples/00964.png 52
ucf/Lunges/samples/00965.png 52
ucf/Lunges/samples/00966.png 52
ucf/Lunges/samples/00967.png 52
ucf/Lunges/samples/00968.png 52
ucf/Lunges/samples/00969.png 52
ucf/Lunges/samples/00970.png 52
ucf/Lunges/samples/00971.png 52
ucf/Lunges/samples/00972.png 52
ucf/Lunges/samples/00973.png 52
ucf/Lunges/samples/00974.png 52
ucf/Lunges/samples/00975.png 52
ucf/Lunges/samples/00976.png 52
ucf/Lunges/samples/00977.png 52
ucf/Lunges/samples/00978.png 52
ucf/Lunges/samples/00979.png 52
ucf/Lunges/samples/00980.png 52
ucf/Lunges/samples/00981.png 52
ucf/Lunges/samples/00982.png 52
ucf/Lunges/samples/00983.png 52
ucf/Lunges/samples/00984.png 52
ucf/Lunges/samples/00985.png 52
ucf/Lunges/samples/00986.png 52
ucf/Lunges/samples/00987.png 52
ucf/Lunges/samples/00988.png 52
ucf/Lunges/samples/00989.png 52
ucf/Lunges/samples/00990.png 52
ucf/Lunges/samples/00991.png 52
ucf/Lunges/samples/00992.png 52
ucf/Lunges/samples/00993.png 52
ucf/Lunges/samples/00994.png 52
ucf/Lunges/samples/00995.png 52
ucf/Lunges/samples/00996.png 52
ucf/Lunges/samples/00997.png 52
ucf/Lunges/samples/00998.png 52
ucf/Lunges/samples/00999.png 52
ucf/WallPushups/samples/00000.png 99
ucf/WallPushups/samples/00001.png 99
ucf/WallPushups/samples/00002.png 99
ucf/WallPushups/samples/00003.png 99
ucf/WallPushups/samples/00004.png 99
ucf/WallPushups/samples/00005.png 99
ucf/WallPushups/samples/00006.png 99
ucf/WallPushups/samples/00007.png 99
ucf/WallPushups/samples/00008.png 99
ucf/WallPushups/samples/00009.png 99
ucf/WallPushups/samples/00010.png 99
ucf/WallPushups/samples/00011.png 99
ucf/WallPushups/samples/00012.png 99
ucf/WallPushups/samples/00013.png 99
ucf/WallPushups/samples/00014.png 99
ucf/WallPushups/samples/00015.png 99
ucf/WallPushups/samples/00016.png 99
ucf/WallPushups/samples/00017.png 99
ucf/WallPushups/samples/00018.png 99
ucf/WallPushups/samples/00019.png 99
ucf/WallPushups/samples/00020.png 99
ucf/WallPushups/samples/00021.png 99
ucf/WallPushups/samples/00022.png 99
ucf/WallPushups/samples/00023.png 99
ucf/WallPushups/samples/00024.png 99
ucf/WallPushups/samples/00025.png 99
ucf/WallPushups/samples/00026.png 99
ucf/WallPushups/samples/00027.png 99
ucf/WallPushups/samples/00028.png 99
ucf/WallPushups/samples/00029.png 99
ucf/WallPushups/samples/00030.png 99
ucf/WallPushups/samples/00031.png 99
ucf/WallPushups/samples/00032.png 99
ucf/WallPushups/samples/00033.png 99
ucf/WallPushups/samples/00034.png 99
ucf/WallPushups/samples/00035.png 99
ucf/WallPushups/samples/00036.png 99
ucf/WallPushups/samples/00037.png 99
ucf/WallPushups/samples/00038.png 99
ucf/WallPushups/samples/00039.png 99
ucf/WallPushups/samples/00040.png 99
ucf/WallPushups/samples/00041.png 99
ucf/WallPushups/samples/00042.png 99
ucf/WallPushups/samples/00043.png 99
ucf/WallPushups/samples/00044.png 99
ucf/WallPushups/samples/00045.png 99
ucf/WallPushups/samples/00046.png 99
ucf/WallPushups/samples/00047.png 99
ucf/WallPushups/samples/00048.png 99
ucf/WallPushups/samples/00049.png 99
ucf/WallPushups/samples/00050.png 99
ucf/WallPushups/samples/00051.png 99
ucf/WallPushups/samples/00052.png 99
ucf/WallPushups/samples/00053.png 99
ucf/WallPushups/samples/00054.png 99
ucf/WallPushups/samples/00055.png 99
ucf/WallPushups/samples/00056.png 99
ucf/WallPushups/samples/00057.png 99
ucf/WallPushups/samples/00058.png 99
ucf/WallPushups/samples/00059.png 99
ucf/WallPushups/samples/00060.png 99
ucf/WallPushups/samples/00061.png 99
ucf/WallPushups/samples/00062.png 99
ucf/WallPushups/samples/00063.png 99
ucf/WallPushups/samples/00064.png 99
ucf/WallPushups/samples/00065.png 99
ucf/WallPushups/samples/00066.png 99
ucf/WallPushups/samples/00067.png 99
ucf/WallPushups/samples/00068.png 99
ucf/WallPushups/samples/00069.png 99
ucf/WallPushups/samples/00070.png 99
ucf/WallPushups/samples/00071.png 99
ucf/WallPushups/samples/00072.png 99
ucf/WallPushups/samples/00073.png 99
ucf/WallPushups/samples/00074.png 99
ucf/WallPushups/samples/00075.png 99
ucf/WallPushups/samples/00076.png 99
ucf/WallPushups/samples/00077.png 99
ucf/WallPushups/samples/00078.png 99
ucf/WallPushups/samples/00079.png 99
ucf/WallPushups/samples/00080.png 99
ucf/WallPushups/samples/00081.png 99
ucf/WallPushups/samples/00082.png 99
ucf/WallPushups/samples/00083.png 99
ucf/WallPushups/samples/00084.png 99
ucf/WallPushups/samples/00085.png 99
ucf/WallPushups/samples/00086.png 99
ucf/WallPushups/samples/00087.png 99
ucf/WallPushups/samples/00088.png 99
ucf/WallPushups/samples/00089.png 99
ucf/WallPushups/samples/00090.png 99
ucf/WallPushups/samples/00091.png 99
ucf/WallPushups/samples/00092.png 99
ucf/WallPushups/samples/00093.png 99
ucf/WallPushups/samples/00094.png 99
ucf/WallPushups/samples/00095.png 99
ucf/WallPushups/samples/00096.png 99
ucf/WallPushups/samples/00097.png 99
ucf/WallPushups/samples/00098.png 99
ucf/WallPushups/samples/00099.png 99
ucf/WallPushups/samples/00100.png 99
ucf/WallPushups/samples/00101.png 99
ucf/WallPushups/samples/00102.png 99
ucf/WallPushups/samples/00103.png 99
ucf/WallPushups/samples/00104.png 99
ucf/WallPushups/samples/00105.png 99
ucf/WallPushups/samples/00106.png 99
ucf/WallPushups/samples/00107.png 99
ucf/WallPushups/samples/00108.png 99
ucf/WallPushups/samples/00109.png 99
ucf/WallPushups/samples/00110.png 99
ucf/WallPushups/samples/00111.png 99
ucf/WallPushups/samples/00112.png 99
ucf/WallPushups/samples/00113.png 99
ucf/WallPushups/samples/00114.png 99
ucf/WallPushups/samples/00115.png 99
ucf/WallPushups/samples/00116.png 99
ucf/WallPushups/samples/00117.png 99
ucf/WallPushups/samples/00118.png 99
ucf/WallPushups/samples/00119.png 99
ucf/WallPushups/samples/00120.png 99
ucf/WallPushups/samples/00121.png 99
ucf/WallPushups/samples/00122.png 99
ucf/WallPushups/samples/00123.png 99
ucf/WallPushups/samples/00124.png 99
ucf/WallPushups/samples/00125.png 99
ucf/WallPushups/samples/00126.png 99
ucf/WallPushups/samples/00127.png 99
ucf/WallPushups/samples/00128.png 99
ucf/WallPushups/samples/00129.png 99
ucf/WallPushups/samples/00130.png 99
ucf/WallPushups/samples/00131.png 99
ucf/WallPushups/samples/00132.png 99
ucf/WallPushups/samples/00133.png 99
ucf/WallPushups/samples/00134.png 99
ucf/WallPushups/samples/00135.png 99
ucf/WallPushups/samples/00136.png 99
ucf/WallPushups/samples/00137.png 99
ucf/WallPushups/samples/00138.png 99
ucf/WallPushups/samples/00139.png 99
ucf/WallPushups/samples/00140.png 99
ucf/WallPushups/samples/00141.png 99
ucf/WallPushups/samples/00142.png 99
ucf/WallPushups/samples/00143.png 99
ucf/WallPushups/samples/00144.png 99
ucf/WallPushups/samples/00145.png 99
ucf/WallPushups/samples/00146.png 99
ucf/WallPushups/samples/00147.png 99
ucf/WallPushups/samples/00148.png 99
ucf/WallPushups/samples/00149.png 99
ucf/WallPushups/samples/00150.png 99
ucf/WallPushups/samples/00151.png 99
ucf/WallPushups/samples/00152.png 99
ucf/WallPushups/samples/00153.png 99
ucf/WallPushups/samples/00154.png 99
ucf/WallPushups/samples/00155.png 99
ucf/WallPushups/samples/00156.png 99
ucf/WallPushups/samples/00157.png 99
ucf/WallPushups/samples/00158.png 99
ucf/WallPushups/samples/00159.png 99
ucf/WallPushups/samples/00160.png 99
ucf/WallPushups/samples/00161.png 99
ucf/WallPushups/samples/00162.png 99
ucf/WallPushups/samples/00163.png 99
ucf/WallPushups/samples/00164.png 99
ucf/WallPushups/samples/00165.png 99
ucf/WallPushups/samples/00166.png 99
ucf/WallPushups/samples/00167.png 99
ucf/WallPushups/samples/00168.png 99
ucf/WallPushups/samples/00169.png 99
ucf/WallPushups/samples/00170.png 99
ucf/WallPushups/samples/00171.png 99
ucf/WallPushups/samples/00172.png 99
ucf/WallPushups/samples/00173.png 99
ucf/WallPushups/samples/00174.png 99
ucf/WallPushups/samples/00175.png 99
ucf/WallPushups/samples/00176.png 99
ucf/WallPushups/samples/00177.png 99
ucf/WallPushups/samples/00178.png 99
ucf/WallPushups/samples/00179.png 99
ucf/WallPushups/samples/00180.png 99
ucf/WallPushups/samples/00181.png 99
ucf/WallPushups/samples/00182.png 99
ucf/WallPushups/samples/00183.png 99
ucf/WallPushups/samples/00184.png 99
ucf/WallPushups/samples/00185.png 99
ucf/WallPushups/samples/00186.png 99
ucf/WallPushups/samples/00187.png 99
ucf/WallPushups/samples/00188.png 99
ucf/WallPushups/samples/00189.png 99
ucf/WallPushups/samples/00190.png 99
ucf/WallPushups/samples/00191.png 99
ucf/WallPushups/samples/00192.png 99
ucf/WallPushups/samples/00193.png 99
ucf/WallPushups/samples/00194.png 99
ucf/WallPushups/samples/00195.png 99
ucf/WallPushups/samples/00196.png 99
ucf/WallPushups/samples/00197.png 99
ucf/WallPushups/samples/00198.png 99
ucf/WallPushups/samples/00199.png 99
ucf/WallPushups/samples/00200.png 99
ucf/WallPushups/samples/00201.png 99
ucf/WallPushups/samples/00202.png 99
ucf/WallPushups/samples/00203.png 99
ucf/WallPushups/samples/00204.png 99
ucf/WallPushups/samples/00205.png 99
ucf/WallPushups/samples/00206.png 99
ucf/WallPushups/samples/00207.png 99
ucf/WallPushups/samples/00208.png 99
ucf/WallPushups/samples/00209.png 99
ucf/WallPushups/samples/00210.png 99
ucf/WallPushups/samples/00211.png 99
ucf/WallPushups/samples/00212.png 99
ucf/WallPushups/samples/00213.png 99
ucf/WallPushups/samples/00214.png 99
ucf/WallPushups/samples/00215.png 99
ucf/WallPushups/samples/00216.png 99
ucf/WallPushups/samples/00217.png 99
ucf/WallPushups/samples/00218.png 99
ucf/WallPushups/samples/00219.png 99
ucf/WallPushups/samples/00220.png 99
ucf/WallPushups/samples/00221.png 99
ucf/WallPushups/samples/00222.png 99
ucf/WallPushups/samples/00223.png 99
ucf/WallPushups/samples/00224.png 99
ucf/WallPushups/samples/00225.png 99
ucf/WallPushups/samples/00226.png 99
ucf/WallPushups/samples/00227.png 99
ucf/WallPushups/samples/00228.png 99
ucf/WallPushups/samples/00229.png 99
ucf/WallPushups/samples/00230.png 99
ucf/WallPushups/samples/00231.png 99
ucf/WallPushups/samples/00232.png 99
ucf/WallPushups/samples/00233.png 99
ucf/WallPushups/samples/00234.png 99
ucf/WallPushups/samples/00235.png 99
ucf/WallPushups/samples/00236.png 99
ucf/WallPushups/samples/00237.png 99
ucf/WallPushups/samples/00238.png 99
ucf/WallPushups/samples/00239.png 99
ucf/WallPushups/samples/00240.png 99
ucf/WallPushups/samples/00241.png 99
ucf/WallPushups/samples/00242.png 99
ucf/WallPushups/samples/00243.png 99
ucf/WallPushups/samples/00244.png 99
ucf/WallPushups/samples/00245.png 99
ucf/WallPushups/samples/00246.png 99
ucf/WallPushups/samples/00247.png 99
ucf/WallPushups/samples/00248.png 99
ucf/WallPushups/samples/00249.png 99
ucf/WallPushups/samples/00250.png 99
ucf/WallPushups/samples/00251.png 99
ucf/WallPushups/samples/00252.png 99
ucf/WallPushups/samples/00253.png 99
ucf/WallPushups/samples/00254.png 99
ucf/WallPushups/samples/00255.png 99
ucf/WallPushups/samples/00256.png 99
ucf/WallPushups/samples/00257.png 99
ucf/WallPushups/samples/00258.png 99
ucf/WallPushups/samples/00259.png 99
ucf/WallPushups/samples/00260.png 99
ucf/WallPushups/samples/00261.png 99
ucf/WallPushups/samples/00262.png 99
ucf/WallPushups/samples/00263.png 99
ucf/WallPushups/samples/00264.png 99
ucf/WallPushups/samples/00265.png 99
ucf/WallPushups/samples/00266.png 99
ucf/WallPushups/samples/00267.png 99
ucf/WallPushups/samples/00268.png 99
ucf/WallPushups/samples/00269.png 99
ucf/WallPushups/samples/00270.png 99
ucf/WallPushups/samples/00271.png 99
ucf/WallPushups/samples/00272.png 99
ucf/WallPushups/samples/00273.png 99
ucf/WallPushups/samples/00274.png 99
ucf/WallPushups/samples/00275.png 99
ucf/WallPushups/samples/00276.png 99
ucf/WallPushups/samples/00277.png 99
ucf/WallPushups/samples/00278.png 99
ucf/WallPushups/samples/00279.png 99
ucf/WallPushups/samples/00280.png 99
ucf/WallPushups/samples/00281.png 99
ucf/WallPushups/samples/00282.png 99
ucf/WallPushups/samples/00283.png 99
ucf/WallPushups/samples/00284.png 99
ucf/WallPushups/samples/00285.png 99
ucf/WallPushups/samples/00286.png 99
ucf/WallPushups/samples/00287.png 99
ucf/WallPushups/samples/00288.png 99
ucf/WallPushups/samples/00289.png 99
ucf/WallPushups/samples/00290.png 99
ucf/WallPushups/samples/00291.png 99
ucf/WallPushups/samples/00292.png 99
ucf/WallPushups/samples/00293.png 99
ucf/WallPushups/samples/00294.png 99
ucf/WallPushups/samples/00295.png 99
ucf/WallPushups/samples/00296.png 99
ucf/WallPushups/samples/00297.png 99
ucf/WallPushups/samples/00298.png 99
ucf/WallPushups/samples/00299.png 99
ucf/WallPushups/samples/00300.png 99
ucf/WallPushups/samples/00301.png 99
ucf/WallPushups/samples/00302.png 99
ucf/WallPushups/samples/00303.png 99
ucf/WallPushups/samples/00304.png 99
ucf/WallPushups/samples/00305.png 99
ucf/WallPushups/samples/00306.png 99
ucf/WallPushups/samples/00307.png 99
ucf/WallPushups/samples/00308.png 99
ucf/WallPushups/samples/00309.png 99
ucf/WallPushups/samples/00310.png 99
ucf/WallPushups/samples/00311.png 99
ucf/WallPushups/samples/00312.png 99
ucf/WallPushups/samples/00313.png 99
ucf/WallPushups/samples/00314.png 99
ucf/WallPushups/samples/00315.png 99
ucf/WallPushups/samples/00316.png 99
ucf/WallPushups/samples/00317.png 99
ucf/WallPushups/samples/00318.png 99
ucf/WallPushups/samples/00319.png 99
ucf/WallPushups/samples/00320.png 99
ucf/WallPushups/samples/00321.png 99
ucf/WallPushups/samples/00322.png 99
ucf/WallPushups/samples/00323.png 99
ucf/WallPushups/samples/00324.png 99
ucf/WallPushups/samples/00325.png 99
ucf/WallPushups/samples/00326.png 99
ucf/WallPushups/samples/00327.png 99
ucf/WallPushups/samples/00328.png 99
ucf/WallPushups/samples/00329.png 99
ucf/WallPushups/samples/00330.png 99
ucf/WallPushups/samples/00331.png 99
ucf/WallPushups/samples/00332.png 99
ucf/WallPushups/samples/00333.png 99
ucf/WallPushups/samples/00334.png 99
ucf/WallPushups/samples/00335.png 99
ucf/WallPushups/samples/00336.png 99
ucf/WallPushups/samples/00337.png 99
ucf/WallPushups/samples/00338.png 99
ucf/WallPushups/samples/00339.png 99
ucf/WallPushups/samples/00340.png 99
ucf/WallPushups/samples/00341.png 99
ucf/WallPushups/samples/00342.png 99
ucf/WallPushups/samples/00343.png 99
ucf/WallPushups/samples/00344.png 99
ucf/WallPushups/samples/00345.png 99
ucf/WallPushups/samples/00346.png 99
ucf/WallPushups/samples/00347.png 99
ucf/WallPushups/samples/00348.png 99
ucf/WallPushups/samples/00349.png 99
ucf/WallPushups/samples/00350.png 99
ucf/WallPushups/samples/00351.png 99
ucf/WallPushups/samples/00352.png 99
ucf/WallPushups/samples/00353.png 99
ucf/WallPushups/samples/00354.png 99
ucf/WallPushups/samples/00355.png 99
ucf/WallPushups/samples/00356.png 99
ucf/WallPushups/samples/00357.png 99
ucf/WallPushups/samples/00358.png 99
ucf/WallPushups/samples/00359.png 99
ucf/WallPushups/samples/00360.png 99
ucf/WallPushups/samples/00361.png 99
ucf/WallPushups/samples/00362.png 99
ucf/WallPushups/samples/00363.png 99
ucf/WallPushups/samples/00364.png 99
ucf/WallPushups/samples/00365.png 99
ucf/WallPushups/samples/00366.png 99
ucf/WallPushups/samples/00367.png 99
ucf/WallPushups/samples/00368.png 99
ucf/WallPushups/samples/00369.png 99
ucf/WallPushups/samples/00370.png 99
ucf/WallPushups/samples/00371.png 99
ucf/WallPushups/samples/00372.png 99
ucf/WallPushups/samples/00373.png 99
ucf/WallPushups/samples/00374.png 99
ucf/WallPushups/samples/00375.png 99
ucf/WallPushups/samples/00376.png 99
ucf/WallPushups/samples/00377.png 99
ucf/WallPushups/samples/00378.png 99
ucf/WallPushups/samples/00379.png 99
ucf/WallPushups/samples/00380.png 99
ucf/WallPushups/samples/00381.png 99
ucf/WallPushups/samples/00382.png 99
ucf/WallPushups/samples/00383.png 99
ucf/WallPushups/samples/00384.png 99
ucf/WallPushups/samples/00385.png 99
ucf/WallPushups/samples/00386.png 99
ucf/WallPushups/samples/00387.png 99
ucf/WallPushups/samples/00388.png 99
ucf/WallPushups/samples/00389.png 99
ucf/WallPushups/samples/00390.png 99
ucf/WallPushups/samples/00391.png 99
ucf/WallPushups/samples/00392.png 99
ucf/WallPushups/samples/00393.png 99
ucf/WallPushups/samples/00394.png 99
ucf/WallPushups/samples/00395.png 99
ucf/WallPushups/samples/00396.png 99
ucf/WallPushups/samples/00397.png 99
ucf/WallPushups/samples/00398.png 99
ucf/WallPushups/samples/00399.png 99
ucf/WallPushups/samples/00400.png 99
ucf/WallPushups/samples/00401.png 99
ucf/WallPushups/samples/00402.png 99
ucf/WallPushups/samples/00403.png 99
ucf/WallPushups/samples/00404.png 99
ucf/WallPushups/samples/00405.png 99
ucf/WallPushups/samples/00406.png 99
ucf/WallPushups/samples/00407.png 99
ucf/WallPushups/samples/00408.png 99
ucf/WallPushups/samples/00409.png 99
ucf/WallPushups/samples/00410.png 99
ucf/WallPushups/samples/00411.png 99
ucf/WallPushups/samples/00412.png 99
ucf/WallPushups/samples/00413.png 99
ucf/WallPushups/samples/00414.png 99
ucf/WallPushups/samples/00415.png 99
ucf/WallPushups/samples/00416.png 99
ucf/WallPushups/samples/00417.png 99
ucf/WallPushups/samples/00418.png 99
ucf/WallPushups/samples/00419.png 99
ucf/WallPushups/samples/00420.png 99
ucf/WallPushups/samples/00421.png 99
ucf/WallPushups/samples/00422.png 99
ucf/WallPushups/samples/00423.png 99
ucf/WallPushups/samples/00424.png 99
ucf/WallPushups/samples/00425.png 99
ucf/WallPushups/samples/00426.png 99
ucf/WallPushups/samples/00427.png 99
ucf/WallPushups/samples/00428.png 99
ucf/WallPushups/samples/00429.png 99
ucf/WallPushups/samples/00430.png 99
ucf/WallPushups/samples/00431.png 99
ucf/WallPushups/samples/00432.png 99
ucf/WallPushups/samples/00433.png 99
ucf/WallPushups/samples/00434.png 99
ucf/WallPushups/samples/00435.png 99
ucf/WallPushups/samples/00436.png 99
ucf/WallPushups/samples/00437.png 99
ucf/WallPushups/samples/00438.png 99
ucf/WallPushups/samples/00439.png 99
ucf/WallPushups/samples/00440.png 99
ucf/WallPushups/samples/00441.png 99
ucf/WallPushups/samples/00442.png 99
ucf/WallPushups/samples/00443.png 99
ucf/WallPushups/samples/00444.png 99
ucf/WallPushups/samples/00445.png 99
ucf/WallPushups/samples/00446.png 99
ucf/WallPushups/samples/00447.png 99
ucf/WallPushups/samples/00448.png 99
ucf/WallPushups/samples/00449.png 99
ucf/WallPushups/samples/00450.png 99
ucf/WallPushups/samples/00451.png 99
ucf/WallPushups/samples/00452.png 99
ucf/WallPushups/samples/00453.png 99
ucf/WallPushups/samples/00454.png 99
ucf/WallPushups/samples/00455.png 99
ucf/WallPushups/samples/00456.png 99
ucf/WallPushups/samples/00457.png 99
ucf/WallPushups/samples/00458.png 99
ucf/WallPushups/samples/00459.png 99
ucf/WallPushups/samples/00460.png 99
ucf/WallPushups/samples/00461.png 99
ucf/WallPushups/samples/00462.png 99
ucf/WallPushups/samples/00463.png 99
ucf/WallPushups/samples/00464.png 99
ucf/WallPushups/samples/00465.png 99
ucf/WallPushups/samples/00466.png 99
ucf/WallPushups/samples/00467.png 99
ucf/WallPushups/samples/00468.png 99
ucf/WallPushups/samples/00469.png 99
ucf/WallPushups/samples/00470.png 99
ucf/WallPushups/samples/00471.png 99
ucf/WallPushups/samples/00472.png 99
ucf/WallPushups/samples/00473.png 99
ucf/WallPushups/samples/00474.png 99
ucf/WallPushups/samples/00475.png 99
ucf/WallPushups/samples/00476.png 99
ucf/WallPushups/samples/00477.png 99
ucf/WallPushups/samples/00478.png 99
ucf/WallPushups/samples/00479.png 99
ucf/WallPushups/samples/00480.png 99
ucf/WallPushups/samples/00481.png 99
ucf/WallPushups/samples/00482.png 99
ucf/WallPushups/samples/00483.png 99
ucf/WallPushups/samples/00484.png 99
ucf/WallPushups/samples/00485.png 99
ucf/WallPushups/samples/00486.png 99
ucf/WallPushups/samples/00487.png 99
ucf/WallPushups/samples/00488.png 99
ucf/WallPushups/samples/00489.png 99
ucf/WallPushups/samples/00490.png 99
ucf/WallPushups/samples/00491.png 99
ucf/WallPushups/samples/00492.png 99
ucf/WallPushups/samples/00493.png 99
ucf/WallPushups/samples/00494.png 99
ucf/WallPushups/samples/00495.png 99
ucf/WallPushups/samples/00496.png 99
ucf/WallPushups/samples/00497.png 99
ucf/WallPushups/samples/00498.png 99
ucf/WallPushups/samples/00499.png 99
ucf/WallPushups/samples/00500.png 99
ucf/WallPushups/samples/00501.png 99
ucf/WallPushups/samples/00502.png 99
ucf/WallPushups/samples/00503.png 99
ucf/WallPushups/samples/00504.png 99
ucf/WallPushups/samples/00505.png 99
ucf/WallPushups/samples/00506.png 99
ucf/WallPushups/samples/00507.png 99
ucf/WallPushups/samples/00508.png 99
ucf/WallPushups/samples/00509.png 99
ucf/WallPushups/samples/00510.png 99
ucf/WallPushups/samples/00511.png 99
ucf/WallPushups/samples/00512.png 99
ucf/WallPushups/samples/00513.png 99
ucf/WallPushups/samples/00514.png 99
ucf/WallPushups/samples/00515.png 99
ucf/WallPushups/samples/00516.png 99
ucf/WallPushups/samples/00517.png 99
ucf/WallPushups/samples/00518.png 99
ucf/WallPushups/samples/00519.png 99
ucf/WallPushups/samples/00520.png 99
ucf/WallPushups/samples/00521.png 99
ucf/WallPushups/samples/00522.png 99
ucf/WallPushups/samples/00523.png 99
ucf/WallPushups/samples/00524.png 99
ucf/WallPushups/samples/00525.png 99
ucf/WallPushups/samples/00526.png 99
ucf/WallPushups/samples/00527.png 99
ucf/WallPushups/samples/00528.png 99
ucf/WallPushups/samples/00529.png 99
ucf/WallPushups/samples/00530.png 99
ucf/WallPushups/samples/00531.png 99
ucf/WallPushups/samples/00532.png 99
ucf/WallPushups/samples/00533.png 99
ucf/WallPushups/samples/00534.png 99
ucf/WallPushups/samples/00535.png 99
ucf/WallPushups/samples/00536.png 99
ucf/WallPushups/samples/00537.png 99
ucf/WallPushups/samples/00538.png 99
ucf/WallPushups/samples/00539.png 99
ucf/WallPushups/samples/00540.png 99
ucf/WallPushups/samples/00541.png 99
ucf/WallPushups/samples/00542.png 99
ucf/WallPushups/samples/00543.png 99
ucf/WallPushups/samples/00544.png 99
ucf/WallPushups/samples/00545.png 99
ucf/WallPushups/samples/00546.png 99
ucf/WallPushups/samples/00547.png 99
ucf/WallPushups/samples/00548.png 99
ucf/WallPushups/samples/00549.png 99
ucf/WallPushups/samples/00550.png 99
ucf/WallPushups/samples/00551.png 99
ucf/WallPushups/samples/00552.png 99
ucf/WallPushups/samples/00553.png 99
ucf/WallPushups/samples/00554.png 99
ucf/WallPushups/samples/00555.png 99
ucf/WallPushups/samples/00556.png 99
ucf/WallPushups/samples/00557.png 99
ucf/WallPushups/samples/00558.png 99
ucf/WallPushups/samples/00559.png 99
ucf/WallPushups/samples/00560.png 99
ucf/WallPushups/samples/00561.png 99
ucf/WallPushups/samples/00562.png 99
ucf/WallPushups/samples/00563.png 99
ucf/WallPushups/samples/00564.png 99
ucf/WallPushups/samples/00565.png 99
ucf/WallPushups/samples/00566.png 99
ucf/WallPushups/samples/00567.png 99
ucf/WallPushups/samples/00568.png 99
ucf/WallPushups/samples/00569.png 99
ucf/WallPushups/samples/00570.png 99
ucf/WallPushups/samples/00571.png 99
ucf/WallPushups/samples/00572.png 99
ucf/WallPushups/samples/00573.png 99
ucf/WallPushups/samples/00574.png 99
ucf/WallPushups/samples/00575.png 99
ucf/WallPushups/samples/00576.png 99
ucf/WallPushups/samples/00577.png 99
ucf/WallPushups/samples/00578.png 99
ucf/WallPushups/samples/00579.png 99
ucf/WallPushups/samples/00580.png 99
ucf/WallPushups/samples/00581.png 99
ucf/WallPushups/samples/00582.png 99
ucf/WallPushups/samples/00583.png 99
ucf/WallPushups/samples/00584.png 99
ucf/WallPushups/samples/00585.png 99
ucf/WallPushups/samples/00586.png 99
ucf/WallPushups/samples/00587.png 99
ucf/WallPushups/samples/00588.png 99
ucf/WallPushups/samples/00589.png 99
ucf/WallPushups/samples/00590.png 99
ucf/WallPushups/samples/00591.png 99
ucf/WallPushups/samples/00592.png 99
ucf/WallPushups/samples/00593.png 99
ucf/WallPushups/samples/00594.png 99
ucf/WallPushups/samples/00595.png 99
ucf/WallPushups/samples/00596.png 99
ucf/WallPushups/samples/00597.png 99
ucf/WallPushups/samples/00598.png 99
ucf/WallPushups/samples/00599.png 99
ucf/WallPushups/samples/00600.png 99
ucf/WallPushups/samples/00601.png 99
ucf/WallPushups/samples/00602.png 99
ucf/WallPushups/samples/00603.png 99
ucf/WallPushups/samples/00604.png 99
ucf/WallPushups/samples/00605.png 99
ucf/WallPushups/samples/00606.png 99
ucf/WallPushups/samples/00607.png 99
ucf/WallPushups/samples/00608.png 99
ucf/WallPushups/samples/00609.png 99
ucf/WallPushups/samples/00610.png 99
ucf/WallPushups/samples/00611.png 99
ucf/WallPushups/samples/00612.png 99
ucf/WallPushups/samples/00613.png 99
ucf/WallPushups/samples/00614.png 99
ucf/WallPushups/samples/00615.png 99
ucf/WallPushups/samples/00616.png 99
ucf/WallPushups/samples/00617.png 99
ucf/WallPushups/samples/00618.png 99
ucf/WallPushups/samples/00619.png 99
ucf/WallPushups/samples/00620.png 99
ucf/WallPushups/samples/00621.png 99
ucf/WallPushups/samples/00622.png 99
ucf/WallPushups/samples/00623.png 99
ucf/WallPushups/samples/00624.png 99
ucf/WallPushups/samples/00625.png 99
ucf/WallPushups/samples/00626.png 99
ucf/WallPushups/samples/00627.png 99
ucf/WallPushups/samples/00628.png 99
ucf/WallPushups/samples/00629.png 99
ucf/WallPushups/samples/00630.png 99
ucf/WallPushups/samples/00631.png 99
ucf/WallPushups/samples/00632.png 99
ucf/WallPushups/samples/00633.png 99
ucf/WallPushups/samples/00634.png 99
ucf/WallPushups/samples/00635.png 99
ucf/WallPushups/samples/00636.png 99
ucf/WallPushups/samples/00637.png 99
ucf/WallPushups/samples/00638.png 99
ucf/WallPushups/samples/00639.png 99
ucf/WallPushups/samples/00640.png 99
ucf/WallPushups/samples/00641.png 99
ucf/WallPushups/samples/00642.png 99
ucf/WallPushups/samples/00643.png 99
ucf/WallPushups/samples/00644.png 99
ucf/WallPushups/samples/00645.png 99
ucf/WallPushups/samples/00646.png 99
ucf/WallPushups/samples/00647.png 99
ucf/WallPushups/samples/00648.png 99
ucf/WallPushups/samples/00649.png 99
ucf/WallPushups/samples/00650.png 99
ucf/WallPushups/samples/00651.png 99
ucf/WallPushups/samples/00652.png 99
ucf/WallPushups/samples/00653.png 99
ucf/WallPushups/samples/00654.png 99
ucf/WallPushups/samples/00655.png 99
ucf/WallPushups/samples/00656.png 99
ucf/WallPushups/samples/00657.png 99
ucf/WallPushups/samples/00658.png 99
ucf/WallPushups/samples/00659.png 99
ucf/WallPushups/samples/00660.png 99
ucf/WallPushups/samples/00661.png 99
ucf/WallPushups/samples/00662.png 99
ucf/WallPushups/samples/00663.png 99
ucf/WallPushups/samples/00664.png 99
ucf/WallPushups/samples/00665.png 99
ucf/WallPushups/samples/00666.png 99
ucf/WallPushups/samples/00667.png 99
ucf/WallPushups/samples/00668.png 99
ucf/WallPushups/samples/00669.png 99
ucf/WallPushups/samples/00670.png 99
ucf/WallPushups/samples/00671.png 99
ucf/WallPushups/samples/00672.png 99
ucf/WallPushups/samples/00673.png 99
ucf/WallPushups/samples/00674.png 99
ucf/WallPushups/samples/00675.png 99
ucf/WallPushups/samples/00676.png 99
ucf/WallPushups/samples/00677.png 99
ucf/WallPushups/samples/00678.png 99
ucf/WallPushups/samples/00679.png 99
ucf/WallPushups/samples/00680.png 99
ucf/WallPushups/samples/00681.png 99
ucf/WallPushups/samples/00682.png 99
ucf/WallPushups/samples/00683.png 99
ucf/WallPushups/samples/00684.png 99
ucf/WallPushups/samples/00685.png 99
ucf/WallPushups/samples/00686.png 99
ucf/WallPushups/samples/00687.png 99
ucf/WallPushups/samples/00688.png 99
ucf/WallPushups/samples/00689.png 99
ucf/WallPushups/samples/00690.png 99
ucf/WallPushups/samples/00691.png 99
ucf/WallPushups/samples/00692.png 99
ucf/WallPushups/samples/00693.png 99
ucf/WallPushups/samples/00694.png 99
ucf/WallPushups/samples/00695.png 99
ucf/WallPushups/samples/00696.png 99
ucf/WallPushups/samples/00697.png 99
ucf/WallPushups/samples/00698.png 99
ucf/WallPushups/samples/00699.png 99
ucf/WallPushups/samples/00700.png 99
ucf/WallPushups/samples/00701.png 99
ucf/WallPushups/samples/00702.png 99
ucf/WallPushups/samples/00703.png 99
ucf/WallPushups/samples/00704.png 99
ucf/WallPushups/samples/00705.png 99
ucf/WallPushups/samples/00706.png 99
ucf/WallPushups/samples/00707.png 99
ucf/WallPushups/samples/00708.png 99
ucf/WallPushups/samples/00709.png 99
ucf/WallPushups/samples/00710.png 99
ucf/WallPushups/samples/00711.png 99
ucf/WallPushups/samples/00712.png 99
ucf/WallPushups/samples/00713.png 99
ucf/WallPushups/samples/00714.png 99
ucf/WallPushups/samples/00715.png 99
ucf/WallPushups/samples/00716.png 99
ucf/WallPushups/samples/00717.png 99
ucf/WallPushups/samples/00718.png 99
ucf/WallPushups/samples/00719.png 99
ucf/WallPushups/samples/00720.png 99
ucf/WallPushups/samples/00721.png 99
ucf/WallPushups/samples/00722.png 99
ucf/WallPushups/samples/00723.png 99
ucf/WallPushups/samples/00724.png 99
ucf/WallPushups/samples/00725.png 99
ucf/WallPushups/samples/00726.png 99
ucf/WallPushups/samples/00727.png 99
ucf/WallPushups/samples/00728.png 99
ucf/WallPushups/samples/00729.png 99
ucf/WallPushups/samples/00730.png 99
ucf/WallPushups/samples/00731.png 99
ucf/WallPushups/samples/00732.png 99
ucf/WallPushups/samples/00733.png 99
ucf/WallPushups/samples/00734.png 99
ucf/WallPushups/samples/00735.png 99
ucf/WallPushups/samples/00736.png 99
ucf/WallPushups/samples/00737.png 99
ucf/WallPushups/samples/00738.png 99
ucf/WallPushups/samples/00739.png 99
ucf/WallPushups/samples/00740.png 99
ucf/WallPushups/samples/00741.png 99
ucf/WallPushups/samples/00742.png 99
ucf/WallPushups/samples/00743.png 99
ucf/WallPushups/samples/00744.png 99
ucf/WallPushups/samples/00745.png 99
ucf/WallPushups/samples/00746.png 99
ucf/WallPushups/samples/00747.png 99
ucf/WallPushups/samples/00748.png 99
ucf/WallPushups/samples/00749.png 99
ucf/WallPushups/samples/00750.png 99
ucf/WallPushups/samples/00751.png 99
ucf/WallPushups/samples/00752.png 99
ucf/WallPushups/samples/00753.png 99
ucf/WallPushups/samples/00754.png 99
ucf/WallPushups/samples/00755.png 99
ucf/WallPushups/samples/00756.png 99
ucf/WallPushups/samples/00757.png 99
ucf/WallPushups/samples/00758.png 99
ucf/WallPushups/samples/00759.png 99
ucf/WallPushups/samples/00760.png 99
ucf/WallPushups/samples/00761.png 99
ucf/WallPushups/samples/00762.png 99
ucf/WallPushups/samples/00763.png 99
ucf/WallPushups/samples/00764.png 99
ucf/WallPushups/samples/00765.png 99
ucf/WallPushups/samples/00766.png 99
ucf/WallPushups/samples/00767.png 99
ucf/WallPushups/samples/00768.png 99
ucf/WallPushups/samples/00769.png 99
ucf/WallPushups/samples/00770.png 99
ucf/WallPushups/samples/00771.png 99
ucf/WallPushups/samples/00772.png 99
ucf/WallPushups/samples/00773.png 99
ucf/WallPushups/samples/00774.png 99
ucf/WallPushups/samples/00775.png 99
ucf/WallPushups/samples/00776.png 99
ucf/WallPushups/samples/00777.png 99
ucf/WallPushups/samples/00778.png 99
ucf/WallPushups/samples/00779.png 99
ucf/WallPushups/samples/00780.png 99
ucf/WallPushups/samples/00781.png 99
ucf/WallPushups/samples/00782.png 99
ucf/WallPushups/samples/00783.png 99
ucf/WallPushups/samples/00784.png 99
ucf/WallPushups/samples/00785.png 99
ucf/WallPushups/samples/00786.png 99
ucf/WallPushups/samples/00787.png 99
ucf/WallPushups/samples/00788.png 99
ucf/WallPushups/samples/00789.png 99
ucf/WallPushups/samples/00790.png 99
ucf/WallPushups/samples/00791.png 99
ucf/WallPushups/samples/00792.png 99
ucf/WallPushups/samples/00793.png 99
ucf/WallPushups/samples/00794.png 99
ucf/WallPushups/samples/00795.png 99
ucf/WallPushups/samples/00796.png 99
ucf/WallPushups/samples/00797.png 99
ucf/WallPushups/samples/00798.png 99
ucf/WallPushups/samples/00799.png 99
ucf/WallPushups/samples/00800.png 99
ucf/WallPushups/samples/00801.png 99
ucf/WallPushups/samples/00802.png 99
ucf/WallPushups/samples/00803.png 99
ucf/WallPushups/samples/00804.png 99
ucf/WallPushups/samples/00805.png 99
ucf/WallPushups/samples/00806.png 99
ucf/WallPushups/samples/00807.png 99
ucf/WallPushups/samples/00808.png 99
ucf/WallPushups/samples/00809.png 99
ucf/WallPushups/samples/00810.png 99
ucf/WallPushups/samples/00811.png 99
ucf/WallPushups/samples/00812.png 99
ucf/WallPushups/samples/00813.png 99
ucf/WallPushups/samples/00814.png 99
ucf/WallPushups/samples/00815.png 99
ucf/WallPushups/samples/00816.png 99
ucf/WallPushups/samples/00817.png 99
ucf/WallPushups/samples/00818.png 99
ucf/WallPushups/samples/00819.png 99
ucf/WallPushups/samples/00820.png 99
ucf/WallPushups/samples/00821.png 99
ucf/WallPushups/samples/00822.png 99
ucf/WallPushups/samples/00823.png 99
ucf/WallPushups/samples/00824.png 99
ucf/WallPushups/samples/00825.png 99
ucf/WallPushups/samples/00826.png 99
ucf/WallPushups/samples/00827.png 99
ucf/WallPushups/samples/00828.png 99
ucf/WallPushups/samples/00829.png 99
ucf/WallPushups/samples/00830.png 99
ucf/WallPushups/samples/00831.png 99
ucf/WallPushups/samples/00832.png 99
ucf/WallPushups/samples/00833.png 99
ucf/WallPushups/samples/00834.png 99
ucf/WallPushups/samples/00835.png 99
ucf/WallPushups/samples/00836.png 99
ucf/WallPushups/samples/00837.png 99
ucf/WallPushups/samples/00838.png 99
ucf/WallPushups/samples/00839.png 99
ucf/WallPushups/samples/00840.png 99
ucf/WallPushups/samples/00841.png 99
ucf/WallPushups/samples/00842.png 99
ucf/WallPushups/samples/00843.png 99
ucf/WallPushups/samples/00844.png 99
ucf/WallPushups/samples/00845.png 99
ucf/WallPushups/samples/00846.png 99
ucf/WallPushups/samples/00847.png 99
ucf/WallPushups/samples/00848.png 99
ucf/WallPushups/samples/00849.png 99
ucf/WallPushups/samples/00850.png 99
ucf/WallPushups/samples/00851.png 99
ucf/WallPushups/samples/00852.png 99
ucf/WallPushups/samples/00853.png 99
ucf/WallPushups/samples/00854.png 99
ucf/WallPushups/samples/00855.png 99
ucf/WallPushups/samples/00856.png 99
ucf/WallPushups/samples/00857.png 99
ucf/WallPushups/samples/00858.png 99
ucf/WallPushups/samples/00859.png 99
ucf/WallPushups/samples/00860.png 99
ucf/WallPushups/samples/00861.png 99
ucf/WallPushups/samples/00862.png 99
ucf/WallPushups/samples/00863.png 99
ucf/WallPushups/samples/00864.png 99
ucf/WallPushups/samples/00865.png 99
ucf/WallPushups/samples/00866.png 99
ucf/WallPushups/samples/00867.png 99
ucf/WallPushups/samples/00868.png 99
ucf/WallPushups/samples/00869.png 99
ucf/WallPushups/samples/00870.png 99
ucf/WallPushups/samples/00871.png 99
ucf/WallPushups/samples/00872.png 99
ucf/WallPushups/samples/00873.png 99
ucf/WallPushups/samples/00874.png 99
ucf/WallPushups/samples/00875.png 99
ucf/WallPushups/samples/00876.png 99
ucf/WallPushups/samples/00877.png 99
ucf/WallPushups/samples/00878.png 99
ucf/WallPushups/samples/00879.png 99
ucf/WallPushups/samples/00880.png 99
ucf/WallPushups/samples/00881.png 99
ucf/WallPushups/samples/00882.png 99
ucf/WallPushups/samples/00883.png 99
ucf/WallPushups/samples/00884.png 99
ucf/WallPushups/samples/00885.png 99
ucf/WallPushups/samples/00886.png 99
ucf/WallPushups/samples/00887.png 99
ucf/WallPushups/samples/00888.png 99
ucf/WallPushups/samples/00889.png 99
ucf/WallPushups/samples/00890.png 99
ucf/WallPushups/samples/00891.png 99
ucf/WallPushups/samples/00892.png 99
ucf/WallPushups/samples/00893.png 99
ucf/WallPushups/samples/00894.png 99
ucf/WallPushups/samples/00895.png 99
ucf/WallPushups/samples/00896.png 99
ucf/WallPushups/samples/00897.png 99
ucf/WallPushups/samples/00898.png 99
ucf/WallPushups/samples/00899.png 99
ucf/WallPushups/samples/00900.png 99
ucf/WallPushups/samples/00901.png 99
ucf/WallPushups/samples/00902.png 99
ucf/WallPushups/samples/00903.png 99
ucf/WallPushups/samples/00904.png 99
ucf/WallPushups/samples/00905.png 99
ucf/WallPushups/samples/00906.png 99
ucf/WallPushups/samples/00907.png 99
ucf/WallPushups/samples/00908.png 99
ucf/WallPushups/samples/00909.png 99
ucf/WallPushups/samples/00910.png 99
ucf/WallPushups/samples/00911.png 99
ucf/WallPushups/samples/00912.png 99
ucf/WallPushups/samples/00913.png 99
ucf/WallPushups/samples/00914.png 99
ucf/WallPushups/samples/00915.png 99
ucf/WallPushups/samples/00916.png 99
ucf/WallPushups/samples/00917.png 99
ucf/WallPushups/samples/00918.png 99
ucf/WallPushups/samples/00919.png 99
ucf/WallPushups/samples/00920.png 99
ucf/WallPushups/samples/00921.png 99
ucf/WallPushups/samples/00922.png 99
ucf/WallPushups/samples/00923.png 99
ucf/WallPushups/samples/00924.png 99
ucf/WallPushups/samples/00925.png 99
ucf/WallPushups/samples/00926.png 99
ucf/WallPushups/samples/00927.png 99
ucf/WallPushups/samples/00928.png 99
ucf/WallPushups/samples/00929.png 99
ucf/WallPushups/samples/00930.png 99
ucf/WallPushups/samples/00931.png 99
ucf/WallPushups/samples/00932.png 99
ucf/WallPushups/samples/00933.png 99
ucf/WallPushups/samples/00934.png 99
ucf/WallPushups/samples/00935.png 99
ucf/WallPushups/samples/00936.png 99
ucf/WallPushups/samples/00937.png 99
ucf/WallPushups/samples/00938.png 99
ucf/WallPushups/samples/00939.png 99
ucf/WallPushups/samples/00940.png 99
ucf/WallPushups/samples/00941.png 99
ucf/WallPushups/samples/00942.png 99
ucf/WallPushups/samples/00943.png 99
ucf/WallPushups/samples/00944.png 99
ucf/WallPushups/samples/00945.png 99
ucf/WallPushups/samples/00946.png 99
ucf/WallPushups/samples/00947.png 99
ucf/WallPushups/samples/00948.png 99
ucf/WallPushups/samples/00949.png 99
ucf/WallPushups/samples/00950.png 99
ucf/WallPushups/samples/00951.png 99
ucf/WallPushups/samples/00952.png 99
ucf/WallPushups/samples/00953.png 99
ucf/WallPushups/samples/00954.png 99
ucf/WallPushups/samples/00955.png 99
ucf/WallPushups/samples/00956.png 99
ucf/WallPushups/samples/00957.png 99
ucf/WallPushups/samples/00958.png 99
ucf/WallPushups/samples/00959.png 99
ucf/WallPushups/samples/00960.png 99
ucf/WallPushups/samples/00961.png 99
ucf/WallPushups/samples/00962.png 99
ucf/WallPushups/samples/00963.png 99
ucf/WallPushups/samples/00964.png 99
ucf/WallPushups/samples/00965.png 99
ucf/WallPushups/samples/00966.png 99
ucf/WallPushups/samples/00967.png 99
ucf/WallPushups/samples/00968.png 99
ucf/WallPushups/samples/00969.png 99
ucf/WallPushups/samples/00970.png 99
ucf/WallPushups/samples/00971.png 99
ucf/WallPushups/samples/00972.png 99
ucf/WallPushups/samples/00973.png 99
ucf/WallPushups/samples/00974.png 99
ucf/WallPushups/samples/00975.png 99
ucf/WallPushups/samples/00976.png 99
ucf/WallPushups/samples/00977.png 99
ucf/WallPushups/samples/00978.png 99
ucf/WallPushups/samples/00979.png 99
ucf/WallPushups/samples/00980.png 99
ucf/WallPushups/samples/00981.png 99
ucf/WallPushups/samples/00982.png 99
ucf/WallPushups/samples/00983.png 99
ucf/WallPushups/samples/00984.png 99
ucf/WallPushups/samples/00985.png 99
ucf/WallPushups/samples/00986.png 99
ucf/WallPushups/samples/00987.png 99
ucf/WallPushups/samples/00988.png 99
ucf/WallPushups/samples/00989.png 99
ucf/WallPushups/samples/00990.png 99
ucf/WallPushups/samples/00991.png 99
ucf/WallPushups/samples/00992.png 99
ucf/WallPushups/samples/00993.png 99
ucf/WallPushups/samples/00994.png 99
ucf/WallPushups/samples/00995.png 99
ucf/WallPushups/samples/00996.png 99
ucf/WallPushups/samples/00997.png 99
ucf/WallPushups/samples/00998.png 99
ucf/WallPushups/samples/00999.png 99
ucf/BoxingSpeedBag/samples/00000.png 18
ucf/BoxingSpeedBag/samples/00001.png 18
ucf/BoxingSpeedBag/samples/00002.png 18
ucf/BoxingSpeedBag/samples/00003.png 18
ucf/BoxingSpeedBag/samples/00004.png 18
ucf/BoxingSpeedBag/samples/00005.png 18
ucf/BoxingSpeedBag/samples/00006.png 18
ucf/BoxingSpeedBag/samples/00007.png 18
ucf/BoxingSpeedBag/samples/00008.png 18
ucf/BoxingSpeedBag/samples/00009.png 18
ucf/BoxingSpeedBag/samples/00010.png 18
ucf/BoxingSpeedBag/samples/00011.png 18
ucf/BoxingSpeedBag/samples/00012.png 18
ucf/BoxingSpeedBag/samples/00013.png 18
ucf/BoxingSpeedBag/samples/00014.png 18
ucf/BoxingSpeedBag/samples/00015.png 18
ucf/BoxingSpeedBag/samples/00016.png 18
ucf/BoxingSpeedBag/samples/00017.png 18
ucf/BoxingSpeedBag/samples/00018.png 18
ucf/BoxingSpeedBag/samples/00019.png 18
ucf/BoxingSpeedBag/samples/00020.png 18
ucf/BoxingSpeedBag/samples/00021.png 18
ucf/BoxingSpeedBag/samples/00022.png 18
ucf/BoxingSpeedBag/samples/00023.png 18
ucf/BoxingSpeedBag/samples/00024.png 18
ucf/BoxingSpeedBag/samples/00025.png 18
ucf/BoxingSpeedBag/samples/00026.png 18
ucf/BoxingSpeedBag/samples/00027.png 18
ucf/BoxingSpeedBag/samples/00028.png 18
ucf/BoxingSpeedBag/samples/00029.png 18
ucf/BoxingSpeedBag/samples/00030.png 18
ucf/BoxingSpeedBag/samples/00031.png 18
ucf/BoxingSpeedBag/samples/00032.png 18
ucf/BoxingSpeedBag/samples/00033.png 18
ucf/BoxingSpeedBag/samples/00034.png 18
ucf/BoxingSpeedBag/samples/00035.png 18
ucf/BoxingSpeedBag/samples/00036.png 18
ucf/BoxingSpeedBag/samples/00037.png 18
ucf/BoxingSpeedBag/samples/00038.png 18
ucf/BoxingSpeedBag/samples/00039.png 18
ucf/BoxingSpeedBag/samples/00040.png 18
ucf/BoxingSpeedBag/samples/00041.png 18
ucf/BoxingSpeedBag/samples/00042.png 18
ucf/BoxingSpeedBag/samples/00043.png 18
ucf/BoxingSpeedBag/samples/00044.png 18
ucf/BoxingSpeedBag/samples/00045.png 18
ucf/BoxingSpeedBag/samples/00046.png 18
ucf/BoxingSpeedBag/samples/00047.png 18
ucf/BoxingSpeedBag/samples/00048.png 18
ucf/BoxingSpeedBag/samples/00049.png 18
ucf/BoxingSpeedBag/samples/00050.png 18
ucf/BoxingSpeedBag/samples/00051.png 18
ucf/BoxingSpeedBag/samples/00052.png 18
ucf/BoxingSpeedBag/samples/00053.png 18
ucf/BoxingSpeedBag/samples/00054.png 18
ucf/BoxingSpeedBag/samples/00055.png 18
ucf/BoxingSpeedBag/samples/00056.png 18
ucf/BoxingSpeedBag/samples/00057.png 18
ucf/BoxingSpeedBag/samples/00058.png 18
ucf/BoxingSpeedBag/samples/00059.png 18
ucf/BoxingSpeedBag/samples/00060.png 18
ucf/BoxingSpeedBag/samples/00061.png 18
ucf/BoxingSpeedBag/samples/00062.png 18
ucf/BoxingSpeedBag/samples/00063.png 18
ucf/BoxingSpeedBag/samples/00064.png 18
ucf/BoxingSpeedBag/samples/00065.png 18
ucf/BoxingSpeedBag/samples/00066.png 18
ucf/BoxingSpeedBag/samples/00067.png 18
ucf/BoxingSpeedBag/samples/00068.png 18
ucf/BoxingSpeedBag/samples/00069.png 18
ucf/BoxingSpeedBag/samples/00070.png 18
ucf/BoxingSpeedBag/samples/00071.png 18
ucf/BoxingSpeedBag/samples/00072.png 18
ucf/BoxingSpeedBag/samples/00073.png 18
ucf/BoxingSpeedBag/samples/00074.png 18
ucf/BoxingSpeedBag/samples/00075.png 18
ucf/BoxingSpeedBag/samples/00076.png 18
ucf/BoxingSpeedBag/samples/00077.png 18
ucf/BoxingSpeedBag/samples/00078.png 18
ucf/BoxingSpeedBag/samples/00079.png 18
ucf/BoxingSpeedBag/samples/00080.png 18
ucf/BoxingSpeedBag/samples/00081.png 18
ucf/BoxingSpeedBag/samples/00082.png 18
ucf/BoxingSpeedBag/samples/00083.png 18
ucf/BoxingSpeedBag/samples/00084.png 18
ucf/BoxingSpeedBag/samples/00085.png 18
ucf/BoxingSpeedBag/samples/00086.png 18
ucf/BoxingSpeedBag/samples/00087.png 18
ucf/BoxingSpeedBag/samples/00088.png 18
ucf/BoxingSpeedBag/samples/00089.png 18
ucf/BoxingSpeedBag/samples/00090.png 18
ucf/BoxingSpeedBag/samples/00091.png 18
ucf/BoxingSpeedBag/samples/00092.png 18
ucf/BoxingSpeedBag/samples/00093.png 18
ucf/BoxingSpeedBag/samples/00094.png 18
ucf/BoxingSpeedBag/samples/00095.png 18
ucf/BoxingSpeedBag/samples/00096.png 18
ucf/BoxingSpeedBag/samples/00097.png 18
ucf/BoxingSpeedBag/samples/00098.png 18
ucf/BoxingSpeedBag/samples/00099.png 18
ucf/BoxingSpeedBag/samples/00100.png 18
ucf/BoxingSpeedBag/samples/00101.png 18
ucf/BoxingSpeedBag/samples/00102.png 18
ucf/BoxingSpeedBag/samples/00103.png 18
ucf/BoxingSpeedBag/samples/00104.png 18
ucf/BoxingSpeedBag/samples/00105.png 18
ucf/BoxingSpeedBag/samples/00106.png 18
ucf/BoxingSpeedBag/samples/00107.png 18
ucf/BoxingSpeedBag/samples/00108.png 18
ucf/BoxingSpeedBag/samples/00109.png 18
ucf/BoxingSpeedBag/samples/00110.png 18
ucf/BoxingSpeedBag/samples/00111.png 18
ucf/BoxingSpeedBag/samples/00112.png 18
ucf/BoxingSpeedBag/samples/00113.png 18
ucf/BoxingSpeedBag/samples/00114.png 18
ucf/BoxingSpeedBag/samples/00115.png 18
ucf/BoxingSpeedBag/samples/00116.png 18
ucf/BoxingSpeedBag/samples/00117.png 18
ucf/BoxingSpeedBag/samples/00118.png 18
ucf/BoxingSpeedBag/samples/00119.png 18
ucf/BoxingSpeedBag/samples/00120.png 18
ucf/BoxingSpeedBag/samples/00121.png 18
ucf/BoxingSpeedBag/samples/00122.png 18
ucf/BoxingSpeedBag/samples/00123.png 18
ucf/BoxingSpeedBag/samples/00124.png 18
ucf/BoxingSpeedBag/samples/00125.png 18
ucf/BoxingSpeedBag/samples/00126.png 18
ucf/BoxingSpeedBag/samples/00127.png 18
ucf/BoxingSpeedBag/samples/00128.png 18
ucf/BoxingSpeedBag/samples/00129.png 18
ucf/BoxingSpeedBag/samples/00130.png 18
ucf/BoxingSpeedBag/samples/00131.png 18
ucf/BoxingSpeedBag/samples/00132.png 18
ucf/BoxingSpeedBag/samples/00133.png 18
ucf/BoxingSpeedBag/samples/00134.png 18
ucf/BoxingSpeedBag/samples/00135.png 18
ucf/BoxingSpeedBag/samples/00136.png 18
ucf/BoxingSpeedBag/samples/00137.png 18
ucf/BoxingSpeedBag/samples/00138.png 18
ucf/BoxingSpeedBag/samples/00139.png 18
ucf/BoxingSpeedBag/samples/00140.png 18
ucf/BoxingSpeedBag/samples/00141.png 18
ucf/BoxingSpeedBag/samples/00142.png 18
ucf/BoxingSpeedBag/samples/00143.png 18
ucf/BoxingSpeedBag/samples/00144.png 18
ucf/BoxingSpeedBag/samples/00145.png 18
ucf/BoxingSpeedBag/samples/00146.png 18
ucf/BoxingSpeedBag/samples/00147.png 18
ucf/BoxingSpeedBag/samples/00148.png 18
ucf/BoxingSpeedBag/samples/00149.png 18
ucf/BoxingSpeedBag/samples/00150.png 18
ucf/BoxingSpeedBag/samples/00151.png 18
ucf/BoxingSpeedBag/samples/00152.png 18
ucf/BoxingSpeedBag/samples/00153.png 18
ucf/BoxingSpeedBag/samples/00154.png 18
ucf/BoxingSpeedBag/samples/00155.png 18
ucf/BoxingSpeedBag/samples/00156.png 18
ucf/BoxingSpeedBag/samples/00157.png 18
ucf/BoxingSpeedBag/samples/00158.png 18
ucf/BoxingSpeedBag/samples/00159.png 18
ucf/BoxingSpeedBag/samples/00160.png 18
ucf/BoxingSpeedBag/samples/00161.png 18
ucf/BoxingSpeedBag/samples/00162.png 18
ucf/BoxingSpeedBag/samples/00163.png 18
ucf/BoxingSpeedBag/samples/00164.png 18
ucf/BoxingSpeedBag/samples/00165.png 18
ucf/BoxingSpeedBag/samples/00166.png 18
ucf/BoxingSpeedBag/samples/00167.png 18
ucf/BoxingSpeedBag/samples/00168.png 18
ucf/BoxingSpeedBag/samples/00169.png 18
ucf/BoxingSpeedBag/samples/00170.png 18
ucf/BoxingSpeedBag/samples/00171.png 18
ucf/BoxingSpeedBag/samples/00172.png 18
ucf/BoxingSpeedBag/samples/00173.png 18
ucf/BoxingSpeedBag/samples/00174.png 18
ucf/BoxingSpeedBag/samples/00175.png 18
ucf/BoxingSpeedBag/samples/00176.png 18
ucf/BoxingSpeedBag/samples/00177.png 18
ucf/BoxingSpeedBag/samples/00178.png 18
ucf/BoxingSpeedBag/samples/00179.png 18
ucf/BoxingSpeedBag/samples/00180.png 18
ucf/BoxingSpeedBag/samples/00181.png 18
ucf/BoxingSpeedBag/samples/00182.png 18
ucf/BoxingSpeedBag/samples/00183.png 18
ucf/BoxingSpeedBag/samples/00184.png 18
ucf/BoxingSpeedBag/samples/00185.png 18
ucf/BoxingSpeedBag/samples/00186.png 18
ucf/BoxingSpeedBag/samples/00187.png 18
ucf/BoxingSpeedBag/samples/00188.png 18
ucf/BoxingSpeedBag/samples/00189.png 18
ucf/BoxingSpeedBag/samples/00190.png 18
ucf/BoxingSpeedBag/samples/00191.png 18
ucf/BoxingSpeedBag/samples/00192.png 18
ucf/BoxingSpeedBag/samples/00193.png 18
ucf/BoxingSpeedBag/samples/00194.png 18
ucf/BoxingSpeedBag/samples/00195.png 18
ucf/BoxingSpeedBag/samples/00196.png 18
ucf/BoxingSpeedBag/samples/00197.png 18
ucf/BoxingSpeedBag/samples/00198.png 18
ucf/BoxingSpeedBag/samples/00199.png 18
ucf/BoxingSpeedBag/samples/00200.png 18
ucf/BoxingSpeedBag/samples/00201.png 18
ucf/BoxingSpeedBag/samples/00202.png 18
ucf/BoxingSpeedBag/samples/00203.png 18
ucf/BoxingSpeedBag/samples/00204.png 18
ucf/BoxingSpeedBag/samples/00205.png 18
ucf/BoxingSpeedBag/samples/00206.png 18
ucf/BoxingSpeedBag/samples/00207.png 18
ucf/BoxingSpeedBag/samples/00208.png 18
ucf/BoxingSpeedBag/samples/00209.png 18
ucf/BoxingSpeedBag/samples/00210.png 18
ucf/BoxingSpeedBag/samples/00211.png 18
ucf/BoxingSpeedBag/samples/00212.png 18
ucf/BoxingSpeedBag/samples/00213.png 18
ucf/BoxingSpeedBag/samples/00214.png 18
ucf/BoxingSpeedBag/samples/00215.png 18
ucf/BoxingSpeedBag/samples/00216.png 18
ucf/BoxingSpeedBag/samples/00217.png 18
ucf/BoxingSpeedBag/samples/00218.png 18
ucf/BoxingSpeedBag/samples/00219.png 18
ucf/BoxingSpeedBag/samples/00220.png 18
ucf/BoxingSpeedBag/samples/00221.png 18
ucf/BoxingSpeedBag/samples/00222.png 18
ucf/BoxingSpeedBag/samples/00223.png 18
ucf/BoxingSpeedBag/samples/00224.png 18
ucf/BoxingSpeedBag/samples/00225.png 18
ucf/BoxingSpeedBag/samples/00226.png 18
ucf/BoxingSpeedBag/samples/00227.png 18
ucf/BoxingSpeedBag/samples/00228.png 18
ucf/BoxingSpeedBag/samples/00229.png 18
ucf/BoxingSpeedBag/samples/00230.png 18
ucf/BoxingSpeedBag/samples/00231.png 18
ucf/BoxingSpeedBag/samples/00232.png 18
ucf/BoxingSpeedBag/samples/00233.png 18
ucf/BoxingSpeedBag/samples/00234.png 18
ucf/BoxingSpeedBag/samples/00235.png 18
ucf/BoxingSpeedBag/samples/00236.png 18
ucf/BoxingSpeedBag/samples/00237.png 18
ucf/BoxingSpeedBag/samples/00238.png 18
ucf/BoxingSpeedBag/samples/00239.png 18
ucf/BoxingSpeedBag/samples/00240.png 18
ucf/BoxingSpeedBag/samples/00241.png 18
ucf/BoxingSpeedBag/samples/00242.png 18
ucf/BoxingSpeedBag/samples/00243.png 18
ucf/BoxingSpeedBag/samples/00244.png 18
ucf/BoxingSpeedBag/samples/00245.png 18
ucf/BoxingSpeedBag/samples/00246.png 18
ucf/BoxingSpeedBag/samples/00247.png 18
ucf/BoxingSpeedBag/samples/00248.png 18
ucf/BoxingSpeedBag/samples/00249.png 18
ucf/BoxingSpeedBag/samples/00250.png 18
ucf/BoxingSpeedBag/samples/00251.png 18
ucf/BoxingSpeedBag/samples/00252.png 18
ucf/BoxingSpeedBag/samples/00253.png 18
ucf/BoxingSpeedBag/samples/00254.png 18
ucf/BoxingSpeedBag/samples/00255.png 18
ucf/BoxingSpeedBag/samples/00256.png 18
ucf/BoxingSpeedBag/samples/00257.png 18
ucf/BoxingSpeedBag/samples/00258.png 18
ucf/BoxingSpeedBag/samples/00259.png 18
ucf/BoxingSpeedBag/samples/00260.png 18
ucf/BoxingSpeedBag/samples/00261.png 18
ucf/BoxingSpeedBag/samples/00262.png 18
ucf/BoxingSpeedBag/samples/00263.png 18
ucf/BoxingSpeedBag/samples/00264.png 18
ucf/BoxingSpeedBag/samples/00265.png 18
ucf/BoxingSpeedBag/samples/00266.png 18
ucf/BoxingSpeedBag/samples/00267.png 18
ucf/BoxingSpeedBag/samples/00268.png 18
ucf/BoxingSpeedBag/samples/00269.png 18
ucf/BoxingSpeedBag/samples/00270.png 18
ucf/BoxingSpeedBag/samples/00271.png 18
ucf/BoxingSpeedBag/samples/00272.png 18
ucf/BoxingSpeedBag/samples/00273.png 18
ucf/BoxingSpeedBag/samples/00274.png 18
ucf/BoxingSpeedBag/samples/00275.png 18
ucf/BoxingSpeedBag/samples/00276.png 18
ucf/BoxingSpeedBag/samples/00277.png 18
ucf/BoxingSpeedBag/samples/00278.png 18
ucf/BoxingSpeedBag/samples/00279.png 18
ucf/BoxingSpeedBag/samples/00280.png 18
ucf/BoxingSpeedBag/samples/00281.png 18
ucf/BoxingSpeedBag/samples/00282.png 18
ucf/BoxingSpeedBag/samples/00283.png 18
ucf/BoxingSpeedBag/samples/00284.png 18
ucf/BoxingSpeedBag/samples/00285.png 18
ucf/BoxingSpeedBag/samples/00286.png 18
ucf/BoxingSpeedBag/samples/00287.png 18
ucf/BoxingSpeedBag/samples/00288.png 18
ucf/BoxingSpeedBag/samples/00289.png 18
ucf/BoxingSpeedBag/samples/00290.png 18
ucf/BoxingSpeedBag/samples/00291.png 18
ucf/BoxingSpeedBag/samples/00292.png 18
ucf/BoxingSpeedBag/samples/00293.png 18
ucf/BoxingSpeedBag/samples/00294.png 18
ucf/BoxingSpeedBag/samples/00295.png 18
ucf/BoxingSpeedBag/samples/00296.png 18
ucf/BoxingSpeedBag/samples/00297.png 18
ucf/BoxingSpeedBag/samples/00298.png 18
ucf/BoxingSpeedBag/samples/00299.png 18
ucf/BoxingSpeedBag/samples/00300.png 18
ucf/BoxingSpeedBag/samples/00301.png 18
ucf/BoxingSpeedBag/samples/00302.png 18
ucf/BoxingSpeedBag/samples/00303.png 18
ucf/BoxingSpeedBag/samples/00304.png 18
ucf/BoxingSpeedBag/samples/00305.png 18
ucf/BoxingSpeedBag/samples/00306.png 18
ucf/BoxingSpeedBag/samples/00307.png 18
ucf/BoxingSpeedBag/samples/00308.png 18
ucf/BoxingSpeedBag/samples/00309.png 18
ucf/BoxingSpeedBag/samples/00310.png 18
ucf/BoxingSpeedBag/samples/00311.png 18
ucf/BoxingSpeedBag/samples/00312.png 18
ucf/BoxingSpeedBag/samples/00313.png 18
ucf/BoxingSpeedBag/samples/00314.png 18
ucf/BoxingSpeedBag/samples/00315.png 18
ucf/BoxingSpeedBag/samples/00316.png 18
ucf/BoxingSpeedBag/samples/00317.png 18
ucf/BoxingSpeedBag/samples/00318.png 18
ucf/BoxingSpeedBag/samples/00319.png 18
ucf/BoxingSpeedBag/samples/00320.png 18
ucf/BoxingSpeedBag/samples/00321.png 18
ucf/BoxingSpeedBag/samples/00322.png 18
ucf/BoxingSpeedBag/samples/00323.png 18
ucf/BoxingSpeedBag/samples/00324.png 18
ucf/BoxingSpeedBag/samples/00325.png 18
ucf/BoxingSpeedBag/samples/00326.png 18
ucf/BoxingSpeedBag/samples/00327.png 18
ucf/BoxingSpeedBag/samples/00328.png 18
ucf/BoxingSpeedBag/samples/00329.png 18
ucf/BoxingSpeedBag/samples/00330.png 18
ucf/BoxingSpeedBag/samples/00331.png 18
ucf/BoxingSpeedBag/samples/00332.png 18
ucf/BoxingSpeedBag/samples/00333.png 18
ucf/BoxingSpeedBag/samples/00334.png 18
ucf/BoxingSpeedBag/samples/00335.png 18
ucf/BoxingSpeedBag/samples/00336.png 18
ucf/BoxingSpeedBag/samples/00337.png 18
ucf/BoxingSpeedBag/samples/00338.png 18
ucf/BoxingSpeedBag/samples/00339.png 18
ucf/BoxingSpeedBag/samples/00340.png 18
ucf/BoxingSpeedBag/samples/00341.png 18
ucf/BoxingSpeedBag/samples/00342.png 18
ucf/BoxingSpeedBag/samples/00343.png 18
ucf/BoxingSpeedBag/samples/00344.png 18
ucf/BoxingSpeedBag/samples/00345.png 18
ucf/BoxingSpeedBag/samples/00346.png 18
ucf/BoxingSpeedBag/samples/00347.png 18
ucf/BoxingSpeedBag/samples/00348.png 18
ucf/BoxingSpeedBag/samples/00349.png 18
ucf/BoxingSpeedBag/samples/00350.png 18
ucf/BoxingSpeedBag/samples/00351.png 18
ucf/BoxingSpeedBag/samples/00352.png 18
ucf/BoxingSpeedBag/samples/00353.png 18
ucf/BoxingSpeedBag/samples/00354.png 18
ucf/BoxingSpeedBag/samples/00355.png 18
ucf/BoxingSpeedBag/samples/00356.png 18
ucf/BoxingSpeedBag/samples/00357.png 18
ucf/BoxingSpeedBag/samples/00358.png 18
ucf/BoxingSpeedBag/samples/00359.png 18
ucf/BoxingSpeedBag/samples/00360.png 18
ucf/BoxingSpeedBag/samples/00361.png 18
ucf/BoxingSpeedBag/samples/00362.png 18
ucf/BoxingSpeedBag/samples/00363.png 18
ucf/BoxingSpeedBag/samples/00364.png 18
ucf/BoxingSpeedBag/samples/00365.png 18
ucf/BoxingSpeedBag/samples/00366.png 18
ucf/BoxingSpeedBag/samples/00367.png 18
ucf/BoxingSpeedBag/samples/00368.png 18
ucf/BoxingSpeedBag/samples/00369.png 18
ucf/BoxingSpeedBag/samples/00370.png 18
ucf/BoxingSpeedBag/samples/00371.png 18
ucf/BoxingSpeedBag/samples/00372.png 18
ucf/BoxingSpeedBag/samples/00373.png 18
ucf/BoxingSpeedBag/samples/00374.png 18
ucf/BoxingSpeedBag/samples/00375.png 18
ucf/BoxingSpeedBag/samples/00376.png 18
ucf/BoxingSpeedBag/samples/00377.png 18
ucf/BoxingSpeedBag/samples/00378.png 18
ucf/BoxingSpeedBag/samples/00379.png 18
ucf/BoxingSpeedBag/samples/00380.png 18
ucf/BoxingSpeedBag/samples/00381.png 18
ucf/BoxingSpeedBag/samples/00382.png 18
ucf/BoxingSpeedBag/samples/00383.png 18
ucf/BoxingSpeedBag/samples/00384.png 18
ucf/BoxingSpeedBag/samples/00385.png 18
ucf/BoxingSpeedBag/samples/00386.png 18
ucf/BoxingSpeedBag/samples/00387.png 18
ucf/BoxingSpeedBag/samples/00388.png 18
ucf/BoxingSpeedBag/samples/00389.png 18
ucf/BoxingSpeedBag/samples/00390.png 18
ucf/BoxingSpeedBag/samples/00391.png 18
ucf/BoxingSpeedBag/samples/00392.png 18
ucf/BoxingSpeedBag/samples/00393.png 18
ucf/BoxingSpeedBag/samples/00394.png 18
ucf/BoxingSpeedBag/samples/00395.png 18
ucf/BoxingSpeedBag/samples/00396.png 18
ucf/BoxingSpeedBag/samples/00397.png 18
ucf/BoxingSpeedBag/samples/00398.png 18
ucf/BoxingSpeedBag/samples/00399.png 18
ucf/BoxingSpeedBag/samples/00400.png 18
ucf/BoxingSpeedBag/samples/00401.png 18
ucf/BoxingSpeedBag/samples/00402.png 18
ucf/BoxingSpeedBag/samples/00403.png 18
ucf/BoxingSpeedBag/samples/00404.png 18
ucf/BoxingSpeedBag/samples/00405.png 18
ucf/BoxingSpeedBag/samples/00406.png 18
ucf/BoxingSpeedBag/samples/00407.png 18
ucf/BoxingSpeedBag/samples/00408.png 18
ucf/BoxingSpeedBag/samples/00409.png 18
ucf/BoxingSpeedBag/samples/00410.png 18
ucf/BoxingSpeedBag/samples/00411.png 18
ucf/BoxingSpeedBag/samples/00412.png 18
ucf/BoxingSpeedBag/samples/00413.png 18
ucf/BoxingSpeedBag/samples/00414.png 18
ucf/BoxingSpeedBag/samples/00415.png 18
ucf/BoxingSpeedBag/samples/00416.png 18
ucf/BoxingSpeedBag/samples/00417.png 18
ucf/BoxingSpeedBag/samples/00418.png 18
ucf/BoxingSpeedBag/samples/00419.png 18
ucf/BoxingSpeedBag/samples/00420.png 18
ucf/BoxingSpeedBag/samples/00421.png 18
ucf/BoxingSpeedBag/samples/00422.png 18
ucf/BoxingSpeedBag/samples/00423.png 18
ucf/BoxingSpeedBag/samples/00424.png 18
ucf/BoxingSpeedBag/samples/00425.png 18
ucf/BoxingSpeedBag/samples/00426.png 18
ucf/BoxingSpeedBag/samples/00427.png 18
ucf/BoxingSpeedBag/samples/00428.png 18
ucf/BoxingSpeedBag/samples/00429.png 18
ucf/BoxingSpeedBag/samples/00430.png 18
ucf/BoxingSpeedBag/samples/00431.png 18
ucf/BoxingSpeedBag/samples/00432.png 18
ucf/BoxingSpeedBag/samples/00433.png 18
ucf/BoxingSpeedBag/samples/00434.png 18
ucf/BoxingSpeedBag/samples/00435.png 18
ucf/BoxingSpeedBag/samples/00436.png 18
ucf/BoxingSpeedBag/samples/00437.png 18
ucf/BoxingSpeedBag/samples/00438.png 18
ucf/BoxingSpeedBag/samples/00439.png 18
ucf/BoxingSpeedBag/samples/00440.png 18
ucf/BoxingSpeedBag/samples/00441.png 18
ucf/BoxingSpeedBag/samples/00442.png 18
ucf/BoxingSpeedBag/samples/00443.png 18
ucf/BoxingSpeedBag/samples/00444.png 18
ucf/BoxingSpeedBag/samples/00445.png 18
ucf/BoxingSpeedBag/samples/00446.png 18
ucf/BoxingSpeedBag/samples/00447.png 18
ucf/BoxingSpeedBag/samples/00448.png 18
ucf/BoxingSpeedBag/samples/00449.png 18
ucf/BoxingSpeedBag/samples/00450.png 18
ucf/BoxingSpeedBag/samples/00451.png 18
ucf/BoxingSpeedBag/samples/00452.png 18
ucf/BoxingSpeedBag/samples/00453.png 18
ucf/BoxingSpeedBag/samples/00454.png 18
ucf/BoxingSpeedBag/samples/00455.png 18
ucf/BoxingSpeedBag/samples/00456.png 18
ucf/BoxingSpeedBag/samples/00457.png 18
ucf/BoxingSpeedBag/samples/00458.png 18
ucf/BoxingSpeedBag/samples/00459.png 18
ucf/BoxingSpeedBag/samples/00460.png 18
ucf/BoxingSpeedBag/samples/00461.png 18
ucf/BoxingSpeedBag/samples/00462.png 18
ucf/BoxingSpeedBag/samples/00463.png 18
ucf/BoxingSpeedBag/samples/00464.png 18
ucf/BoxingSpeedBag/samples/00465.png 18
ucf/BoxingSpeedBag/samples/00466.png 18
ucf/BoxingSpeedBag/samples/00467.png 18
ucf/BoxingSpeedBag/samples/00468.png 18
ucf/BoxingSpeedBag/samples/00469.png 18
ucf/BoxingSpeedBag/samples/00470.png 18
ucf/BoxingSpeedBag/samples/00471.png 18
ucf/BoxingSpeedBag/samples/00472.png 18
ucf/BoxingSpeedBag/samples/00473.png 18
ucf/BoxingSpeedBag/samples/00474.png 18
ucf/BoxingSpeedBag/samples/00475.png 18
ucf/BoxingSpeedBag/samples/00476.png 18
ucf/BoxingSpeedBag/samples/00477.png 18
ucf/BoxingSpeedBag/samples/00478.png 18
ucf/BoxingSpeedBag/samples/00479.png 18
ucf/BoxingSpeedBag/samples/00480.png 18
ucf/BoxingSpeedBag/samples/00481.png 18
ucf/BoxingSpeedBag/samples/00482.png 18
ucf/BoxingSpeedBag/samples/00483.png 18
ucf/BoxingSpeedBag/samples/00484.png 18
ucf/BoxingSpeedBag/samples/00485.png 18
ucf/BoxingSpeedBag/samples/00486.png 18
ucf/BoxingSpeedBag/samples/00487.png 18
ucf/BoxingSpeedBag/samples/00488.png 18
ucf/BoxingSpeedBag/samples/00489.png 18
ucf/BoxingSpeedBag/samples/00490.png 18
ucf/BoxingSpeedBag/samples/00491.png 18
ucf/BoxingSpeedBag/samples/00492.png 18
ucf/BoxingSpeedBag/samples/00493.png 18
ucf/BoxingSpeedBag/samples/00494.png 18
ucf/BoxingSpeedBag/samples/00495.png 18
ucf/BoxingSpeedBag/samples/00496.png 18
ucf/BoxingSpeedBag/samples/00497.png 18
ucf/BoxingSpeedBag/samples/00498.png 18
ucf/BoxingSpeedBag/samples/00499.png 18
ucf/BoxingSpeedBag/samples/00500.png 18
ucf/BoxingSpeedBag/samples/00501.png 18
ucf/BoxingSpeedBag/samples/00502.png 18
ucf/BoxingSpeedBag/samples/00503.png 18
ucf/BoxingSpeedBag/samples/00504.png 18
ucf/BoxingSpeedBag/samples/00505.png 18
ucf/BoxingSpeedBag/samples/00506.png 18
ucf/BoxingSpeedBag/samples/00507.png 18
ucf/BoxingSpeedBag/samples/00508.png 18
ucf/BoxingSpeedBag/samples/00509.png 18
ucf/BoxingSpeedBag/samples/00510.png 18
ucf/BoxingSpeedBag/samples/00511.png 18
ucf/BoxingSpeedBag/samples/00512.png 18
ucf/BoxingSpeedBag/samples/00513.png 18
ucf/BoxingSpeedBag/samples/00514.png 18
ucf/BoxingSpeedBag/samples/00515.png 18
ucf/BoxingSpeedBag/samples/00516.png 18
ucf/BoxingSpeedBag/samples/00517.png 18
ucf/BoxingSpeedBag/samples/00518.png 18
ucf/BoxingSpeedBag/samples/00519.png 18
ucf/BoxingSpeedBag/samples/00520.png 18
ucf/BoxingSpeedBag/samples/00521.png 18
ucf/BoxingSpeedBag/samples/00522.png 18
ucf/BoxingSpeedBag/samples/00523.png 18
ucf/BoxingSpeedBag/samples/00524.png 18
ucf/BoxingSpeedBag/samples/00525.png 18
ucf/BoxingSpeedBag/samples/00526.png 18
ucf/BoxingSpeedBag/samples/00527.png 18
ucf/BoxingSpeedBag/samples/00528.png 18
ucf/BoxingSpeedBag/samples/00529.png 18
ucf/BoxingSpeedBag/samples/00530.png 18
ucf/BoxingSpeedBag/samples/00531.png 18
ucf/BoxingSpeedBag/samples/00532.png 18
ucf/BoxingSpeedBag/samples/00533.png 18
ucf/BoxingSpeedBag/samples/00534.png 18
ucf/BoxingSpeedBag/samples/00535.png 18
ucf/BoxingSpeedBag/samples/00536.png 18
ucf/BoxingSpeedBag/samples/00537.png 18
ucf/BoxingSpeedBag/samples/00538.png 18
ucf/BoxingSpeedBag/samples/00539.png 18
ucf/BoxingSpeedBag/samples/00540.png 18
ucf/BoxingSpeedBag/samples/00541.png 18
ucf/BoxingSpeedBag/samples/00542.png 18
ucf/BoxingSpeedBag/samples/00543.png 18
ucf/BoxingSpeedBag/samples/00544.png 18
ucf/BoxingSpeedBag/samples/00545.png 18
ucf/BoxingSpeedBag/samples/00546.png 18
ucf/BoxingSpeedBag/samples/00547.png 18
ucf/BoxingSpeedBag/samples/00548.png 18
ucf/BoxingSpeedBag/samples/00549.png 18
ucf/BoxingSpeedBag/samples/00550.png 18
ucf/BoxingSpeedBag/samples/00551.png 18
ucf/BoxingSpeedBag/samples/00552.png 18
ucf/BoxingSpeedBag/samples/00553.png 18
ucf/BoxingSpeedBag/samples/00554.png 18
ucf/BoxingSpeedBag/samples/00555.png 18
ucf/BoxingSpeedBag/samples/00556.png 18
ucf/BoxingSpeedBag/samples/00557.png 18
ucf/BoxingSpeedBag/samples/00558.png 18
ucf/BoxingSpeedBag/samples/00559.png 18
ucf/BoxingSpeedBag/samples/00560.png 18
ucf/BoxingSpeedBag/samples/00561.png 18
ucf/BoxingSpeedBag/samples/00562.png 18
ucf/BoxingSpeedBag/samples/00563.png 18
ucf/BoxingSpeedBag/samples/00564.png 18
ucf/BoxingSpeedBag/samples/00565.png 18
ucf/BoxingSpeedBag/samples/00566.png 18
ucf/BoxingSpeedBag/samples/00567.png 18
ucf/BoxingSpeedBag/samples/00568.png 18
ucf/BoxingSpeedBag/samples/00569.png 18
ucf/BoxingSpeedBag/samples/00570.png 18
ucf/BoxingSpeedBag/samples/00571.png 18
ucf/BoxingSpeedBag/samples/00572.png 18
ucf/BoxingSpeedBag/samples/00573.png 18
ucf/BoxingSpeedBag/samples/00574.png 18
ucf/BoxingSpeedBag/samples/00575.png 18
ucf/BoxingSpeedBag/samples/00576.png 18
ucf/BoxingSpeedBag/samples/00577.png 18
ucf/BoxingSpeedBag/samples/00578.png 18
ucf/BoxingSpeedBag/samples/00579.png 18
ucf/BoxingSpeedBag/samples/00580.png 18
ucf/BoxingSpeedBag/samples/00581.png 18
ucf/BoxingSpeedBag/samples/00582.png 18
ucf/BoxingSpeedBag/samples/00583.png 18
ucf/BoxingSpeedBag/samples/00584.png 18
ucf/BoxingSpeedBag/samples/00585.png 18
ucf/BoxingSpeedBag/samples/00586.png 18
ucf/BoxingSpeedBag/samples/00587.png 18
ucf/BoxingSpeedBag/samples/00588.png 18
ucf/BoxingSpeedBag/samples/00589.png 18
ucf/BoxingSpeedBag/samples/00590.png 18
ucf/BoxingSpeedBag/samples/00591.png 18
ucf/BoxingSpeedBag/samples/00592.png 18
ucf/BoxingSpeedBag/samples/00593.png 18
ucf/BoxingSpeedBag/samples/00594.png 18
ucf/BoxingSpeedBag/samples/00595.png 18
ucf/BoxingSpeedBag/samples/00596.png 18
ucf/BoxingSpeedBag/samples/00597.png 18
ucf/BoxingSpeedBag/samples/00598.png 18
ucf/BoxingSpeedBag/samples/00599.png 18
ucf/BoxingSpeedBag/samples/00600.png 18
ucf/BoxingSpeedBag/samples/00601.png 18
ucf/BoxingSpeedBag/samples/00602.png 18
ucf/BoxingSpeedBag/samples/00603.png 18
ucf/BoxingSpeedBag/samples/00604.png 18
ucf/BoxingSpeedBag/samples/00605.png 18
ucf/BoxingSpeedBag/samples/00606.png 18
ucf/BoxingSpeedBag/samples/00607.png 18
ucf/BoxingSpeedBag/samples/00608.png 18
ucf/BoxingSpeedBag/samples/00609.png 18
ucf/BoxingSpeedBag/samples/00610.png 18
ucf/BoxingSpeedBag/samples/00611.png 18
ucf/BoxingSpeedBag/samples/00612.png 18
ucf/BoxingSpeedBag/samples/00613.png 18
ucf/BoxingSpeedBag/samples/00614.png 18
ucf/BoxingSpeedBag/samples/00615.png 18
ucf/BoxingSpeedBag/samples/00616.png 18
ucf/BoxingSpeedBag/samples/00617.png 18
ucf/BoxingSpeedBag/samples/00618.png 18
ucf/BoxingSpeedBag/samples/00619.png 18
ucf/BoxingSpeedBag/samples/00620.png 18
ucf/BoxingSpeedBag/samples/00621.png 18
ucf/BoxingSpeedBag/samples/00622.png 18
ucf/BoxingSpeedBag/samples/00623.png 18
ucf/BoxingSpeedBag/samples/00624.png 18
ucf/BoxingSpeedBag/samples/00625.png 18
ucf/BoxingSpeedBag/samples/00626.png 18
ucf/BoxingSpeedBag/samples/00627.png 18
ucf/BoxingSpeedBag/samples/00628.png 18
ucf/BoxingSpeedBag/samples/00629.png 18
ucf/BoxingSpeedBag/samples/00630.png 18
ucf/BoxingSpeedBag/samples/00631.png 18
ucf/BoxingSpeedBag/samples/00632.png 18
ucf/BoxingSpeedBag/samples/00633.png 18
ucf/BoxingSpeedBag/samples/00634.png 18
ucf/BoxingSpeedBag/samples/00635.png 18
ucf/BoxingSpeedBag/samples/00636.png 18
ucf/BoxingSpeedBag/samples/00637.png 18
ucf/BoxingSpeedBag/samples/00638.png 18
ucf/BoxingSpeedBag/samples/00639.png 18
ucf/BoxingSpeedBag/samples/00640.png 18
ucf/BoxingSpeedBag/samples/00641.png 18
ucf/BoxingSpeedBag/samples/00642.png 18
ucf/BoxingSpeedBag/samples/00643.png 18
ucf/BoxingSpeedBag/samples/00644.png 18
ucf/BoxingSpeedBag/samples/00645.png 18
ucf/BoxingSpeedBag/samples/00646.png 18
ucf/BoxingSpeedBag/samples/00647.png 18
ucf/BoxingSpeedBag/samples/00648.png 18
ucf/BoxingSpeedBag/samples/00649.png 18
ucf/BoxingSpeedBag/samples/00650.png 18
ucf/BoxingSpeedBag/samples/00651.png 18
ucf/BoxingSpeedBag/samples/00652.png 18
ucf/BoxingSpeedBag/samples/00653.png 18
ucf/BoxingSpeedBag/samples/00654.png 18
ucf/BoxingSpeedBag/samples/00655.png 18
ucf/BoxingSpeedBag/samples/00656.png 18
ucf/BoxingSpeedBag/samples/00657.png 18
ucf/BoxingSpeedBag/samples/00658.png 18
ucf/BoxingSpeedBag/samples/00659.png 18
ucf/BoxingSpeedBag/samples/00660.png 18
ucf/BoxingSpeedBag/samples/00661.png 18
ucf/BoxingSpeedBag/samples/00662.png 18
ucf/BoxingSpeedBag/samples/00663.png 18
ucf/BoxingSpeedBag/samples/00664.png 18
ucf/BoxingSpeedBag/samples/00665.png 18
ucf/BoxingSpeedBag/samples/00666.png 18
ucf/BoxingSpeedBag/samples/00667.png 18
ucf/BoxingSpeedBag/samples/00668.png 18
ucf/BoxingSpeedBag/samples/00669.png 18
ucf/BoxingSpeedBag/samples/00670.png 18
ucf/BoxingSpeedBag/samples/00671.png 18
ucf/BoxingSpeedBag/samples/00672.png 18
ucf/BoxingSpeedBag/samples/00673.png 18
ucf/BoxingSpeedBag/samples/00674.png 18
ucf/BoxingSpeedBag/samples/00675.png 18
ucf/BoxingSpeedBag/samples/00676.png 18
ucf/BoxingSpeedBag/samples/00677.png 18
ucf/BoxingSpeedBag/samples/00678.png 18
ucf/BoxingSpeedBag/samples/00679.png 18
ucf/BoxingSpeedBag/samples/00680.png 18
ucf/BoxingSpeedBag/samples/00681.png 18
ucf/BoxingSpeedBag/samples/00682.png 18
ucf/BoxingSpeedBag/samples/00683.png 18
ucf/BoxingSpeedBag/samples/00684.png 18
ucf/BoxingSpeedBag/samples/00685.png 18
ucf/BoxingSpeedBag/samples/00686.png 18
ucf/BoxingSpeedBag/samples/00687.png 18
ucf/BoxingSpeedBag/samples/00688.png 18
ucf/BoxingSpeedBag/samples/00689.png 18
ucf/BoxingSpeedBag/samples/00690.png 18
ucf/BoxingSpeedBag/samples/00691.png 18
ucf/BoxingSpeedBag/samples/00692.png 18
ucf/BoxingSpeedBag/samples/00693.png 18
ucf/BoxingSpeedBag/samples/00694.png 18
ucf/BoxingSpeedBag/samples/00695.png 18
ucf/BoxingSpeedBag/samples/00696.png 18
ucf/BoxingSpeedBag/samples/00697.png 18
ucf/BoxingSpeedBag/samples/00698.png 18
ucf/BoxingSpeedBag/samples/00699.png 18
ucf/BoxingSpeedBag/samples/00700.png 18
ucf/BoxingSpeedBag/samples/00701.png 18
ucf/BoxingSpeedBag/samples/00702.png 18
ucf/BoxingSpeedBag/samples/00703.png 18
ucf/BoxingSpeedBag/samples/00704.png 18
ucf/BoxingSpeedBag/samples/00705.png 18
ucf/BoxingSpeedBag/samples/00706.png 18
ucf/BoxingSpeedBag/samples/00707.png 18
ucf/BoxingSpeedBag/samples/00708.png 18
ucf/BoxingSpeedBag/samples/00709.png 18
ucf/BoxingSpeedBag/samples/00710.png 18
ucf/BoxingSpeedBag/samples/00711.png 18
ucf/BoxingSpeedBag/samples/00712.png 18
ucf/BoxingSpeedBag/samples/00713.png 18
ucf/BoxingSpeedBag/samples/00714.png 18
ucf/BoxingSpeedBag/samples/00715.png 18
ucf/BoxingSpeedBag/samples/00716.png 18
ucf/BoxingSpeedBag/samples/00717.png 18
ucf/BoxingSpeedBag/samples/00718.png 18
ucf/BoxingSpeedBag/samples/00719.png 18
ucf/BoxingSpeedBag/samples/00720.png 18
ucf/BoxingSpeedBag/samples/00721.png 18
ucf/BoxingSpeedBag/samples/00722.png 18
ucf/BoxingSpeedBag/samples/00723.png 18
ucf/BoxingSpeedBag/samples/00724.png 18
ucf/BoxingSpeedBag/samples/00725.png 18
ucf/BoxingSpeedBag/samples/00726.png 18
ucf/BoxingSpeedBag/samples/00727.png 18
ucf/BoxingSpeedBag/samples/00728.png 18
ucf/BoxingSpeedBag/samples/00729.png 18
ucf/BoxingSpeedBag/samples/00730.png 18
ucf/BoxingSpeedBag/samples/00731.png 18
ucf/BoxingSpeedBag/samples/00732.png 18
ucf/BoxingSpeedBag/samples/00733.png 18
ucf/BoxingSpeedBag/samples/00734.png 18
ucf/BoxingSpeedBag/samples/00735.png 18
ucf/BoxingSpeedBag/samples/00736.png 18
ucf/BoxingSpeedBag/samples/00737.png 18
ucf/BoxingSpeedBag/samples/00738.png 18
ucf/BoxingSpeedBag/samples/00739.png 18
ucf/BoxingSpeedBag/samples/00740.png 18
ucf/BoxingSpeedBag/samples/00741.png 18
ucf/BoxingSpeedBag/samples/00742.png 18
ucf/BoxingSpeedBag/samples/00743.png 18
ucf/BoxingSpeedBag/samples/00744.png 18
ucf/BoxingSpeedBag/samples/00745.png 18
ucf/BoxingSpeedBag/samples/00746.png 18
ucf/BoxingSpeedBag/samples/00747.png 18
ucf/BoxingSpeedBag/samples/00748.png 18
ucf/BoxingSpeedBag/samples/00749.png 18
ucf/BoxingSpeedBag/samples/00750.png 18
ucf/BoxingSpeedBag/samples/00751.png 18
ucf/BoxingSpeedBag/samples/00752.png 18
ucf/BoxingSpeedBag/samples/00753.png 18
ucf/BoxingSpeedBag/samples/00754.png 18
ucf/BoxingSpeedBag/samples/00755.png 18
ucf/BoxingSpeedBag/samples/00756.png 18
ucf/BoxingSpeedBag/samples/00757.png 18
ucf/BoxingSpeedBag/samples/00758.png 18
ucf/BoxingSpeedBag/samples/00759.png 18
ucf/BoxingSpeedBag/samples/00760.png 18
ucf/BoxingSpeedBag/samples/00761.png 18
ucf/BoxingSpeedBag/samples/00762.png 18
ucf/BoxingSpeedBag/samples/00763.png 18
ucf/BoxingSpeedBag/samples/00764.png 18
ucf/BoxingSpeedBag/samples/00765.png 18
ucf/BoxingSpeedBag/samples/00766.png 18
ucf/BoxingSpeedBag/samples/00767.png 18
ucf/BoxingSpeedBag/samples/00768.png 18
ucf/BoxingSpeedBag/samples/00769.png 18
ucf/BoxingSpeedBag/samples/00770.png 18
ucf/BoxingSpeedBag/samples/00771.png 18
ucf/BoxingSpeedBag/samples/00772.png 18
ucf/BoxingSpeedBag/samples/00773.png 18
ucf/BoxingSpeedBag/samples/00774.png 18
ucf/BoxingSpeedBag/samples/00775.png 18
ucf/BoxingSpeedBag/samples/00776.png 18
ucf/BoxingSpeedBag/samples/00777.png 18
ucf/BoxingSpeedBag/samples/00778.png 18
ucf/BoxingSpeedBag/samples/00779.png 18
ucf/BoxingSpeedBag/samples/00780.png 18
ucf/BoxingSpeedBag/samples/00781.png 18
ucf/BoxingSpeedBag/samples/00782.png 18
ucf/BoxingSpeedBag/samples/00783.png 18
ucf/BoxingSpeedBag/samples/00784.png 18
ucf/BoxingSpeedBag/samples/00785.png 18
ucf/BoxingSpeedBag/samples/00786.png 18
ucf/BoxingSpeedBag/samples/00787.png 18
ucf/BoxingSpeedBag/samples/00788.png 18
ucf/BoxingSpeedBag/samples/00789.png 18
ucf/BoxingSpeedBag/samples/00790.png 18
ucf/BoxingSpeedBag/samples/00791.png 18
ucf/BoxingSpeedBag/samples/00792.png 18
ucf/BoxingSpeedBag/samples/00793.png 18
ucf/BoxingSpeedBag/samples/00794.png 18
ucf/BoxingSpeedBag/samples/00795.png 18
ucf/BoxingSpeedBag/samples/00796.png 18
ucf/BoxingSpeedBag/samples/00797.png 18
ucf/BoxingSpeedBag/samples/00798.png 18
ucf/BoxingSpeedBag/samples/00799.png 18
ucf/BoxingSpeedBag/samples/00800.png 18
ucf/BoxingSpeedBag/samples/00801.png 18
ucf/BoxingSpeedBag/samples/00802.png 18
ucf/BoxingSpeedBag/samples/00803.png 18
ucf/BoxingSpeedBag/samples/00804.png 18
ucf/BoxingSpeedBag/samples/00805.png 18
ucf/BoxingSpeedBag/samples/00806.png 18
ucf/BoxingSpeedBag/samples/00807.png 18
ucf/BoxingSpeedBag/samples/00808.png 18
ucf/BoxingSpeedBag/samples/00809.png 18
ucf/BoxingSpeedBag/samples/00810.png 18
ucf/BoxingSpeedBag/samples/00811.png 18
ucf/BoxingSpeedBag/samples/00812.png 18
ucf/BoxingSpeedBag/samples/00813.png 18
ucf/BoxingSpeedBag/samples/00814.png 18
ucf/BoxingSpeedBag/samples/00815.png 18
ucf/BoxingSpeedBag/samples/00816.png 18
ucf/BoxingSpeedBag/samples/00817.png 18
ucf/BoxingSpeedBag/samples/00818.png 18
ucf/BoxingSpeedBag/samples/00819.png 18
ucf/BoxingSpeedBag/samples/00820.png 18
ucf/BoxingSpeedBag/samples/00821.png 18
ucf/BoxingSpeedBag/samples/00822.png 18
ucf/BoxingSpeedBag/samples/00823.png 18
ucf/BoxingSpeedBag/samples/00824.png 18
ucf/BoxingSpeedBag/samples/00825.png 18
ucf/BoxingSpeedBag/samples/00826.png 18
ucf/BoxingSpeedBag/samples/00827.png 18
ucf/BoxingSpeedBag/samples/00828.png 18
ucf/BoxingSpeedBag/samples/00829.png 18
ucf/BoxingSpeedBag/samples/00830.png 18
ucf/BoxingSpeedBag/samples/00831.png 18
ucf/BoxingSpeedBag/samples/00832.png 18
ucf/BoxingSpeedBag/samples/00833.png 18
ucf/BoxingSpeedBag/samples/00834.png 18
ucf/BoxingSpeedBag/samples/00835.png 18
ucf/BoxingSpeedBag/samples/00836.png 18
ucf/BoxingSpeedBag/samples/00837.png 18
ucf/BoxingSpeedBag/samples/00838.png 18
ucf/BoxingSpeedBag/samples/00839.png 18
ucf/BoxingSpeedBag/samples/00840.png 18
ucf/BoxingSpeedBag/samples/00841.png 18
ucf/BoxingSpeedBag/samples/00842.png 18
ucf/BoxingSpeedBag/samples/00843.png 18
ucf/BoxingSpeedBag/samples/00844.png 18
ucf/BoxingSpeedBag/samples/00845.png 18
ucf/BoxingSpeedBag/samples/00846.png 18
ucf/BoxingSpeedBag/samples/00847.png 18
ucf/BoxingSpeedBag/samples/00848.png 18
ucf/BoxingSpeedBag/samples/00849.png 18
ucf/BoxingSpeedBag/samples/00850.png 18
ucf/BoxingSpeedBag/samples/00851.png 18
ucf/BoxingSpeedBag/samples/00852.png 18
ucf/BoxingSpeedBag/samples/00853.png 18
ucf/BoxingSpeedBag/samples/00854.png 18
ucf/BoxingSpeedBag/samples/00855.png 18
ucf/BoxingSpeedBag/samples/00856.png 18
ucf/BoxingSpeedBag/samples/00857.png 18
ucf/BoxingSpeedBag/samples/00858.png 18
ucf/BoxingSpeedBag/samples/00859.png 18
ucf/BoxingSpeedBag/samples/00860.png 18
ucf/BoxingSpeedBag/samples/00861.png 18
ucf/BoxingSpeedBag/samples/00862.png 18
ucf/BoxingSpeedBag/samples/00863.png 18
ucf/BoxingSpeedBag/samples/00864.png 18
ucf/BoxingSpeedBag/samples/00865.png 18
ucf/BoxingSpeedBag/samples/00866.png 18
ucf/BoxingSpeedBag/samples/00867.png 18
ucf/BoxingSpeedBag/samples/00868.png 18
ucf/BoxingSpeedBag/samples/00869.png 18
ucf/BoxingSpeedBag/samples/00870.png 18
ucf/BoxingSpeedBag/samples/00871.png 18
ucf/BoxingSpeedBag/samples/00872.png 18
ucf/BoxingSpeedBag/samples/00873.png 18
ucf/BoxingSpeedBag/samples/00874.png 18
ucf/BoxingSpeedBag/samples/00875.png 18
ucf/BoxingSpeedBag/samples/00876.png 18
ucf/BoxingSpeedBag/samples/00877.png 18
ucf/BoxingSpeedBag/samples/00878.png 18
ucf/BoxingSpeedBag/samples/00879.png 18
ucf/BoxingSpeedBag/samples/00880.png 18
ucf/BoxingSpeedBag/samples/00881.png 18
ucf/BoxingSpeedBag/samples/00882.png 18
ucf/BoxingSpeedBag/samples/00883.png 18
ucf/BoxingSpeedBag/samples/00884.png 18
ucf/BoxingSpeedBag/samples/00885.png 18
ucf/BoxingSpeedBag/samples/00886.png 18
ucf/BoxingSpeedBag/samples/00887.png 18
ucf/BoxingSpeedBag/samples/00888.png 18
ucf/BoxingSpeedBag/samples/00889.png 18
ucf/BoxingSpeedBag/samples/00890.png 18
ucf/BoxingSpeedBag/samples/00891.png 18
ucf/BoxingSpeedBag/samples/00892.png 18
ucf/BoxingSpeedBag/samples/00893.png 18
ucf/BoxingSpeedBag/samples/00894.png 18
ucf/BoxingSpeedBag/samples/00895.png 18
ucf/BoxingSpeedBag/samples/00896.png 18
ucf/BoxingSpeedBag/samples/00897.png 18
ucf/BoxingSpeedBag/samples/00898.png 18
ucf/BoxingSpeedBag/samples/00899.png 18
ucf/BoxingSpeedBag/samples/00900.png 18
ucf/BoxingSpeedBag/samples/00901.png 18
ucf/BoxingSpeedBag/samples/00902.png 18
ucf/BoxingSpeedBag/samples/00903.png 18
ucf/BoxingSpeedBag/samples/00904.png 18
ucf/BoxingSpeedBag/samples/00905.png 18
ucf/BoxingSpeedBag/samples/00906.png 18
ucf/BoxingSpeedBag/samples/00907.png 18
ucf/BoxingSpeedBag/samples/00908.png 18
ucf/BoxingSpeedBag/samples/00909.png 18
ucf/BoxingSpeedBag/samples/00910.png 18
ucf/BoxingSpeedBag/samples/00911.png 18
ucf/BoxingSpeedBag/samples/00912.png 18
ucf/BoxingSpeedBag/samples/00913.png 18
ucf/BoxingSpeedBag/samples/00914.png 18
ucf/BoxingSpeedBag/samples/00915.png 18
ucf/BoxingSpeedBag/samples/00916.png 18
ucf/BoxingSpeedBag/samples/00917.png 18
ucf/BoxingSpeedBag/samples/00918.png 18
ucf/BoxingSpeedBag/samples/00919.png 18
ucf/BoxingSpeedBag/samples/00920.png 18
ucf/BoxingSpeedBag/samples/00921.png 18
ucf/BoxingSpeedBag/samples/00922.png 18
ucf/BoxingSpeedBag/samples/00923.png 18
ucf/BoxingSpeedBag/samples/00924.png 18
ucf/BoxingSpeedBag/samples/00925.png 18
ucf/BoxingSpeedBag/samples/00926.png 18
ucf/BoxingSpeedBag/samples/00927.png 18
ucf/BoxingSpeedBag/samples/00928.png 18
ucf/BoxingSpeedBag/samples/00929.png 18
ucf/BoxingSpeedBag/samples/00930.png 18
ucf/BoxingSpeedBag/samples/00931.png 18
ucf/BoxingSpeedBag/samples/00932.png 18
ucf/BoxingSpeedBag/samples/00933.png 18
ucf/BoxingSpeedBag/samples/00934.png 18
ucf/BoxingSpeedBag/samples/00935.png 18
ucf/BoxingSpeedBag/samples/00936.png 18
ucf/BoxingSpeedBag/samples/00937.png 18
ucf/BoxingSpeedBag/samples/00938.png 18
ucf/BoxingSpeedBag/samples/00939.png 18
ucf/BoxingSpeedBag/samples/00940.png 18
ucf/BoxingSpeedBag/samples/00941.png 18
ucf/BoxingSpeedBag/samples/00942.png 18
ucf/BoxingSpeedBag/samples/00943.png 18
ucf/BoxingSpeedBag/samples/00944.png 18
ucf/BoxingSpeedBag/samples/00945.png 18
ucf/BoxingSpeedBag/samples/00946.png 18
ucf/BoxingSpeedBag/samples/00947.png 18
ucf/BoxingSpeedBag/samples/00948.png 18
ucf/BoxingSpeedBag/samples/00949.png 18
ucf/BoxingSpeedBag/samples/00950.png 18
ucf/BoxingSpeedBag/samples/00951.png 18
ucf/BoxingSpeedBag/samples/00952.png 18
ucf/BoxingSpeedBag/samples/00953.png 18
ucf/BoxingSpeedBag/samples/00954.png 18
ucf/BoxingSpeedBag/samples/00955.png 18
ucf/BoxingSpeedBag/samples/00956.png 18
ucf/BoxingSpeedBag/samples/00957.png 18
ucf/BoxingSpeedBag/samples/00958.png 18
ucf/BoxingSpeedBag/samples/00959.png 18
ucf/BoxingSpeedBag/samples/00960.png 18
ucf/BoxingSpeedBag/samples/00961.png 18
ucf/BoxingSpeedBag/samples/00962.png 18
ucf/BoxingSpeedBag/samples/00963.png 18
ucf/BoxingSpeedBag/samples/00964.png 18
ucf/BoxingSpeedBag/samples/00965.png 18
ucf/BoxingSpeedBag/samples/00966.png 18
ucf/BoxingSpeedBag/samples/00967.png 18
ucf/BoxingSpeedBag/samples/00968.png 18
ucf/BoxingSpeedBag/samples/00969.png 18
ucf/BoxingSpeedBag/samples/00970.png 18
ucf/BoxingSpeedBag/samples/00971.png 18
ucf/BoxingSpeedBag/samples/00972.png 18
ucf/BoxingSpeedBag/samples/00973.png 18
ucf/BoxingSpeedBag/samples/00974.png 18
ucf/BoxingSpeedBag/samples/00975.png 18
ucf/BoxingSpeedBag/samples/00976.png 18
ucf/BoxingSpeedBag/samples/00977.png 18
ucf/BoxingSpeedBag/samples/00978.png 18
ucf/BoxingSpeedBag/samples/00979.png 18
ucf/BoxingSpeedBag/samples/00980.png 18
ucf/BoxingSpeedBag/samples/00981.png 18
ucf/BoxingSpeedBag/samples/00982.png 18
ucf/BoxingSpeedBag/samples/00983.png 18
ucf/BoxingSpeedBag/samples/00984.png 18
ucf/BoxingSpeedBag/samples/00985.png 18
ucf/BoxingSpeedBag/samples/00986.png 18
ucf/BoxingSpeedBag/samples/00987.png 18
ucf/BoxingSpeedBag/samples/00988.png 18
ucf/BoxingSpeedBag/samples/00989.png 18
ucf/BoxingSpeedBag/samples/00990.png 18
ucf/BoxingSpeedBag/samples/00991.png 18
ucf/BoxingSpeedBag/samples/00992.png 18
ucf/BoxingSpeedBag/samples/00993.png 18
ucf/BoxingSpeedBag/samples/00994.png 18
ucf/BoxingSpeedBag/samples/00995.png 18
ucf/BoxingSpeedBag/samples/00996.png 18
ucf/BoxingSpeedBag/samples/00997.png 18
ucf/BoxingSpeedBag/samples/00998.png 18
ucf/BoxingSpeedBag/samples/00999.png 18
ucf/PullUps/samples/00000.png 70
ucf/PullUps/samples/00001.png 70
ucf/PullUps/samples/00002.png 70
ucf/PullUps/samples/00003.png 70
ucf/PullUps/samples/00004.png 70
ucf/PullUps/samples/00005.png 70
ucf/PullUps/samples/00006.png 70
ucf/PullUps/samples/00007.png 70
ucf/PullUps/samples/00008.png 70
ucf/PullUps/samples/00009.png 70
ucf/PullUps/samples/00010.png 70
ucf/PullUps/samples/00011.png 70
ucf/PullUps/samples/00012.png 70
ucf/PullUps/samples/00013.png 70
ucf/PullUps/samples/00014.png 70
ucf/PullUps/samples/00015.png 70
ucf/PullUps/samples/00016.png 70
ucf/PullUps/samples/00017.png 70
ucf/PullUps/samples/00018.png 70
ucf/PullUps/samples/00019.png 70
ucf/PullUps/samples/00020.png 70
ucf/PullUps/samples/00021.png 70
ucf/PullUps/samples/00022.png 70
ucf/PullUps/samples/00023.png 70
ucf/PullUps/samples/00024.png 70
ucf/PullUps/samples/00025.png 70
ucf/PullUps/samples/00026.png 70
ucf/PullUps/samples/00027.png 70
ucf/PullUps/samples/00028.png 70
ucf/PullUps/samples/00029.png 70
ucf/PullUps/samples/00030.png 70
ucf/PullUps/samples/00031.png 70
ucf/PullUps/samples/00032.png 70
ucf/PullUps/samples/00033.png 70
ucf/PullUps/samples/00034.png 70
ucf/PullUps/samples/00035.png 70
ucf/PullUps/samples/00036.png 70
ucf/PullUps/samples/00037.png 70
ucf/PullUps/samples/00038.png 70
ucf/PullUps/samples/00039.png 70
ucf/PullUps/samples/00040.png 70
ucf/PullUps/samples/00041.png 70
ucf/PullUps/samples/00042.png 70
ucf/PullUps/samples/00043.png 70
ucf/PullUps/samples/00044.png 70
ucf/PullUps/samples/00045.png 70
ucf/PullUps/samples/00046.png 70
ucf/PullUps/samples/00047.png 70
ucf/PullUps/samples/00048.png 70
ucf/PullUps/samples/00049.png 70
ucf/PullUps/samples/00050.png 70
ucf/PullUps/samples/00051.png 70
ucf/PullUps/samples/00052.png 70
ucf/PullUps/samples/00053.png 70
ucf/PullUps/samples/00054.png 70
ucf/PullUps/samples/00055.png 70
ucf/PullUps/samples/00056.png 70
ucf/PullUps/samples/00057.png 70
ucf/PullUps/samples/00058.png 70
ucf/PullUps/samples/00059.png 70
ucf/PullUps/samples/00060.png 70
ucf/PullUps/samples/00061.png 70
ucf/PullUps/samples/00062.png 70
ucf/PullUps/samples/00063.png 70
ucf/PullUps/samples/00064.png 70
ucf/PullUps/samples/00065.png 70
ucf/PullUps/samples/00066.png 70
ucf/PullUps/samples/00067.png 70
ucf/PullUps/samples/00068.png 70
ucf/PullUps/samples/00069.png 70
ucf/PullUps/samples/00070.png 70
ucf/PullUps/samples/00071.png 70
ucf/PullUps/samples/00072.png 70
ucf/PullUps/samples/00073.png 70
ucf/PullUps/samples/00074.png 70
ucf/PullUps/samples/00075.png 70
ucf/PullUps/samples/00076.png 70
ucf/PullUps/samples/00077.png 70
ucf/PullUps/samples/00078.png 70
ucf/PullUps/samples/00079.png 70
ucf/PullUps/samples/00080.png 70
ucf/PullUps/samples/00081.png 70
ucf/PullUps/samples/00082.png 70
ucf/PullUps/samples/00083.png 70
ucf/PullUps/samples/00084.png 70
ucf/PullUps/samples/00085.png 70
ucf/PullUps/samples/00086.png 70
ucf/PullUps/samples/00087.png 70
ucf/PullUps/samples/00088.png 70
ucf/PullUps/samples/00089.png 70
ucf/PullUps/samples/00090.png 70
ucf/PullUps/samples/00091.png 70
ucf/PullUps/samples/00092.png 70
ucf/PullUps/samples/00093.png 70
ucf/PullUps/samples/00094.png 70
ucf/PullUps/samples/00095.png 70
ucf/PullUps/samples/00096.png 70
ucf/PullUps/samples/00097.png 70
ucf/PullUps/samples/00098.png 70
ucf/PullUps/samples/00099.png 70
ucf/PullUps/samples/00100.png 70
ucf/PullUps/samples/00101.png 70
ucf/PullUps/samples/00102.png 70
ucf/PullUps/samples/00103.png 70
ucf/PullUps/samples/00104.png 70
ucf/PullUps/samples/00105.png 70
ucf/PullUps/samples/00106.png 70
ucf/PullUps/samples/00107.png 70
ucf/PullUps/samples/00108.png 70
ucf/PullUps/samples/00109.png 70
ucf/PullUps/samples/00110.png 70
ucf/PullUps/samples/00111.png 70
ucf/PullUps/samples/00112.png 70
ucf/PullUps/samples/00113.png 70
ucf/PullUps/samples/00114.png 70
ucf/PullUps/samples/00115.png 70
ucf/PullUps/samples/00116.png 70
ucf/PullUps/samples/00117.png 70
ucf/PullUps/samples/00118.png 70
ucf/PullUps/samples/00119.png 70
ucf/PullUps/samples/00120.png 70
ucf/PullUps/samples/00121.png 70
ucf/PullUps/samples/00122.png 70
ucf/PullUps/samples/00123.png 70
ucf/PullUps/samples/00124.png 70
ucf/PullUps/samples/00125.png 70
ucf/PullUps/samples/00126.png 70
ucf/PullUps/samples/00127.png 70
ucf/PullUps/samples/00128.png 70
ucf/PullUps/samples/00129.png 70
ucf/PullUps/samples/00130.png 70
ucf/PullUps/samples/00131.png 70
ucf/PullUps/samples/00132.png 70
ucf/PullUps/samples/00133.png 70
ucf/PullUps/samples/00134.png 70
ucf/PullUps/samples/00135.png 70
ucf/PullUps/samples/00136.png 70
ucf/PullUps/samples/00137.png 70
ucf/PullUps/samples/00138.png 70
ucf/PullUps/samples/00139.png 70
ucf/PullUps/samples/00140.png 70
ucf/PullUps/samples/00141.png 70
ucf/PullUps/samples/00142.png 70
ucf/PullUps/samples/00143.png 70
ucf/PullUps/samples/00144.png 70
ucf/PullUps/samples/00145.png 70
ucf/PullUps/samples/00146.png 70
ucf/PullUps/samples/00147.png 70
ucf/PullUps/samples/00148.png 70
ucf/PullUps/samples/00149.png 70
ucf/PullUps/samples/00150.png 70
ucf/PullUps/samples/00151.png 70
ucf/PullUps/samples/00152.png 70
ucf/PullUps/samples/00153.png 70
ucf/PullUps/samples/00154.png 70
ucf/PullUps/samples/00155.png 70
ucf/PullUps/samples/00156.png 70
ucf/PullUps/samples/00157.png 70
ucf/PullUps/samples/00158.png 70
ucf/PullUps/samples/00159.png 70
ucf/PullUps/samples/00160.png 70
ucf/PullUps/samples/00161.png 70
ucf/PullUps/samples/00162.png 70
ucf/PullUps/samples/00163.png 70
ucf/PullUps/samples/00164.png 70
ucf/PullUps/samples/00165.png 70
ucf/PullUps/samples/00166.png 70
ucf/PullUps/samples/00167.png 70
ucf/PullUps/samples/00168.png 70
ucf/PullUps/samples/00169.png 70
ucf/PullUps/samples/00170.png 70
ucf/PullUps/samples/00171.png 70
ucf/PullUps/samples/00172.png 70
ucf/PullUps/samples/00173.png 70
ucf/PullUps/samples/00174.png 70
ucf/PullUps/samples/00175.png 70
ucf/PullUps/samples/00176.png 70
ucf/PullUps/samples/00177.png 70
ucf/PullUps/samples/00178.png 70
ucf/PullUps/samples/00179.png 70
ucf/PullUps/samples/00180.png 70
ucf/PullUps/samples/00181.png 70
ucf/PullUps/samples/00182.png 70
ucf/PullUps/samples/00183.png 70
ucf/PullUps/samples/00184.png 70
ucf/PullUps/samples/00185.png 70
ucf/PullUps/samples/00186.png 70
ucf/PullUps/samples/00187.png 70
ucf/PullUps/samples/00188.png 70
ucf/PullUps/samples/00189.png 70
ucf/PullUps/samples/00190.png 70
ucf/PullUps/samples/00191.png 70
ucf/PullUps/samples/00192.png 70
ucf/PullUps/samples/00193.png 70
ucf/PullUps/samples/00194.png 70
ucf/PullUps/samples/00195.png 70
ucf/PullUps/samples/00196.png 70
ucf/PullUps/samples/00197.png 70
ucf/PullUps/samples/00198.png 70
ucf/PullUps/samples/00199.png 70
ucf/PullUps/samples/00200.png 70
ucf/PullUps/samples/00201.png 70
ucf/PullUps/samples/00202.png 70
ucf/PullUps/samples/00203.png 70
ucf/PullUps/samples/00204.png 70
ucf/PullUps/samples/00205.png 70
ucf/PullUps/samples/00206.png 70
ucf/PullUps/samples/00207.png 70
ucf/PullUps/samples/00208.png 70
ucf/PullUps/samples/00209.png 70
ucf/PullUps/samples/00210.png 70
ucf/PullUps/samples/00211.png 70
ucf/PullUps/samples/00212.png 70
ucf/PullUps/samples/00213.png 70
ucf/PullUps/samples/00214.png 70
ucf/PullUps/samples/00215.png 70
ucf/PullUps/samples/00216.png 70
ucf/PullUps/samples/00217.png 70
ucf/PullUps/samples/00218.png 70
ucf/PullUps/samples/00219.png 70
ucf/PullUps/samples/00220.png 70
ucf/PullUps/samples/00221.png 70
ucf/PullUps/samples/00222.png 70
ucf/PullUps/samples/00223.png 70
ucf/PullUps/samples/00224.png 70
ucf/PullUps/samples/00225.png 70
ucf/PullUps/samples/00226.png 70
ucf/PullUps/samples/00227.png 70
ucf/PullUps/samples/00228.png 70
ucf/PullUps/samples/00229.png 70
ucf/PullUps/samples/00230.png 70
ucf/PullUps/samples/00231.png 70
ucf/PullUps/samples/00232.png 70
ucf/PullUps/samples/00233.png 70
ucf/PullUps/samples/00234.png 70
ucf/PullUps/samples/00235.png 70
ucf/PullUps/samples/00236.png 70
ucf/PullUps/samples/00237.png 70
ucf/PullUps/samples/00238.png 70
ucf/PullUps/samples/00239.png 70
ucf/PullUps/samples/00240.png 70
ucf/PullUps/samples/00241.png 70
ucf/PullUps/samples/00242.png 70
ucf/PullUps/samples/00243.png 70
ucf/PullUps/samples/00244.png 70
ucf/PullUps/samples/00245.png 70
ucf/PullUps/samples/00246.png 70
ucf/PullUps/samples/00247.png 70
ucf/PullUps/samples/00248.png 70
ucf/PullUps/samples/00249.png 70
ucf/PullUps/samples/00250.png 70
ucf/PullUps/samples/00251.png 70
ucf/PullUps/samples/00252.png 70
ucf/PullUps/samples/00253.png 70
ucf/PullUps/samples/00254.png 70
ucf/PullUps/samples/00255.png 70
ucf/PullUps/samples/00256.png 70
ucf/PullUps/samples/00257.png 70
ucf/PullUps/samples/00258.png 70
ucf/PullUps/samples/00259.png 70
ucf/PullUps/samples/00260.png 70
ucf/PullUps/samples/00261.png 70
ucf/PullUps/samples/00262.png 70
ucf/PullUps/samples/00263.png 70
ucf/PullUps/samples/00264.png 70
ucf/PullUps/samples/00265.png 70
ucf/PullUps/samples/00266.png 70
ucf/PullUps/samples/00267.png 70
ucf/PullUps/samples/00268.png 70
ucf/PullUps/samples/00269.png 70
ucf/PullUps/samples/00270.png 70
ucf/PullUps/samples/00271.png 70
ucf/PullUps/samples/00272.png 70
ucf/PullUps/samples/00273.png 70
ucf/PullUps/samples/00274.png 70
ucf/PullUps/samples/00275.png 70
ucf/PullUps/samples/00276.png 70
ucf/PullUps/samples/00277.png 70
ucf/PullUps/samples/00278.png 70
ucf/PullUps/samples/00279.png 70
ucf/PullUps/samples/00280.png 70
ucf/PullUps/samples/00281.png 70
ucf/PullUps/samples/00282.png 70
ucf/PullUps/samples/00283.png 70
ucf/PullUps/samples/00284.png 70
ucf/PullUps/samples/00285.png 70
ucf/PullUps/samples/00286.png 70
ucf/PullUps/samples/00287.png 70
ucf/PullUps/samples/00288.png 70
ucf/PullUps/samples/00289.png 70
ucf/PullUps/samples/00290.png 70
ucf/PullUps/samples/00291.png 70
ucf/PullUps/samples/00292.png 70
ucf/PullUps/samples/00293.png 70
ucf/PullUps/samples/00294.png 70
ucf/PullUps/samples/00295.png 70
ucf/PullUps/samples/00296.png 70
ucf/PullUps/samples/00297.png 70
ucf/PullUps/samples/00298.png 70
ucf/PullUps/samples/00299.png 70
ucf/PullUps/samples/00300.png 70
ucf/PullUps/samples/00301.png 70
ucf/PullUps/samples/00302.png 70
ucf/PullUps/samples/00303.png 70
ucf/PullUps/samples/00304.png 70
ucf/PullUps/samples/00305.png 70
ucf/PullUps/samples/00306.png 70
ucf/PullUps/samples/00307.png 70
ucf/PullUps/samples/00308.png 70
ucf/PullUps/samples/00309.png 70
ucf/PullUps/samples/00310.png 70
ucf/PullUps/samples/00311.png 70
ucf/PullUps/samples/00312.png 70
ucf/PullUps/samples/00313.png 70
ucf/PullUps/samples/00314.png 70
ucf/PullUps/samples/00315.png 70
ucf/PullUps/samples/00316.png 70
ucf/PullUps/samples/00317.png 70
ucf/PullUps/samples/00318.png 70
ucf/PullUps/samples/00319.png 70
ucf/PullUps/samples/00320.png 70
ucf/PullUps/samples/00321.png 70
ucf/PullUps/samples/00322.png 70
ucf/PullUps/samples/00323.png 70
ucf/PullUps/samples/00324.png 70
ucf/PullUps/samples/00325.png 70
ucf/PullUps/samples/00326.png 70
ucf/PullUps/samples/00327.png 70
ucf/PullUps/samples/00328.png 70
ucf/PullUps/samples/00329.png 70
ucf/PullUps/samples/00330.png 70
ucf/PullUps/samples/00331.png 70
ucf/PullUps/samples/00332.png 70
ucf/PullUps/samples/00333.png 70
ucf/PullUps/samples/00334.png 70
ucf/PullUps/samples/00335.png 70
ucf/PullUps/samples/00336.png 70
ucf/PullUps/samples/00337.png 70
ucf/PullUps/samples/00338.png 70
ucf/PullUps/samples/00339.png 70
ucf/PullUps/samples/00340.png 70
ucf/PullUps/samples/00341.png 70
ucf/PullUps/samples/00342.png 70
ucf/PullUps/samples/00343.png 70
ucf/PullUps/samples/00344.png 70
ucf/PullUps/samples/00345.png 70
ucf/PullUps/samples/00346.png 70
ucf/PullUps/samples/00347.png 70
ucf/PullUps/samples/00348.png 70
ucf/PullUps/samples/00349.png 70
ucf/PullUps/samples/00350.png 70
ucf/PullUps/samples/00351.png 70
ucf/PullUps/samples/00352.png 70
ucf/PullUps/samples/00353.png 70
ucf/PullUps/samples/00354.png 70
ucf/PullUps/samples/00355.png 70
ucf/PullUps/samples/00356.png 70
ucf/PullUps/samples/00357.png 70
ucf/PullUps/samples/00358.png 70
ucf/PullUps/samples/00359.png 70
ucf/PullUps/samples/00360.png 70
ucf/PullUps/samples/00361.png 70
ucf/PullUps/samples/00362.png 70
ucf/PullUps/samples/00363.png 70
ucf/PullUps/samples/00364.png 70
ucf/PullUps/samples/00365.png 70
ucf/PullUps/samples/00366.png 70
ucf/PullUps/samples/00367.png 70
ucf/PullUps/samples/00368.png 70
ucf/PullUps/samples/00369.png 70
ucf/PullUps/samples/00370.png 70
ucf/PullUps/samples/00371.png 70
ucf/PullUps/samples/00372.png 70
ucf/PullUps/samples/00373.png 70
ucf/PullUps/samples/00374.png 70
ucf/PullUps/samples/00375.png 70
ucf/PullUps/samples/00376.png 70
ucf/PullUps/samples/00377.png 70
ucf/PullUps/samples/00378.png 70
ucf/PullUps/samples/00379.png 70
ucf/PullUps/samples/00380.png 70
ucf/PullUps/samples/00381.png 70
ucf/PullUps/samples/00382.png 70
ucf/PullUps/samples/00383.png 70
ucf/PullUps/samples/00384.png 70
ucf/PullUps/samples/00385.png 70
ucf/PullUps/samples/00386.png 70
ucf/PullUps/samples/00387.png 70
ucf/PullUps/samples/00388.png 70
ucf/PullUps/samples/00389.png 70
ucf/PullUps/samples/00390.png 70
ucf/PullUps/samples/00391.png 70
ucf/PullUps/samples/00392.png 70
ucf/PullUps/samples/00393.png 70
ucf/PullUps/samples/00394.png 70
ucf/PullUps/samples/00395.png 70
ucf/PullUps/samples/00396.png 70
ucf/PullUps/samples/00397.png 70
ucf/PullUps/samples/00398.png 70
ucf/PullUps/samples/00399.png 70
ucf/PullUps/samples/00400.png 70
ucf/PullUps/samples/00401.png 70
ucf/PullUps/samples/00402.png 70
ucf/PullUps/samples/00403.png 70
ucf/PullUps/samples/00404.png 70
ucf/PullUps/samples/00405.png 70
ucf/PullUps/samples/00406.png 70
ucf/PullUps/samples/00407.png 70
ucf/PullUps/samples/00408.png 70
ucf/PullUps/samples/00409.png 70
ucf/PullUps/samples/00410.png 70
ucf/PullUps/samples/00411.png 70
ucf/PullUps/samples/00412.png 70
ucf/PullUps/samples/00413.png 70
ucf/PullUps/samples/00414.png 70
ucf/PullUps/samples/00415.png 70
ucf/PullUps/samples/00416.png 70
ucf/PullUps/samples/00417.png 70
ucf/PullUps/samples/00418.png 70
ucf/PullUps/samples/00419.png 70
ucf/PullUps/samples/00420.png 70
ucf/PullUps/samples/00421.png 70
ucf/PullUps/samples/00422.png 70
ucf/PullUps/samples/00423.png 70
ucf/PullUps/samples/00424.png 70
ucf/PullUps/samples/00425.png 70
ucf/PullUps/samples/00426.png 70
ucf/PullUps/samples/00427.png 70
ucf/PullUps/samples/00428.png 70
ucf/PullUps/samples/00429.png 70
ucf/PullUps/samples/00430.png 70
ucf/PullUps/samples/00431.png 70
ucf/PullUps/samples/00432.png 70
ucf/PullUps/samples/00433.png 70
ucf/PullUps/samples/00434.png 70
ucf/PullUps/samples/00435.png 70
ucf/PullUps/samples/00436.png 70
ucf/PullUps/samples/00437.png 70
ucf/PullUps/samples/00438.png 70
ucf/PullUps/samples/00439.png 70
ucf/PullUps/samples/00440.png 70
ucf/PullUps/samples/00441.png 70
ucf/PullUps/samples/00442.png 70
ucf/PullUps/samples/00443.png 70
ucf/PullUps/samples/00444.png 70
ucf/PullUps/samples/00445.png 70
ucf/PullUps/samples/00446.png 70
ucf/PullUps/samples/00447.png 70
ucf/PullUps/samples/00448.png 70
ucf/PullUps/samples/00449.png 70
ucf/PullUps/samples/00450.png 70
ucf/PullUps/samples/00451.png 70
ucf/PullUps/samples/00452.png 70
ucf/PullUps/samples/00453.png 70
ucf/PullUps/samples/00454.png 70
ucf/PullUps/samples/00455.png 70
ucf/PullUps/samples/00456.png 70
ucf/PullUps/samples/00457.png 70
ucf/PullUps/samples/00458.png 70
ucf/PullUps/samples/00459.png 70
ucf/PullUps/samples/00460.png 70
ucf/PullUps/samples/00461.png 70
ucf/PullUps/samples/00462.png 70
ucf/PullUps/samples/00463.png 70
ucf/PullUps/samples/00464.png 70
ucf/PullUps/samples/00465.png 70
ucf/PullUps/samples/00466.png 70
ucf/PullUps/samples/00467.png 70
ucf/PullUps/samples/00468.png 70
ucf/PullUps/samples/00469.png 70
ucf/PullUps/samples/00470.png 70
ucf/PullUps/samples/00471.png 70
ucf/PullUps/samples/00472.png 70
ucf/PullUps/samples/00473.png 70
ucf/PullUps/samples/00474.png 70
ucf/PullUps/samples/00475.png 70
ucf/PullUps/samples/00476.png 70
ucf/PullUps/samples/00477.png 70
ucf/PullUps/samples/00478.png 70
ucf/PullUps/samples/00479.png 70
ucf/PullUps/samples/00480.png 70
ucf/PullUps/samples/00481.png 70
ucf/PullUps/samples/00482.png 70
ucf/PullUps/samples/00483.png 70
ucf/PullUps/samples/00484.png 70
ucf/PullUps/samples/00485.png 70
ucf/PullUps/samples/00486.png 70
ucf/PullUps/samples/00487.png 70
ucf/PullUps/samples/00488.png 70
ucf/PullUps/samples/00489.png 70
ucf/PullUps/samples/00490.png 70
ucf/PullUps/samples/00491.png 70
ucf/PullUps/samples/00492.png 70
ucf/PullUps/samples/00493.png 70
ucf/PullUps/samples/00494.png 70
ucf/PullUps/samples/00495.png 70
ucf/PullUps/samples/00496.png 70
ucf/PullUps/samples/00497.png 70
ucf/PullUps/samples/00498.png 70
ucf/PullUps/samples/00499.png 70
ucf/PullUps/samples/00500.png 70
ucf/PullUps/samples/00501.png 70
ucf/PullUps/samples/00502.png 70
ucf/PullUps/samples/00503.png 70
ucf/PullUps/samples/00504.png 70
ucf/PullUps/samples/00505.png 70
ucf/PullUps/samples/00506.png 70
ucf/PullUps/samples/00507.png 70
ucf/PullUps/samples/00508.png 70
ucf/PullUps/samples/00509.png 70
ucf/PullUps/samples/00510.png 70
ucf/PullUps/samples/00511.png 70
ucf/PullUps/samples/00512.png 70
ucf/PullUps/samples/00513.png 70
ucf/PullUps/samples/00514.png 70
ucf/PullUps/samples/00515.png 70
ucf/PullUps/samples/00516.png 70
ucf/PullUps/samples/00517.png 70
ucf/PullUps/samples/00518.png 70
ucf/PullUps/samples/00519.png 70
ucf/PullUps/samples/00520.png 70
ucf/PullUps/samples/00521.png 70
ucf/PullUps/samples/00522.png 70
ucf/PullUps/samples/00523.png 70
ucf/PullUps/samples/00524.png 70
ucf/PullUps/samples/00525.png 70
ucf/PullUps/samples/00526.png 70
ucf/PullUps/samples/00527.png 70
ucf/PullUps/samples/00528.png 70
ucf/PullUps/samples/00529.png 70
ucf/PullUps/samples/00530.png 70
ucf/PullUps/samples/00531.png 70
ucf/PullUps/samples/00532.png 70
ucf/PullUps/samples/00533.png 70
ucf/PullUps/samples/00534.png 70
ucf/PullUps/samples/00535.png 70
ucf/PullUps/samples/00536.png 70
ucf/PullUps/samples/00537.png 70
ucf/PullUps/samples/00538.png 70
ucf/PullUps/samples/00539.png 70
ucf/PullUps/samples/00540.png 70
ucf/PullUps/samples/00541.png 70
ucf/PullUps/samples/00542.png 70
ucf/PullUps/samples/00543.png 70
ucf/PullUps/samples/00544.png 70
ucf/PullUps/samples/00545.png 70
ucf/PullUps/samples/00546.png 70
ucf/PullUps/samples/00547.png 70
ucf/PullUps/samples/00548.png 70
ucf/PullUps/samples/00549.png 70
ucf/PullUps/samples/00550.png 70
ucf/PullUps/samples/00551.png 70
ucf/PullUps/samples/00552.png 70
ucf/PullUps/samples/00553.png 70
ucf/PullUps/samples/00554.png 70
ucf/PullUps/samples/00555.png 70
ucf/PullUps/samples/00556.png 70
ucf/PullUps/samples/00557.png 70
ucf/PullUps/samples/00558.png 70
ucf/PullUps/samples/00559.png 70
ucf/PullUps/samples/00560.png 70
ucf/PullUps/samples/00561.png 70
ucf/PullUps/samples/00562.png 70
ucf/PullUps/samples/00563.png 70
ucf/PullUps/samples/00564.png 70
ucf/PullUps/samples/00565.png 70
ucf/PullUps/samples/00566.png 70
ucf/PullUps/samples/00567.png 70
ucf/PullUps/samples/00568.png 70
ucf/PullUps/samples/00569.png 70
ucf/PullUps/samples/00570.png 70
ucf/PullUps/samples/00571.png 70
ucf/PullUps/samples/00572.png 70
ucf/PullUps/samples/00573.png 70
ucf/PullUps/samples/00574.png 70
ucf/PullUps/samples/00575.png 70
ucf/PullUps/samples/00576.png 70
ucf/PullUps/samples/00577.png 70
ucf/PullUps/samples/00578.png 70
ucf/PullUps/samples/00579.png 70
ucf/PullUps/samples/00580.png 70
ucf/PullUps/samples/00581.png 70
ucf/PullUps/samples/00582.png 70
ucf/PullUps/samples/00583.png 70
ucf/PullUps/samples/00584.png 70
ucf/PullUps/samples/00585.png 70
ucf/PullUps/samples/00586.png 70
ucf/PullUps/samples/00587.png 70
ucf/PullUps/samples/00588.png 70
ucf/PullUps/samples/00589.png 70
ucf/PullUps/samples/00590.png 70
ucf/PullUps/samples/00591.png 70
ucf/PullUps/samples/00592.png 70
ucf/PullUps/samples/00593.png 70
ucf/PullUps/samples/00594.png 70
ucf/PullUps/samples/00595.png 70
ucf/PullUps/samples/00596.png 70
ucf/PullUps/samples/00597.png 70
ucf/PullUps/samples/00598.png 70
ucf/PullUps/samples/00599.png 70
ucf/PullUps/samples/00600.png 70
ucf/PullUps/samples/00601.png 70
ucf/PullUps/samples/00602.png 70
ucf/PullUps/samples/00603.png 70
ucf/PullUps/samples/00604.png 70
ucf/PullUps/samples/00605.png 70
ucf/PullUps/samples/00606.png 70
ucf/PullUps/samples/00607.png 70
ucf/PullUps/samples/00608.png 70
ucf/PullUps/samples/00609.png 70
ucf/PullUps/samples/00610.png 70
ucf/PullUps/samples/00611.png 70
ucf/PullUps/samples/00612.png 70
ucf/PullUps/samples/00613.png 70
ucf/PullUps/samples/00614.png 70
ucf/PullUps/samples/00615.png 70
ucf/PullUps/samples/00616.png 70
ucf/PullUps/samples/00617.png 70
ucf/PullUps/samples/00618.png 70
ucf/PullUps/samples/00619.png 70
ucf/PullUps/samples/00620.png 70
ucf/PullUps/samples/00621.png 70
ucf/PullUps/samples/00622.png 70
ucf/PullUps/samples/00623.png 70
ucf/PullUps/samples/00624.png 70
ucf/PullUps/samples/00625.png 70
ucf/PullUps/samples/00626.png 70
ucf/PullUps/samples/00627.png 70
ucf/PullUps/samples/00628.png 70
ucf/PullUps/samples/00629.png 70
ucf/PullUps/samples/00630.png 70
ucf/PullUps/samples/00631.png 70
ucf/PullUps/samples/00632.png 70
ucf/PullUps/samples/00633.png 70
ucf/PullUps/samples/00634.png 70
ucf/PullUps/samples/00635.png 70
ucf/PullUps/samples/00636.png 70
ucf/PullUps/samples/00637.png 70
ucf/PullUps/samples/00638.png 70
ucf/PullUps/samples/00639.png 70
ucf/PullUps/samples/00640.png 70
ucf/PullUps/samples/00641.png 70
ucf/PullUps/samples/00642.png 70
ucf/PullUps/samples/00643.png 70
ucf/PullUps/samples/00644.png 70
ucf/PullUps/samples/00645.png 70
ucf/PullUps/samples/00646.png 70
ucf/PullUps/samples/00647.png 70
ucf/PullUps/samples/00648.png 70
ucf/PullUps/samples/00649.png 70
ucf/PullUps/samples/00650.png 70
ucf/PullUps/samples/00651.png 70
ucf/PullUps/samples/00652.png 70
ucf/PullUps/samples/00653.png 70
ucf/PullUps/samples/00654.png 70
ucf/PullUps/samples/00655.png 70
ucf/PullUps/samples/00656.png 70
ucf/PullUps/samples/00657.png 70
ucf/PullUps/samples/00658.png 70
ucf/PullUps/samples/00659.png 70
ucf/PullUps/samples/00660.png 70
ucf/PullUps/samples/00661.png 70
ucf/PullUps/samples/00662.png 70
ucf/PullUps/samples/00663.png 70
ucf/PullUps/samples/00664.png 70
ucf/PullUps/samples/00665.png 70
ucf/PullUps/samples/00666.png 70
ucf/PullUps/samples/00667.png 70
ucf/PullUps/samples/00668.png 70
ucf/PullUps/samples/00669.png 70
ucf/PullUps/samples/00670.png 70
ucf/PullUps/samples/00671.png 70
ucf/PullUps/samples/00672.png 70
ucf/PullUps/samples/00673.png 70
ucf/PullUps/samples/00674.png 70
ucf/PullUps/samples/00675.png 70
ucf/PullUps/samples/00676.png 70
ucf/PullUps/samples/00677.png 70
ucf/PullUps/samples/00678.png 70
ucf/PullUps/samples/00679.png 70
ucf/PullUps/samples/00680.png 70
ucf/PullUps/samples/00681.png 70
ucf/PullUps/samples/00682.png 70
ucf/PullUps/samples/00683.png 70
ucf/PullUps/samples/00684.png 70
ucf/PullUps/samples/00685.png 70
ucf/PullUps/samples/00686.png 70
ucf/PullUps/samples/00687.png 70
ucf/PullUps/samples/00688.png 70
ucf/PullUps/samples/00689.png 70
ucf/PullUps/samples/00690.png 70
ucf/PullUps/samples/00691.png 70
ucf/PullUps/samples/00692.png 70
ucf/PullUps/samples/00693.png 70
ucf/PullUps/samples/00694.png 70
ucf/PullUps/samples/00695.png 70
ucf/PullUps/samples/00696.png 70
ucf/PullUps/samples/00697.png 70
ucf/PullUps/samples/00698.png 70
ucf/PullUps/samples/00699.png 70
ucf/PullUps/samples/00700.png 70
ucf/PullUps/samples/00701.png 70
ucf/PullUps/samples/00702.png 70
ucf/PullUps/samples/00703.png 70
ucf/PullUps/samples/00704.png 70
ucf/PullUps/samples/00705.png 70
ucf/PullUps/samples/00706.png 70
ucf/PullUps/samples/00707.png 70
ucf/PullUps/samples/00708.png 70
ucf/PullUps/samples/00709.png 70
ucf/PullUps/samples/00710.png 70
ucf/PullUps/samples/00711.png 70
ucf/PullUps/samples/00712.png 70
ucf/PullUps/samples/00713.png 70
ucf/PullUps/samples/00714.png 70
ucf/PullUps/samples/00715.png 70
ucf/PullUps/samples/00716.png 70
ucf/PullUps/samples/00717.png 70
ucf/PullUps/samples/00718.png 70
ucf/PullUps/samples/00719.png 70
ucf/PullUps/samples/00720.png 70
ucf/PullUps/samples/00721.png 70
ucf/PullUps/samples/00722.png 70
ucf/PullUps/samples/00723.png 70
ucf/PullUps/samples/00724.png 70
ucf/PullUps/samples/00725.png 70
ucf/PullUps/samples/00726.png 70
ucf/PullUps/samples/00727.png 70
ucf/PullUps/samples/00728.png 70
ucf/PullUps/samples/00729.png 70
ucf/PullUps/samples/00730.png 70
ucf/PullUps/samples/00731.png 70
ucf/PullUps/samples/00732.png 70
ucf/PullUps/samples/00733.png 70
ucf/PullUps/samples/00734.png 70
ucf/PullUps/samples/00735.png 70
ucf/PullUps/samples/00736.png 70
ucf/PullUps/samples/00737.png 70
ucf/PullUps/samples/00738.png 70
ucf/PullUps/samples/00739.png 70
ucf/PullUps/samples/00740.png 70
ucf/PullUps/samples/00741.png 70
ucf/PullUps/samples/00742.png 70
ucf/PullUps/samples/00743.png 70
ucf/PullUps/samples/00744.png 70
ucf/PullUps/samples/00745.png 70
ucf/PullUps/samples/00746.png 70
ucf/PullUps/samples/00747.png 70
ucf/PullUps/samples/00748.png 70
ucf/PullUps/samples/00749.png 70
ucf/PullUps/samples/00750.png 70
ucf/PullUps/samples/00751.png 70
ucf/PullUps/samples/00752.png 70
ucf/PullUps/samples/00753.png 70
ucf/PullUps/samples/00754.png 70
ucf/PullUps/samples/00755.png 70
ucf/PullUps/samples/00756.png 70
ucf/PullUps/samples/00757.png 70
ucf/PullUps/samples/00758.png 70
ucf/PullUps/samples/00759.png 70
ucf/PullUps/samples/00760.png 70
ucf/PullUps/samples/00761.png 70
ucf/PullUps/samples/00762.png 70
ucf/PullUps/samples/00763.png 70
ucf/PullUps/samples/00764.png 70
ucf/PullUps/samples/00765.png 70
ucf/PullUps/samples/00766.png 70
ucf/PullUps/samples/00767.png 70
ucf/PullUps/samples/00768.png 70
ucf/PullUps/samples/00769.png 70
ucf/PullUps/samples/00770.png 70
ucf/PullUps/samples/00771.png 70
ucf/PullUps/samples/00772.png 70
ucf/PullUps/samples/00773.png 70
ucf/PullUps/samples/00774.png 70
ucf/PullUps/samples/00775.png 70
ucf/PullUps/samples/00776.png 70
ucf/PullUps/samples/00777.png 70
ucf/PullUps/samples/00778.png 70
ucf/PullUps/samples/00779.png 70
ucf/PullUps/samples/00780.png 70
ucf/PullUps/samples/00781.png 70
ucf/PullUps/samples/00782.png 70
ucf/PullUps/samples/00783.png 70
ucf/PullUps/samples/00784.png 70
ucf/PullUps/samples/00785.png 70
ucf/PullUps/samples/00786.png 70
ucf/PullUps/samples/00787.png 70
ucf/PullUps/samples/00788.png 70
ucf/PullUps/samples/00789.png 70
ucf/PullUps/samples/00790.png 70
ucf/PullUps/samples/00791.png 70
ucf/PullUps/samples/00792.png 70
ucf/PullUps/samples/00793.png 70
ucf/PullUps/samples/00794.png 70
ucf/PullUps/samples/00795.png 70
ucf/PullUps/samples/00796.png 70
ucf/PullUps/samples/00797.png 70
ucf/PullUps/samples/00798.png 70
ucf/PullUps/samples/00799.png 70
ucf/PullUps/samples/00800.png 70
ucf/PullUps/samples/00801.png 70
ucf/PullUps/samples/00802.png 70
ucf/PullUps/samples/00803.png 70
ucf/PullUps/samples/00804.png 70
ucf/PullUps/samples/00805.png 70
ucf/PullUps/samples/00806.png 70
ucf/PullUps/samples/00807.png 70
ucf/PullUps/samples/00808.png 70
ucf/PullUps/samples/00809.png 70
ucf/PullUps/samples/00810.png 70
ucf/PullUps/samples/00811.png 70
ucf/PullUps/samples/00812.png 70
ucf/PullUps/samples/00813.png 70
ucf/PullUps/samples/00814.png 70
ucf/PullUps/samples/00815.png 70
ucf/PullUps/samples/00816.png 70
ucf/PullUps/samples/00817.png 70
ucf/PullUps/samples/00818.png 70
ucf/PullUps/samples/00819.png 70
ucf/PullUps/samples/00820.png 70
ucf/PullUps/samples/00821.png 70
ucf/PullUps/samples/00822.png 70
ucf/PullUps/samples/00823.png 70
ucf/PullUps/samples/00824.png 70
ucf/PullUps/samples/00825.png 70
ucf/PullUps/samples/00826.png 70
ucf/PullUps/samples/00827.png 70
ucf/PullUps/samples/00828.png 70
ucf/PullUps/samples/00829.png 70
ucf/PullUps/samples/00830.png 70
ucf/PullUps/samples/00831.png 70
ucf/PullUps/samples/00832.png 70
ucf/PullUps/samples/00833.png 70
ucf/PullUps/samples/00834.png 70
ucf/PullUps/samples/00835.png 70
ucf/PullUps/samples/00836.png 70
ucf/PullUps/samples/00837.png 70
ucf/PullUps/samples/00838.png 70
ucf/PullUps/samples/00839.png 70
ucf/PullUps/samples/00840.png 70
ucf/PullUps/samples/00841.png 70
ucf/PullUps/samples/00842.png 70
ucf/PullUps/samples/00843.png 70
ucf/PullUps/samples/00844.png 70
ucf/PullUps/samples/00845.png 70
ucf/PullUps/samples/00846.png 70
ucf/PullUps/samples/00847.png 70
ucf/PullUps/samples/00848.png 70
ucf/PullUps/samples/00849.png 70
ucf/PullUps/samples/00850.png 70
ucf/PullUps/samples/00851.png 70
ucf/PullUps/samples/00852.png 70
ucf/PullUps/samples/00853.png 70
ucf/PullUps/samples/00854.png 70
ucf/PullUps/samples/00855.png 70
ucf/PullUps/samples/00856.png 70
ucf/PullUps/samples/00857.png 70
ucf/PullUps/samples/00858.png 70
ucf/PullUps/samples/00859.png 70
ucf/PullUps/samples/00860.png 70
ucf/PullUps/samples/00861.png 70
ucf/PullUps/samples/00862.png 70
ucf/PullUps/samples/00863.png 70
ucf/PullUps/samples/00864.png 70
ucf/PullUps/samples/00865.png 70
ucf/PullUps/samples/00866.png 70
ucf/PullUps/samples/00867.png 70
ucf/PullUps/samples/00868.png 70
ucf/PullUps/samples/00869.png 70
ucf/PullUps/samples/00870.png 70
ucf/PullUps/samples/00871.png 70
ucf/PullUps/samples/00872.png 70
ucf/PullUps/samples/00873.png 70
ucf/PullUps/samples/00874.png 70
ucf/PullUps/samples/00875.png 70
ucf/PullUps/samples/00876.png 70
ucf/PullUps/samples/00877.png 70
ucf/PullUps/samples/00878.png 70
ucf/PullUps/samples/00879.png 70
ucf/PullUps/samples/00880.png 70
ucf/PullUps/samples/00881.png 70
ucf/PullUps/samples/00882.png 70
ucf/PullUps/samples/00883.png 70
ucf/PullUps/samples/00884.png 70
ucf/PullUps/samples/00885.png 70
ucf/PullUps/samples/00886.png 70
ucf/PullUps/samples/00887.png 70
ucf/PullUps/samples/00888.png 70
ucf/PullUps/samples/00889.png 70
ucf/PullUps/samples/00890.png 70
ucf/PullUps/samples/00891.png 70
ucf/PullUps/samples/00892.png 70
ucf/PullUps/samples/00893.png 70
ucf/PullUps/samples/00894.png 70
ucf/PullUps/samples/00895.png 70
ucf/PullUps/samples/00896.png 70
ucf/PullUps/samples/00897.png 70
ucf/PullUps/samples/00898.png 70
ucf/PullUps/samples/00899.png 70
ucf/PullUps/samples/00900.png 70
ucf/PullUps/samples/00901.png 70
ucf/PullUps/samples/00902.png 70
ucf/PullUps/samples/00903.png 70
ucf/PullUps/samples/00904.png 70
ucf/PullUps/samples/00905.png 70
ucf/PullUps/samples/00906.png 70
ucf/PullUps/samples/00907.png 70
ucf/PullUps/samples/00908.png 70
ucf/PullUps/samples/00909.png 70
ucf/PullUps/samples/00910.png 70
ucf/PullUps/samples/00911.png 70
ucf/PullUps/samples/00912.png 70
ucf/PullUps/samples/00913.png 70
ucf/PullUps/samples/00914.png 70
ucf/PullUps/samples/00915.png 70
ucf/PullUps/samples/00916.png 70
ucf/PullUps/samples/00917.png 70
ucf/PullUps/samples/00918.png 70
ucf/PullUps/samples/00919.png 70
ucf/PullUps/samples/00920.png 70
ucf/PullUps/samples/00921.png 70
ucf/PullUps/samples/00922.png 70
ucf/PullUps/samples/00923.png 70
ucf/PullUps/samples/00924.png 70
ucf/PullUps/samples/00925.png 70
ucf/PullUps/samples/00926.png 70
ucf/PullUps/samples/00927.png 70
ucf/PullUps/samples/00928.png 70
ucf/PullUps/samples/00929.png 70
ucf/PullUps/samples/00930.png 70
ucf/PullUps/samples/00931.png 70
ucf/PullUps/samples/00932.png 70
ucf/PullUps/samples/00933.png 70
ucf/PullUps/samples/00934.png 70
ucf/PullUps/samples/00935.png 70
ucf/PullUps/samples/00936.png 70
ucf/PullUps/samples/00937.png 70
ucf/PullUps/samples/00938.png 70
ucf/PullUps/samples/00939.png 70
ucf/PullUps/samples/00940.png 70
ucf/PullUps/samples/00941.png 70
ucf/PullUps/samples/00942.png 70
ucf/PullUps/samples/00943.png 70
ucf/PullUps/samples/00944.png 70
ucf/PullUps/samples/00945.png 70
ucf/PullUps/samples/00946.png 70
ucf/PullUps/samples/00947.png 70
ucf/PullUps/samples/00948.png 70
ucf/PullUps/samples/00949.png 70
ucf/PullUps/samples/00950.png 70
ucf/PullUps/samples/00951.png 70
ucf/PullUps/samples/00952.png 70
ucf/PullUps/samples/00953.png 70
ucf/PullUps/samples/00954.png 70
ucf/PullUps/samples/00955.png 70
ucf/PullUps/samples/00956.png 70
ucf/PullUps/samples/00957.png 70
ucf/PullUps/samples/00958.png 70
ucf/PullUps/samples/00959.png 70
ucf/PullUps/samples/00960.png 70
ucf/PullUps/samples/00961.png 70
ucf/PullUps/samples/00962.png 70
ucf/PullUps/samples/00963.png 70
ucf/PullUps/samples/00964.png 70
ucf/PullUps/samples/00965.png 70
ucf/PullUps/samples/00966.png 70
ucf/PullUps/samples/00967.png 70
ucf/PullUps/samples/00968.png 70
ucf/PullUps/samples/00969.png 70
ucf/PullUps/samples/00970.png 70
ucf/PullUps/samples/00971.png 70
ucf/PullUps/samples/00972.png 70
ucf/PullUps/samples/00973.png 70
ucf/PullUps/samples/00974.png 70
ucf/PullUps/samples/00975.png 70
ucf/PullUps/samples/00976.png 70
ucf/PullUps/samples/00977.png 70
ucf/PullUps/samples/00978.png 70
ucf/PullUps/samples/00979.png 70
ucf/PullUps/samples/00980.png 70
ucf/PullUps/samples/00981.png 70
ucf/PullUps/samples/00982.png 70
ucf/PullUps/samples/00983.png 70
ucf/PullUps/samples/00984.png 70
ucf/PullUps/samples/00985.png 70
ucf/PullUps/samples/00986.png 70
ucf/PullUps/samples/00987.png 70
ucf/PullUps/samples/00988.png 70
ucf/PullUps/samples/00989.png 70
ucf/PullUps/samples/00990.png 70
ucf/PullUps/samples/00991.png 70
ucf/PullUps/samples/00992.png 70
ucf/PullUps/samples/00993.png 70
ucf/PullUps/samples/00994.png 70
ucf/PullUps/samples/00995.png 70
ucf/PullUps/samples/00996.png 70
ucf/PullUps/samples/00997.png 70
ucf/PullUps/samples/00998.png 70
ucf/PullUps/samples/00999.png 70
ucf/SoccerJuggling/samples/00000.png 84
ucf/SoccerJuggling/samples/00001.png 84
ucf/SoccerJuggling/samples/00002.png 84
ucf/SoccerJuggling/samples/00003.png 84
ucf/SoccerJuggling/samples/00004.png 84
ucf/SoccerJuggling/samples/00005.png 84
ucf/SoccerJuggling/samples/00006.png 84
ucf/SoccerJuggling/samples/00007.png 84
ucf/SoccerJuggling/samples/00008.png 84
ucf/SoccerJuggling/samples/00009.png 84
ucf/SoccerJuggling/samples/00010.png 84
ucf/SoccerJuggling/samples/00011.png 84
ucf/SoccerJuggling/samples/00012.png 84
ucf/SoccerJuggling/samples/00013.png 84
ucf/SoccerJuggling/samples/00014.png 84
ucf/SoccerJuggling/samples/00015.png 84
ucf/SoccerJuggling/samples/00016.png 84
ucf/SoccerJuggling/samples/00017.png 84
ucf/SoccerJuggling/samples/00018.png 84
ucf/SoccerJuggling/samples/00019.png 84
ucf/SoccerJuggling/samples/00020.png 84
ucf/SoccerJuggling/samples/00021.png 84
ucf/SoccerJuggling/samples/00022.png 84
ucf/SoccerJuggling/samples/00023.png 84
ucf/SoccerJuggling/samples/00024.png 84
ucf/SoccerJuggling/samples/00025.png 84
ucf/SoccerJuggling/samples/00026.png 84
ucf/SoccerJuggling/samples/00027.png 84
ucf/SoccerJuggling/samples/00028.png 84
ucf/SoccerJuggling/samples/00029.png 84
ucf/SoccerJuggling/samples/00030.png 84
ucf/SoccerJuggling/samples/00031.png 84
ucf/SoccerJuggling/samples/00032.png 84
ucf/SoccerJuggling/samples/00033.png 84
ucf/SoccerJuggling/samples/00034.png 84
ucf/SoccerJuggling/samples/00035.png 84
ucf/SoccerJuggling/samples/00036.png 84
ucf/SoccerJuggling/samples/00037.png 84
ucf/SoccerJuggling/samples/00038.png 84
ucf/SoccerJuggling/samples/00039.png 84
ucf/SoccerJuggling/samples/00040.png 84
ucf/SoccerJuggling/samples/00041.png 84
ucf/SoccerJuggling/samples/00042.png 84
ucf/SoccerJuggling/samples/00043.png 84
ucf/SoccerJuggling/samples/00044.png 84
ucf/SoccerJuggling/samples/00045.png 84
ucf/SoccerJuggling/samples/00046.png 84
ucf/SoccerJuggling/samples/00047.png 84
ucf/SoccerJuggling/samples/00048.png 84
ucf/SoccerJuggling/samples/00049.png 84
ucf/SoccerJuggling/samples/00050.png 84
ucf/SoccerJuggling/samples/00051.png 84
ucf/SoccerJuggling/samples/00052.png 84
ucf/SoccerJuggling/samples/00053.png 84
ucf/SoccerJuggling/samples/00054.png 84
ucf/SoccerJuggling/samples/00055.png 84
ucf/SoccerJuggling/samples/00056.png 84
ucf/SoccerJuggling/samples/00057.png 84
ucf/SoccerJuggling/samples/00058.png 84
ucf/SoccerJuggling/samples/00059.png 84
ucf/SoccerJuggling/samples/00060.png 84
ucf/SoccerJuggling/samples/00061.png 84
ucf/SoccerJuggling/samples/00062.png 84
ucf/SoccerJuggling/samples/00063.png 84
ucf/SoccerJuggling/samples/00064.png 84
ucf/SoccerJuggling/samples/00065.png 84
ucf/SoccerJuggling/samples/00066.png 84
ucf/SoccerJuggling/samples/00067.png 84
ucf/SoccerJuggling/samples/00068.png 84
ucf/SoccerJuggling/samples/00069.png 84
ucf/SoccerJuggling/samples/00070.png 84
ucf/SoccerJuggling/samples/00071.png 84
ucf/SoccerJuggling/samples/00072.png 84
ucf/SoccerJuggling/samples/00073.png 84
ucf/SoccerJuggling/samples/00074.png 84
ucf/SoccerJuggling/samples/00075.png 84
ucf/SoccerJuggling/samples/00076.png 84
ucf/SoccerJuggling/samples/00077.png 84
ucf/SoccerJuggling/samples/00078.png 84
ucf/SoccerJuggling/samples/00079.png 84
ucf/SoccerJuggling/samples/00080.png 84
ucf/SoccerJuggling/samples/00081.png 84
ucf/SoccerJuggling/samples/00082.png 84
ucf/SoccerJuggling/samples/00083.png 84
ucf/SoccerJuggling/samples/00084.png 84
ucf/SoccerJuggling/samples/00085.png 84
ucf/SoccerJuggling/samples/00086.png 84
ucf/SoccerJuggling/samples/00087.png 84
ucf/SoccerJuggling/samples/00088.png 84
ucf/SoccerJuggling/samples/00089.png 84
ucf/SoccerJuggling/samples/00090.png 84
ucf/SoccerJuggling/samples/00091.png 84
ucf/SoccerJuggling/samples/00092.png 84
ucf/SoccerJuggling/samples/00093.png 84
ucf/SoccerJuggling/samples/00094.png 84
ucf/SoccerJuggling/samples/00095.png 84
ucf/SoccerJuggling/samples/00096.png 84
ucf/SoccerJuggling/samples/00097.png 84
ucf/SoccerJuggling/samples/00098.png 84
ucf/SoccerJuggling/samples/00099.png 84
ucf/SoccerJuggling/samples/00100.png 84
ucf/SoccerJuggling/samples/00101.png 84
ucf/SoccerJuggling/samples/00102.png 84
ucf/SoccerJuggling/samples/00103.png 84
ucf/SoccerJuggling/samples/00104.png 84
ucf/SoccerJuggling/samples/00105.png 84
ucf/SoccerJuggling/samples/00106.png 84
ucf/SoccerJuggling/samples/00107.png 84
ucf/SoccerJuggling/samples/00108.png 84
ucf/SoccerJuggling/samples/00109.png 84
ucf/SoccerJuggling/samples/00110.png 84
ucf/SoccerJuggling/samples/00111.png 84
ucf/SoccerJuggling/samples/00112.png 84
ucf/SoccerJuggling/samples/00113.png 84
ucf/SoccerJuggling/samples/00114.png 84
ucf/SoccerJuggling/samples/00115.png 84
ucf/SoccerJuggling/samples/00116.png 84
ucf/SoccerJuggling/samples/00117.png 84
ucf/SoccerJuggling/samples/00118.png 84
ucf/SoccerJuggling/samples/00119.png 84
ucf/SoccerJuggling/samples/00120.png 84
ucf/SoccerJuggling/samples/00121.png 84
ucf/SoccerJuggling/samples/00122.png 84
ucf/SoccerJuggling/samples/00123.png 84
ucf/SoccerJuggling/samples/00124.png 84
ucf/SoccerJuggling/samples/00125.png 84
ucf/SoccerJuggling/samples/00126.png 84
ucf/SoccerJuggling/samples/00127.png 84
ucf/SoccerJuggling/samples/00128.png 84
ucf/SoccerJuggling/samples/00129.png 84
ucf/SoccerJuggling/samples/00130.png 84
ucf/SoccerJuggling/samples/00131.png 84
ucf/SoccerJuggling/samples/00132.png 84
ucf/SoccerJuggling/samples/00133.png 84
ucf/SoccerJuggling/samples/00134.png 84
ucf/SoccerJuggling/samples/00135.png 84
ucf/SoccerJuggling/samples/00136.png 84
ucf/SoccerJuggling/samples/00137.png 84
ucf/SoccerJuggling/samples/00138.png 84
ucf/SoccerJuggling/samples/00139.png 84
ucf/SoccerJuggling/samples/00140.png 84
ucf/SoccerJuggling/samples/00141.png 84
ucf/SoccerJuggling/samples/00142.png 84
ucf/SoccerJuggling/samples/00143.png 84
ucf/SoccerJuggling/samples/00144.png 84
ucf/SoccerJuggling/samples/00145.png 84
ucf/SoccerJuggling/samples/00146.png 84
ucf/SoccerJuggling/samples/00147.png 84
ucf/SoccerJuggling/samples/00148.png 84
ucf/SoccerJuggling/samples/00149.png 84
ucf/SoccerJuggling/samples/00150.png 84
ucf/SoccerJuggling/samples/00151.png 84
ucf/SoccerJuggling/samples/00152.png 84
ucf/SoccerJuggling/samples/00153.png 84
ucf/SoccerJuggling/samples/00154.png 84
ucf/SoccerJuggling/samples/00155.png 84
ucf/SoccerJuggling/samples/00156.png 84
ucf/SoccerJuggling/samples/00157.png 84
ucf/SoccerJuggling/samples/00158.png 84
ucf/SoccerJuggling/samples/00159.png 84
ucf/SoccerJuggling/samples/00160.png 84
ucf/SoccerJuggling/samples/00161.png 84
ucf/SoccerJuggling/samples/00162.png 84
ucf/SoccerJuggling/samples/00163.png 84
ucf/SoccerJuggling/samples/00164.png 84
ucf/SoccerJuggling/samples/00165.png 84
ucf/SoccerJuggling/samples/00166.png 84
ucf/SoccerJuggling/samples/00167.png 84
ucf/SoccerJuggling/samples/00168.png 84
ucf/SoccerJuggling/samples/00169.png 84
ucf/SoccerJuggling/samples/00170.png 84
ucf/SoccerJuggling/samples/00171.png 84
ucf/SoccerJuggling/samples/00172.png 84
ucf/SoccerJuggling/samples/00173.png 84
ucf/SoccerJuggling/samples/00174.png 84
ucf/SoccerJuggling/samples/00175.png 84
ucf/SoccerJuggling/samples/00176.png 84
ucf/SoccerJuggling/samples/00177.png 84
ucf/SoccerJuggling/samples/00178.png 84
ucf/SoccerJuggling/samples/00179.png 84
ucf/SoccerJuggling/samples/00180.png 84
ucf/SoccerJuggling/samples/00181.png 84
ucf/SoccerJuggling/samples/00182.png 84
ucf/SoccerJuggling/samples/00183.png 84
ucf/SoccerJuggling/samples/00184.png 84
ucf/SoccerJuggling/samples/00185.png 84
ucf/SoccerJuggling/samples/00186.png 84
ucf/SoccerJuggling/samples/00187.png 84
ucf/SoccerJuggling/samples/00188.png 84
ucf/SoccerJuggling/samples/00189.png 84
ucf/SoccerJuggling/samples/00190.png 84
ucf/SoccerJuggling/samples/00191.png 84
ucf/SoccerJuggling/samples/00192.png 84
ucf/SoccerJuggling/samples/00193.png 84
ucf/SoccerJuggling/samples/00194.png 84
ucf/SoccerJuggling/samples/00195.png 84
ucf/SoccerJuggling/samples/00196.png 84
ucf/SoccerJuggling/samples/00197.png 84
ucf/SoccerJuggling/samples/00198.png 84
ucf/SoccerJuggling/samples/00199.png 84
ucf/SoccerJuggling/samples/00200.png 84
ucf/SoccerJuggling/samples/00201.png 84
ucf/SoccerJuggling/samples/00202.png 84
ucf/SoccerJuggling/samples/00203.png 84
ucf/SoccerJuggling/samples/00204.png 84
ucf/SoccerJuggling/samples/00205.png 84
ucf/SoccerJuggling/samples/00206.png 84
ucf/SoccerJuggling/samples/00207.png 84
ucf/SoccerJuggling/samples/00208.png 84
ucf/SoccerJuggling/samples/00209.png 84
ucf/SoccerJuggling/samples/00210.png 84
ucf/SoccerJuggling/samples/00211.png 84
ucf/SoccerJuggling/samples/00212.png 84
ucf/SoccerJuggling/samples/00213.png 84
ucf/SoccerJuggling/samples/00214.png 84
ucf/SoccerJuggling/samples/00215.png 84
ucf/SoccerJuggling/samples/00216.png 84
ucf/SoccerJuggling/samples/00217.png 84
ucf/SoccerJuggling/samples/00218.png 84
ucf/SoccerJuggling/samples/00219.png 84
ucf/SoccerJuggling/samples/00220.png 84
ucf/SoccerJuggling/samples/00221.png 84
ucf/SoccerJuggling/samples/00222.png 84
ucf/SoccerJuggling/samples/00223.png 84
ucf/SoccerJuggling/samples/00224.png 84
ucf/SoccerJuggling/samples/00225.png 84
ucf/SoccerJuggling/samples/00226.png 84
ucf/SoccerJuggling/samples/00227.png 84
ucf/SoccerJuggling/samples/00228.png 84
ucf/SoccerJuggling/samples/00229.png 84
ucf/SoccerJuggling/samples/00230.png 84
ucf/SoccerJuggling/samples/00231.png 84
ucf/SoccerJuggling/samples/00232.png 84
ucf/SoccerJuggling/samples/00233.png 84
ucf/SoccerJuggling/samples/00234.png 84
ucf/SoccerJuggling/samples/00235.png 84
ucf/SoccerJuggling/samples/00236.png 84
ucf/SoccerJuggling/samples/00237.png 84
ucf/SoccerJuggling/samples/00238.png 84
ucf/SoccerJuggling/samples/00239.png 84
ucf/SoccerJuggling/samples/00240.png 84
ucf/SoccerJuggling/samples/00241.png 84
ucf/SoccerJuggling/samples/00242.png 84
ucf/SoccerJuggling/samples/00243.png 84
ucf/SoccerJuggling/samples/00244.png 84
ucf/SoccerJuggling/samples/00245.png 84
ucf/SoccerJuggling/samples/00246.png 84
ucf/SoccerJuggling/samples/00247.png 84
ucf/SoccerJuggling/samples/00248.png 84
ucf/SoccerJuggling/samples/00249.png 84
ucf/SoccerJuggling/samples/00250.png 84
ucf/SoccerJuggling/samples/00251.png 84
ucf/SoccerJuggling/samples/00252.png 84
ucf/SoccerJuggling/samples/00253.png 84
ucf/SoccerJuggling/samples/00254.png 84
ucf/SoccerJuggling/samples/00255.png 84
ucf/SoccerJuggling/samples/00256.png 84
ucf/SoccerJuggling/samples/00257.png 84
ucf/SoccerJuggling/samples/00258.png 84
ucf/SoccerJuggling/samples/00259.png 84
ucf/SoccerJuggling/samples/00260.png 84
ucf/SoccerJuggling/samples/00261.png 84
ucf/SoccerJuggling/samples/00262.png 84
ucf/SoccerJuggling/samples/00263.png 84
ucf/SoccerJuggling/samples/00264.png 84
ucf/SoccerJuggling/samples/00265.png 84
ucf/SoccerJuggling/samples/00266.png 84
ucf/SoccerJuggling/samples/00267.png 84
ucf/SoccerJuggling/samples/00268.png 84
ucf/SoccerJuggling/samples/00269.png 84
ucf/SoccerJuggling/samples/00270.png 84
ucf/SoccerJuggling/samples/00271.png 84
ucf/SoccerJuggling/samples/00272.png 84
ucf/SoccerJuggling/samples/00273.png 84
ucf/SoccerJuggling/samples/00274.png 84
ucf/SoccerJuggling/samples/00275.png 84
ucf/SoccerJuggling/samples/00276.png 84
ucf/SoccerJuggling/samples/00277.png 84
ucf/SoccerJuggling/samples/00278.png 84
ucf/SoccerJuggling/samples/00279.png 84
ucf/SoccerJuggling/samples/00280.png 84
ucf/SoccerJuggling/samples/00281.png 84
ucf/SoccerJuggling/samples/00282.png 84
ucf/SoccerJuggling/samples/00283.png 84
ucf/SoccerJuggling/samples/00284.png 84
ucf/SoccerJuggling/samples/00285.png 84
ucf/SoccerJuggling/samples/00286.png 84
ucf/SoccerJuggling/samples/00287.png 84
ucf/SoccerJuggling/samples/00288.png 84
ucf/SoccerJuggling/samples/00289.png 84
ucf/SoccerJuggling/samples/00290.png 84
ucf/SoccerJuggling/samples/00291.png 84
ucf/SoccerJuggling/samples/00292.png 84
ucf/SoccerJuggling/samples/00293.png 84
ucf/SoccerJuggling/samples/00294.png 84
ucf/SoccerJuggling/samples/00295.png 84
ucf/SoccerJuggling/samples/00296.png 84
ucf/SoccerJuggling/samples/00297.png 84
ucf/SoccerJuggling/samples/00298.png 84
ucf/SoccerJuggling/samples/00299.png 84
ucf/SoccerJuggling/samples/00300.png 84
ucf/SoccerJuggling/samples/00301.png 84
ucf/SoccerJuggling/samples/00302.png 84
ucf/SoccerJuggling/samples/00303.png 84
ucf/SoccerJuggling/samples/00304.png 84
ucf/SoccerJuggling/samples/00305.png 84
ucf/SoccerJuggling/samples/00306.png 84
ucf/SoccerJuggling/samples/00307.png 84
ucf/SoccerJuggling/samples/00308.png 84
ucf/SoccerJuggling/samples/00309.png 84
ucf/SoccerJuggling/samples/00310.png 84
ucf/SoccerJuggling/samples/00311.png 84
ucf/SoccerJuggling/samples/00312.png 84
ucf/SoccerJuggling/samples/00313.png 84
ucf/SoccerJuggling/samples/00314.png 84
ucf/SoccerJuggling/samples/00315.png 84
ucf/SoccerJuggling/samples/00316.png 84
ucf/SoccerJuggling/samples/00317.png 84
ucf/SoccerJuggling/samples/00318.png 84
ucf/SoccerJuggling/samples/00319.png 84
ucf/SoccerJuggling/samples/00320.png 84
ucf/SoccerJuggling/samples/00321.png 84
ucf/SoccerJuggling/samples/00322.png 84
ucf/SoccerJuggling/samples/00323.png 84
ucf/SoccerJuggling/samples/00324.png 84
ucf/SoccerJuggling/samples/00325.png 84
ucf/SoccerJuggling/samples/00326.png 84
ucf/SoccerJuggling/samples/00327.png 84
ucf/SoccerJuggling/samples/00328.png 84
ucf/SoccerJuggling/samples/00329.png 84
ucf/SoccerJuggling/samples/00330.png 84
ucf/SoccerJuggling/samples/00331.png 84
ucf/SoccerJuggling/samples/00332.png 84
ucf/SoccerJuggling/samples/00333.png 84
ucf/SoccerJuggling/samples/00334.png 84
ucf/SoccerJuggling/samples/00335.png 84
ucf/SoccerJuggling/samples/00336.png 84
ucf/SoccerJuggling/samples/00337.png 84
ucf/SoccerJuggling/samples/00338.png 84
ucf/SoccerJuggling/samples/00339.png 84
ucf/SoccerJuggling/samples/00340.png 84
ucf/SoccerJuggling/samples/00341.png 84
ucf/SoccerJuggling/samples/00342.png 84
ucf/SoccerJuggling/samples/00343.png 84
ucf/SoccerJuggling/samples/00344.png 84
ucf/SoccerJuggling/samples/00345.png 84
ucf/SoccerJuggling/samples/00346.png 84
ucf/SoccerJuggling/samples/00347.png 84
ucf/SoccerJuggling/samples/00348.png 84
ucf/SoccerJuggling/samples/00349.png 84
ucf/SoccerJuggling/samples/00350.png 84
ucf/SoccerJuggling/samples/00351.png 84
ucf/SoccerJuggling/samples/00352.png 84
ucf/SoccerJuggling/samples/00353.png 84
ucf/SoccerJuggling/samples/00354.png 84
ucf/SoccerJuggling/samples/00355.png 84
ucf/SoccerJuggling/samples/00356.png 84
ucf/SoccerJuggling/samples/00357.png 84
ucf/SoccerJuggling/samples/00358.png 84
ucf/SoccerJuggling/samples/00359.png 84
ucf/SoccerJuggling/samples/00360.png 84
ucf/SoccerJuggling/samples/00361.png 84
ucf/SoccerJuggling/samples/00362.png 84
ucf/SoccerJuggling/samples/00363.png 84
ucf/SoccerJuggling/samples/00364.png 84
ucf/SoccerJuggling/samples/00365.png 84
ucf/SoccerJuggling/samples/00366.png 84
ucf/SoccerJuggling/samples/00367.png 84
ucf/SoccerJuggling/samples/00368.png 84
ucf/SoccerJuggling/samples/00369.png 84
ucf/SoccerJuggling/samples/00370.png 84
ucf/SoccerJuggling/samples/00371.png 84
ucf/SoccerJuggling/samples/00372.png 84
ucf/SoccerJuggling/samples/00373.png 84
ucf/SoccerJuggling/samples/00374.png 84
ucf/SoccerJuggling/samples/00375.png 84
ucf/SoccerJuggling/samples/00376.png 84
ucf/SoccerJuggling/samples/00377.png 84
ucf/SoccerJuggling/samples/00378.png 84
ucf/SoccerJuggling/samples/00379.png 84
ucf/SoccerJuggling/samples/00380.png 84
ucf/SoccerJuggling/samples/00381.png 84
ucf/SoccerJuggling/samples/00382.png 84
ucf/SoccerJuggling/samples/00383.png 84
ucf/SoccerJuggling/samples/00384.png 84
ucf/SoccerJuggling/samples/00385.png 84
ucf/SoccerJuggling/samples/00386.png 84
ucf/SoccerJuggling/samples/00387.png 84
ucf/SoccerJuggling/samples/00388.png 84
ucf/SoccerJuggling/samples/00389.png 84
ucf/SoccerJuggling/samples/00390.png 84
ucf/SoccerJuggling/samples/00391.png 84
ucf/SoccerJuggling/samples/00392.png 84
ucf/SoccerJuggling/samples/00393.png 84
ucf/SoccerJuggling/samples/00394.png 84
ucf/SoccerJuggling/samples/00395.png 84
ucf/SoccerJuggling/samples/00396.png 84
ucf/SoccerJuggling/samples/00397.png 84
ucf/SoccerJuggling/samples/00398.png 84
ucf/SoccerJuggling/samples/00399.png 84
ucf/SoccerJuggling/samples/00400.png 84
ucf/SoccerJuggling/samples/00401.png 84
ucf/SoccerJuggling/samples/00402.png 84
ucf/SoccerJuggling/samples/00403.png 84
ucf/SoccerJuggling/samples/00404.png 84
ucf/SoccerJuggling/samples/00405.png 84
ucf/SoccerJuggling/samples/00406.png 84
ucf/SoccerJuggling/samples/00407.png 84
ucf/SoccerJuggling/samples/00408.png 84
ucf/SoccerJuggling/samples/00409.png 84
ucf/SoccerJuggling/samples/00410.png 84
ucf/SoccerJuggling/samples/00411.png 84
ucf/SoccerJuggling/samples/00412.png 84
ucf/SoccerJuggling/samples/00413.png 84
ucf/SoccerJuggling/samples/00414.png 84
ucf/SoccerJuggling/samples/00415.png 84
ucf/SoccerJuggling/samples/00416.png 84
ucf/SoccerJuggling/samples/00417.png 84
ucf/SoccerJuggling/samples/00418.png 84
ucf/SoccerJuggling/samples/00419.png 84
ucf/SoccerJuggling/samples/00420.png 84
ucf/SoccerJuggling/samples/00421.png 84
ucf/SoccerJuggling/samples/00422.png 84
ucf/SoccerJuggling/samples/00423.png 84
ucf/SoccerJuggling/samples/00424.png 84
ucf/SoccerJuggling/samples/00425.png 84
ucf/SoccerJuggling/samples/00426.png 84
ucf/SoccerJuggling/samples/00427.png 84
ucf/SoccerJuggling/samples/00428.png 84
ucf/SoccerJuggling/samples/00429.png 84
ucf/SoccerJuggling/samples/00430.png 84
ucf/SoccerJuggling/samples/00431.png 84
ucf/SoccerJuggling/samples/00432.png 84
ucf/SoccerJuggling/samples/00433.png 84
ucf/SoccerJuggling/samples/00434.png 84
ucf/SoccerJuggling/samples/00435.png 84
ucf/SoccerJuggling/samples/00436.png 84
ucf/SoccerJuggling/samples/00437.png 84
ucf/SoccerJuggling/samples/00438.png 84
ucf/SoccerJuggling/samples/00439.png 84
ucf/SoccerJuggling/samples/00440.png 84
ucf/SoccerJuggling/samples/00441.png 84
ucf/SoccerJuggling/samples/00442.png 84
ucf/SoccerJuggling/samples/00443.png 84
ucf/SoccerJuggling/samples/00444.png 84
ucf/SoccerJuggling/samples/00445.png 84
ucf/SoccerJuggling/samples/00446.png 84
ucf/SoccerJuggling/samples/00447.png 84
ucf/SoccerJuggling/samples/00448.png 84
ucf/SoccerJuggling/samples/00449.png 84
ucf/SoccerJuggling/samples/00450.png 84
ucf/SoccerJuggling/samples/00451.png 84
ucf/SoccerJuggling/samples/00452.png 84
ucf/SoccerJuggling/samples/00453.png 84
ucf/SoccerJuggling/samples/00454.png 84
ucf/SoccerJuggling/samples/00455.png 84
ucf/SoccerJuggling/samples/00456.png 84
ucf/SoccerJuggling/samples/00457.png 84
ucf/SoccerJuggling/samples/00458.png 84
ucf/SoccerJuggling/samples/00459.png 84
ucf/SoccerJuggling/samples/00460.png 84
ucf/SoccerJuggling/samples/00461.png 84
ucf/SoccerJuggling/samples/00462.png 84
ucf/SoccerJuggling/samples/00463.png 84
ucf/SoccerJuggling/samples/00464.png 84
ucf/SoccerJuggling/samples/00465.png 84
ucf/SoccerJuggling/samples/00466.png 84
ucf/SoccerJuggling/samples/00467.png 84
ucf/SoccerJuggling/samples/00468.png 84
ucf/SoccerJuggling/samples/00469.png 84
ucf/SoccerJuggling/samples/00470.png 84
ucf/SoccerJuggling/samples/00471.png 84
ucf/SoccerJuggling/samples/00472.png 84
ucf/SoccerJuggling/samples/00473.png 84
ucf/SoccerJuggling/samples/00474.png 84
ucf/SoccerJuggling/samples/00475.png 84
ucf/SoccerJuggling/samples/00476.png 84
ucf/SoccerJuggling/samples/00477.png 84
ucf/SoccerJuggling/samples/00478.png 84
ucf/SoccerJuggling/samples/00479.png 84
ucf/SoccerJuggling/samples/00480.png 84
ucf/SoccerJuggling/samples/00481.png 84
ucf/SoccerJuggling/samples/00482.png 84
ucf/SoccerJuggling/samples/00483.png 84
ucf/SoccerJuggling/samples/00484.png 84
ucf/SoccerJuggling/samples/00485.png 84
ucf/SoccerJuggling/samples/00486.png 84
ucf/SoccerJuggling/samples/00487.png 84
ucf/SoccerJuggling/samples/00488.png 84
ucf/SoccerJuggling/samples/00489.png 84
ucf/SoccerJuggling/samples/00490.png 84
ucf/SoccerJuggling/samples/00491.png 84
ucf/SoccerJuggling/samples/00492.png 84
ucf/SoccerJuggling/samples/00493.png 84
ucf/SoccerJuggling/samples/00494.png 84
ucf/SoccerJuggling/samples/00495.png 84
ucf/SoccerJuggling/samples/00496.png 84
ucf/SoccerJuggling/samples/00497.png 84
ucf/SoccerJuggling/samples/00498.png 84
ucf/SoccerJuggling/samples/00499.png 84
ucf/SoccerJuggling/samples/00500.png 84
ucf/SoccerJuggling/samples/00501.png 84
ucf/SoccerJuggling/samples/00502.png 84
ucf/SoccerJuggling/samples/00503.png 84
ucf/SoccerJuggling/samples/00504.png 84
ucf/SoccerJuggling/samples/00505.png 84
ucf/SoccerJuggling/samples/00506.png 84
ucf/SoccerJuggling/samples/00507.png 84
ucf/SoccerJuggling/samples/00508.png 84
ucf/SoccerJuggling/samples/00509.png 84
ucf/SoccerJuggling/samples/00510.png 84
ucf/SoccerJuggling/samples/00511.png 84
ucf/SoccerJuggling/samples/00512.png 84
ucf/SoccerJuggling/samples/00513.png 84
ucf/SoccerJuggling/samples/00514.png 84
ucf/SoccerJuggling/samples/00515.png 84
ucf/SoccerJuggling/samples/00516.png 84
ucf/SoccerJuggling/samples/00517.png 84
ucf/SoccerJuggling/samples/00518.png 84
ucf/SoccerJuggling/samples/00519.png 84
ucf/SoccerJuggling/samples/00520.png 84
ucf/SoccerJuggling/samples/00521.png 84
ucf/SoccerJuggling/samples/00522.png 84
ucf/SoccerJuggling/samples/00523.png 84
ucf/SoccerJuggling/samples/00524.png 84
ucf/SoccerJuggling/samples/00525.png 84
ucf/SoccerJuggling/samples/00526.png 84
ucf/SoccerJuggling/samples/00527.png 84
ucf/SoccerJuggling/samples/00528.png 84
ucf/SoccerJuggling/samples/00529.png 84
ucf/SoccerJuggling/samples/00530.png 84
ucf/SoccerJuggling/samples/00531.png 84
ucf/SoccerJuggling/samples/00532.png 84
ucf/SoccerJuggling/samples/00533.png 84
ucf/SoccerJuggling/samples/00534.png 84
ucf/SoccerJuggling/samples/00535.png 84
ucf/SoccerJuggling/samples/00536.png 84
ucf/SoccerJuggling/samples/00537.png 84
ucf/SoccerJuggling/samples/00538.png 84
ucf/SoccerJuggling/samples/00539.png 84
ucf/SoccerJuggling/samples/00540.png 84
ucf/SoccerJuggling/samples/00541.png 84
ucf/SoccerJuggling/samples/00542.png 84
ucf/SoccerJuggling/samples/00543.png 84
ucf/SoccerJuggling/samples/00544.png 84
ucf/SoccerJuggling/samples/00545.png 84
ucf/SoccerJuggling/samples/00546.png 84
ucf/SoccerJuggling/samples/00547.png 84
ucf/SoccerJuggling/samples/00548.png 84
ucf/SoccerJuggling/samples/00549.png 84
ucf/SoccerJuggling/samples/00550.png 84
ucf/SoccerJuggling/samples/00551.png 84
ucf/SoccerJuggling/samples/00552.png 84
ucf/SoccerJuggling/samples/00553.png 84
ucf/SoccerJuggling/samples/00554.png 84
ucf/SoccerJuggling/samples/00555.png 84
ucf/SoccerJuggling/samples/00556.png 84
ucf/SoccerJuggling/samples/00557.png 84
ucf/SoccerJuggling/samples/00558.png 84
ucf/SoccerJuggling/samples/00559.png 84
ucf/SoccerJuggling/samples/00560.png 84
ucf/SoccerJuggling/samples/00561.png 84
ucf/SoccerJuggling/samples/00562.png 84
ucf/SoccerJuggling/samples/00563.png 84
ucf/SoccerJuggling/samples/00564.png 84
ucf/SoccerJuggling/samples/00565.png 84
ucf/SoccerJuggling/samples/00566.png 84
ucf/SoccerJuggling/samples/00567.png 84
ucf/SoccerJuggling/samples/00568.png 84
ucf/SoccerJuggling/samples/00569.png 84
ucf/SoccerJuggling/samples/00570.png 84
ucf/SoccerJuggling/samples/00571.png 84
ucf/SoccerJuggling/samples/00572.png 84
ucf/SoccerJuggling/samples/00573.png 84
ucf/SoccerJuggling/samples/00574.png 84
ucf/SoccerJuggling/samples/00575.png 84
ucf/SoccerJuggling/samples/00576.png 84
ucf/SoccerJuggling/samples/00577.png 84
ucf/SoccerJuggling/samples/00578.png 84
ucf/SoccerJuggling/samples/00579.png 84
ucf/SoccerJuggling/samples/00580.png 84
ucf/SoccerJuggling/samples/00581.png 84
ucf/SoccerJuggling/samples/00582.png 84
ucf/SoccerJuggling/samples/00583.png 84
ucf/SoccerJuggling/samples/00584.png 84
ucf/SoccerJuggling/samples/00585.png 84
ucf/SoccerJuggling/samples/00586.png 84
ucf/SoccerJuggling/samples/00587.png 84
ucf/SoccerJuggling/samples/00588.png 84
ucf/SoccerJuggling/samples/00589.png 84
ucf/SoccerJuggling/samples/00590.png 84
ucf/SoccerJuggling/samples/00591.png 84
ucf/SoccerJuggling/samples/00592.png 84
ucf/SoccerJuggling/samples/00593.png 84
ucf/SoccerJuggling/samples/00594.png 84
ucf/SoccerJuggling/samples/00595.png 84
ucf/SoccerJuggling/samples/00596.png 84
ucf/SoccerJuggling/samples/00597.png 84
ucf/SoccerJuggling/samples/00598.png 84
ucf/SoccerJuggling/samples/00599.png 84
ucf/SoccerJuggling/samples/00600.png 84
ucf/SoccerJuggling/samples/00601.png 84
ucf/SoccerJuggling/samples/00602.png 84
ucf/SoccerJuggling/samples/00603.png 84
ucf/SoccerJuggling/samples/00604.png 84
ucf/SoccerJuggling/samples/00605.png 84
ucf/SoccerJuggling/samples/00606.png 84
ucf/SoccerJuggling/samples/00607.png 84
ucf/SoccerJuggling/samples/00608.png 84
ucf/SoccerJuggling/samples/00609.png 84
ucf/SoccerJuggling/samples/00610.png 84
ucf/SoccerJuggling/samples/00611.png 84
ucf/SoccerJuggling/samples/00612.png 84
ucf/SoccerJuggling/samples/00613.png 84
ucf/SoccerJuggling/samples/00614.png 84
ucf/SoccerJuggling/samples/00615.png 84
ucf/SoccerJuggling/samples/00616.png 84
ucf/SoccerJuggling/samples/00617.png 84
ucf/SoccerJuggling/samples/00618.png 84
ucf/SoccerJuggling/samples/00619.png 84
ucf/SoccerJuggling/samples/00620.png 84
ucf/SoccerJuggling/samples/00621.png 84
ucf/SoccerJuggling/samples/00622.png 84
ucf/SoccerJuggling/samples/00623.png 84
ucf/SoccerJuggling/samples/00624.png 84
ucf/SoccerJuggling/samples/00625.png 84
ucf/SoccerJuggling/samples/00626.png 84
ucf/SoccerJuggling/samples/00627.png 84
ucf/SoccerJuggling/samples/00628.png 84
ucf/SoccerJuggling/samples/00629.png 84
ucf/SoccerJuggling/samples/00630.png 84
ucf/SoccerJuggling/samples/00631.png 84
ucf/SoccerJuggling/samples/00632.png 84
ucf/SoccerJuggling/samples/00633.png 84
ucf/SoccerJuggling/samples/00634.png 84
ucf/SoccerJuggling/samples/00635.png 84
ucf/SoccerJuggling/samples/00636.png 84
ucf/SoccerJuggling/samples/00637.png 84
ucf/SoccerJuggling/samples/00638.png 84
ucf/SoccerJuggling/samples/00639.png 84
ucf/SoccerJuggling/samples/00640.png 84
ucf/SoccerJuggling/samples/00641.png 84
ucf/SoccerJuggling/samples/00642.png 84
ucf/SoccerJuggling/samples/00643.png 84
ucf/SoccerJuggling/samples/00644.png 84
ucf/SoccerJuggling/samples/00645.png 84
ucf/SoccerJuggling/samples/00646.png 84
ucf/SoccerJuggling/samples/00647.png 84
ucf/SoccerJuggling/samples/00648.png 84
ucf/SoccerJuggling/samples/00649.png 84
ucf/SoccerJuggling/samples/00650.png 84
ucf/SoccerJuggling/samples/00651.png 84
ucf/SoccerJuggling/samples/00652.png 84
ucf/SoccerJuggling/samples/00653.png 84
ucf/SoccerJuggling/samples/00654.png 84
ucf/SoccerJuggling/samples/00655.png 84
ucf/SoccerJuggling/samples/00656.png 84
ucf/SoccerJuggling/samples/00657.png 84
ucf/SoccerJuggling/samples/00658.png 84
ucf/SoccerJuggling/samples/00659.png 84
ucf/SoccerJuggling/samples/00660.png 84
ucf/SoccerJuggling/samples/00661.png 84
ucf/SoccerJuggling/samples/00662.png 84
ucf/SoccerJuggling/samples/00663.png 84
ucf/SoccerJuggling/samples/00664.png 84
ucf/SoccerJuggling/samples/00665.png 84
ucf/SoccerJuggling/samples/00666.png 84
ucf/SoccerJuggling/samples/00667.png 84
ucf/SoccerJuggling/samples/00668.png 84
ucf/SoccerJuggling/samples/00669.png 84
ucf/SoccerJuggling/samples/00670.png 84
ucf/SoccerJuggling/samples/00671.png 84
ucf/SoccerJuggling/samples/00672.png 84
ucf/SoccerJuggling/samples/00673.png 84
ucf/SoccerJuggling/samples/00674.png 84
ucf/SoccerJuggling/samples/00675.png 84
ucf/SoccerJuggling/samples/00676.png 84
ucf/SoccerJuggling/samples/00677.png 84
ucf/SoccerJuggling/samples/00678.png 84
ucf/SoccerJuggling/samples/00679.png 84
ucf/SoccerJuggling/samples/00680.png 84
ucf/SoccerJuggling/samples/00681.png 84
ucf/SoccerJuggling/samples/00682.png 84
ucf/SoccerJuggling/samples/00683.png 84
ucf/SoccerJuggling/samples/00684.png 84
ucf/SoccerJuggling/samples/00685.png 84
ucf/SoccerJuggling/samples/00686.png 84
ucf/SoccerJuggling/samples/00687.png 84
ucf/SoccerJuggling/samples/00688.png 84
ucf/SoccerJuggling/samples/00689.png 84
ucf/SoccerJuggling/samples/00690.png 84
ucf/SoccerJuggling/samples/00691.png 84
ucf/SoccerJuggling/samples/00692.png 84
ucf/SoccerJuggling/samples/00693.png 84
ucf/SoccerJuggling/samples/00694.png 84
ucf/SoccerJuggling/samples/00695.png 84
ucf/SoccerJuggling/samples/00696.png 84
ucf/SoccerJuggling/samples/00697.png 84
ucf/SoccerJuggling/samples/00698.png 84
ucf/SoccerJuggling/samples/00699.png 84
ucf/SoccerJuggling/samples/00700.png 84
ucf/SoccerJuggling/samples/00701.png 84
ucf/SoccerJuggling/samples/00702.png 84
ucf/SoccerJuggling/samples/00703.png 84
ucf/SoccerJuggling/samples/00704.png 84
ucf/SoccerJuggling/samples/00705.png 84
ucf/SoccerJuggling/samples/00706.png 84
ucf/SoccerJuggling/samples/00707.png 84
ucf/SoccerJuggling/samples/00708.png 84
ucf/SoccerJuggling/samples/00709.png 84
ucf/SoccerJuggling/samples/00710.png 84
ucf/SoccerJuggling/samples/00711.png 84
ucf/SoccerJuggling/samples/00712.png 84
ucf/SoccerJuggling/samples/00713.png 84
ucf/SoccerJuggling/samples/00714.png 84
ucf/SoccerJuggling/samples/00715.png 84
ucf/SoccerJuggling/samples/00716.png 84
ucf/SoccerJuggling/samples/00717.png 84
ucf/SoccerJuggling/samples/00718.png 84
ucf/SoccerJuggling/samples/00719.png 84
ucf/SoccerJuggling/samples/00720.png 84
ucf/SoccerJuggling/samples/00721.png 84
ucf/SoccerJuggling/samples/00722.png 84
ucf/SoccerJuggling/samples/00723.png 84
ucf/SoccerJuggling/samples/00724.png 84
ucf/SoccerJuggling/samples/00725.png 84
ucf/SoccerJuggling/samples/00726.png 84
ucf/SoccerJuggling/samples/00727.png 84
ucf/SoccerJuggling/samples/00728.png 84
ucf/SoccerJuggling/samples/00729.png 84
ucf/SoccerJuggling/samples/00730.png 84
ucf/SoccerJuggling/samples/00731.png 84
ucf/SoccerJuggling/samples/00732.png 84
ucf/SoccerJuggling/samples/00733.png 84
ucf/SoccerJuggling/samples/00734.png 84
ucf/SoccerJuggling/samples/00735.png 84
ucf/SoccerJuggling/samples/00736.png 84
ucf/SoccerJuggling/samples/00737.png 84
ucf/SoccerJuggling/samples/00738.png 84
ucf/SoccerJuggling/samples/00739.png 84
ucf/SoccerJuggling/samples/00740.png 84
ucf/SoccerJuggling/samples/00741.png 84
ucf/SoccerJuggling/samples/00742.png 84
ucf/SoccerJuggling/samples/00743.png 84
ucf/SoccerJuggling/samples/00744.png 84
ucf/SoccerJuggling/samples/00745.png 84
ucf/SoccerJuggling/samples/00746.png 84
ucf/SoccerJuggling/samples/00747.png 84
ucf/SoccerJuggling/samples/00748.png 84
ucf/SoccerJuggling/samples/00749.png 84
ucf/SoccerJuggling/samples/00750.png 84
ucf/SoccerJuggling/samples/00751.png 84
ucf/SoccerJuggling/samples/00752.png 84
ucf/SoccerJuggling/samples/00753.png 84
ucf/SoccerJuggling/samples/00754.png 84
ucf/SoccerJuggling/samples/00755.png 84
ucf/SoccerJuggling/samples/00756.png 84
ucf/SoccerJuggling/samples/00757.png 84
ucf/SoccerJuggling/samples/00758.png 84
ucf/SoccerJuggling/samples/00759.png 84
ucf/SoccerJuggling/samples/00760.png 84
ucf/SoccerJuggling/samples/00761.png 84
ucf/SoccerJuggling/samples/00762.png 84
ucf/SoccerJuggling/samples/00763.png 84
ucf/SoccerJuggling/samples/00764.png 84
ucf/SoccerJuggling/samples/00765.png 84
ucf/SoccerJuggling/samples/00766.png 84
ucf/SoccerJuggling/samples/00767.png 84
ucf/SoccerJuggling/samples/00768.png 84
ucf/SoccerJuggling/samples/00769.png 84
ucf/SoccerJuggling/samples/00770.png 84
ucf/SoccerJuggling/samples/00771.png 84
ucf/SoccerJuggling/samples/00772.png 84
ucf/SoccerJuggling/samples/00773.png 84
ucf/SoccerJuggling/samples/00774.png 84
ucf/SoccerJuggling/samples/00775.png 84
ucf/SoccerJuggling/samples/00776.png 84
ucf/SoccerJuggling/samples/00777.png 84
ucf/SoccerJuggling/samples/00778.png 84
ucf/SoccerJuggling/samples/00779.png 84
ucf/SoccerJuggling/samples/00780.png 84
ucf/SoccerJuggling/samples/00781.png 84
ucf/SoccerJuggling/samples/00782.png 84
ucf/SoccerJuggling/samples/00783.png 84
ucf/SoccerJuggling/samples/00784.png 84
ucf/SoccerJuggling/samples/00785.png 84
ucf/SoccerJuggling/samples/00786.png 84
ucf/SoccerJuggling/samples/00787.png 84
ucf/SoccerJuggling/samples/00788.png 84
ucf/SoccerJuggling/samples/00789.png 84
ucf/SoccerJuggling/samples/00790.png 84
ucf/SoccerJuggling/samples/00791.png 84
ucf/SoccerJuggling/samples/00792.png 84
ucf/SoccerJuggling/samples/00793.png 84
ucf/SoccerJuggling/samples/00794.png 84
ucf/SoccerJuggling/samples/00795.png 84
ucf/SoccerJuggling/samples/00796.png 84
ucf/SoccerJuggling/samples/00797.png 84
ucf/SoccerJuggling/samples/00798.png 84
ucf/SoccerJuggling/samples/00799.png 84
ucf/SoccerJuggling/samples/00800.png 84
ucf/SoccerJuggling/samples/00801.png 84
ucf/SoccerJuggling/samples/00802.png 84
ucf/SoccerJuggling/samples/00803.png 84
ucf/SoccerJuggling/samples/00804.png 84
ucf/SoccerJuggling/samples/00805.png 84
ucf/SoccerJuggling/samples/00806.png 84
ucf/SoccerJuggling/samples/00807.png 84
ucf/SoccerJuggling/samples/00808.png 84
ucf/SoccerJuggling/samples/00809.png 84
ucf/SoccerJuggling/samples/00810.png 84
ucf/SoccerJuggling/samples/00811.png 84
ucf/SoccerJuggling/samples/00812.png 84
ucf/SoccerJuggling/samples/00813.png 84
ucf/SoccerJuggling/samples/00814.png 84
ucf/SoccerJuggling/samples/00815.png 84
ucf/SoccerJuggling/samples/00816.png 84
ucf/SoccerJuggling/samples/00817.png 84
ucf/SoccerJuggling/samples/00818.png 84
ucf/SoccerJuggling/samples/00819.png 84
ucf/SoccerJuggling/samples/00820.png 84
ucf/SoccerJuggling/samples/00821.png 84
ucf/SoccerJuggling/samples/00822.png 84
ucf/SoccerJuggling/samples/00823.png 84
ucf/SoccerJuggling/samples/00824.png 84
ucf/SoccerJuggling/samples/00825.png 84
ucf/SoccerJuggling/samples/00826.png 84
ucf/SoccerJuggling/samples/00827.png 84
ucf/SoccerJuggling/samples/00828.png 84
ucf/SoccerJuggling/samples/00829.png 84
ucf/SoccerJuggling/samples/00830.png 84
ucf/SoccerJuggling/samples/00831.png 84
ucf/SoccerJuggling/samples/00832.png 84
ucf/SoccerJuggling/samples/00833.png 84
ucf/SoccerJuggling/samples/00834.png 84
ucf/SoccerJuggling/samples/00835.png 84
ucf/SoccerJuggling/samples/00836.png 84
ucf/SoccerJuggling/samples/00837.png 84
ucf/SoccerJuggling/samples/00838.png 84
ucf/SoccerJuggling/samples/00839.png 84
ucf/SoccerJuggling/samples/00840.png 84
ucf/SoccerJuggling/samples/00841.png 84
ucf/SoccerJuggling/samples/00842.png 84
ucf/SoccerJuggling/samples/00843.png 84
ucf/SoccerJuggling/samples/00844.png 84
ucf/SoccerJuggling/samples/00845.png 84
ucf/SoccerJuggling/samples/00846.png 84
ucf/SoccerJuggling/samples/00847.png 84
ucf/SoccerJuggling/samples/00848.png 84
ucf/SoccerJuggling/samples/00849.png 84
ucf/SoccerJuggling/samples/00850.png 84
ucf/SoccerJuggling/samples/00851.png 84
ucf/SoccerJuggling/samples/00852.png 84
ucf/SoccerJuggling/samples/00853.png 84
ucf/SoccerJuggling/samples/00854.png 84
ucf/SoccerJuggling/samples/00855.png 84
ucf/SoccerJuggling/samples/00856.png 84
ucf/SoccerJuggling/samples/00857.png 84
ucf/SoccerJuggling/samples/00858.png 84
ucf/SoccerJuggling/samples/00859.png 84
ucf/SoccerJuggling/samples/00860.png 84
ucf/SoccerJuggling/samples/00861.png 84
ucf/SoccerJuggling/samples/00862.png 84
ucf/SoccerJuggling/samples/00863.png 84
ucf/SoccerJuggling/samples/00864.png 84
ucf/SoccerJuggling/samples/00865.png 84
ucf/SoccerJuggling/samples/00866.png 84
ucf/SoccerJuggling/samples/00867.png 84
ucf/SoccerJuggling/samples/00868.png 84
ucf/SoccerJuggling/samples/00869.png 84
ucf/SoccerJuggling/samples/00870.png 84
ucf/SoccerJuggling/samples/00871.png 84
ucf/SoccerJuggling/samples/00872.png 84
ucf/SoccerJuggling/samples/00873.png 84
ucf/SoccerJuggling/samples/00874.png 84
ucf/SoccerJuggling/samples/00875.png 84
ucf/SoccerJuggling/samples/00876.png 84
ucf/SoccerJuggling/samples/00877.png 84
ucf/SoccerJuggling/samples/00878.png 84
ucf/SoccerJuggling/samples/00879.png 84
ucf/SoccerJuggling/samples/00880.png 84
ucf/SoccerJuggling/samples/00881.png 84
ucf/SoccerJuggling/samples/00882.png 84
ucf/SoccerJuggling/samples/00883.png 84
ucf/SoccerJuggling/samples/00884.png 84
ucf/SoccerJuggling/samples/00885.png 84
ucf/SoccerJuggling/samples/00886.png 84
ucf/SoccerJuggling/samples/00887.png 84
ucf/SoccerJuggling/samples/00888.png 84
ucf/SoccerJuggling/samples/00889.png 84
ucf/SoccerJuggling/samples/00890.png 84
ucf/SoccerJuggling/samples/00891.png 84
ucf/SoccerJuggling/samples/00892.png 84
ucf/SoccerJuggling/samples/00893.png 84
ucf/SoccerJuggling/samples/00894.png 84
ucf/SoccerJuggling/samples/00895.png 84
ucf/SoccerJuggling/samples/00896.png 84
ucf/SoccerJuggling/samples/00897.png 84
ucf/SoccerJuggling/samples/00898.png 84
ucf/SoccerJuggling/samples/00899.png 84
ucf/SoccerJuggling/samples/00900.png 84
ucf/SoccerJuggling/samples/00901.png 84
ucf/SoccerJuggling/samples/00902.png 84
ucf/SoccerJuggling/samples/00903.png 84
ucf/SoccerJuggling/samples/00904.png 84
ucf/SoccerJuggling/samples/00905.png 84
ucf/SoccerJuggling/samples/00906.png 84
ucf/SoccerJuggling/samples/00907.png 84
ucf/SoccerJuggling/samples/00908.png 84
ucf/SoccerJuggling/samples/00909.png 84
ucf/SoccerJuggling/samples/00910.png 84
ucf/SoccerJuggling/samples/00911.png 84
ucf/SoccerJuggling/samples/00912.png 84
ucf/SoccerJuggling/samples/00913.png 84
ucf/SoccerJuggling/samples/00914.png 84
ucf/SoccerJuggling/samples/00915.png 84
ucf/SoccerJuggling/samples/00916.png 84
ucf/SoccerJuggling/samples/00917.png 84
ucf/SoccerJuggling/samples/00918.png 84
ucf/SoccerJuggling/samples/00919.png 84
ucf/SoccerJuggling/samples/00920.png 84
ucf/SoccerJuggling/samples/00921.png 84
ucf/SoccerJuggling/samples/00922.png 84
ucf/SoccerJuggling/samples/00923.png 84
ucf/SoccerJuggling/samples/00924.png 84
ucf/SoccerJuggling/samples/00925.png 84
ucf/SoccerJuggling/samples/00926.png 84
ucf/SoccerJuggling/samples/00927.png 84
ucf/SoccerJuggling/samples/00928.png 84
ucf/SoccerJuggling/samples/00929.png 84
ucf/SoccerJuggling/samples/00930.png 84
ucf/SoccerJuggling/samples/00931.png 84
ucf/SoccerJuggling/samples/00932.png 84
ucf/SoccerJuggling/samples/00933.png 84
ucf/SoccerJuggling/samples/00934.png 84
ucf/SoccerJuggling/samples/00935.png 84
ucf/SoccerJuggling/samples/00936.png 84
ucf/SoccerJuggling/samples/00937.png 84
ucf/SoccerJuggling/samples/00938.png 84
ucf/SoccerJuggling/samples/00939.png 84
ucf/SoccerJuggling/samples/00940.png 84
ucf/SoccerJuggling/samples/00941.png 84
ucf/SoccerJuggling/samples/00942.png 84
ucf/SoccerJuggling/samples/00943.png 84
ucf/SoccerJuggling/samples/00944.png 84
ucf/SoccerJuggling/samples/00945.png 84
ucf/SoccerJuggling/samples/00946.png 84
ucf/SoccerJuggling/samples/00947.png 84
ucf/SoccerJuggling/samples/00948.png 84
ucf/SoccerJuggling/samples/00949.png 84
ucf/SoccerJuggling/samples/00950.png 84
ucf/SoccerJuggling/samples/00951.png 84
ucf/SoccerJuggling/samples/00952.png 84
ucf/SoccerJuggling/samples/00953.png 84
ucf/SoccerJuggling/samples/00954.png 84
ucf/SoccerJuggling/samples/00955.png 84
ucf/SoccerJuggling/samples/00956.png 84
ucf/SoccerJuggling/samples/00957.png 84
ucf/SoccerJuggling/samples/00958.png 84
ucf/SoccerJuggling/samples/00959.png 84
ucf/SoccerJuggling/samples/00960.png 84
ucf/SoccerJuggling/samples/00961.png 84
ucf/SoccerJuggling/samples/00962.png 84
ucf/SoccerJuggling/samples/00963.png 84
ucf/SoccerJuggling/samples/00964.png 84
ucf/SoccerJuggling/samples/00965.png 84
ucf/SoccerJuggling/samples/00966.png 84
ucf/SoccerJuggling/samples/00967.png 84
ucf/SoccerJuggling/samples/00968.png 84
ucf/SoccerJuggling/samples/00969.png 84
ucf/SoccerJuggling/samples/00970.png 84
ucf/SoccerJuggling/samples/00971.png 84
ucf/SoccerJuggling/samples/00972.png 84
ucf/SoccerJuggling/samples/00973.png 84
ucf/SoccerJuggling/samples/00974.png 84
ucf/SoccerJuggling/samples/00975.png 84
ucf/SoccerJuggling/samples/00976.png 84
ucf/SoccerJuggling/samples/00977.png 84
ucf/SoccerJuggling/samples/00978.png 84
ucf/SoccerJuggling/samples/00979.png 84
ucf/SoccerJuggling/samples/00980.png 84
ucf/SoccerJuggling/samples/00981.png 84
ucf/SoccerJuggling/samples/00982.png 84
ucf/SoccerJuggling/samples/00983.png 84
ucf/SoccerJuggling/samples/00984.png 84
ucf/SoccerJuggling/samples/00985.png 84
ucf/SoccerJuggling/samples/00986.png 84
ucf/SoccerJuggling/samples/00987.png 84
ucf/SoccerJuggling/samples/00988.png 84
ucf/SoccerJuggling/samples/00989.png 84
ucf/SoccerJuggling/samples/00990.png 84
ucf/SoccerJuggling/samples/00991.png 84
ucf/SoccerJuggling/samples/00992.png 84
ucf/SoccerJuggling/samples/00993.png 84
ucf/SoccerJuggling/samples/00994.png 84
ucf/SoccerJuggling/samples/00995.png 84
ucf/SoccerJuggling/samples/00996.png 84
ucf/SoccerJuggling/samples/00997.png 84
ucf/SoccerJuggling/samples/00998.png 84
ucf/SoccerJuggling/samples/00999.png 84
ucf/TennisSwing/samples/00000.png 92
ucf/TennisSwing/samples/00001.png 92
ucf/TennisSwing/samples/00002.png 92
ucf/TennisSwing/samples/00003.png 92
ucf/TennisSwing/samples/00004.png 92
ucf/TennisSwing/samples/00005.png 92
ucf/TennisSwing/samples/00006.png 92
ucf/TennisSwing/samples/00007.png 92
ucf/TennisSwing/samples/00008.png 92
ucf/TennisSwing/samples/00009.png 92
ucf/TennisSwing/samples/00010.png 92
ucf/TennisSwing/samples/00011.png 92
ucf/TennisSwing/samples/00012.png 92
ucf/TennisSwing/samples/00013.png 92
ucf/TennisSwing/samples/00014.png 92
ucf/TennisSwing/samples/00015.png 92
ucf/TennisSwing/samples/00016.png 92
ucf/TennisSwing/samples/00017.png 92
ucf/TennisSwing/samples/00018.png 92
ucf/TennisSwing/samples/00019.png 92
ucf/TennisSwing/samples/00020.png 92
ucf/TennisSwing/samples/00021.png 92
ucf/TennisSwing/samples/00022.png 92
ucf/TennisSwing/samples/00023.png 92
ucf/TennisSwing/samples/00024.png 92
ucf/TennisSwing/samples/00025.png 92
ucf/TennisSwing/samples/00026.png 92
ucf/TennisSwing/samples/00027.png 92
ucf/TennisSwing/samples/00028.png 92
ucf/TennisSwing/samples/00029.png 92
ucf/TennisSwing/samples/00030.png 92
ucf/TennisSwing/samples/00031.png 92
ucf/TennisSwing/samples/00032.png 92
ucf/TennisSwing/samples/00033.png 92
ucf/TennisSwing/samples/00034.png 92
ucf/TennisSwing/samples/00035.png 92
ucf/TennisSwing/samples/00036.png 92
ucf/TennisSwing/samples/00037.png 92
ucf/TennisSwing/samples/00038.png 92
ucf/TennisSwing/samples/00039.png 92
ucf/TennisSwing/samples/00040.png 92
ucf/TennisSwing/samples/00041.png 92
ucf/TennisSwing/samples/00042.png 92
ucf/TennisSwing/samples/00043.png 92
ucf/TennisSwing/samples/00044.png 92
ucf/TennisSwing/samples/00045.png 92
ucf/TennisSwing/samples/00046.png 92
ucf/TennisSwing/samples/00047.png 92
ucf/TennisSwing/samples/00048.png 92
ucf/TennisSwing/samples/00049.png 92
ucf/TennisSwing/samples/00050.png 92
ucf/TennisSwing/samples/00051.png 92
ucf/TennisSwing/samples/00052.png 92
ucf/TennisSwing/samples/00053.png 92
ucf/TennisSwing/samples/00054.png 92
ucf/TennisSwing/samples/00055.png 92
ucf/TennisSwing/samples/00056.png 92
ucf/TennisSwing/samples/00057.png 92
ucf/TennisSwing/samples/00058.png 92
ucf/TennisSwing/samples/00059.png 92
ucf/TennisSwing/samples/00060.png 92
ucf/TennisSwing/samples/00061.png 92
ucf/TennisSwing/samples/00062.png 92
ucf/TennisSwing/samples/00063.png 92
ucf/TennisSwing/samples/00064.png 92
ucf/TennisSwing/samples/00065.png 92
ucf/TennisSwing/samples/00066.png 92
ucf/TennisSwing/samples/00067.png 92
ucf/TennisSwing/samples/00068.png 92
ucf/TennisSwing/samples/00069.png 92
ucf/TennisSwing/samples/00070.png 92
ucf/TennisSwing/samples/00071.png 92
ucf/TennisSwing/samples/00072.png 92
ucf/TennisSwing/samples/00073.png 92
ucf/TennisSwing/samples/00074.png 92
ucf/TennisSwing/samples/00075.png 92
ucf/TennisSwing/samples/00076.png 92
ucf/TennisSwing/samples/00077.png 92
ucf/TennisSwing/samples/00078.png 92
ucf/TennisSwing/samples/00079.png 92
ucf/TennisSwing/samples/00080.png 92
ucf/TennisSwing/samples/00081.png 92
ucf/TennisSwing/samples/00082.png 92
ucf/TennisSwing/samples/00083.png 92
ucf/TennisSwing/samples/00084.png 92
ucf/TennisSwing/samples/00085.png 92
ucf/TennisSwing/samples/00086.png 92
ucf/TennisSwing/samples/00087.png 92
ucf/TennisSwing/samples/00088.png 92
ucf/TennisSwing/samples/00089.png 92
ucf/TennisSwing/samples/00090.png 92
ucf/TennisSwing/samples/00091.png 92
ucf/TennisSwing/samples/00092.png 92
ucf/TennisSwing/samples/00093.png 92
ucf/TennisSwing/samples/00094.png 92
ucf/TennisSwing/samples/00095.png 92
ucf/TennisSwing/samples/00096.png 92
ucf/TennisSwing/samples/00097.png 92
ucf/TennisSwing/samples/00098.png 92
ucf/TennisSwing/samples/00099.png 92
ucf/TennisSwing/samples/00100.png 92
ucf/TennisSwing/samples/00101.png 92
ucf/TennisSwing/samples/00102.png 92
ucf/TennisSwing/samples/00103.png 92
ucf/TennisSwing/samples/00104.png 92
ucf/TennisSwing/samples/00105.png 92
ucf/TennisSwing/samples/00106.png 92
ucf/TennisSwing/samples/00107.png 92
ucf/TennisSwing/samples/00108.png 92
ucf/TennisSwing/samples/00109.png 92
ucf/TennisSwing/samples/00110.png 92
ucf/TennisSwing/samples/00111.png 92
ucf/TennisSwing/samples/00112.png 92
ucf/TennisSwing/samples/00113.png 92
ucf/TennisSwing/samples/00114.png 92
ucf/TennisSwing/samples/00115.png 92
ucf/TennisSwing/samples/00116.png 92
ucf/TennisSwing/samples/00117.png 92
ucf/TennisSwing/samples/00118.png 92
ucf/TennisSwing/samples/00119.png 92
ucf/TennisSwing/samples/00120.png 92
ucf/TennisSwing/samples/00121.png 92
ucf/TennisSwing/samples/00122.png 92
ucf/TennisSwing/samples/00123.png 92
ucf/TennisSwing/samples/00124.png 92
ucf/TennisSwing/samples/00125.png 92
ucf/TennisSwing/samples/00126.png 92
ucf/TennisSwing/samples/00127.png 92
ucf/TennisSwing/samples/00128.png 92
ucf/TennisSwing/samples/00129.png 92
ucf/TennisSwing/samples/00130.png 92
ucf/TennisSwing/samples/00131.png 92
ucf/TennisSwing/samples/00132.png 92
ucf/TennisSwing/samples/00133.png 92
ucf/TennisSwing/samples/00134.png 92
ucf/TennisSwing/samples/00135.png 92
ucf/TennisSwing/samples/00136.png 92
ucf/TennisSwing/samples/00137.png 92
ucf/TennisSwing/samples/00138.png 92
ucf/TennisSwing/samples/00139.png 92
ucf/TennisSwing/samples/00140.png 92
ucf/TennisSwing/samples/00141.png 92
ucf/TennisSwing/samples/00142.png 92
ucf/TennisSwing/samples/00143.png 92
ucf/TennisSwing/samples/00144.png 92
ucf/TennisSwing/samples/00145.png 92
ucf/TennisSwing/samples/00146.png 92
ucf/TennisSwing/samples/00147.png 92
ucf/TennisSwing/samples/00148.png 92
ucf/TennisSwing/samples/00149.png 92
ucf/TennisSwing/samples/00150.png 92
ucf/TennisSwing/samples/00151.png 92
ucf/TennisSwing/samples/00152.png 92
ucf/TennisSwing/samples/00153.png 92
ucf/TennisSwing/samples/00154.png 92
ucf/TennisSwing/samples/00155.png 92
ucf/TennisSwing/samples/00156.png 92
ucf/TennisSwing/samples/00157.png 92
ucf/TennisSwing/samples/00158.png 92
ucf/TennisSwing/samples/00159.png 92
ucf/TennisSwing/samples/00160.png 92
ucf/TennisSwing/samples/00161.png 92
ucf/TennisSwing/samples/00162.png 92
ucf/TennisSwing/samples/00163.png 92
ucf/TennisSwing/samples/00164.png 92
ucf/TennisSwing/samples/00165.png 92
ucf/TennisSwing/samples/00166.png 92
ucf/TennisSwing/samples/00167.png 92
ucf/TennisSwing/samples/00168.png 92
ucf/TennisSwing/samples/00169.png 92
ucf/TennisSwing/samples/00170.png 92
ucf/TennisSwing/samples/00171.png 92
ucf/TennisSwing/samples/00172.png 92
ucf/TennisSwing/samples/00173.png 92
ucf/TennisSwing/samples/00174.png 92
ucf/TennisSwing/samples/00175.png 92
ucf/TennisSwing/samples/00176.png 92
ucf/TennisSwing/samples/00177.png 92
ucf/TennisSwing/samples/00178.png 92
ucf/TennisSwing/samples/00179.png 92
ucf/TennisSwing/samples/00180.png 92
ucf/TennisSwing/samples/00181.png 92
ucf/TennisSwing/samples/00182.png 92
ucf/TennisSwing/samples/00183.png 92
ucf/TennisSwing/samples/00184.png 92
ucf/TennisSwing/samples/00185.png 92
ucf/TennisSwing/samples/00186.png 92
ucf/TennisSwing/samples/00187.png 92
ucf/TennisSwing/samples/00188.png 92
ucf/TennisSwing/samples/00189.png 92
ucf/TennisSwing/samples/00190.png 92
ucf/TennisSwing/samples/00191.png 92
ucf/TennisSwing/samples/00192.png 92
ucf/TennisSwing/samples/00193.png 92
ucf/TennisSwing/samples/00194.png 92
ucf/TennisSwing/samples/00195.png 92
ucf/TennisSwing/samples/00196.png 92
ucf/TennisSwing/samples/00197.png 92
ucf/TennisSwing/samples/00198.png 92
ucf/TennisSwing/samples/00199.png 92
ucf/TennisSwing/samples/00200.png 92
ucf/TennisSwing/samples/00201.png 92
ucf/TennisSwing/samples/00202.png 92
ucf/TennisSwing/samples/00203.png 92
ucf/TennisSwing/samples/00204.png 92
ucf/TennisSwing/samples/00205.png 92
ucf/TennisSwing/samples/00206.png 92
ucf/TennisSwing/samples/00207.png 92
ucf/TennisSwing/samples/00208.png 92
ucf/TennisSwing/samples/00209.png 92
ucf/TennisSwing/samples/00210.png 92
ucf/TennisSwing/samples/00211.png 92
ucf/TennisSwing/samples/00212.png 92
ucf/TennisSwing/samples/00213.png 92
ucf/TennisSwing/samples/00214.png 92
ucf/TennisSwing/samples/00215.png 92
ucf/TennisSwing/samples/00216.png 92
ucf/TennisSwing/samples/00217.png 92
ucf/TennisSwing/samples/00218.png 92
ucf/TennisSwing/samples/00219.png 92
ucf/TennisSwing/samples/00220.png 92
ucf/TennisSwing/samples/00221.png 92
ucf/TennisSwing/samples/00222.png 92
ucf/TennisSwing/samples/00223.png 92
ucf/TennisSwing/samples/00224.png 92
ucf/TennisSwing/samples/00225.png 92
ucf/TennisSwing/samples/00226.png 92
ucf/TennisSwing/samples/00227.png 92
ucf/TennisSwing/samples/00228.png 92
ucf/TennisSwing/samples/00229.png 92
ucf/TennisSwing/samples/00230.png 92
ucf/TennisSwing/samples/00231.png 92
ucf/TennisSwing/samples/00232.png 92
ucf/TennisSwing/samples/00233.png 92
ucf/TennisSwing/samples/00234.png 92
ucf/TennisSwing/samples/00235.png 92
ucf/TennisSwing/samples/00236.png 92
ucf/TennisSwing/samples/00237.png 92
ucf/TennisSwing/samples/00238.png 92
ucf/TennisSwing/samples/00239.png 92
ucf/TennisSwing/samples/00240.png 92
ucf/TennisSwing/samples/00241.png 92
ucf/TennisSwing/samples/00242.png 92
ucf/TennisSwing/samples/00243.png 92
ucf/TennisSwing/samples/00244.png 92
ucf/TennisSwing/samples/00245.png 92
ucf/TennisSwing/samples/00246.png 92
ucf/TennisSwing/samples/00247.png 92
ucf/TennisSwing/samples/00248.png 92
ucf/TennisSwing/samples/00249.png 92
ucf/TennisSwing/samples/00250.png 92
ucf/TennisSwing/samples/00251.png 92
ucf/TennisSwing/samples/00252.png 92
ucf/TennisSwing/samples/00253.png 92
ucf/TennisSwing/samples/00254.png 92
ucf/TennisSwing/samples/00255.png 92
ucf/TennisSwing/samples/00256.png 92
ucf/TennisSwing/samples/00257.png 92
ucf/TennisSwing/samples/00258.png 92
ucf/TennisSwing/samples/00259.png 92
ucf/TennisSwing/samples/00260.png 92
ucf/TennisSwing/samples/00261.png 92
ucf/TennisSwing/samples/00262.png 92
ucf/TennisSwing/samples/00263.png 92
ucf/TennisSwing/samples/00264.png 92
ucf/TennisSwing/samples/00265.png 92
ucf/TennisSwing/samples/00266.png 92
ucf/TennisSwing/samples/00267.png 92
ucf/TennisSwing/samples/00268.png 92
ucf/TennisSwing/samples/00269.png 92
ucf/TennisSwing/samples/00270.png 92
ucf/TennisSwing/samples/00271.png 92
ucf/TennisSwing/samples/00272.png 92
ucf/TennisSwing/samples/00273.png 92
ucf/TennisSwing/samples/00274.png 92
ucf/TennisSwing/samples/00275.png 92
ucf/TennisSwing/samples/00276.png 92
ucf/TennisSwing/samples/00277.png 92
ucf/TennisSwing/samples/00278.png 92
ucf/TennisSwing/samples/00279.png 92
ucf/TennisSwing/samples/00280.png 92
ucf/TennisSwing/samples/00281.png 92
ucf/TennisSwing/samples/00282.png 92
ucf/TennisSwing/samples/00283.png 92
ucf/TennisSwing/samples/00284.png 92
ucf/TennisSwing/samples/00285.png 92
ucf/TennisSwing/samples/00286.png 92
ucf/TennisSwing/samples/00287.png 92
ucf/TennisSwing/samples/00288.png 92
ucf/TennisSwing/samples/00289.png 92
ucf/TennisSwing/samples/00290.png 92
ucf/TennisSwing/samples/00291.png 92
ucf/TennisSwing/samples/00292.png 92
ucf/TennisSwing/samples/00293.png 92
ucf/TennisSwing/samples/00294.png 92
ucf/TennisSwing/samples/00295.png 92
ucf/TennisSwing/samples/00296.png 92
ucf/TennisSwing/samples/00297.png 92
ucf/TennisSwing/samples/00298.png 92
ucf/TennisSwing/samples/00299.png 92
ucf/TennisSwing/samples/00300.png 92
ucf/TennisSwing/samples/00301.png 92
ucf/TennisSwing/samples/00302.png 92
ucf/TennisSwing/samples/00303.png 92
ucf/TennisSwing/samples/00304.png 92
ucf/TennisSwing/samples/00305.png 92
ucf/TennisSwing/samples/00306.png 92
ucf/TennisSwing/samples/00307.png 92
ucf/TennisSwing/samples/00308.png 92
ucf/TennisSwing/samples/00309.png 92
ucf/TennisSwing/samples/00310.png 92
ucf/TennisSwing/samples/00311.png 92
ucf/TennisSwing/samples/00312.png 92
ucf/TennisSwing/samples/00313.png 92
ucf/TennisSwing/samples/00314.png 92
ucf/TennisSwing/samples/00315.png 92
ucf/TennisSwing/samples/00316.png 92
ucf/TennisSwing/samples/00317.png 92
ucf/TennisSwing/samples/00318.png 92
ucf/TennisSwing/samples/00319.png 92
ucf/TennisSwing/samples/00320.png 92
ucf/TennisSwing/samples/00321.png 92
ucf/TennisSwing/samples/00322.png 92
ucf/TennisSwing/samples/00323.png 92
ucf/TennisSwing/samples/00324.png 92
ucf/TennisSwing/samples/00325.png 92
ucf/TennisSwing/samples/00326.png 92
ucf/TennisSwing/samples/00327.png 92
ucf/TennisSwing/samples/00328.png 92
ucf/TennisSwing/samples/00329.png 92
ucf/TennisSwing/samples/00330.png 92
ucf/TennisSwing/samples/00331.png 92
ucf/TennisSwing/samples/00332.png 92
ucf/TennisSwing/samples/00333.png 92
ucf/TennisSwing/samples/00334.png 92
ucf/TennisSwing/samples/00335.png 92
ucf/TennisSwing/samples/00336.png 92
ucf/TennisSwing/samples/00337.png 92
ucf/TennisSwing/samples/00338.png 92
ucf/TennisSwing/samples/00339.png 92
ucf/TennisSwing/samples/00340.png 92
ucf/TennisSwing/samples/00341.png 92
ucf/TennisSwing/samples/00342.png 92
ucf/TennisSwing/samples/00343.png 92
ucf/TennisSwing/samples/00344.png 92
ucf/TennisSwing/samples/00345.png 92
ucf/TennisSwing/samples/00346.png 92
ucf/TennisSwing/samples/00347.png 92
ucf/TennisSwing/samples/00348.png 92
ucf/TennisSwing/samples/00349.png 92
ucf/TennisSwing/samples/00350.png 92
ucf/TennisSwing/samples/00351.png 92
ucf/TennisSwing/samples/00352.png 92
ucf/TennisSwing/samples/00353.png 92
ucf/TennisSwing/samples/00354.png 92
ucf/TennisSwing/samples/00355.png 92
ucf/TennisSwing/samples/00356.png 92
ucf/TennisSwing/samples/00357.png 92
ucf/TennisSwing/samples/00358.png 92
ucf/TennisSwing/samples/00359.png 92
ucf/TennisSwing/samples/00360.png 92
ucf/TennisSwing/samples/00361.png 92
ucf/TennisSwing/samples/00362.png 92
ucf/TennisSwing/samples/00363.png 92
ucf/TennisSwing/samples/00364.png 92
ucf/TennisSwing/samples/00365.png 92
ucf/TennisSwing/samples/00366.png 92
ucf/TennisSwing/samples/00367.png 92
ucf/TennisSwing/samples/00368.png 92
ucf/TennisSwing/samples/00369.png 92
ucf/TennisSwing/samples/00370.png 92
ucf/TennisSwing/samples/00371.png 92
ucf/TennisSwing/samples/00372.png 92
ucf/TennisSwing/samples/00373.png 92
ucf/TennisSwing/samples/00374.png 92
ucf/TennisSwing/samples/00375.png 92
ucf/TennisSwing/samples/00376.png 92
ucf/TennisSwing/samples/00377.png 92
ucf/TennisSwing/samples/00378.png 92
ucf/TennisSwing/samples/00379.png 92
ucf/TennisSwing/samples/00380.png 92
ucf/TennisSwing/samples/00381.png 92
ucf/TennisSwing/samples/00382.png 92
ucf/TennisSwing/samples/00383.png 92
ucf/TennisSwing/samples/00384.png 92
ucf/TennisSwing/samples/00385.png 92
ucf/TennisSwing/samples/00386.png 92
ucf/TennisSwing/samples/00387.png 92
ucf/TennisSwing/samples/00388.png 92
ucf/TennisSwing/samples/00389.png 92
ucf/TennisSwing/samples/00390.png 92
ucf/TennisSwing/samples/00391.png 92
ucf/TennisSwing/samples/00392.png 92
ucf/TennisSwing/samples/00393.png 92
ucf/TennisSwing/samples/00394.png 92
ucf/TennisSwing/samples/00395.png 92
ucf/TennisSwing/samples/00396.png 92
ucf/TennisSwing/samples/00397.png 92
ucf/TennisSwing/samples/00398.png 92
ucf/TennisSwing/samples/00399.png 92
ucf/TennisSwing/samples/00400.png 92
ucf/TennisSwing/samples/00401.png 92
ucf/TennisSwing/samples/00402.png 92
ucf/TennisSwing/samples/00403.png 92
ucf/TennisSwing/samples/00404.png 92
ucf/TennisSwing/samples/00405.png 92
ucf/TennisSwing/samples/00406.png 92
ucf/TennisSwing/samples/00407.png 92
ucf/TennisSwing/samples/00408.png 92
ucf/TennisSwing/samples/00409.png 92
ucf/TennisSwing/samples/00410.png 92
ucf/TennisSwing/samples/00411.png 92
ucf/TennisSwing/samples/00412.png 92
ucf/TennisSwing/samples/00413.png 92
ucf/TennisSwing/samples/00414.png 92
ucf/TennisSwing/samples/00415.png 92
ucf/TennisSwing/samples/00416.png 92
ucf/TennisSwing/samples/00417.png 92
ucf/TennisSwing/samples/00418.png 92
ucf/TennisSwing/samples/00419.png 92
ucf/TennisSwing/samples/00420.png 92
ucf/TennisSwing/samples/00421.png 92
ucf/TennisSwing/samples/00422.png 92
ucf/TennisSwing/samples/00423.png 92
ucf/TennisSwing/samples/00424.png 92
ucf/TennisSwing/samples/00425.png 92
ucf/TennisSwing/samples/00426.png 92
ucf/TennisSwing/samples/00427.png 92
ucf/TennisSwing/samples/00428.png 92
ucf/TennisSwing/samples/00429.png 92
ucf/TennisSwing/samples/00430.png 92
ucf/TennisSwing/samples/00431.png 92
ucf/TennisSwing/samples/00432.png 92
ucf/TennisSwing/samples/00433.png 92
ucf/TennisSwing/samples/00434.png 92
ucf/TennisSwing/samples/00435.png 92
ucf/TennisSwing/samples/00436.png 92
ucf/TennisSwing/samples/00437.png 92
ucf/TennisSwing/samples/00438.png 92
ucf/TennisSwing/samples/00439.png 92
ucf/TennisSwing/samples/00440.png 92
ucf/TennisSwing/samples/00441.png 92
ucf/TennisSwing/samples/00442.png 92
ucf/TennisSwing/samples/00443.png 92
ucf/TennisSwing/samples/00444.png 92
ucf/TennisSwing/samples/00445.png 92
ucf/TennisSwing/samples/00446.png 92
ucf/TennisSwing/samples/00447.png 92
ucf/TennisSwing/samples/00448.png 92
ucf/TennisSwing/samples/00449.png 92
ucf/TennisSwing/samples/00450.png 92
ucf/TennisSwing/samples/00451.png 92
ucf/TennisSwing/samples/00452.png 92
ucf/TennisSwing/samples/00453.png 92
ucf/TennisSwing/samples/00454.png 92
ucf/TennisSwing/samples/00455.png 92
ucf/TennisSwing/samples/00456.png 92
ucf/TennisSwing/samples/00457.png 92
ucf/TennisSwing/samples/00458.png 92
ucf/TennisSwing/samples/00459.png 92
ucf/TennisSwing/samples/00460.png 92
ucf/TennisSwing/samples/00461.png 92
ucf/TennisSwing/samples/00462.png 92
ucf/TennisSwing/samples/00463.png 92
ucf/TennisSwing/samples/00464.png 92
ucf/TennisSwing/samples/00465.png 92
ucf/TennisSwing/samples/00466.png 92
ucf/TennisSwing/samples/00467.png 92
ucf/TennisSwing/samples/00468.png 92
ucf/TennisSwing/samples/00469.png 92
ucf/TennisSwing/samples/00470.png 92
ucf/TennisSwing/samples/00471.png 92
ucf/TennisSwing/samples/00472.png 92
ucf/TennisSwing/samples/00473.png 92
ucf/TennisSwing/samples/00474.png 92
ucf/TennisSwing/samples/00475.png 92
ucf/TennisSwing/samples/00476.png 92
ucf/TennisSwing/samples/00477.png 92
ucf/TennisSwing/samples/00478.png 92
ucf/TennisSwing/samples/00479.png 92
ucf/TennisSwing/samples/00480.png 92
ucf/TennisSwing/samples/00481.png 92
ucf/TennisSwing/samples/00482.png 92
ucf/TennisSwing/samples/00483.png 92
ucf/TennisSwing/samples/00484.png 92
ucf/TennisSwing/samples/00485.png 92
ucf/TennisSwing/samples/00486.png 92
ucf/TennisSwing/samples/00487.png 92
ucf/TennisSwing/samples/00488.png 92
ucf/TennisSwing/samples/00489.png 92
ucf/TennisSwing/samples/00490.png 92
ucf/TennisSwing/samples/00491.png 92
ucf/TennisSwing/samples/00492.png 92
ucf/TennisSwing/samples/00493.png 92
ucf/TennisSwing/samples/00494.png 92
ucf/TennisSwing/samples/00495.png 92
ucf/TennisSwing/samples/00496.png 92
ucf/TennisSwing/samples/00497.png 92
ucf/TennisSwing/samples/00498.png 92
ucf/TennisSwing/samples/00499.png 92
ucf/TennisSwing/samples/00500.png 92
ucf/TennisSwing/samples/00501.png 92
ucf/TennisSwing/samples/00502.png 92
ucf/TennisSwing/samples/00503.png 92
ucf/TennisSwing/samples/00504.png 92
ucf/TennisSwing/samples/00505.png 92
ucf/TennisSwing/samples/00506.png 92
ucf/TennisSwing/samples/00507.png 92
ucf/TennisSwing/samples/00508.png 92
ucf/TennisSwing/samples/00509.png 92
ucf/TennisSwing/samples/00510.png 92
ucf/TennisSwing/samples/00511.png 92
ucf/TennisSwing/samples/00512.png 92
ucf/TennisSwing/samples/00513.png 92
ucf/TennisSwing/samples/00514.png 92
ucf/TennisSwing/samples/00515.png 92
ucf/TennisSwing/samples/00516.png 92
ucf/TennisSwing/samples/00517.png 92
ucf/TennisSwing/samples/00518.png 92
ucf/TennisSwing/samples/00519.png 92
ucf/TennisSwing/samples/00520.png 92
ucf/TennisSwing/samples/00521.png 92
ucf/TennisSwing/samples/00522.png 92
ucf/TennisSwing/samples/00523.png 92
ucf/TennisSwing/samples/00524.png 92
ucf/TennisSwing/samples/00525.png 92
ucf/TennisSwing/samples/00526.png 92
ucf/TennisSwing/samples/00527.png 92
ucf/TennisSwing/samples/00528.png 92
ucf/TennisSwing/samples/00529.png 92
ucf/TennisSwing/samples/00530.png 92
ucf/TennisSwing/samples/00531.png 92
ucf/TennisSwing/samples/00532.png 92
ucf/TennisSwing/samples/00533.png 92
ucf/TennisSwing/samples/00534.png 92
ucf/TennisSwing/samples/00535.png 92
ucf/TennisSwing/samples/00536.png 92
ucf/TennisSwing/samples/00537.png 92
ucf/TennisSwing/samples/00538.png 92
ucf/TennisSwing/samples/00539.png 92
ucf/TennisSwing/samples/00540.png 92
ucf/TennisSwing/samples/00541.png 92
ucf/TennisSwing/samples/00542.png 92
ucf/TennisSwing/samples/00543.png 92
ucf/TennisSwing/samples/00544.png 92
ucf/TennisSwing/samples/00545.png 92
ucf/TennisSwing/samples/00546.png 92
ucf/TennisSwing/samples/00547.png 92
ucf/TennisSwing/samples/00548.png 92
ucf/TennisSwing/samples/00549.png 92
ucf/TennisSwing/samples/00550.png 92
ucf/TennisSwing/samples/00551.png 92
ucf/TennisSwing/samples/00552.png 92
ucf/TennisSwing/samples/00553.png 92
ucf/TennisSwing/samples/00554.png 92
ucf/TennisSwing/samples/00555.png 92
ucf/TennisSwing/samples/00556.png 92
ucf/TennisSwing/samples/00557.png 92
ucf/TennisSwing/samples/00558.png 92
ucf/TennisSwing/samples/00559.png 92
ucf/TennisSwing/samples/00560.png 92
ucf/TennisSwing/samples/00561.png 92
ucf/TennisSwing/samples/00562.png 92
ucf/TennisSwing/samples/00563.png 92
ucf/TennisSwing/samples/00564.png 92
ucf/TennisSwing/samples/00565.png 92
ucf/TennisSwing/samples/00566.png 92
ucf/TennisSwing/samples/00567.png 92
ucf/TennisSwing/samples/00568.png 92
ucf/TennisSwing/samples/00569.png 92
ucf/TennisSwing/samples/00570.png 92
ucf/TennisSwing/samples/00571.png 92
ucf/TennisSwing/samples/00572.png 92
ucf/TennisSwing/samples/00573.png 92
ucf/TennisSwing/samples/00574.png 92
ucf/TennisSwing/samples/00575.png 92
ucf/TennisSwing/samples/00576.png 92
ucf/TennisSwing/samples/00577.png 92
ucf/TennisSwing/samples/00578.png 92
ucf/TennisSwing/samples/00579.png 92
ucf/TennisSwing/samples/00580.png 92
ucf/TennisSwing/samples/00581.png 92
ucf/TennisSwing/samples/00582.png 92
ucf/TennisSwing/samples/00583.png 92
ucf/TennisSwing/samples/00584.png 92
ucf/TennisSwing/samples/00585.png 92
ucf/TennisSwing/samples/00586.png 92
ucf/TennisSwing/samples/00587.png 92
ucf/TennisSwing/samples/00588.png 92
ucf/TennisSwing/samples/00589.png 92
ucf/TennisSwing/samples/00590.png 92
ucf/TennisSwing/samples/00591.png 92
ucf/TennisSwing/samples/00592.png 92
ucf/TennisSwing/samples/00593.png 92
ucf/TennisSwing/samples/00594.png 92
ucf/TennisSwing/samples/00595.png 92
ucf/TennisSwing/samples/00596.png 92
ucf/TennisSwing/samples/00597.png 92
ucf/TennisSwing/samples/00598.png 92
ucf/TennisSwing/samples/00599.png 92
ucf/TennisSwing/samples/00600.png 92
ucf/TennisSwing/samples/00601.png 92
ucf/TennisSwing/samples/00602.png 92
ucf/TennisSwing/samples/00603.png 92
ucf/TennisSwing/samples/00604.png 92
ucf/TennisSwing/samples/00605.png 92
ucf/TennisSwing/samples/00606.png 92
ucf/TennisSwing/samples/00607.png 92
ucf/TennisSwing/samples/00608.png 92
ucf/TennisSwing/samples/00609.png 92
ucf/TennisSwing/samples/00610.png 92
ucf/TennisSwing/samples/00611.png 92
ucf/TennisSwing/samples/00612.png 92
ucf/TennisSwing/samples/00613.png 92
ucf/TennisSwing/samples/00614.png 92
ucf/TennisSwing/samples/00615.png 92
ucf/TennisSwing/samples/00616.png 92
ucf/TennisSwing/samples/00617.png 92
ucf/TennisSwing/samples/00618.png 92
ucf/TennisSwing/samples/00619.png 92
ucf/TennisSwing/samples/00620.png 92
ucf/TennisSwing/samples/00621.png 92
ucf/TennisSwing/samples/00622.png 92
ucf/TennisSwing/samples/00623.png 92
ucf/TennisSwing/samples/00624.png 92
ucf/TennisSwing/samples/00625.png 92
ucf/TennisSwing/samples/00626.png 92
ucf/TennisSwing/samples/00627.png 92
ucf/TennisSwing/samples/00628.png 92
ucf/TennisSwing/samples/00629.png 92
ucf/TennisSwing/samples/00630.png 92
ucf/TennisSwing/samples/00631.png 92
ucf/TennisSwing/samples/00632.png 92
ucf/TennisSwing/samples/00633.png 92
ucf/TennisSwing/samples/00634.png 92
ucf/TennisSwing/samples/00635.png 92
ucf/TennisSwing/samples/00636.png 92
ucf/TennisSwing/samples/00637.png 92
ucf/TennisSwing/samples/00638.png 92
ucf/TennisSwing/samples/00639.png 92
ucf/TennisSwing/samples/00640.png 92
ucf/TennisSwing/samples/00641.png 92
ucf/TennisSwing/samples/00642.png 92
ucf/TennisSwing/samples/00643.png 92
ucf/TennisSwing/samples/00644.png 92
ucf/TennisSwing/samples/00645.png 92
ucf/TennisSwing/samples/00646.png 92
ucf/TennisSwing/samples/00647.png 92
ucf/TennisSwing/samples/00648.png 92
ucf/TennisSwing/samples/00649.png 92
ucf/TennisSwing/samples/00650.png 92
ucf/TennisSwing/samples/00651.png 92
ucf/TennisSwing/samples/00652.png 92
ucf/TennisSwing/samples/00653.png 92
ucf/TennisSwing/samples/00654.png 92
ucf/TennisSwing/samples/00655.png 92
ucf/TennisSwing/samples/00656.png 92
ucf/TennisSwing/samples/00657.png 92
ucf/TennisSwing/samples/00658.png 92
ucf/TennisSwing/samples/00659.png 92
ucf/TennisSwing/samples/00660.png 92
ucf/TennisSwing/samples/00661.png 92
ucf/TennisSwing/samples/00662.png 92
ucf/TennisSwing/samples/00663.png 92
ucf/TennisSwing/samples/00664.png 92
ucf/TennisSwing/samples/00665.png 92
ucf/TennisSwing/samples/00666.png 92
ucf/TennisSwing/samples/00667.png 92
ucf/TennisSwing/samples/00668.png 92
ucf/TennisSwing/samples/00669.png 92
ucf/TennisSwing/samples/00670.png 92
ucf/TennisSwing/samples/00671.png 92
ucf/TennisSwing/samples/00672.png 92
ucf/TennisSwing/samples/00673.png 92
ucf/TennisSwing/samples/00674.png 92
ucf/TennisSwing/samples/00675.png 92
ucf/TennisSwing/samples/00676.png 92
ucf/TennisSwing/samples/00677.png 92
ucf/TennisSwing/samples/00678.png 92
ucf/TennisSwing/samples/00679.png 92
ucf/TennisSwing/samples/00680.png 92
ucf/TennisSwing/samples/00681.png 92
ucf/TennisSwing/samples/00682.png 92
ucf/TennisSwing/samples/00683.png 92
ucf/TennisSwing/samples/00684.png 92
ucf/TennisSwing/samples/00685.png 92
ucf/TennisSwing/samples/00686.png 92
ucf/TennisSwing/samples/00687.png 92
ucf/TennisSwing/samples/00688.png 92
ucf/TennisSwing/samples/00689.png 92
ucf/TennisSwing/samples/00690.png 92
ucf/TennisSwing/samples/00691.png 92
ucf/TennisSwing/samples/00692.png 92
ucf/TennisSwing/samples/00693.png 92
ucf/TennisSwing/samples/00694.png 92
ucf/TennisSwing/samples/00695.png 92
ucf/TennisSwing/samples/00696.png 92
ucf/TennisSwing/samples/00697.png 92
ucf/TennisSwing/samples/00698.png 92
ucf/TennisSwing/samples/00699.png 92
ucf/TennisSwing/samples/00700.png 92
ucf/TennisSwing/samples/00701.png 92
ucf/TennisSwing/samples/00702.png 92
ucf/TennisSwing/samples/00703.png 92
ucf/TennisSwing/samples/00704.png 92
ucf/TennisSwing/samples/00705.png 92
ucf/TennisSwing/samples/00706.png 92
ucf/TennisSwing/samples/00707.png 92
ucf/TennisSwing/samples/00708.png 92
ucf/TennisSwing/samples/00709.png 92
ucf/TennisSwing/samples/00710.png 92
ucf/TennisSwing/samples/00711.png 92
ucf/TennisSwing/samples/00712.png 92
ucf/TennisSwing/samples/00713.png 92
ucf/TennisSwing/samples/00714.png 92
ucf/TennisSwing/samples/00715.png 92
ucf/TennisSwing/samples/00716.png 92
ucf/TennisSwing/samples/00717.png 92
ucf/TennisSwing/samples/00718.png 92
ucf/TennisSwing/samples/00719.png 92
ucf/TennisSwing/samples/00720.png 92
ucf/TennisSwing/samples/00721.png 92
ucf/TennisSwing/samples/00722.png 92
ucf/TennisSwing/samples/00723.png 92
ucf/TennisSwing/samples/00724.png 92
ucf/TennisSwing/samples/00725.png 92
ucf/TennisSwing/samples/00726.png 92
ucf/TennisSwing/samples/00727.png 92
ucf/TennisSwing/samples/00728.png 92
ucf/TennisSwing/samples/00729.png 92
ucf/TennisSwing/samples/00730.png 92
ucf/TennisSwing/samples/00731.png 92
ucf/TennisSwing/samples/00732.png 92
ucf/TennisSwing/samples/00733.png 92
ucf/TennisSwing/samples/00734.png 92
ucf/TennisSwing/samples/00735.png 92
ucf/TennisSwing/samples/00736.png 92
ucf/TennisSwing/samples/00737.png 92
ucf/TennisSwing/samples/00738.png 92
ucf/TennisSwing/samples/00739.png 92
ucf/TennisSwing/samples/00740.png 92
ucf/TennisSwing/samples/00741.png 92
ucf/TennisSwing/samples/00742.png 92
ucf/TennisSwing/samples/00743.png 92
ucf/TennisSwing/samples/00744.png 92
ucf/TennisSwing/samples/00745.png 92
ucf/TennisSwing/samples/00746.png 92
ucf/TennisSwing/samples/00747.png 92
ucf/TennisSwing/samples/00748.png 92
ucf/TennisSwing/samples/00749.png 92
ucf/TennisSwing/samples/00750.png 92
ucf/TennisSwing/samples/00751.png 92
ucf/TennisSwing/samples/00752.png 92
ucf/TennisSwing/samples/00753.png 92
ucf/TennisSwing/samples/00754.png 92
ucf/TennisSwing/samples/00755.png 92
ucf/TennisSwing/samples/00756.png 92
ucf/TennisSwing/samples/00757.png 92
ucf/TennisSwing/samples/00758.png 92
ucf/TennisSwing/samples/00759.png 92
ucf/TennisSwing/samples/00760.png 92
ucf/TennisSwing/samples/00761.png 92
ucf/TennisSwing/samples/00762.png 92
ucf/TennisSwing/samples/00763.png 92
ucf/TennisSwing/samples/00764.png 92
ucf/TennisSwing/samples/00765.png 92
ucf/TennisSwing/samples/00766.png 92
ucf/TennisSwing/samples/00767.png 92
ucf/TennisSwing/samples/00768.png 92
ucf/TennisSwing/samples/00769.png 92
ucf/TennisSwing/samples/00770.png 92
ucf/TennisSwing/samples/00771.png 92
ucf/TennisSwing/samples/00772.png 92
ucf/TennisSwing/samples/00773.png 92
ucf/TennisSwing/samples/00774.png 92
ucf/TennisSwing/samples/00775.png 92
ucf/TennisSwing/samples/00776.png 92
ucf/TennisSwing/samples/00777.png 92
ucf/TennisSwing/samples/00778.png 92
ucf/TennisSwing/samples/00779.png 92
ucf/TennisSwing/samples/00780.png 92
ucf/TennisSwing/samples/00781.png 92
ucf/TennisSwing/samples/00782.png 92
ucf/TennisSwing/samples/00783.png 92
ucf/TennisSwing/samples/00784.png 92
ucf/TennisSwing/samples/00785.png 92
ucf/TennisSwing/samples/00786.png 92
ucf/TennisSwing/samples/00787.png 92
ucf/TennisSwing/samples/00788.png 92
ucf/TennisSwing/samples/00789.png 92
ucf/TennisSwing/samples/00790.png 92
ucf/TennisSwing/samples/00791.png 92
ucf/TennisSwing/samples/00792.png 92
ucf/TennisSwing/samples/00793.png 92
ucf/TennisSwing/samples/00794.png 92
ucf/TennisSwing/samples/00795.png 92
ucf/TennisSwing/samples/00796.png 92
ucf/TennisSwing/samples/00797.png 92
ucf/TennisSwing/samples/00798.png 92
ucf/TennisSwing/samples/00799.png 92
ucf/TennisSwing/samples/00800.png 92
ucf/TennisSwing/samples/00801.png 92
ucf/TennisSwing/samples/00802.png 92
ucf/TennisSwing/samples/00803.png 92
ucf/TennisSwing/samples/00804.png 92
ucf/TennisSwing/samples/00805.png 92
ucf/TennisSwing/samples/00806.png 92
ucf/TennisSwing/samples/00807.png 92
ucf/TennisSwing/samples/00808.png 92
ucf/TennisSwing/samples/00809.png 92
ucf/TennisSwing/samples/00810.png 92
ucf/TennisSwing/samples/00811.png 92
ucf/TennisSwing/samples/00812.png 92
ucf/TennisSwing/samples/00813.png 92
ucf/TennisSwing/samples/00814.png 92
ucf/TennisSwing/samples/00815.png 92
ucf/TennisSwing/samples/00816.png 92
ucf/TennisSwing/samples/00817.png 92
ucf/TennisSwing/samples/00818.png 92
ucf/TennisSwing/samples/00819.png 92
ucf/TennisSwing/samples/00820.png 92
ucf/TennisSwing/samples/00821.png 92
ucf/TennisSwing/samples/00822.png 92
ucf/TennisSwing/samples/00823.png 92
ucf/TennisSwing/samples/00824.png 92
ucf/TennisSwing/samples/00825.png 92
ucf/TennisSwing/samples/00826.png 92
ucf/TennisSwing/samples/00827.png 92
ucf/TennisSwing/samples/00828.png 92
ucf/TennisSwing/samples/00829.png 92
ucf/TennisSwing/samples/00830.png 92
ucf/TennisSwing/samples/00831.png 92
ucf/TennisSwing/samples/00832.png 92
ucf/TennisSwing/samples/00833.png 92
ucf/TennisSwing/samples/00834.png 92
ucf/TennisSwing/samples/00835.png 92
ucf/TennisSwing/samples/00836.png 92
ucf/TennisSwing/samples/00837.png 92
ucf/TennisSwing/samples/00838.png 92
ucf/TennisSwing/samples/00839.png 92
ucf/TennisSwing/samples/00840.png 92
ucf/TennisSwing/samples/00841.png 92
ucf/TennisSwing/samples/00842.png 92
ucf/TennisSwing/samples/00843.png 92
ucf/TennisSwing/samples/00844.png 92
ucf/TennisSwing/samples/00845.png 92
ucf/TennisSwing/samples/00846.png 92
ucf/TennisSwing/samples/00847.png 92
ucf/TennisSwing/samples/00848.png 92
ucf/TennisSwing/samples/00849.png 92
ucf/TennisSwing/samples/00850.png 92
ucf/TennisSwing/samples/00851.png 92
ucf/TennisSwing/samples/00852.png 92
ucf/TennisSwing/samples/00853.png 92
ucf/TennisSwing/samples/00854.png 92
ucf/TennisSwing/samples/00855.png 92
ucf/TennisSwing/samples/00856.png 92
ucf/TennisSwing/samples/00857.png 92
ucf/TennisSwing/samples/00858.png 92
ucf/TennisSwing/samples/00859.png 92
ucf/TennisSwing/samples/00860.png 92
ucf/TennisSwing/samples/00861.png 92
ucf/TennisSwing/samples/00862.png 92
ucf/TennisSwing/samples/00863.png 92
ucf/TennisSwing/samples/00864.png 92
ucf/TennisSwing/samples/00865.png 92
ucf/TennisSwing/samples/00866.png 92
ucf/TennisSwing/samples/00867.png 92
ucf/TennisSwing/samples/00868.png 92
ucf/TennisSwing/samples/00869.png 92
ucf/TennisSwing/samples/00870.png 92
ucf/TennisSwing/samples/00871.png 92
ucf/TennisSwing/samples/00872.png 92
ucf/TennisSwing/samples/00873.png 92
ucf/TennisSwing/samples/00874.png 92
ucf/TennisSwing/samples/00875.png 92
ucf/TennisSwing/samples/00876.png 92
ucf/TennisSwing/samples/00877.png 92
ucf/TennisSwing/samples/00878.png 92
ucf/TennisSwing/samples/00879.png 92
ucf/TennisSwing/samples/00880.png 92
ucf/TennisSwing/samples/00881.png 92
ucf/TennisSwing/samples/00882.png 92
ucf/TennisSwing/samples/00883.png 92
ucf/TennisSwing/samples/00884.png 92
ucf/TennisSwing/samples/00885.png 92
ucf/TennisSwing/samples/00886.png 92
ucf/TennisSwing/samples/00887.png 92
ucf/TennisSwing/samples/00888.png 92
ucf/TennisSwing/samples/00889.png 92
ucf/TennisSwing/samples/00890.png 92
ucf/TennisSwing/samples/00891.png 92
ucf/TennisSwing/samples/00892.png 92
ucf/TennisSwing/samples/00893.png 92
ucf/TennisSwing/samples/00894.png 92
ucf/TennisSwing/samples/00895.png 92
ucf/TennisSwing/samples/00896.png 92
ucf/TennisSwing/samples/00897.png 92
ucf/TennisSwing/samples/00898.png 92
ucf/TennisSwing/samples/00899.png 92
ucf/TennisSwing/samples/00900.png 92
ucf/TennisSwing/samples/00901.png 92
ucf/TennisSwing/samples/00902.png 92
ucf/TennisSwing/samples/00903.png 92
ucf/TennisSwing/samples/00904.png 92
ucf/TennisSwing/samples/00905.png 92
ucf/TennisSwing/samples/00906.png 92
ucf/TennisSwing/samples/00907.png 92
ucf/TennisSwing/samples/00908.png 92
ucf/TennisSwing/samples/00909.png 92
ucf/TennisSwing/samples/00910.png 92
ucf/TennisSwing/samples/00911.png 92
ucf/TennisSwing/samples/00912.png 92
ucf/TennisSwing/samples/00913.png 92
ucf/TennisSwing/samples/00914.png 92
ucf/TennisSwing/samples/00915.png 92
ucf/TennisSwing/samples/00916.png 92
ucf/TennisSwing/samples/00917.png 92
ucf/TennisSwing/samples/00918.png 92
ucf/TennisSwing/samples/00919.png 92
ucf/TennisSwing/samples/00920.png 92
ucf/TennisSwing/samples/00921.png 92
ucf/TennisSwing/samples/00922.png 92
ucf/TennisSwing/samples/00923.png 92
ucf/TennisSwing/samples/00924.png 92
ucf/TennisSwing/samples/00925.png 92
ucf/TennisSwing/samples/00926.png 92
ucf/TennisSwing/samples/00927.png 92
ucf/TennisSwing/samples/00928.png 92
ucf/TennisSwing/samples/00929.png 92
ucf/TennisSwing/samples/00930.png 92
ucf/TennisSwing/samples/00931.png 92
ucf/TennisSwing/samples/00932.png 92
ucf/TennisSwing/samples/00933.png 92
ucf/TennisSwing/samples/00934.png 92
ucf/TennisSwing/samples/00935.png 92
ucf/TennisSwing/samples/00936.png 92
ucf/TennisSwing/samples/00937.png 92
ucf/TennisSwing/samples/00938.png 92
ucf/TennisSwing/samples/00939.png 92
ucf/TennisSwing/samples/00940.png 92
ucf/TennisSwing/samples/00941.png 92
ucf/TennisSwing/samples/00942.png 92
ucf/TennisSwing/samples/00943.png 92
ucf/TennisSwing/samples/00944.png 92
ucf/TennisSwing/samples/00945.png 92
ucf/TennisSwing/samples/00946.png 92
ucf/TennisSwing/samples/00947.png 92
ucf/TennisSwing/samples/00948.png 92
ucf/TennisSwing/samples/00949.png 92
ucf/TennisSwing/samples/00950.png 92
ucf/TennisSwing/samples/00951.png 92
ucf/TennisSwing/samples/00952.png 92
ucf/TennisSwing/samples/00953.png 92
ucf/TennisSwing/samples/00954.png 92
ucf/TennisSwing/samples/00955.png 92
ucf/TennisSwing/samples/00956.png 92
ucf/TennisSwing/samples/00957.png 92
ucf/TennisSwing/samples/00958.png 92
ucf/TennisSwing/samples/00959.png 92
ucf/TennisSwing/samples/00960.png 92
ucf/TennisSwing/samples/00961.png 92
ucf/TennisSwing/samples/00962.png 92
ucf/TennisSwing/samples/00963.png 92
ucf/TennisSwing/samples/00964.png 92
ucf/TennisSwing/samples/00965.png 92
ucf/TennisSwing/samples/00966.png 92
ucf/TennisSwing/samples/00967.png 92
ucf/TennisSwing/samples/00968.png 92
ucf/TennisSwing/samples/00969.png 92
ucf/TennisSwing/samples/00970.png 92
ucf/TennisSwing/samples/00971.png 92
ucf/TennisSwing/samples/00972.png 92
ucf/TennisSwing/samples/00973.png 92
ucf/TennisSwing/samples/00974.png 92
ucf/TennisSwing/samples/00975.png 92
ucf/TennisSwing/samples/00976.png 92
ucf/TennisSwing/samples/00977.png 92
ucf/TennisSwing/samples/00978.png 92
ucf/TennisSwing/samples/00979.png 92
ucf/TennisSwing/samples/00980.png 92
ucf/TennisSwing/samples/00981.png 92
ucf/TennisSwing/samples/00982.png 92
ucf/TennisSwing/samples/00983.png 92
ucf/TennisSwing/samples/00984.png 92
ucf/TennisSwing/samples/00985.png 92
ucf/TennisSwing/samples/00986.png 92
ucf/TennisSwing/samples/00987.png 92
ucf/TennisSwing/samples/00988.png 92
ucf/TennisSwing/samples/00989.png 92
ucf/TennisSwing/samples/00990.png 92
ucf/TennisSwing/samples/00991.png 92
ucf/TennisSwing/samples/00992.png 92
ucf/TennisSwing/samples/00993.png 92
ucf/TennisSwing/samples/00994.png 92
ucf/TennisSwing/samples/00995.png 92
ucf/TennisSwing/samples/00996.png 92
ucf/TennisSwing/samples/00997.png 92
ucf/TennisSwing/samples/00998.png 92
ucf/TennisSwing/samples/00999.png 92
ucf/ApplyLipstick/samples/00000.png 2
ucf/ApplyLipstick/samples/00001.png 2
ucf/ApplyLipstick/samples/00002.png 2
ucf/ApplyLipstick/samples/00003.png 2
ucf/ApplyLipstick/samples/00004.png 2
ucf/ApplyLipstick/samples/00005.png 2
ucf/ApplyLipstick/samples/00006.png 2
ucf/ApplyLipstick/samples/00007.png 2
ucf/ApplyLipstick/samples/00008.png 2
ucf/ApplyLipstick/samples/00009.png 2
ucf/ApplyLipstick/samples/00010.png 2
ucf/ApplyLipstick/samples/00011.png 2
ucf/ApplyLipstick/samples/00012.png 2
ucf/ApplyLipstick/samples/00013.png 2
ucf/ApplyLipstick/samples/00014.png 2
ucf/ApplyLipstick/samples/00015.png 2
ucf/ApplyLipstick/samples/00016.png 2
ucf/ApplyLipstick/samples/00017.png 2
ucf/ApplyLipstick/samples/00018.png 2
ucf/ApplyLipstick/samples/00019.png 2
ucf/ApplyLipstick/samples/00020.png 2
ucf/ApplyLipstick/samples/00021.png 2
ucf/ApplyLipstick/samples/00022.png 2
ucf/ApplyLipstick/samples/00023.png 2
ucf/ApplyLipstick/samples/00024.png 2
ucf/ApplyLipstick/samples/00025.png 2
ucf/ApplyLipstick/samples/00026.png 2
ucf/ApplyLipstick/samples/00027.png 2
ucf/ApplyLipstick/samples/00028.png 2
ucf/ApplyLipstick/samples/00029.png 2
ucf/ApplyLipstick/samples/00030.png 2
ucf/ApplyLipstick/samples/00031.png 2
ucf/ApplyLipstick/samples/00032.png 2
ucf/ApplyLipstick/samples/00033.png 2
ucf/ApplyLipstick/samples/00034.png 2
ucf/ApplyLipstick/samples/00035.png 2
ucf/ApplyLipstick/samples/00036.png 2
ucf/ApplyLipstick/samples/00037.png 2
ucf/ApplyLipstick/samples/00038.png 2
ucf/ApplyLipstick/samples/00039.png 2
ucf/ApplyLipstick/samples/00040.png 2
ucf/ApplyLipstick/samples/00041.png 2
ucf/ApplyLipstick/samples/00042.png 2
ucf/ApplyLipstick/samples/00043.png 2
ucf/ApplyLipstick/samples/00044.png 2
ucf/ApplyLipstick/samples/00045.png 2
ucf/ApplyLipstick/samples/00046.png 2
ucf/ApplyLipstick/samples/00047.png 2
ucf/ApplyLipstick/samples/00048.png 2
ucf/ApplyLipstick/samples/00049.png 2
ucf/ApplyLipstick/samples/00050.png 2
ucf/ApplyLipstick/samples/00051.png 2
ucf/ApplyLipstick/samples/00052.png 2
ucf/ApplyLipstick/samples/00053.png 2
ucf/ApplyLipstick/samples/00054.png 2
ucf/ApplyLipstick/samples/00055.png 2
ucf/ApplyLipstick/samples/00056.png 2
ucf/ApplyLipstick/samples/00057.png 2
ucf/ApplyLipstick/samples/00058.png 2
ucf/ApplyLipstick/samples/00059.png 2
ucf/ApplyLipstick/samples/00060.png 2
ucf/ApplyLipstick/samples/00061.png 2
ucf/ApplyLipstick/samples/00062.png 2
ucf/ApplyLipstick/samples/00063.png 2
ucf/ApplyLipstick/samples/00064.png 2
ucf/ApplyLipstick/samples/00065.png 2
ucf/ApplyLipstick/samples/00066.png 2
ucf/ApplyLipstick/samples/00067.png 2
ucf/ApplyLipstick/samples/00068.png 2
ucf/ApplyLipstick/samples/00069.png 2
ucf/ApplyLipstick/samples/00070.png 2
ucf/ApplyLipstick/samples/00071.png 2
ucf/ApplyLipstick/samples/00072.png 2
ucf/ApplyLipstick/samples/00073.png 2
ucf/ApplyLipstick/samples/00074.png 2
ucf/ApplyLipstick/samples/00075.png 2
ucf/ApplyLipstick/samples/00076.png 2
ucf/ApplyLipstick/samples/00077.png 2
ucf/ApplyLipstick/samples/00078.png 2
ucf/ApplyLipstick/samples/00079.png 2
ucf/ApplyLipstick/samples/00080.png 2
ucf/ApplyLipstick/samples/00081.png 2
ucf/ApplyLipstick/samples/00082.png 2
ucf/ApplyLipstick/samples/00083.png 2
ucf/ApplyLipstick/samples/00084.png 2
ucf/ApplyLipstick/samples/00085.png 2
ucf/ApplyLipstick/samples/00086.png 2
ucf/ApplyLipstick/samples/00087.png 2
ucf/ApplyLipstick/samples/00088.png 2
ucf/ApplyLipstick/samples/00089.png 2
ucf/ApplyLipstick/samples/00090.png 2
ucf/ApplyLipstick/samples/00091.png 2
ucf/ApplyLipstick/samples/00092.png 2
ucf/ApplyLipstick/samples/00093.png 2
ucf/ApplyLipstick/samples/00094.png 2
ucf/ApplyLipstick/samples/00095.png 2
ucf/ApplyLipstick/samples/00096.png 2
ucf/ApplyLipstick/samples/00097.png 2
ucf/ApplyLipstick/samples/00098.png 2
ucf/ApplyLipstick/samples/00099.png 2
ucf/ApplyLipstick/samples/00100.png 2
ucf/ApplyLipstick/samples/00101.png 2
ucf/ApplyLipstick/samples/00102.png 2
ucf/ApplyLipstick/samples/00103.png 2
ucf/ApplyLipstick/samples/00104.png 2
ucf/ApplyLipstick/samples/00105.png 2
ucf/ApplyLipstick/samples/00106.png 2
ucf/ApplyLipstick/samples/00107.png 2
ucf/ApplyLipstick/samples/00108.png 2
ucf/ApplyLipstick/samples/00109.png 2
ucf/ApplyLipstick/samples/00110.png 2
ucf/ApplyLipstick/samples/00111.png 2
ucf/ApplyLipstick/samples/00112.png 2
ucf/ApplyLipstick/samples/00113.png 2
ucf/ApplyLipstick/samples/00114.png 2
ucf/ApplyLipstick/samples/00115.png 2
ucf/ApplyLipstick/samples/00116.png 2
ucf/ApplyLipstick/samples/00117.png 2
ucf/ApplyLipstick/samples/00118.png 2
ucf/ApplyLipstick/samples/00119.png 2
ucf/ApplyLipstick/samples/00120.png 2
ucf/ApplyLipstick/samples/00121.png 2
ucf/ApplyLipstick/samples/00122.png 2
ucf/ApplyLipstick/samples/00123.png 2
ucf/ApplyLipstick/samples/00124.png 2
ucf/ApplyLipstick/samples/00125.png 2
ucf/ApplyLipstick/samples/00126.png 2
ucf/ApplyLipstick/samples/00127.png 2
ucf/ApplyLipstick/samples/00128.png 2
ucf/ApplyLipstick/samples/00129.png 2
ucf/ApplyLipstick/samples/00130.png 2
ucf/ApplyLipstick/samples/00131.png 2
ucf/ApplyLipstick/samples/00132.png 2
ucf/ApplyLipstick/samples/00133.png 2
ucf/ApplyLipstick/samples/00134.png 2
ucf/ApplyLipstick/samples/00135.png 2
ucf/ApplyLipstick/samples/00136.png 2
ucf/ApplyLipstick/samples/00137.png 2
ucf/ApplyLipstick/samples/00138.png 2
ucf/ApplyLipstick/samples/00139.png 2
ucf/ApplyLipstick/samples/00140.png 2
ucf/ApplyLipstick/samples/00141.png 2
ucf/ApplyLipstick/samples/00142.png 2
ucf/ApplyLipstick/samples/00143.png 2
ucf/ApplyLipstick/samples/00144.png 2
ucf/ApplyLipstick/samples/00145.png 2
ucf/ApplyLipstick/samples/00146.png 2
ucf/ApplyLipstick/samples/00147.png 2
ucf/ApplyLipstick/samples/00148.png 2
ucf/ApplyLipstick/samples/00149.png 2
ucf/ApplyLipstick/samples/00150.png 2
ucf/ApplyLipstick/samples/00151.png 2
ucf/ApplyLipstick/samples/00152.png 2
ucf/ApplyLipstick/samples/00153.png 2
ucf/ApplyLipstick/samples/00154.png 2
ucf/ApplyLipstick/samples/00155.png 2
ucf/ApplyLipstick/samples/00156.png 2
ucf/ApplyLipstick/samples/00157.png 2
ucf/ApplyLipstick/samples/00158.png 2
ucf/ApplyLipstick/samples/00159.png 2
ucf/ApplyLipstick/samples/00160.png 2
ucf/ApplyLipstick/samples/00161.png 2
ucf/ApplyLipstick/samples/00162.png 2
ucf/ApplyLipstick/samples/00163.png 2
ucf/ApplyLipstick/samples/00164.png 2
ucf/ApplyLipstick/samples/00165.png 2
ucf/ApplyLipstick/samples/00166.png 2
ucf/ApplyLipstick/samples/00167.png 2
ucf/ApplyLipstick/samples/00168.png 2
ucf/ApplyLipstick/samples/00169.png 2
ucf/ApplyLipstick/samples/00170.png 2
ucf/ApplyLipstick/samples/00171.png 2
ucf/ApplyLipstick/samples/00172.png 2
ucf/ApplyLipstick/samples/00173.png 2
ucf/ApplyLipstick/samples/00174.png 2
ucf/ApplyLipstick/samples/00175.png 2
ucf/ApplyLipstick/samples/00176.png 2
ucf/ApplyLipstick/samples/00177.png 2
ucf/ApplyLipstick/samples/00178.png 2
ucf/ApplyLipstick/samples/00179.png 2
ucf/ApplyLipstick/samples/00180.png 2
ucf/ApplyLipstick/samples/00181.png 2
ucf/ApplyLipstick/samples/00182.png 2
ucf/ApplyLipstick/samples/00183.png 2
ucf/ApplyLipstick/samples/00184.png 2
ucf/ApplyLipstick/samples/00185.png 2
ucf/ApplyLipstick/samples/00186.png 2
ucf/ApplyLipstick/samples/00187.png 2
ucf/ApplyLipstick/samples/00188.png 2
ucf/ApplyLipstick/samples/00189.png 2
ucf/ApplyLipstick/samples/00190.png 2
ucf/ApplyLipstick/samples/00191.png 2
ucf/ApplyLipstick/samples/00192.png 2
ucf/ApplyLipstick/samples/00193.png 2
ucf/ApplyLipstick/samples/00194.png 2
ucf/ApplyLipstick/samples/00195.png 2
ucf/ApplyLipstick/samples/00196.png 2
ucf/ApplyLipstick/samples/00197.png 2
ucf/ApplyLipstick/samples/00198.png 2
ucf/ApplyLipstick/samples/00199.png 2
ucf/ApplyLipstick/samples/00200.png 2
ucf/ApplyLipstick/samples/00201.png 2
ucf/ApplyLipstick/samples/00202.png 2
ucf/ApplyLipstick/samples/00203.png 2
ucf/ApplyLipstick/samples/00204.png 2
ucf/ApplyLipstick/samples/00205.png 2
ucf/ApplyLipstick/samples/00206.png 2
ucf/ApplyLipstick/samples/00207.png 2
ucf/ApplyLipstick/samples/00208.png 2
ucf/ApplyLipstick/samples/00209.png 2
ucf/ApplyLipstick/samples/00210.png 2
ucf/ApplyLipstick/samples/00211.png 2
ucf/ApplyLipstick/samples/00212.png 2
ucf/ApplyLipstick/samples/00213.png 2
ucf/ApplyLipstick/samples/00214.png 2
ucf/ApplyLipstick/samples/00215.png 2
ucf/ApplyLipstick/samples/00216.png 2
ucf/ApplyLipstick/samples/00217.png 2
ucf/ApplyLipstick/samples/00218.png 2
ucf/ApplyLipstick/samples/00219.png 2
ucf/ApplyLipstick/samples/00220.png 2
ucf/ApplyLipstick/samples/00221.png 2
ucf/ApplyLipstick/samples/00222.png 2
ucf/ApplyLipstick/samples/00223.png 2
ucf/ApplyLipstick/samples/00224.png 2
ucf/ApplyLipstick/samples/00225.png 2
ucf/ApplyLipstick/samples/00226.png 2
ucf/ApplyLipstick/samples/00227.png 2
ucf/ApplyLipstick/samples/00228.png 2
ucf/ApplyLipstick/samples/00229.png 2
ucf/ApplyLipstick/samples/00230.png 2
ucf/ApplyLipstick/samples/00231.png 2
ucf/ApplyLipstick/samples/00232.png 2
ucf/ApplyLipstick/samples/00233.png 2
ucf/ApplyLipstick/samples/00234.png 2
ucf/ApplyLipstick/samples/00235.png 2
ucf/ApplyLipstick/samples/00236.png 2
ucf/ApplyLipstick/samples/00237.png 2
ucf/ApplyLipstick/samples/00238.png 2
ucf/ApplyLipstick/samples/00239.png 2
ucf/ApplyLipstick/samples/00240.png 2
ucf/ApplyLipstick/samples/00241.png 2
ucf/ApplyLipstick/samples/00242.png 2
ucf/ApplyLipstick/samples/00243.png 2
ucf/ApplyLipstick/samples/00244.png 2
ucf/ApplyLipstick/samples/00245.png 2
ucf/ApplyLipstick/samples/00246.png 2
ucf/ApplyLipstick/samples/00247.png 2
ucf/ApplyLipstick/samples/00248.png 2
ucf/ApplyLipstick/samples/00249.png 2
ucf/ApplyLipstick/samples/00250.png 2
ucf/ApplyLipstick/samples/00251.png 2
ucf/ApplyLipstick/samples/00252.png 2
ucf/ApplyLipstick/samples/00253.png 2
ucf/ApplyLipstick/samples/00254.png 2
ucf/ApplyLipstick/samples/00255.png 2
ucf/ApplyLipstick/samples/00256.png 2
ucf/ApplyLipstick/samples/00257.png 2
ucf/ApplyLipstick/samples/00258.png 2
ucf/ApplyLipstick/samples/00259.png 2
ucf/ApplyLipstick/samples/00260.png 2
ucf/ApplyLipstick/samples/00261.png 2
ucf/ApplyLipstick/samples/00262.png 2
ucf/ApplyLipstick/samples/00263.png 2
ucf/ApplyLipstick/samples/00264.png 2
ucf/ApplyLipstick/samples/00265.png 2
ucf/ApplyLipstick/samples/00266.png 2
ucf/ApplyLipstick/samples/00267.png 2
ucf/ApplyLipstick/samples/00268.png 2
ucf/ApplyLipstick/samples/00269.png 2
ucf/ApplyLipstick/samples/00270.png 2
ucf/ApplyLipstick/samples/00271.png 2
ucf/ApplyLipstick/samples/00272.png 2
ucf/ApplyLipstick/samples/00273.png 2
ucf/ApplyLipstick/samples/00274.png 2
ucf/ApplyLipstick/samples/00275.png 2
ucf/ApplyLipstick/samples/00276.png 2
ucf/ApplyLipstick/samples/00277.png 2
ucf/ApplyLipstick/samples/00278.png 2
ucf/ApplyLipstick/samples/00279.png 2
ucf/ApplyLipstick/samples/00280.png 2
ucf/ApplyLipstick/samples/00281.png 2
ucf/ApplyLipstick/samples/00282.png 2
ucf/ApplyLipstick/samples/00283.png 2
ucf/ApplyLipstick/samples/00284.png 2
ucf/ApplyLipstick/samples/00285.png 2
ucf/ApplyLipstick/samples/00286.png 2
ucf/ApplyLipstick/samples/00287.png 2
ucf/ApplyLipstick/samples/00288.png 2
ucf/ApplyLipstick/samples/00289.png 2
ucf/ApplyLipstick/samples/00290.png 2
ucf/ApplyLipstick/samples/00291.png 2
ucf/ApplyLipstick/samples/00292.png 2
ucf/ApplyLipstick/samples/00293.png 2
ucf/ApplyLipstick/samples/00294.png 2
ucf/ApplyLipstick/samples/00295.png 2
ucf/ApplyLipstick/samples/00296.png 2
ucf/ApplyLipstick/samples/00297.png 2
ucf/ApplyLipstick/samples/00298.png 2
ucf/ApplyLipstick/samples/00299.png 2
ucf/ApplyLipstick/samples/00300.png 2
ucf/ApplyLipstick/samples/00301.png 2
ucf/ApplyLipstick/samples/00302.png 2
ucf/ApplyLipstick/samples/00303.png 2
ucf/ApplyLipstick/samples/00304.png 2
ucf/ApplyLipstick/samples/00305.png 2
ucf/ApplyLipstick/samples/00306.png 2
ucf/ApplyLipstick/samples/00307.png 2
ucf/ApplyLipstick/samples/00308.png 2
ucf/ApplyLipstick/samples/00309.png 2
ucf/ApplyLipstick/samples/00310.png 2
ucf/ApplyLipstick/samples/00311.png 2
ucf/ApplyLipstick/samples/00312.png 2
ucf/ApplyLipstick/samples/00313.png 2
ucf/ApplyLipstick/samples/00314.png 2
ucf/ApplyLipstick/samples/00315.png 2
ucf/ApplyLipstick/samples/00316.png 2
ucf/ApplyLipstick/samples/00317.png 2
ucf/ApplyLipstick/samples/00318.png 2
ucf/ApplyLipstick/samples/00319.png 2
ucf/ApplyLipstick/samples/00320.png 2
ucf/ApplyLipstick/samples/00321.png 2
ucf/ApplyLipstick/samples/00322.png 2
ucf/ApplyLipstick/samples/00323.png 2
ucf/ApplyLipstick/samples/00324.png 2
ucf/ApplyLipstick/samples/00325.png 2
ucf/ApplyLipstick/samples/00326.png 2
ucf/ApplyLipstick/samples/00327.png 2
ucf/ApplyLipstick/samples/00328.png 2
ucf/ApplyLipstick/samples/00329.png 2
ucf/ApplyLipstick/samples/00330.png 2
ucf/ApplyLipstick/samples/00331.png 2
ucf/ApplyLipstick/samples/00332.png 2
ucf/ApplyLipstick/samples/00333.png 2
ucf/ApplyLipstick/samples/00334.png 2
ucf/ApplyLipstick/samples/00335.png 2
ucf/ApplyLipstick/samples/00336.png 2
ucf/ApplyLipstick/samples/00337.png 2
ucf/ApplyLipstick/samples/00338.png 2
ucf/ApplyLipstick/samples/00339.png 2
ucf/ApplyLipstick/samples/00340.png 2
ucf/ApplyLipstick/samples/00341.png 2
ucf/ApplyLipstick/samples/00342.png 2
ucf/ApplyLipstick/samples/00343.png 2
ucf/ApplyLipstick/samples/00344.png 2
ucf/ApplyLipstick/samples/00345.png 2
ucf/ApplyLipstick/samples/00346.png 2
ucf/ApplyLipstick/samples/00347.png 2
ucf/ApplyLipstick/samples/00348.png 2
ucf/ApplyLipstick/samples/00349.png 2
ucf/ApplyLipstick/samples/00350.png 2
ucf/ApplyLipstick/samples/00351.png 2
ucf/ApplyLipstick/samples/00352.png 2
ucf/ApplyLipstick/samples/00353.png 2
ucf/ApplyLipstick/samples/00354.png 2
ucf/ApplyLipstick/samples/00355.png 2
ucf/ApplyLipstick/samples/00356.png 2
ucf/ApplyLipstick/samples/00357.png 2
ucf/ApplyLipstick/samples/00358.png 2
ucf/ApplyLipstick/samples/00359.png 2
ucf/ApplyLipstick/samples/00360.png 2
ucf/ApplyLipstick/samples/00361.png 2
ucf/ApplyLipstick/samples/00362.png 2
ucf/ApplyLipstick/samples/00363.png 2
ucf/ApplyLipstick/samples/00364.png 2
ucf/ApplyLipstick/samples/00365.png 2
ucf/ApplyLipstick/samples/00366.png 2
ucf/ApplyLipstick/samples/00367.png 2
ucf/ApplyLipstick/samples/00368.png 2
ucf/ApplyLipstick/samples/00369.png 2
ucf/ApplyLipstick/samples/00370.png 2
ucf/ApplyLipstick/samples/00371.png 2
ucf/ApplyLipstick/samples/00372.png 2
ucf/ApplyLipstick/samples/00373.png 2
ucf/ApplyLipstick/samples/00374.png 2
ucf/ApplyLipstick/samples/00375.png 2
ucf/ApplyLipstick/samples/00376.png 2
ucf/ApplyLipstick/samples/00377.png 2
ucf/ApplyLipstick/samples/00378.png 2
ucf/ApplyLipstick/samples/00379.png 2
ucf/ApplyLipstick/samples/00380.png 2
ucf/ApplyLipstick/samples/00381.png 2
ucf/ApplyLipstick/samples/00382.png 2
ucf/ApplyLipstick/samples/00383.png 2
ucf/ApplyLipstick/samples/00384.png 2
ucf/ApplyLipstick/samples/00385.png 2
ucf/ApplyLipstick/samples/00386.png 2
ucf/ApplyLipstick/samples/00387.png 2
ucf/ApplyLipstick/samples/00388.png 2
ucf/ApplyLipstick/samples/00389.png 2
ucf/ApplyLipstick/samples/00390.png 2
ucf/ApplyLipstick/samples/00391.png 2
ucf/ApplyLipstick/samples/00392.png 2
ucf/ApplyLipstick/samples/00393.png 2
ucf/ApplyLipstick/samples/00394.png 2
ucf/ApplyLipstick/samples/00395.png 2
ucf/ApplyLipstick/samples/00396.png 2
ucf/ApplyLipstick/samples/00397.png 2
ucf/ApplyLipstick/samples/00398.png 2
ucf/ApplyLipstick/samples/00399.png 2
ucf/ApplyLipstick/samples/00400.png 2
ucf/ApplyLipstick/samples/00401.png 2
ucf/ApplyLipstick/samples/00402.png 2
ucf/ApplyLipstick/samples/00403.png 2
ucf/ApplyLipstick/samples/00404.png 2
ucf/ApplyLipstick/samples/00405.png 2
ucf/ApplyLipstick/samples/00406.png 2
ucf/ApplyLipstick/samples/00407.png 2
ucf/ApplyLipstick/samples/00408.png 2
ucf/ApplyLipstick/samples/00409.png 2
ucf/ApplyLipstick/samples/00410.png 2
ucf/ApplyLipstick/samples/00411.png 2
ucf/ApplyLipstick/samples/00412.png 2
ucf/ApplyLipstick/samples/00413.png 2
ucf/ApplyLipstick/samples/00414.png 2
ucf/ApplyLipstick/samples/00415.png 2
ucf/ApplyLipstick/samples/00416.png 2
ucf/ApplyLipstick/samples/00417.png 2
ucf/ApplyLipstick/samples/00418.png 2
ucf/ApplyLipstick/samples/00419.png 2
ucf/ApplyLipstick/samples/00420.png 2
ucf/ApplyLipstick/samples/00421.png 2
ucf/ApplyLipstick/samples/00422.png 2
ucf/ApplyLipstick/samples/00423.png 2
ucf/ApplyLipstick/samples/00424.png 2
ucf/ApplyLipstick/samples/00425.png 2
ucf/ApplyLipstick/samples/00426.png 2
ucf/ApplyLipstick/samples/00427.png 2
ucf/ApplyLipstick/samples/00428.png 2
ucf/ApplyLipstick/samples/00429.png 2
ucf/ApplyLipstick/samples/00430.png 2
ucf/ApplyLipstick/samples/00431.png 2
ucf/ApplyLipstick/samples/00432.png 2
ucf/ApplyLipstick/samples/00433.png 2
ucf/ApplyLipstick/samples/00434.png 2
ucf/ApplyLipstick/samples/00435.png 2
ucf/ApplyLipstick/samples/00436.png 2
ucf/ApplyLipstick/samples/00437.png 2
ucf/ApplyLipstick/samples/00438.png 2
ucf/ApplyLipstick/samples/00439.png 2
ucf/ApplyLipstick/samples/00440.png 2
ucf/ApplyLipstick/samples/00441.png 2
ucf/ApplyLipstick/samples/00442.png 2
ucf/ApplyLipstick/samples/00443.png 2
ucf/ApplyLipstick/samples/00444.png 2
ucf/ApplyLipstick/samples/00445.png 2
ucf/ApplyLipstick/samples/00446.png 2
ucf/ApplyLipstick/samples/00447.png 2
ucf/ApplyLipstick/samples/00448.png 2
ucf/ApplyLipstick/samples/00449.png 2
ucf/ApplyLipstick/samples/00450.png 2
ucf/ApplyLipstick/samples/00451.png 2
ucf/ApplyLipstick/samples/00452.png 2
ucf/ApplyLipstick/samples/00453.png 2
ucf/ApplyLipstick/samples/00454.png 2
ucf/ApplyLipstick/samples/00455.png 2
ucf/ApplyLipstick/samples/00456.png 2
ucf/ApplyLipstick/samples/00457.png 2
ucf/ApplyLipstick/samples/00458.png 2
ucf/ApplyLipstick/samples/00459.png 2
ucf/ApplyLipstick/samples/00460.png 2
ucf/ApplyLipstick/samples/00461.png 2
ucf/ApplyLipstick/samples/00462.png 2
ucf/ApplyLipstick/samples/00463.png 2
ucf/ApplyLipstick/samples/00464.png 2
ucf/ApplyLipstick/samples/00465.png 2
ucf/ApplyLipstick/samples/00466.png 2
ucf/ApplyLipstick/samples/00467.png 2
ucf/ApplyLipstick/samples/00468.png 2
ucf/ApplyLipstick/samples/00469.png 2
ucf/ApplyLipstick/samples/00470.png 2
ucf/ApplyLipstick/samples/00471.png 2
ucf/ApplyLipstick/samples/00472.png 2
ucf/ApplyLipstick/samples/00473.png 2
ucf/ApplyLipstick/samples/00474.png 2
ucf/ApplyLipstick/samples/00475.png 2
ucf/ApplyLipstick/samples/00476.png 2
ucf/ApplyLipstick/samples/00477.png 2
ucf/ApplyLipstick/samples/00478.png 2
ucf/ApplyLipstick/samples/00479.png 2
ucf/ApplyLipstick/samples/00480.png 2
ucf/ApplyLipstick/samples/00481.png 2
ucf/ApplyLipstick/samples/00482.png 2
ucf/ApplyLipstick/samples/00483.png 2
ucf/ApplyLipstick/samples/00484.png 2
ucf/ApplyLipstick/samples/00485.png 2
ucf/ApplyLipstick/samples/00486.png 2
ucf/ApplyLipstick/samples/00487.png 2
ucf/ApplyLipstick/samples/00488.png 2
ucf/ApplyLipstick/samples/00489.png 2
ucf/ApplyLipstick/samples/00490.png 2
ucf/ApplyLipstick/samples/00491.png 2
ucf/ApplyLipstick/samples/00492.png 2
ucf/ApplyLipstick/samples/00493.png 2
ucf/ApplyLipstick/samples/00494.png 2
ucf/ApplyLipstick/samples/00495.png 2
ucf/ApplyLipstick/samples/00496.png 2
ucf/ApplyLipstick/samples/00497.png 2
ucf/ApplyLipstick/samples/00498.png 2
ucf/ApplyLipstick/samples/00499.png 2
ucf/ApplyLipstick/samples/00500.png 2
ucf/ApplyLipstick/samples/00501.png 2
ucf/ApplyLipstick/samples/00502.png 2
ucf/ApplyLipstick/samples/00503.png 2
ucf/ApplyLipstick/samples/00504.png 2
ucf/ApplyLipstick/samples/00505.png 2
ucf/ApplyLipstick/samples/00506.png 2
ucf/ApplyLipstick/samples/00507.png 2
ucf/ApplyLipstick/samples/00508.png 2
ucf/ApplyLipstick/samples/00509.png 2
ucf/ApplyLipstick/samples/00510.png 2
ucf/ApplyLipstick/samples/00511.png 2
ucf/ApplyLipstick/samples/00512.png 2
ucf/ApplyLipstick/samples/00513.png 2
ucf/ApplyLipstick/samples/00514.png 2
ucf/ApplyLipstick/samples/00515.png 2
ucf/ApplyLipstick/samples/00516.png 2
ucf/ApplyLipstick/samples/00517.png 2
ucf/ApplyLipstick/samples/00518.png 2
ucf/ApplyLipstick/samples/00519.png 2
ucf/ApplyLipstick/samples/00520.png 2
ucf/ApplyLipstick/samples/00521.png 2
ucf/ApplyLipstick/samples/00522.png 2
ucf/ApplyLipstick/samples/00523.png 2
ucf/ApplyLipstick/samples/00524.png 2
ucf/ApplyLipstick/samples/00525.png 2
ucf/ApplyLipstick/samples/00526.png 2
ucf/ApplyLipstick/samples/00527.png 2
ucf/ApplyLipstick/samples/00528.png 2
ucf/ApplyLipstick/samples/00529.png 2
ucf/ApplyLipstick/samples/00530.png 2
ucf/ApplyLipstick/samples/00531.png 2
ucf/ApplyLipstick/samples/00532.png 2
ucf/ApplyLipstick/samples/00533.png 2
ucf/ApplyLipstick/samples/00534.png 2
ucf/ApplyLipstick/samples/00535.png 2
ucf/ApplyLipstick/samples/00536.png 2
ucf/ApplyLipstick/samples/00537.png 2
ucf/ApplyLipstick/samples/00538.png 2
ucf/ApplyLipstick/samples/00539.png 2
ucf/ApplyLipstick/samples/00540.png 2
ucf/ApplyLipstick/samples/00541.png 2
ucf/ApplyLipstick/samples/00542.png 2
ucf/ApplyLipstick/samples/00543.png 2
ucf/ApplyLipstick/samples/00544.png 2
ucf/ApplyLipstick/samples/00545.png 2
ucf/ApplyLipstick/samples/00546.png 2
ucf/ApplyLipstick/samples/00547.png 2
ucf/ApplyLipstick/samples/00548.png 2
ucf/ApplyLipstick/samples/00549.png 2
ucf/ApplyLipstick/samples/00550.png 2
ucf/ApplyLipstick/samples/00551.png 2
ucf/ApplyLipstick/samples/00552.png 2
ucf/ApplyLipstick/samples/00553.png 2
ucf/ApplyLipstick/samples/00554.png 2
ucf/ApplyLipstick/samples/00555.png 2
ucf/ApplyLipstick/samples/00556.png 2
ucf/ApplyLipstick/samples/00557.png 2
ucf/ApplyLipstick/samples/00558.png 2
ucf/ApplyLipstick/samples/00559.png 2
ucf/ApplyLipstick/samples/00560.png 2
ucf/ApplyLipstick/samples/00561.png 2
ucf/ApplyLipstick/samples/00562.png 2
ucf/ApplyLipstick/samples/00563.png 2
ucf/ApplyLipstick/samples/00564.png 2
ucf/ApplyLipstick/samples/00565.png 2
ucf/ApplyLipstick/samples/00566.png 2
ucf/ApplyLipstick/samples/00567.png 2
ucf/ApplyLipstick/samples/00568.png 2
ucf/ApplyLipstick/samples/00569.png 2
ucf/ApplyLipstick/samples/00570.png 2
ucf/ApplyLipstick/samples/00571.png 2
ucf/ApplyLipstick/samples/00572.png 2
ucf/ApplyLipstick/samples/00573.png 2
ucf/ApplyLipstick/samples/00574.png 2
ucf/ApplyLipstick/samples/00575.png 2
ucf/ApplyLipstick/samples/00576.png 2
ucf/ApplyLipstick/samples/00577.png 2
ucf/ApplyLipstick/samples/00578.png 2
ucf/ApplyLipstick/samples/00579.png 2
ucf/ApplyLipstick/samples/00580.png 2
ucf/ApplyLipstick/samples/00581.png 2
ucf/ApplyLipstick/samples/00582.png 2
ucf/ApplyLipstick/samples/00583.png 2
ucf/ApplyLipstick/samples/00584.png 2
ucf/ApplyLipstick/samples/00585.png 2
ucf/ApplyLipstick/samples/00586.png 2
ucf/ApplyLipstick/samples/00587.png 2
ucf/ApplyLipstick/samples/00588.png 2
ucf/ApplyLipstick/samples/00589.png 2
ucf/ApplyLipstick/samples/00590.png 2
ucf/ApplyLipstick/samples/00591.png 2
ucf/ApplyLipstick/samples/00592.png 2
ucf/ApplyLipstick/samples/00593.png 2
ucf/ApplyLipstick/samples/00594.png 2
ucf/ApplyLipstick/samples/00595.png 2
ucf/ApplyLipstick/samples/00596.png 2
ucf/ApplyLipstick/samples/00597.png 2
ucf/ApplyLipstick/samples/00598.png 2
ucf/ApplyLipstick/samples/00599.png 2
ucf/ApplyLipstick/samples/00600.png 2
ucf/ApplyLipstick/samples/00601.png 2
ucf/ApplyLipstick/samples/00602.png 2
ucf/ApplyLipstick/samples/00603.png 2
ucf/ApplyLipstick/samples/00604.png 2
ucf/ApplyLipstick/samples/00605.png 2
ucf/ApplyLipstick/samples/00606.png 2
ucf/ApplyLipstick/samples/00607.png 2
ucf/ApplyLipstick/samples/00608.png 2
ucf/ApplyLipstick/samples/00609.png 2
ucf/ApplyLipstick/samples/00610.png 2
ucf/ApplyLipstick/samples/00611.png 2
ucf/ApplyLipstick/samples/00612.png 2
ucf/ApplyLipstick/samples/00613.png 2
ucf/ApplyLipstick/samples/00614.png 2
ucf/ApplyLipstick/samples/00615.png 2
ucf/ApplyLipstick/samples/00616.png 2
ucf/ApplyLipstick/samples/00617.png 2
ucf/ApplyLipstick/samples/00618.png 2
ucf/ApplyLipstick/samples/00619.png 2
ucf/ApplyLipstick/samples/00620.png 2
ucf/ApplyLipstick/samples/00621.png 2
ucf/ApplyLipstick/samples/00622.png 2
ucf/ApplyLipstick/samples/00623.png 2
ucf/ApplyLipstick/samples/00624.png 2
ucf/ApplyLipstick/samples/00625.png 2
ucf/ApplyLipstick/samples/00626.png 2
ucf/ApplyLipstick/samples/00627.png 2
ucf/ApplyLipstick/samples/00628.png 2
ucf/ApplyLipstick/samples/00629.png 2
ucf/ApplyLipstick/samples/00630.png 2
ucf/ApplyLipstick/samples/00631.png 2
ucf/ApplyLipstick/samples/00632.png 2
ucf/ApplyLipstick/samples/00633.png 2
ucf/ApplyLipstick/samples/00634.png 2
ucf/ApplyLipstick/samples/00635.png 2
ucf/ApplyLipstick/samples/00636.png 2
ucf/ApplyLipstick/samples/00637.png 2
ucf/ApplyLipstick/samples/00638.png 2
ucf/ApplyLipstick/samples/00639.png 2
ucf/ApplyLipstick/samples/00640.png 2
ucf/ApplyLipstick/samples/00641.png 2
ucf/ApplyLipstick/samples/00642.png 2
ucf/ApplyLipstick/samples/00643.png 2
ucf/ApplyLipstick/samples/00644.png 2
ucf/ApplyLipstick/samples/00645.png 2
ucf/ApplyLipstick/samples/00646.png 2
ucf/ApplyLipstick/samples/00647.png 2
ucf/ApplyLipstick/samples/00648.png 2
ucf/ApplyLipstick/samples/00649.png 2
ucf/ApplyLipstick/samples/00650.png 2
ucf/ApplyLipstick/samples/00651.png 2
ucf/ApplyLipstick/samples/00652.png 2
ucf/ApplyLipstick/samples/00653.png 2
ucf/ApplyLipstick/samples/00654.png 2
ucf/ApplyLipstick/samples/00655.png 2
ucf/ApplyLipstick/samples/00656.png 2
ucf/ApplyLipstick/samples/00657.png 2
ucf/ApplyLipstick/samples/00658.png 2
ucf/ApplyLipstick/samples/00659.png 2
ucf/ApplyLipstick/samples/00660.png 2
ucf/ApplyLipstick/samples/00661.png 2
ucf/ApplyLipstick/samples/00662.png 2
ucf/ApplyLipstick/samples/00663.png 2
ucf/ApplyLipstick/samples/00664.png 2
ucf/ApplyLipstick/samples/00665.png 2
ucf/ApplyLipstick/samples/00666.png 2
ucf/ApplyLipstick/samples/00667.png 2
ucf/ApplyLipstick/samples/00668.png 2
ucf/ApplyLipstick/samples/00669.png 2
ucf/ApplyLipstick/samples/00670.png 2
ucf/ApplyLipstick/samples/00671.png 2
ucf/ApplyLipstick/samples/00672.png 2
ucf/ApplyLipstick/samples/00673.png 2
ucf/ApplyLipstick/samples/00674.png 2
ucf/ApplyLipstick/samples/00675.png 2
ucf/ApplyLipstick/samples/00676.png 2
ucf/ApplyLipstick/samples/00677.png 2
ucf/ApplyLipstick/samples/00678.png 2
ucf/ApplyLipstick/samples/00679.png 2
ucf/ApplyLipstick/samples/00680.png 2
ucf/ApplyLipstick/samples/00681.png 2
ucf/ApplyLipstick/samples/00682.png 2
ucf/ApplyLipstick/samples/00683.png 2
ucf/ApplyLipstick/samples/00684.png 2
ucf/ApplyLipstick/samples/00685.png 2
ucf/ApplyLipstick/samples/00686.png 2
ucf/ApplyLipstick/samples/00687.png 2
ucf/ApplyLipstick/samples/00688.png 2
ucf/ApplyLipstick/samples/00689.png 2
ucf/ApplyLipstick/samples/00690.png 2
ucf/ApplyLipstick/samples/00691.png 2
ucf/ApplyLipstick/samples/00692.png 2
ucf/ApplyLipstick/samples/00693.png 2
ucf/ApplyLipstick/samples/00694.png 2
ucf/ApplyLipstick/samples/00695.png 2
ucf/ApplyLipstick/samples/00696.png 2
ucf/ApplyLipstick/samples/00697.png 2
ucf/ApplyLipstick/samples/00698.png 2
ucf/ApplyLipstick/samples/00699.png 2
ucf/ApplyLipstick/samples/00700.png 2
ucf/ApplyLipstick/samples/00701.png 2
ucf/ApplyLipstick/samples/00702.png 2
ucf/ApplyLipstick/samples/00703.png 2
ucf/ApplyLipstick/samples/00704.png 2
ucf/ApplyLipstick/samples/00705.png 2
ucf/ApplyLipstick/samples/00706.png 2
ucf/ApplyLipstick/samples/00707.png 2
ucf/ApplyLipstick/samples/00708.png 2
ucf/ApplyLipstick/samples/00709.png 2
ucf/ApplyLipstick/samples/00710.png 2
ucf/ApplyLipstick/samples/00711.png 2
ucf/ApplyLipstick/samples/00712.png 2
ucf/ApplyLipstick/samples/00713.png 2
ucf/ApplyLipstick/samples/00714.png 2
ucf/ApplyLipstick/samples/00715.png 2
ucf/ApplyLipstick/samples/00716.png 2
ucf/ApplyLipstick/samples/00717.png 2
ucf/ApplyLipstick/samples/00718.png 2
ucf/ApplyLipstick/samples/00719.png 2
ucf/ApplyLipstick/samples/00720.png 2
ucf/ApplyLipstick/samples/00721.png 2
ucf/ApplyLipstick/samples/00722.png 2
ucf/ApplyLipstick/samples/00723.png 2
ucf/ApplyLipstick/samples/00724.png 2
ucf/ApplyLipstick/samples/00725.png 2
ucf/ApplyLipstick/samples/00726.png 2
ucf/ApplyLipstick/samples/00727.png 2
ucf/ApplyLipstick/samples/00728.png 2
ucf/ApplyLipstick/samples/00729.png 2
ucf/ApplyLipstick/samples/00730.png 2
ucf/ApplyLipstick/samples/00731.png 2
ucf/ApplyLipstick/samples/00732.png 2
ucf/ApplyLipstick/samples/00733.png 2
ucf/ApplyLipstick/samples/00734.png 2
ucf/ApplyLipstick/samples/00735.png 2
ucf/ApplyLipstick/samples/00736.png 2
ucf/ApplyLipstick/samples/00737.png 2
ucf/ApplyLipstick/samples/00738.png 2
ucf/ApplyLipstick/samples/00739.png 2
ucf/ApplyLipstick/samples/00740.png 2
ucf/ApplyLipstick/samples/00741.png 2
ucf/ApplyLipstick/samples/00742.png 2
ucf/ApplyLipstick/samples/00743.png 2
ucf/ApplyLipstick/samples/00744.png 2
ucf/ApplyLipstick/samples/00745.png 2
ucf/ApplyLipstick/samples/00746.png 2
ucf/ApplyLipstick/samples/00747.png 2
ucf/ApplyLipstick/samples/00748.png 2
ucf/ApplyLipstick/samples/00749.png 2
ucf/ApplyLipstick/samples/00750.png 2
ucf/ApplyLipstick/samples/00751.png 2
ucf/ApplyLipstick/samples/00752.png 2
ucf/ApplyLipstick/samples/00753.png 2
ucf/ApplyLipstick/samples/00754.png 2
ucf/ApplyLipstick/samples/00755.png 2
ucf/ApplyLipstick/samples/00756.png 2
ucf/ApplyLipstick/samples/00757.png 2
ucf/ApplyLipstick/samples/00758.png 2
ucf/ApplyLipstick/samples/00759.png 2
ucf/ApplyLipstick/samples/00760.png 2
ucf/ApplyLipstick/samples/00761.png 2
ucf/ApplyLipstick/samples/00762.png 2
ucf/ApplyLipstick/samples/00763.png 2
ucf/ApplyLipstick/samples/00764.png 2
ucf/ApplyLipstick/samples/00765.png 2
ucf/ApplyLipstick/samples/00766.png 2
ucf/ApplyLipstick/samples/00767.png 2
ucf/ApplyLipstick/samples/00768.png 2
ucf/ApplyLipstick/samples/00769.png 2
ucf/ApplyLipstick/samples/00770.png 2
ucf/ApplyLipstick/samples/00771.png 2
ucf/ApplyLipstick/samples/00772.png 2
ucf/ApplyLipstick/samples/00773.png 2
ucf/ApplyLipstick/samples/00774.png 2
ucf/ApplyLipstick/samples/00775.png 2
ucf/ApplyLipstick/samples/00776.png 2
ucf/ApplyLipstick/samples/00777.png 2
ucf/ApplyLipstick/samples/00778.png 2
ucf/ApplyLipstick/samples/00779.png 2
ucf/ApplyLipstick/samples/00780.png 2
ucf/ApplyLipstick/samples/00781.png 2
ucf/ApplyLipstick/samples/00782.png 2
ucf/ApplyLipstick/samples/00783.png 2
ucf/ApplyLipstick/samples/00784.png 2
ucf/ApplyLipstick/samples/00785.png 2
ucf/ApplyLipstick/samples/00786.png 2
ucf/ApplyLipstick/samples/00787.png 2
ucf/ApplyLipstick/samples/00788.png 2
ucf/ApplyLipstick/samples/00789.png 2
ucf/ApplyLipstick/samples/00790.png 2
ucf/ApplyLipstick/samples/00791.png 2
ucf/ApplyLipstick/samples/00792.png 2
ucf/ApplyLipstick/samples/00793.png 2
ucf/ApplyLipstick/samples/00794.png 2
ucf/ApplyLipstick/samples/00795.png 2
ucf/ApplyLipstick/samples/00796.png 2
ucf/ApplyLipstick/samples/00797.png 2
ucf/ApplyLipstick/samples/00798.png 2
ucf/ApplyLipstick/samples/00799.png 2
ucf/ApplyLipstick/samples/00800.png 2
ucf/ApplyLipstick/samples/00801.png 2
ucf/ApplyLipstick/samples/00802.png 2
ucf/ApplyLipstick/samples/00803.png 2
ucf/ApplyLipstick/samples/00804.png 2
ucf/ApplyLipstick/samples/00805.png 2
ucf/ApplyLipstick/samples/00806.png 2
ucf/ApplyLipstick/samples/00807.png 2
ucf/ApplyLipstick/samples/00808.png 2
ucf/ApplyLipstick/samples/00809.png 2
ucf/ApplyLipstick/samples/00810.png 2
ucf/ApplyLipstick/samples/00811.png 2
ucf/ApplyLipstick/samples/00812.png 2
ucf/ApplyLipstick/samples/00813.png 2
ucf/ApplyLipstick/samples/00814.png 2
ucf/ApplyLipstick/samples/00815.png 2
ucf/ApplyLipstick/samples/00816.png 2
ucf/ApplyLipstick/samples/00817.png 2
ucf/ApplyLipstick/samples/00818.png 2
ucf/ApplyLipstick/samples/00819.png 2
ucf/ApplyLipstick/samples/00820.png 2
ucf/ApplyLipstick/samples/00821.png 2
ucf/ApplyLipstick/samples/00822.png 2
ucf/ApplyLipstick/samples/00823.png 2
ucf/ApplyLipstick/samples/00824.png 2
ucf/ApplyLipstick/samples/00825.png 2
ucf/ApplyLipstick/samples/00826.png 2
ucf/ApplyLipstick/samples/00827.png 2
ucf/ApplyLipstick/samples/00828.png 2
ucf/ApplyLipstick/samples/00829.png 2
ucf/ApplyLipstick/samples/00830.png 2
ucf/ApplyLipstick/samples/00831.png 2
ucf/ApplyLipstick/samples/00832.png 2
ucf/ApplyLipstick/samples/00833.png 2
ucf/ApplyLipstick/samples/00834.png 2
ucf/ApplyLipstick/samples/00835.png 2
ucf/ApplyLipstick/samples/00836.png 2
ucf/ApplyLipstick/samples/00837.png 2
ucf/ApplyLipstick/samples/00838.png 2
ucf/ApplyLipstick/samples/00839.png 2
ucf/ApplyLipstick/samples/00840.png 2
ucf/ApplyLipstick/samples/00841.png 2
ucf/ApplyLipstick/samples/00842.png 2
ucf/ApplyLipstick/samples/00843.png 2
ucf/ApplyLipstick/samples/00844.png 2
ucf/ApplyLipstick/samples/00845.png 2
ucf/ApplyLipstick/samples/00846.png 2
ucf/ApplyLipstick/samples/00847.png 2
ucf/ApplyLipstick/samples/00848.png 2
ucf/ApplyLipstick/samples/00849.png 2
ucf/ApplyLipstick/samples/00850.png 2
ucf/ApplyLipstick/samples/00851.png 2
ucf/ApplyLipstick/samples/00852.png 2
ucf/ApplyLipstick/samples/00853.png 2
ucf/ApplyLipstick/samples/00854.png 2
ucf/ApplyLipstick/samples/00855.png 2
ucf/ApplyLipstick/samples/00856.png 2
ucf/ApplyLipstick/samples/00857.png 2
ucf/ApplyLipstick/samples/00858.png 2
ucf/ApplyLipstick/samples/00859.png 2
ucf/ApplyLipstick/samples/00860.png 2
ucf/ApplyLipstick/samples/00861.png 2
ucf/ApplyLipstick/samples/00862.png 2
ucf/ApplyLipstick/samples/00863.png 2
ucf/ApplyLipstick/samples/00864.png 2
ucf/ApplyLipstick/samples/00865.png 2
ucf/ApplyLipstick/samples/00866.png 2
ucf/ApplyLipstick/samples/00867.png 2
ucf/ApplyLipstick/samples/00868.png 2
ucf/ApplyLipstick/samples/00869.png 2
ucf/ApplyLipstick/samples/00870.png 2
ucf/ApplyLipstick/samples/00871.png 2
ucf/ApplyLipstick/samples/00872.png 2
ucf/ApplyLipstick/samples/00873.png 2
ucf/ApplyLipstick/samples/00874.png 2
ucf/ApplyLipstick/samples/00875.png 2
ucf/ApplyLipstick/samples/00876.png 2
ucf/ApplyLipstick/samples/00877.png 2
ucf/ApplyLipstick/samples/00878.png 2
ucf/ApplyLipstick/samples/00879.png 2
ucf/ApplyLipstick/samples/00880.png 2
ucf/ApplyLipstick/samples/00881.png 2
ucf/ApplyLipstick/samples/00882.png 2
ucf/ApplyLipstick/samples/00883.png 2
ucf/ApplyLipstick/samples/00884.png 2
ucf/ApplyLipstick/samples/00885.png 2
ucf/ApplyLipstick/samples/00886.png 2
ucf/ApplyLipstick/samples/00887.png 2
ucf/ApplyLipstick/samples/00888.png 2
ucf/ApplyLipstick/samples/00889.png 2
ucf/ApplyLipstick/samples/00890.png 2
ucf/ApplyLipstick/samples/00891.png 2
ucf/ApplyLipstick/samples/00892.png 2
ucf/ApplyLipstick/samples/00893.png 2
ucf/ApplyLipstick/samples/00894.png 2
ucf/ApplyLipstick/samples/00895.png 2
ucf/ApplyLipstick/samples/00896.png 2
ucf/ApplyLipstick/samples/00897.png 2
ucf/ApplyLipstick/samples/00898.png 2
ucf/ApplyLipstick/samples/00899.png 2
ucf/ApplyLipstick/samples/00900.png 2
ucf/ApplyLipstick/samples/00901.png 2
ucf/ApplyLipstick/samples/00902.png 2
ucf/ApplyLipstick/samples/00903.png 2
ucf/ApplyLipstick/samples/00904.png 2
ucf/ApplyLipstick/samples/00905.png 2
ucf/ApplyLipstick/samples/00906.png 2
ucf/ApplyLipstick/samples/00907.png 2
ucf/ApplyLipstick/samples/00908.png 2
ucf/ApplyLipstick/samples/00909.png 2
ucf/ApplyLipstick/samples/00910.png 2
ucf/ApplyLipstick/samples/00911.png 2
ucf/ApplyLipstick/samples/00912.png 2
ucf/ApplyLipstick/samples/00913.png 2
ucf/ApplyLipstick/samples/00914.png 2
ucf/ApplyLipstick/samples/00915.png 2
ucf/ApplyLipstick/samples/00916.png 2
ucf/ApplyLipstick/samples/00917.png 2
ucf/ApplyLipstick/samples/00918.png 2
ucf/ApplyLipstick/samples/00919.png 2
ucf/ApplyLipstick/samples/00920.png 2
ucf/ApplyLipstick/samples/00921.png 2
ucf/ApplyLipstick/samples/00922.png 2
ucf/ApplyLipstick/samples/00923.png 2
ucf/ApplyLipstick/samples/00924.png 2
ucf/ApplyLipstick/samples/00925.png 2
ucf/ApplyLipstick/samples/00926.png 2
ucf/ApplyLipstick/samples/00927.png 2
ucf/ApplyLipstick/samples/00928.png 2
ucf/ApplyLipstick/samples/00929.png 2
ucf/ApplyLipstick/samples/00930.png 2
ucf/ApplyLipstick/samples/00931.png 2
ucf/ApplyLipstick/samples/00932.png 2
ucf/ApplyLipstick/samples/00933.png 2
ucf/ApplyLipstick/samples/00934.png 2
ucf/ApplyLipstick/samples/00935.png 2
ucf/ApplyLipstick/samples/00936.png 2
ucf/ApplyLipstick/samples/00937.png 2
ucf/ApplyLipstick/samples/00938.png 2
ucf/ApplyLipstick/samples/00939.png 2
ucf/ApplyLipstick/samples/00940.png 2
ucf/ApplyLipstick/samples/00941.png 2
ucf/ApplyLipstick/samples/00942.png 2
ucf/ApplyLipstick/samples/00943.png 2
ucf/ApplyLipstick/samples/00944.png 2
ucf/ApplyLipstick/samples/00945.png 2
ucf/ApplyLipstick/samples/00946.png 2
ucf/ApplyLipstick/samples/00947.png 2
ucf/ApplyLipstick/samples/00948.png 2
ucf/ApplyLipstick/samples/00949.png 2
ucf/ApplyLipstick/samples/00950.png 2
ucf/ApplyLipstick/samples/00951.png 2
ucf/ApplyLipstick/samples/00952.png 2
ucf/ApplyLipstick/samples/00953.png 2
ucf/ApplyLipstick/samples/00954.png 2
ucf/ApplyLipstick/samples/00955.png 2
ucf/ApplyLipstick/samples/00956.png 2
ucf/ApplyLipstick/samples/00957.png 2
ucf/ApplyLipstick/samples/00958.png 2
ucf/ApplyLipstick/samples/00959.png 2
ucf/ApplyLipstick/samples/00960.png 2
ucf/ApplyLipstick/samples/00961.png 2
ucf/ApplyLipstick/samples/00962.png 2
ucf/ApplyLipstick/samples/00963.png 2
ucf/ApplyLipstick/samples/00964.png 2
ucf/ApplyLipstick/samples/00965.png 2
ucf/ApplyLipstick/samples/00966.png 2
ucf/ApplyLipstick/samples/00967.png 2
ucf/ApplyLipstick/samples/00968.png 2
ucf/ApplyLipstick/samples/00969.png 2
ucf/ApplyLipstick/samples/00970.png 2
ucf/ApplyLipstick/samples/00971.png 2
ucf/ApplyLipstick/samples/00972.png 2
ucf/ApplyLipstick/samples/00973.png 2
ucf/ApplyLipstick/samples/00974.png 2
ucf/ApplyLipstick/samples/00975.png 2
ucf/ApplyLipstick/samples/00976.png 2
ucf/ApplyLipstick/samples/00977.png 2
ucf/ApplyLipstick/samples/00978.png 2
ucf/ApplyLipstick/samples/00979.png 2
ucf/ApplyLipstick/samples/00980.png 2
ucf/ApplyLipstick/samples/00981.png 2
ucf/ApplyLipstick/samples/00982.png 2
ucf/ApplyLipstick/samples/00983.png 2
ucf/ApplyLipstick/samples/00984.png 2
ucf/ApplyLipstick/samples/00985.png 2
ucf/ApplyLipstick/samples/00986.png 2
ucf/ApplyLipstick/samples/00987.png 2
ucf/ApplyLipstick/samples/00988.png 2
ucf/ApplyLipstick/samples/00989.png 2
ucf/ApplyLipstick/samples/00990.png 2
ucf/ApplyLipstick/samples/00991.png 2
ucf/ApplyLipstick/samples/00992.png 2
ucf/ApplyLipstick/samples/00993.png 2
ucf/ApplyLipstick/samples/00994.png 2
ucf/ApplyLipstick/samples/00995.png 2
ucf/ApplyLipstick/samples/00996.png 2
ucf/ApplyLipstick/samples/00997.png 2
ucf/ApplyLipstick/samples/00998.png 2
ucf/ApplyLipstick/samples/00999.png 2
ucf/FrisbeeCatch/samples/00000.png 31
ucf/FrisbeeCatch/samples/00001.png 31
ucf/FrisbeeCatch/samples/00002.png 31
ucf/FrisbeeCatch/samples/00003.png 31
ucf/FrisbeeCatch/samples/00004.png 31
ucf/FrisbeeCatch/samples/00005.png 31
ucf/FrisbeeCatch/samples/00006.png 31
ucf/FrisbeeCatch/samples/00007.png 31
ucf/FrisbeeCatch/samples/00008.png 31
ucf/FrisbeeCatch/samples/00009.png 31
ucf/FrisbeeCatch/samples/00010.png 31
ucf/FrisbeeCatch/samples/00011.png 31
ucf/FrisbeeCatch/samples/00012.png 31
ucf/FrisbeeCatch/samples/00013.png 31
ucf/FrisbeeCatch/samples/00014.png 31
ucf/FrisbeeCatch/samples/00015.png 31
ucf/FrisbeeCatch/samples/00016.png 31
ucf/FrisbeeCatch/samples/00017.png 31
ucf/FrisbeeCatch/samples/00018.png 31
ucf/FrisbeeCatch/samples/00019.png 31
ucf/FrisbeeCatch/samples/00020.png 31
ucf/FrisbeeCatch/samples/00021.png 31
ucf/FrisbeeCatch/samples/00022.png 31
ucf/FrisbeeCatch/samples/00023.png 31
ucf/FrisbeeCatch/samples/00024.png 31
ucf/FrisbeeCatch/samples/00025.png 31
ucf/FrisbeeCatch/samples/00026.png 31
ucf/FrisbeeCatch/samples/00027.png 31
ucf/FrisbeeCatch/samples/00028.png 31
ucf/FrisbeeCatch/samples/00029.png 31
ucf/FrisbeeCatch/samples/00030.png 31
ucf/FrisbeeCatch/samples/00031.png 31
ucf/FrisbeeCatch/samples/00032.png 31
ucf/FrisbeeCatch/samples/00033.png 31
ucf/FrisbeeCatch/samples/00034.png 31
ucf/FrisbeeCatch/samples/00035.png 31
ucf/FrisbeeCatch/samples/00036.png 31
ucf/FrisbeeCatch/samples/00037.png 31
ucf/FrisbeeCatch/samples/00038.png 31
ucf/FrisbeeCatch/samples/00039.png 31
ucf/FrisbeeCatch/samples/00040.png 31
ucf/FrisbeeCatch/samples/00041.png 31
ucf/FrisbeeCatch/samples/00042.png 31
ucf/FrisbeeCatch/samples/00043.png 31
ucf/FrisbeeCatch/samples/00044.png 31
ucf/FrisbeeCatch/samples/00045.png 31
ucf/FrisbeeCatch/samples/00046.png 31
ucf/FrisbeeCatch/samples/00047.png 31
ucf/FrisbeeCatch/samples/00048.png 31
ucf/FrisbeeCatch/samples/00049.png 31
ucf/FrisbeeCatch/samples/00050.png 31
ucf/FrisbeeCatch/samples/00051.png 31
ucf/FrisbeeCatch/samples/00052.png 31
ucf/FrisbeeCatch/samples/00053.png 31
ucf/FrisbeeCatch/samples/00054.png 31
ucf/FrisbeeCatch/samples/00055.png 31
ucf/FrisbeeCatch/samples/00056.png 31
ucf/FrisbeeCatch/samples/00057.png 31
ucf/FrisbeeCatch/samples/00058.png 31
ucf/FrisbeeCatch/samples/00059.png 31
ucf/FrisbeeCatch/samples/00060.png 31
ucf/FrisbeeCatch/samples/00061.png 31
ucf/FrisbeeCatch/samples/00062.png 31
ucf/FrisbeeCatch/samples/00063.png 31
ucf/FrisbeeCatch/samples/00064.png 31
ucf/FrisbeeCatch/samples/00065.png 31
ucf/FrisbeeCatch/samples/00066.png 31
ucf/FrisbeeCatch/samples/00067.png 31
ucf/FrisbeeCatch/samples/00068.png 31
ucf/FrisbeeCatch/samples/00069.png 31
ucf/FrisbeeCatch/samples/00070.png 31
ucf/FrisbeeCatch/samples/00071.png 31
ucf/FrisbeeCatch/samples/00072.png 31
ucf/FrisbeeCatch/samples/00073.png 31
ucf/FrisbeeCatch/samples/00074.png 31
ucf/FrisbeeCatch/samples/00075.png 31
ucf/FrisbeeCatch/samples/00076.png 31
ucf/FrisbeeCatch/samples/00077.png 31
ucf/FrisbeeCatch/samples/00078.png 31
ucf/FrisbeeCatch/samples/00079.png 31
ucf/FrisbeeCatch/samples/00080.png 31
ucf/FrisbeeCatch/samples/00081.png 31
ucf/FrisbeeCatch/samples/00082.png 31
ucf/FrisbeeCatch/samples/00083.png 31
ucf/FrisbeeCatch/samples/00084.png 31
ucf/FrisbeeCatch/samples/00085.png 31
ucf/FrisbeeCatch/samples/00086.png 31
ucf/FrisbeeCatch/samples/00087.png 31
ucf/FrisbeeCatch/samples/00088.png 31
ucf/FrisbeeCatch/samples/00089.png 31
ucf/FrisbeeCatch/samples/00090.png 31
ucf/FrisbeeCatch/samples/00091.png 31
ucf/FrisbeeCatch/samples/00092.png 31
ucf/FrisbeeCatch/samples/00093.png 31
ucf/FrisbeeCatch/samples/00094.png 31
ucf/FrisbeeCatch/samples/00095.png 31
ucf/FrisbeeCatch/samples/00096.png 31
ucf/FrisbeeCatch/samples/00097.png 31
ucf/FrisbeeCatch/samples/00098.png 31
ucf/FrisbeeCatch/samples/00099.png 31
ucf/FrisbeeCatch/samples/00100.png 31
ucf/FrisbeeCatch/samples/00101.png 31
ucf/FrisbeeCatch/samples/00102.png 31
ucf/FrisbeeCatch/samples/00103.png 31
ucf/FrisbeeCatch/samples/00104.png 31
ucf/FrisbeeCatch/samples/00105.png 31
ucf/FrisbeeCatch/samples/00106.png 31
ucf/FrisbeeCatch/samples/00107.png 31
ucf/FrisbeeCatch/samples/00108.png 31
ucf/FrisbeeCatch/samples/00109.png 31
ucf/FrisbeeCatch/samples/00110.png 31
ucf/FrisbeeCatch/samples/00111.png 31
ucf/FrisbeeCatch/samples/00112.png 31
ucf/FrisbeeCatch/samples/00113.png 31
ucf/FrisbeeCatch/samples/00114.png 31
ucf/FrisbeeCatch/samples/00115.png 31
ucf/FrisbeeCatch/samples/00116.png 31
ucf/FrisbeeCatch/samples/00117.png 31
ucf/FrisbeeCatch/samples/00118.png 31
ucf/FrisbeeCatch/samples/00119.png 31
ucf/FrisbeeCatch/samples/00120.png 31
ucf/FrisbeeCatch/samples/00121.png 31
ucf/FrisbeeCatch/samples/00122.png 31
ucf/FrisbeeCatch/samples/00123.png 31
ucf/FrisbeeCatch/samples/00124.png 31
ucf/FrisbeeCatch/samples/00125.png 31
ucf/FrisbeeCatch/samples/00126.png 31
ucf/FrisbeeCatch/samples/00127.png 31
ucf/FrisbeeCatch/samples/00128.png 31
ucf/FrisbeeCatch/samples/00129.png 31
ucf/FrisbeeCatch/samples/00130.png 31
ucf/FrisbeeCatch/samples/00131.png 31
ucf/FrisbeeCatch/samples/00132.png 31
ucf/FrisbeeCatch/samples/00133.png 31
ucf/FrisbeeCatch/samples/00134.png 31
ucf/FrisbeeCatch/samples/00135.png 31
ucf/FrisbeeCatch/samples/00136.png 31
ucf/FrisbeeCatch/samples/00137.png 31
ucf/FrisbeeCatch/samples/00138.png 31
ucf/FrisbeeCatch/samples/00139.png 31
ucf/FrisbeeCatch/samples/00140.png 31
ucf/FrisbeeCatch/samples/00141.png 31
ucf/FrisbeeCatch/samples/00142.png 31
ucf/FrisbeeCatch/samples/00143.png 31
ucf/FrisbeeCatch/samples/00144.png 31
ucf/FrisbeeCatch/samples/00145.png 31
ucf/FrisbeeCatch/samples/00146.png 31
ucf/FrisbeeCatch/samples/00147.png 31
ucf/FrisbeeCatch/samples/00148.png 31
ucf/FrisbeeCatch/samples/00149.png 31
ucf/FrisbeeCatch/samples/00150.png 31
ucf/FrisbeeCatch/samples/00151.png 31
ucf/FrisbeeCatch/samples/00152.png 31
ucf/FrisbeeCatch/samples/00153.png 31
ucf/FrisbeeCatch/samples/00154.png 31
ucf/FrisbeeCatch/samples/00155.png 31
ucf/FrisbeeCatch/samples/00156.png 31
ucf/FrisbeeCatch/samples/00157.png 31
ucf/FrisbeeCatch/samples/00158.png 31
ucf/FrisbeeCatch/samples/00159.png 31
ucf/FrisbeeCatch/samples/00160.png 31
ucf/FrisbeeCatch/samples/00161.png 31
ucf/FrisbeeCatch/samples/00162.png 31
ucf/FrisbeeCatch/samples/00163.png 31
ucf/FrisbeeCatch/samples/00164.png 31
ucf/FrisbeeCatch/samples/00165.png 31
ucf/FrisbeeCatch/samples/00166.png 31
ucf/FrisbeeCatch/samples/00167.png 31
ucf/FrisbeeCatch/samples/00168.png 31
ucf/FrisbeeCatch/samples/00169.png 31
ucf/FrisbeeCatch/samples/00170.png 31
ucf/FrisbeeCatch/samples/00171.png 31
ucf/FrisbeeCatch/samples/00172.png 31
ucf/FrisbeeCatch/samples/00173.png 31
ucf/FrisbeeCatch/samples/00174.png 31
ucf/FrisbeeCatch/samples/00175.png 31
ucf/FrisbeeCatch/samples/00176.png 31
ucf/FrisbeeCatch/samples/00177.png 31
ucf/FrisbeeCatch/samples/00178.png 31
ucf/FrisbeeCatch/samples/00179.png 31
ucf/FrisbeeCatch/samples/00180.png 31
ucf/FrisbeeCatch/samples/00181.png 31
ucf/FrisbeeCatch/samples/00182.png 31
ucf/FrisbeeCatch/samples/00183.png 31
ucf/FrisbeeCatch/samples/00184.png 31
ucf/FrisbeeCatch/samples/00185.png 31
ucf/FrisbeeCatch/samples/00186.png 31
ucf/FrisbeeCatch/samples/00187.png 31
ucf/FrisbeeCatch/samples/00188.png 31
ucf/FrisbeeCatch/samples/00189.png 31
ucf/FrisbeeCatch/samples/00190.png 31
ucf/FrisbeeCatch/samples/00191.png 31
ucf/FrisbeeCatch/samples/00192.png 31
ucf/FrisbeeCatch/samples/00193.png 31
ucf/FrisbeeCatch/samples/00194.png 31
ucf/FrisbeeCatch/samples/00195.png 31
ucf/FrisbeeCatch/samples/00196.png 31
ucf/FrisbeeCatch/samples/00197.png 31
ucf/FrisbeeCatch/samples/00198.png 31
ucf/FrisbeeCatch/samples/00199.png 31
ucf/FrisbeeCatch/samples/00200.png 31
ucf/FrisbeeCatch/samples/00201.png 31
ucf/FrisbeeCatch/samples/00202.png 31
ucf/FrisbeeCatch/samples/00203.png 31
ucf/FrisbeeCatch/samples/00204.png 31
ucf/FrisbeeCatch/samples/00205.png 31
ucf/FrisbeeCatch/samples/00206.png 31
ucf/FrisbeeCatch/samples/00207.png 31
ucf/FrisbeeCatch/samples/00208.png 31
ucf/FrisbeeCatch/samples/00209.png 31
ucf/FrisbeeCatch/samples/00210.png 31
ucf/FrisbeeCatch/samples/00211.png 31
ucf/FrisbeeCatch/samples/00212.png 31
ucf/FrisbeeCatch/samples/00213.png 31
ucf/FrisbeeCatch/samples/00214.png 31
ucf/FrisbeeCatch/samples/00215.png 31
ucf/FrisbeeCatch/samples/00216.png 31
ucf/FrisbeeCatch/samples/00217.png 31
ucf/FrisbeeCatch/samples/00218.png 31
ucf/FrisbeeCatch/samples/00219.png 31
ucf/FrisbeeCatch/samples/00220.png 31
ucf/FrisbeeCatch/samples/00221.png 31
ucf/FrisbeeCatch/samples/00222.png 31
ucf/FrisbeeCatch/samples/00223.png 31
ucf/FrisbeeCatch/samples/00224.png 31
ucf/FrisbeeCatch/samples/00225.png 31
ucf/FrisbeeCatch/samples/00226.png 31
ucf/FrisbeeCatch/samples/00227.png 31
ucf/FrisbeeCatch/samples/00228.png 31
ucf/FrisbeeCatch/samples/00229.png 31
ucf/FrisbeeCatch/samples/00230.png 31
ucf/FrisbeeCatch/samples/00231.png 31
ucf/FrisbeeCatch/samples/00232.png 31
ucf/FrisbeeCatch/samples/00233.png 31
ucf/FrisbeeCatch/samples/00234.png 31
ucf/FrisbeeCatch/samples/00235.png 31
ucf/FrisbeeCatch/samples/00236.png 31
ucf/FrisbeeCatch/samples/00237.png 31
ucf/FrisbeeCatch/samples/00238.png 31
ucf/FrisbeeCatch/samples/00239.png 31
ucf/FrisbeeCatch/samples/00240.png 31
ucf/FrisbeeCatch/samples/00241.png 31
ucf/FrisbeeCatch/samples/00242.png 31
ucf/FrisbeeCatch/samples/00243.png 31
ucf/FrisbeeCatch/samples/00244.png 31
ucf/FrisbeeCatch/samples/00245.png 31
ucf/FrisbeeCatch/samples/00246.png 31
ucf/FrisbeeCatch/samples/00247.png 31
ucf/FrisbeeCatch/samples/00248.png 31
ucf/FrisbeeCatch/samples/00249.png 31
ucf/FrisbeeCatch/samples/00250.png 31
ucf/FrisbeeCatch/samples/00251.png 31
ucf/FrisbeeCatch/samples/00252.png 31
ucf/FrisbeeCatch/samples/00253.png 31
ucf/FrisbeeCatch/samples/00254.png 31
ucf/FrisbeeCatch/samples/00255.png 31
ucf/FrisbeeCatch/samples/00256.png 31
ucf/FrisbeeCatch/samples/00257.png 31
ucf/FrisbeeCatch/samples/00258.png 31
ucf/FrisbeeCatch/samples/00259.png 31
ucf/FrisbeeCatch/samples/00260.png 31
ucf/FrisbeeCatch/samples/00261.png 31
ucf/FrisbeeCatch/samples/00262.png 31
ucf/FrisbeeCatch/samples/00263.png 31
ucf/FrisbeeCatch/samples/00264.png 31
ucf/FrisbeeCatch/samples/00265.png 31
ucf/FrisbeeCatch/samples/00266.png 31
ucf/FrisbeeCatch/samples/00267.png 31
ucf/FrisbeeCatch/samples/00268.png 31
ucf/FrisbeeCatch/samples/00269.png 31
ucf/FrisbeeCatch/samples/00270.png 31
ucf/FrisbeeCatch/samples/00271.png 31
ucf/FrisbeeCatch/samples/00272.png 31
ucf/FrisbeeCatch/samples/00273.png 31
ucf/FrisbeeCatch/samples/00274.png 31
ucf/FrisbeeCatch/samples/00275.png 31
ucf/FrisbeeCatch/samples/00276.png 31
ucf/FrisbeeCatch/samples/00277.png 31
ucf/FrisbeeCatch/samples/00278.png 31
ucf/FrisbeeCatch/samples/00279.png 31
ucf/FrisbeeCatch/samples/00280.png 31
ucf/FrisbeeCatch/samples/00281.png 31
ucf/FrisbeeCatch/samples/00282.png 31
ucf/FrisbeeCatch/samples/00283.png 31
ucf/FrisbeeCatch/samples/00284.png 31
ucf/FrisbeeCatch/samples/00285.png 31
ucf/FrisbeeCatch/samples/00286.png 31
ucf/FrisbeeCatch/samples/00287.png 31
ucf/FrisbeeCatch/samples/00288.png 31
ucf/FrisbeeCatch/samples/00289.png 31
ucf/FrisbeeCatch/samples/00290.png 31
ucf/FrisbeeCatch/samples/00291.png 31
ucf/FrisbeeCatch/samples/00292.png 31
ucf/FrisbeeCatch/samples/00293.png 31
ucf/FrisbeeCatch/samples/00294.png 31
ucf/FrisbeeCatch/samples/00295.png 31
ucf/FrisbeeCatch/samples/00296.png 31
ucf/FrisbeeCatch/samples/00297.png 31
ucf/FrisbeeCatch/samples/00298.png 31
ucf/FrisbeeCatch/samples/00299.png 31
ucf/FrisbeeCatch/samples/00300.png 31
ucf/FrisbeeCatch/samples/00301.png 31
ucf/FrisbeeCatch/samples/00302.png 31
ucf/FrisbeeCatch/samples/00303.png 31
ucf/FrisbeeCatch/samples/00304.png 31
ucf/FrisbeeCatch/samples/00305.png 31
ucf/FrisbeeCatch/samples/00306.png 31
ucf/FrisbeeCatch/samples/00307.png 31
ucf/FrisbeeCatch/samples/00308.png 31
ucf/FrisbeeCatch/samples/00309.png 31
ucf/FrisbeeCatch/samples/00310.png 31
ucf/FrisbeeCatch/samples/00311.png 31
ucf/FrisbeeCatch/samples/00312.png 31
ucf/FrisbeeCatch/samples/00313.png 31
ucf/FrisbeeCatch/samples/00314.png 31
ucf/FrisbeeCatch/samples/00315.png 31
ucf/FrisbeeCatch/samples/00316.png 31
ucf/FrisbeeCatch/samples/00317.png 31
ucf/FrisbeeCatch/samples/00318.png 31
ucf/FrisbeeCatch/samples/00319.png 31
ucf/FrisbeeCatch/samples/00320.png 31
ucf/FrisbeeCatch/samples/00321.png 31
ucf/FrisbeeCatch/samples/00322.png 31
ucf/FrisbeeCatch/samples/00323.png 31
ucf/FrisbeeCatch/samples/00324.png 31
ucf/FrisbeeCatch/samples/00325.png 31
ucf/FrisbeeCatch/samples/00326.png 31
ucf/FrisbeeCatch/samples/00327.png 31
ucf/FrisbeeCatch/samples/00328.png 31
ucf/FrisbeeCatch/samples/00329.png 31
ucf/FrisbeeCatch/samples/00330.png 31
ucf/FrisbeeCatch/samples/00331.png 31
ucf/FrisbeeCatch/samples/00332.png 31
ucf/FrisbeeCatch/samples/00333.png 31
ucf/FrisbeeCatch/samples/00334.png 31
ucf/FrisbeeCatch/samples/00335.png 31
ucf/FrisbeeCatch/samples/00336.png 31
ucf/FrisbeeCatch/samples/00337.png 31
ucf/FrisbeeCatch/samples/00338.png 31
ucf/FrisbeeCatch/samples/00339.png 31
ucf/FrisbeeCatch/samples/00340.png 31
ucf/FrisbeeCatch/samples/00341.png 31
ucf/FrisbeeCatch/samples/00342.png 31
ucf/FrisbeeCatch/samples/00343.png 31
ucf/FrisbeeCatch/samples/00344.png 31
ucf/FrisbeeCatch/samples/00345.png 31
ucf/FrisbeeCatch/samples/00346.png 31
ucf/FrisbeeCatch/samples/00347.png 31
ucf/FrisbeeCatch/samples/00348.png 31
ucf/FrisbeeCatch/samples/00349.png 31
ucf/FrisbeeCatch/samples/00350.png 31
ucf/FrisbeeCatch/samples/00351.png 31
ucf/FrisbeeCatch/samples/00352.png 31
ucf/FrisbeeCatch/samples/00353.png 31
ucf/FrisbeeCatch/samples/00354.png 31
ucf/FrisbeeCatch/samples/00355.png 31
ucf/FrisbeeCatch/samples/00356.png 31
ucf/FrisbeeCatch/samples/00357.png 31
ucf/FrisbeeCatch/samples/00358.png 31
ucf/FrisbeeCatch/samples/00359.png 31
ucf/FrisbeeCatch/samples/00360.png 31
ucf/FrisbeeCatch/samples/00361.png 31
ucf/FrisbeeCatch/samples/00362.png 31
ucf/FrisbeeCatch/samples/00363.png 31
ucf/FrisbeeCatch/samples/00364.png 31
ucf/FrisbeeCatch/samples/00365.png 31
ucf/FrisbeeCatch/samples/00366.png 31
ucf/FrisbeeCatch/samples/00367.png 31
ucf/FrisbeeCatch/samples/00368.png 31
ucf/FrisbeeCatch/samples/00369.png 31
ucf/FrisbeeCatch/samples/00370.png 31
ucf/FrisbeeCatch/samples/00371.png 31
ucf/FrisbeeCatch/samples/00372.png 31
ucf/FrisbeeCatch/samples/00373.png 31
ucf/FrisbeeCatch/samples/00374.png 31
ucf/FrisbeeCatch/samples/00375.png 31
ucf/FrisbeeCatch/samples/00376.png 31
ucf/FrisbeeCatch/samples/00377.png 31
ucf/FrisbeeCatch/samples/00378.png 31
ucf/FrisbeeCatch/samples/00379.png 31
ucf/FrisbeeCatch/samples/00380.png 31
ucf/FrisbeeCatch/samples/00381.png 31
ucf/FrisbeeCatch/samples/00382.png 31
ucf/FrisbeeCatch/samples/00383.png 31
ucf/FrisbeeCatch/samples/00384.png 31
ucf/FrisbeeCatch/samples/00385.png 31
ucf/FrisbeeCatch/samples/00386.png 31
ucf/FrisbeeCatch/samples/00387.png 31
ucf/FrisbeeCatch/samples/00388.png 31
ucf/FrisbeeCatch/samples/00389.png 31
ucf/FrisbeeCatch/samples/00390.png 31
ucf/FrisbeeCatch/samples/00391.png 31
ucf/FrisbeeCatch/samples/00392.png 31
ucf/FrisbeeCatch/samples/00393.png 31
ucf/FrisbeeCatch/samples/00394.png 31
ucf/FrisbeeCatch/samples/00395.png 31
ucf/FrisbeeCatch/samples/00396.png 31
ucf/FrisbeeCatch/samples/00397.png 31
ucf/FrisbeeCatch/samples/00398.png 31
ucf/FrisbeeCatch/samples/00399.png 31
ucf/FrisbeeCatch/samples/00400.png 31
ucf/FrisbeeCatch/samples/00401.png 31
ucf/FrisbeeCatch/samples/00402.png 31
ucf/FrisbeeCatch/samples/00403.png 31
ucf/FrisbeeCatch/samples/00404.png 31
ucf/FrisbeeCatch/samples/00405.png 31
ucf/FrisbeeCatch/samples/00406.png 31
ucf/FrisbeeCatch/samples/00407.png 31
ucf/FrisbeeCatch/samples/00408.png 31
ucf/FrisbeeCatch/samples/00409.png 31
ucf/FrisbeeCatch/samples/00410.png 31
ucf/FrisbeeCatch/samples/00411.png 31
ucf/FrisbeeCatch/samples/00412.png 31
ucf/FrisbeeCatch/samples/00413.png 31
ucf/FrisbeeCatch/samples/00414.png 31
ucf/FrisbeeCatch/samples/00415.png 31
ucf/FrisbeeCatch/samples/00416.png 31
ucf/FrisbeeCatch/samples/00417.png 31
ucf/FrisbeeCatch/samples/00418.png 31
ucf/FrisbeeCatch/samples/00419.png 31
ucf/FrisbeeCatch/samples/00420.png 31
ucf/FrisbeeCatch/samples/00421.png 31
ucf/FrisbeeCatch/samples/00422.png 31
ucf/FrisbeeCatch/samples/00423.png 31
ucf/FrisbeeCatch/samples/00424.png 31
ucf/FrisbeeCatch/samples/00425.png 31
ucf/FrisbeeCatch/samples/00426.png 31
ucf/FrisbeeCatch/samples/00427.png 31
ucf/FrisbeeCatch/samples/00428.png 31
ucf/FrisbeeCatch/samples/00429.png 31
ucf/FrisbeeCatch/samples/00430.png 31
ucf/FrisbeeCatch/samples/00431.png 31
ucf/FrisbeeCatch/samples/00432.png 31
ucf/FrisbeeCatch/samples/00433.png 31
ucf/FrisbeeCatch/samples/00434.png 31
ucf/FrisbeeCatch/samples/00435.png 31
ucf/FrisbeeCatch/samples/00436.png 31
ucf/FrisbeeCatch/samples/00437.png 31
ucf/FrisbeeCatch/samples/00438.png 31
ucf/FrisbeeCatch/samples/00439.png 31
ucf/FrisbeeCatch/samples/00440.png 31
ucf/FrisbeeCatch/samples/00441.png 31
ucf/FrisbeeCatch/samples/00442.png 31
ucf/FrisbeeCatch/samples/00443.png 31
ucf/FrisbeeCatch/samples/00444.png 31
ucf/FrisbeeCatch/samples/00445.png 31
ucf/FrisbeeCatch/samples/00446.png 31
ucf/FrisbeeCatch/samples/00447.png 31
ucf/FrisbeeCatch/samples/00448.png 31
ucf/FrisbeeCatch/samples/00449.png 31
ucf/FrisbeeCatch/samples/00450.png 31
ucf/FrisbeeCatch/samples/00451.png 31
ucf/FrisbeeCatch/samples/00452.png 31
ucf/FrisbeeCatch/samples/00453.png 31
ucf/FrisbeeCatch/samples/00454.png 31
ucf/FrisbeeCatch/samples/00455.png 31
ucf/FrisbeeCatch/samples/00456.png 31
ucf/FrisbeeCatch/samples/00457.png 31
ucf/FrisbeeCatch/samples/00458.png 31
ucf/FrisbeeCatch/samples/00459.png 31
ucf/FrisbeeCatch/samples/00460.png 31
ucf/FrisbeeCatch/samples/00461.png 31
ucf/FrisbeeCatch/samples/00462.png 31
ucf/FrisbeeCatch/samples/00463.png 31
ucf/FrisbeeCatch/samples/00464.png 31
ucf/FrisbeeCatch/samples/00465.png 31
ucf/FrisbeeCatch/samples/00466.png 31
ucf/FrisbeeCatch/samples/00467.png 31
ucf/FrisbeeCatch/samples/00468.png 31
ucf/FrisbeeCatch/samples/00469.png 31
ucf/FrisbeeCatch/samples/00470.png 31
ucf/FrisbeeCatch/samples/00471.png 31
ucf/FrisbeeCatch/samples/00472.png 31
ucf/FrisbeeCatch/samples/00473.png 31
ucf/FrisbeeCatch/samples/00474.png 31
ucf/FrisbeeCatch/samples/00475.png 31
ucf/FrisbeeCatch/samples/00476.png 31
ucf/FrisbeeCatch/samples/00477.png 31
ucf/FrisbeeCatch/samples/00478.png 31
ucf/FrisbeeCatch/samples/00479.png 31
ucf/FrisbeeCatch/samples/00480.png 31
ucf/FrisbeeCatch/samples/00481.png 31
ucf/FrisbeeCatch/samples/00482.png 31
ucf/FrisbeeCatch/samples/00483.png 31
ucf/FrisbeeCatch/samples/00484.png 31
ucf/FrisbeeCatch/samples/00485.png 31
ucf/FrisbeeCatch/samples/00486.png 31
ucf/FrisbeeCatch/samples/00487.png 31
ucf/FrisbeeCatch/samples/00488.png 31
ucf/FrisbeeCatch/samples/00489.png 31
ucf/FrisbeeCatch/samples/00490.png 31
ucf/FrisbeeCatch/samples/00491.png 31
ucf/FrisbeeCatch/samples/00492.png 31
ucf/FrisbeeCatch/samples/00493.png 31
ucf/FrisbeeCatch/samples/00494.png 31
ucf/FrisbeeCatch/samples/00495.png 31
ucf/FrisbeeCatch/samples/00496.png 31
ucf/FrisbeeCatch/samples/00497.png 31
ucf/FrisbeeCatch/samples/00498.png 31
ucf/FrisbeeCatch/samples/00499.png 31
ucf/FrisbeeCatch/samples/00500.png 31
ucf/FrisbeeCatch/samples/00501.png 31
ucf/FrisbeeCatch/samples/00502.png 31
ucf/FrisbeeCatch/samples/00503.png 31
ucf/FrisbeeCatch/samples/00504.png 31
ucf/FrisbeeCatch/samples/00505.png 31
ucf/FrisbeeCatch/samples/00506.png 31
ucf/FrisbeeCatch/samples/00507.png 31
ucf/FrisbeeCatch/samples/00508.png 31
ucf/FrisbeeCatch/samples/00509.png 31
ucf/FrisbeeCatch/samples/00510.png 31
ucf/FrisbeeCatch/samples/00511.png 31
ucf/FrisbeeCatch/samples/00512.png 31
ucf/FrisbeeCatch/samples/00513.png 31
ucf/FrisbeeCatch/samples/00514.png 31
ucf/FrisbeeCatch/samples/00515.png 31
ucf/FrisbeeCatch/samples/00516.png 31
ucf/FrisbeeCatch/samples/00517.png 31
ucf/FrisbeeCatch/samples/00518.png 31
ucf/FrisbeeCatch/samples/00519.png 31
ucf/FrisbeeCatch/samples/00520.png 31
ucf/FrisbeeCatch/samples/00521.png 31
ucf/FrisbeeCatch/samples/00522.png 31
ucf/FrisbeeCatch/samples/00523.png 31
ucf/FrisbeeCatch/samples/00524.png 31
ucf/FrisbeeCatch/samples/00525.png 31
ucf/FrisbeeCatch/samples/00526.png 31
ucf/FrisbeeCatch/samples/00527.png 31
ucf/FrisbeeCatch/samples/00528.png 31
ucf/FrisbeeCatch/samples/00529.png 31
ucf/FrisbeeCatch/samples/00530.png 31
ucf/FrisbeeCatch/samples/00531.png 31
ucf/FrisbeeCatch/samples/00532.png 31
ucf/FrisbeeCatch/samples/00533.png 31
ucf/FrisbeeCatch/samples/00534.png 31
ucf/FrisbeeCatch/samples/00535.png 31
ucf/FrisbeeCatch/samples/00536.png 31
ucf/FrisbeeCatch/samples/00537.png 31
ucf/FrisbeeCatch/samples/00538.png 31
ucf/FrisbeeCatch/samples/00539.png 31
ucf/FrisbeeCatch/samples/00540.png 31
ucf/FrisbeeCatch/samples/00541.png 31
ucf/FrisbeeCatch/samples/00542.png 31
ucf/FrisbeeCatch/samples/00543.png 31
ucf/FrisbeeCatch/samples/00544.png 31
ucf/FrisbeeCatch/samples/00545.png 31
ucf/FrisbeeCatch/samples/00546.png 31
ucf/FrisbeeCatch/samples/00547.png 31
ucf/FrisbeeCatch/samples/00548.png 31
ucf/FrisbeeCatch/samples/00549.png 31
ucf/FrisbeeCatch/samples/00550.png 31
ucf/FrisbeeCatch/samples/00551.png 31
ucf/FrisbeeCatch/samples/00552.png 31
ucf/FrisbeeCatch/samples/00553.png 31
ucf/FrisbeeCatch/samples/00554.png 31
ucf/FrisbeeCatch/samples/00555.png 31
ucf/FrisbeeCatch/samples/00556.png 31
ucf/FrisbeeCatch/samples/00557.png 31
ucf/FrisbeeCatch/samples/00558.png 31
ucf/FrisbeeCatch/samples/00559.png 31
ucf/FrisbeeCatch/samples/00560.png 31
ucf/FrisbeeCatch/samples/00561.png 31
ucf/FrisbeeCatch/samples/00562.png 31
ucf/FrisbeeCatch/samples/00563.png 31
ucf/FrisbeeCatch/samples/00564.png 31
ucf/FrisbeeCatch/samples/00565.png 31
ucf/FrisbeeCatch/samples/00566.png 31
ucf/FrisbeeCatch/samples/00567.png 31
ucf/FrisbeeCatch/samples/00568.png 31
ucf/FrisbeeCatch/samples/00569.png 31
ucf/FrisbeeCatch/samples/00570.png 31
ucf/FrisbeeCatch/samples/00571.png 31
ucf/FrisbeeCatch/samples/00572.png 31
ucf/FrisbeeCatch/samples/00573.png 31
ucf/FrisbeeCatch/samples/00574.png 31
ucf/FrisbeeCatch/samples/00575.png 31
ucf/FrisbeeCatch/samples/00576.png 31
ucf/FrisbeeCatch/samples/00577.png 31
ucf/FrisbeeCatch/samples/00578.png 31
ucf/FrisbeeCatch/samples/00579.png 31
ucf/FrisbeeCatch/samples/00580.png 31
ucf/FrisbeeCatch/samples/00581.png 31
ucf/FrisbeeCatch/samples/00582.png 31
ucf/FrisbeeCatch/samples/00583.png 31
ucf/FrisbeeCatch/samples/00584.png 31
ucf/FrisbeeCatch/samples/00585.png 31
ucf/FrisbeeCatch/samples/00586.png 31
ucf/FrisbeeCatch/samples/00587.png 31
ucf/FrisbeeCatch/samples/00588.png 31
ucf/FrisbeeCatch/samples/00589.png 31
ucf/FrisbeeCatch/samples/00590.png 31
ucf/FrisbeeCatch/samples/00591.png 31
ucf/FrisbeeCatch/samples/00592.png 31
ucf/FrisbeeCatch/samples/00593.png 31
ucf/FrisbeeCatch/samples/00594.png 31
ucf/FrisbeeCatch/samples/00595.png 31
ucf/FrisbeeCatch/samples/00596.png 31
ucf/FrisbeeCatch/samples/00597.png 31
ucf/FrisbeeCatch/samples/00598.png 31
ucf/FrisbeeCatch/samples/00599.png 31
ucf/FrisbeeCatch/samples/00600.png 31
ucf/FrisbeeCatch/samples/00601.png 31
ucf/FrisbeeCatch/samples/00602.png 31
ucf/FrisbeeCatch/samples/00603.png 31
ucf/FrisbeeCatch/samples/00604.png 31
ucf/FrisbeeCatch/samples/00605.png 31
ucf/FrisbeeCatch/samples/00606.png 31
ucf/FrisbeeCatch/samples/00607.png 31
ucf/FrisbeeCatch/samples/00608.png 31
ucf/FrisbeeCatch/samples/00609.png 31
ucf/FrisbeeCatch/samples/00610.png 31
ucf/FrisbeeCatch/samples/00611.png 31
ucf/FrisbeeCatch/samples/00612.png 31
ucf/FrisbeeCatch/samples/00613.png 31
ucf/FrisbeeCatch/samples/00614.png 31
ucf/FrisbeeCatch/samples/00615.png 31
ucf/FrisbeeCatch/samples/00616.png 31
ucf/FrisbeeCatch/samples/00617.png 31
ucf/FrisbeeCatch/samples/00618.png 31
ucf/FrisbeeCatch/samples/00619.png 31
ucf/FrisbeeCatch/samples/00620.png 31
ucf/FrisbeeCatch/samples/00621.png 31
ucf/FrisbeeCatch/samples/00622.png 31
ucf/FrisbeeCatch/samples/00623.png 31
ucf/FrisbeeCatch/samples/00624.png 31
ucf/FrisbeeCatch/samples/00625.png 31
ucf/FrisbeeCatch/samples/00626.png 31
ucf/FrisbeeCatch/samples/00627.png 31
ucf/FrisbeeCatch/samples/00628.png 31
ucf/FrisbeeCatch/samples/00629.png 31
ucf/FrisbeeCatch/samples/00630.png 31
ucf/FrisbeeCatch/samples/00631.png 31
ucf/FrisbeeCatch/samples/00632.png 31
ucf/FrisbeeCatch/samples/00633.png 31
ucf/FrisbeeCatch/samples/00634.png 31
ucf/FrisbeeCatch/samples/00635.png 31
ucf/FrisbeeCatch/samples/00636.png 31
ucf/FrisbeeCatch/samples/00637.png 31
ucf/FrisbeeCatch/samples/00638.png 31
ucf/FrisbeeCatch/samples/00639.png 31
ucf/FrisbeeCatch/samples/00640.png 31
ucf/FrisbeeCatch/samples/00641.png 31
ucf/FrisbeeCatch/samples/00642.png 31
ucf/FrisbeeCatch/samples/00643.png 31
ucf/FrisbeeCatch/samples/00644.png 31
ucf/FrisbeeCatch/samples/00645.png 31
ucf/FrisbeeCatch/samples/00646.png 31
ucf/FrisbeeCatch/samples/00647.png 31
ucf/FrisbeeCatch/samples/00648.png 31
ucf/FrisbeeCatch/samples/00649.png 31
ucf/FrisbeeCatch/samples/00650.png 31
ucf/FrisbeeCatch/samples/00651.png 31
ucf/FrisbeeCatch/samples/00652.png 31
ucf/FrisbeeCatch/samples/00653.png 31
ucf/FrisbeeCatch/samples/00654.png 31
ucf/FrisbeeCatch/samples/00655.png 31
ucf/FrisbeeCatch/samples/00656.png 31
ucf/FrisbeeCatch/samples/00657.png 31
ucf/FrisbeeCatch/samples/00658.png 31
ucf/FrisbeeCatch/samples/00659.png 31
ucf/FrisbeeCatch/samples/00660.png 31
ucf/FrisbeeCatch/samples/00661.png 31
ucf/FrisbeeCatch/samples/00662.png 31
ucf/FrisbeeCatch/samples/00663.png 31
ucf/FrisbeeCatch/samples/00664.png 31
ucf/FrisbeeCatch/samples/00665.png 31
ucf/FrisbeeCatch/samples/00666.png 31
ucf/FrisbeeCatch/samples/00667.png 31
ucf/FrisbeeCatch/samples/00668.png 31
ucf/FrisbeeCatch/samples/00669.png 31
ucf/FrisbeeCatch/samples/00670.png 31
ucf/FrisbeeCatch/samples/00671.png 31
ucf/FrisbeeCatch/samples/00672.png 31
ucf/FrisbeeCatch/samples/00673.png 31
ucf/FrisbeeCatch/samples/00674.png 31
ucf/FrisbeeCatch/samples/00675.png 31
ucf/FrisbeeCatch/samples/00676.png 31
ucf/FrisbeeCatch/samples/00677.png 31
ucf/FrisbeeCatch/samples/00678.png 31
ucf/FrisbeeCatch/samples/00679.png 31
ucf/FrisbeeCatch/samples/00680.png 31
ucf/FrisbeeCatch/samples/00681.png 31
ucf/FrisbeeCatch/samples/00682.png 31
ucf/FrisbeeCatch/samples/00683.png 31
ucf/FrisbeeCatch/samples/00684.png 31
ucf/FrisbeeCatch/samples/00685.png 31
ucf/FrisbeeCatch/samples/00686.png 31
ucf/FrisbeeCatch/samples/00687.png 31
ucf/FrisbeeCatch/samples/00688.png 31
ucf/FrisbeeCatch/samples/00689.png 31
ucf/FrisbeeCatch/samples/00690.png 31
ucf/FrisbeeCatch/samples/00691.png 31
ucf/FrisbeeCatch/samples/00692.png 31
ucf/FrisbeeCatch/samples/00693.png 31
ucf/FrisbeeCatch/samples/00694.png 31
ucf/FrisbeeCatch/samples/00695.png 31
ucf/FrisbeeCatch/samples/00696.png 31
ucf/FrisbeeCatch/samples/00697.png 31
ucf/FrisbeeCatch/samples/00698.png 31
ucf/FrisbeeCatch/samples/00699.png 31
ucf/FrisbeeCatch/samples/00700.png 31
ucf/FrisbeeCatch/samples/00701.png 31
ucf/FrisbeeCatch/samples/00702.png 31
ucf/FrisbeeCatch/samples/00703.png 31
ucf/FrisbeeCatch/samples/00704.png 31
ucf/FrisbeeCatch/samples/00705.png 31
ucf/FrisbeeCatch/samples/00706.png 31
ucf/FrisbeeCatch/samples/00707.png 31
ucf/FrisbeeCatch/samples/00708.png 31
ucf/FrisbeeCatch/samples/00709.png 31
ucf/FrisbeeCatch/samples/00710.png 31
ucf/FrisbeeCatch/samples/00711.png 31
ucf/FrisbeeCatch/samples/00712.png 31
ucf/FrisbeeCatch/samples/00713.png 31
ucf/FrisbeeCatch/samples/00714.png 31
ucf/FrisbeeCatch/samples/00715.png 31
ucf/FrisbeeCatch/samples/00716.png 31
ucf/FrisbeeCatch/samples/00717.png 31
ucf/FrisbeeCatch/samples/00718.png 31
ucf/FrisbeeCatch/samples/00719.png 31
ucf/FrisbeeCatch/samples/00720.png 31
ucf/FrisbeeCatch/samples/00721.png 31
ucf/FrisbeeCatch/samples/00722.png 31
ucf/FrisbeeCatch/samples/00723.png 31
ucf/FrisbeeCatch/samples/00724.png 31
ucf/FrisbeeCatch/samples/00725.png 31
ucf/FrisbeeCatch/samples/00726.png 31
ucf/FrisbeeCatch/samples/00727.png 31
ucf/FrisbeeCatch/samples/00728.png 31
ucf/FrisbeeCatch/samples/00729.png 31
ucf/FrisbeeCatch/samples/00730.png 31
ucf/FrisbeeCatch/samples/00731.png 31
ucf/FrisbeeCatch/samples/00732.png 31
ucf/FrisbeeCatch/samples/00733.png 31
ucf/FrisbeeCatch/samples/00734.png 31
ucf/FrisbeeCatch/samples/00735.png 31
ucf/FrisbeeCatch/samples/00736.png 31
ucf/FrisbeeCatch/samples/00737.png 31
ucf/FrisbeeCatch/samples/00738.png 31
ucf/FrisbeeCatch/samples/00739.png 31
ucf/FrisbeeCatch/samples/00740.png 31
ucf/FrisbeeCatch/samples/00741.png 31
ucf/FrisbeeCatch/samples/00742.png 31
ucf/FrisbeeCatch/samples/00743.png 31
ucf/FrisbeeCatch/samples/00744.png 31
ucf/FrisbeeCatch/samples/00745.png 31
ucf/FrisbeeCatch/samples/00746.png 31
ucf/FrisbeeCatch/samples/00747.png 31
ucf/FrisbeeCatch/samples/00748.png 31
ucf/FrisbeeCatch/samples/00749.png 31
ucf/FrisbeeCatch/samples/00750.png 31
ucf/FrisbeeCatch/samples/00751.png 31
ucf/FrisbeeCatch/samples/00752.png 31
ucf/FrisbeeCatch/samples/00753.png 31
ucf/FrisbeeCatch/samples/00754.png 31
ucf/FrisbeeCatch/samples/00755.png 31
ucf/FrisbeeCatch/samples/00756.png 31
ucf/FrisbeeCatch/samples/00757.png 31
ucf/FrisbeeCatch/samples/00758.png 31
ucf/FrisbeeCatch/samples/00759.png 31
ucf/FrisbeeCatch/samples/00760.png 31
ucf/FrisbeeCatch/samples/00761.png 31
ucf/FrisbeeCatch/samples/00762.png 31
ucf/FrisbeeCatch/samples/00763.png 31
ucf/FrisbeeCatch/samples/00764.png 31
ucf/FrisbeeCatch/samples/00765.png 31
ucf/FrisbeeCatch/samples/00766.png 31
ucf/FrisbeeCatch/samples/00767.png 31
ucf/FrisbeeCatch/samples/00768.png 31
ucf/FrisbeeCatch/samples/00769.png 31
ucf/FrisbeeCatch/samples/00770.png 31
ucf/FrisbeeCatch/samples/00771.png 31
ucf/FrisbeeCatch/samples/00772.png 31
ucf/FrisbeeCatch/samples/00773.png 31
ucf/FrisbeeCatch/samples/00774.png 31
ucf/FrisbeeCatch/samples/00775.png 31
ucf/FrisbeeCatch/samples/00776.png 31
ucf/FrisbeeCatch/samples/00777.png 31
ucf/FrisbeeCatch/samples/00778.png 31
ucf/FrisbeeCatch/samples/00779.png 31
ucf/FrisbeeCatch/samples/00780.png 31
ucf/FrisbeeCatch/samples/00781.png 31
ucf/FrisbeeCatch/samples/00782.png 31
ucf/FrisbeeCatch/samples/00783.png 31
ucf/FrisbeeCatch/samples/00784.png 31
ucf/FrisbeeCatch/samples/00785.png 31
ucf/FrisbeeCatch/samples/00786.png 31
ucf/FrisbeeCatch/samples/00787.png 31
ucf/FrisbeeCatch/samples/00788.png 31
ucf/FrisbeeCatch/samples/00789.png 31
ucf/FrisbeeCatch/samples/00790.png 31
ucf/FrisbeeCatch/samples/00791.png 31
ucf/FrisbeeCatch/samples/00792.png 31
ucf/FrisbeeCatch/samples/00793.png 31
ucf/FrisbeeCatch/samples/00794.png 31
ucf/FrisbeeCatch/samples/00795.png 31
ucf/FrisbeeCatch/samples/00796.png 31
ucf/FrisbeeCatch/samples/00797.png 31
ucf/FrisbeeCatch/samples/00798.png 31
ucf/FrisbeeCatch/samples/00799.png 31
ucf/FrisbeeCatch/samples/00800.png 31
ucf/FrisbeeCatch/samples/00801.png 31
ucf/FrisbeeCatch/samples/00802.png 31
ucf/FrisbeeCatch/samples/00803.png 31
ucf/FrisbeeCatch/samples/00804.png 31
ucf/FrisbeeCatch/samples/00805.png 31
ucf/FrisbeeCatch/samples/00806.png 31
ucf/FrisbeeCatch/samples/00807.png 31
ucf/FrisbeeCatch/samples/00808.png 31
ucf/FrisbeeCatch/samples/00809.png 31
ucf/FrisbeeCatch/samples/00810.png 31
ucf/FrisbeeCatch/samples/00811.png 31
ucf/FrisbeeCatch/samples/00812.png 31
ucf/FrisbeeCatch/samples/00813.png 31
ucf/FrisbeeCatch/samples/00814.png 31
ucf/FrisbeeCatch/samples/00815.png 31
ucf/FrisbeeCatch/samples/00816.png 31
ucf/FrisbeeCatch/samples/00817.png 31
ucf/FrisbeeCatch/samples/00818.png 31
ucf/FrisbeeCatch/samples/00819.png 31
ucf/FrisbeeCatch/samples/00820.png 31
ucf/FrisbeeCatch/samples/00821.png 31
ucf/FrisbeeCatch/samples/00822.png 31
ucf/FrisbeeCatch/samples/00823.png 31
ucf/FrisbeeCatch/samples/00824.png 31
ucf/FrisbeeCatch/samples/00825.png 31
ucf/FrisbeeCatch/samples/00826.png 31
ucf/FrisbeeCatch/samples/00827.png 31
ucf/FrisbeeCatch/samples/00828.png 31
ucf/FrisbeeCatch/samples/00829.png 31
ucf/FrisbeeCatch/samples/00830.png 31
ucf/FrisbeeCatch/samples/00831.png 31
ucf/FrisbeeCatch/samples/00832.png 31
ucf/FrisbeeCatch/samples/00833.png 31
ucf/FrisbeeCatch/samples/00834.png 31
ucf/FrisbeeCatch/samples/00835.png 31
ucf/FrisbeeCatch/samples/00836.png 31
ucf/FrisbeeCatch/samples/00837.png 31
ucf/FrisbeeCatch/samples/00838.png 31
ucf/FrisbeeCatch/samples/00839.png 31
ucf/FrisbeeCatch/samples/00840.png 31
ucf/FrisbeeCatch/samples/00841.png 31
ucf/FrisbeeCatch/samples/00842.png 31
ucf/FrisbeeCatch/samples/00843.png 31
ucf/FrisbeeCatch/samples/00844.png 31
ucf/FrisbeeCatch/samples/00845.png 31
ucf/FrisbeeCatch/samples/00846.png 31
ucf/FrisbeeCatch/samples/00847.png 31
ucf/FrisbeeCatch/samples/00848.png 31
ucf/FrisbeeCatch/samples/00849.png 31
ucf/FrisbeeCatch/samples/00850.png 31
ucf/FrisbeeCatch/samples/00851.png 31
ucf/FrisbeeCatch/samples/00852.png 31
ucf/FrisbeeCatch/samples/00853.png 31
ucf/FrisbeeCatch/samples/00854.png 31
ucf/FrisbeeCatch/samples/00855.png 31
ucf/FrisbeeCatch/samples/00856.png 31
ucf/FrisbeeCatch/samples/00857.png 31
ucf/FrisbeeCatch/samples/00858.png 31
ucf/FrisbeeCatch/samples/00859.png 31
ucf/FrisbeeCatch/samples/00860.png 31
ucf/FrisbeeCatch/samples/00861.png 31
ucf/FrisbeeCatch/samples/00862.png 31
ucf/FrisbeeCatch/samples/00863.png 31
ucf/FrisbeeCatch/samples/00864.png 31
ucf/FrisbeeCatch/samples/00865.png 31
ucf/FrisbeeCatch/samples/00866.png 31
ucf/FrisbeeCatch/samples/00867.png 31
ucf/FrisbeeCatch/samples/00868.png 31
ucf/FrisbeeCatch/samples/00869.png 31
ucf/FrisbeeCatch/samples/00870.png 31
ucf/FrisbeeCatch/samples/00871.png 31
ucf/FrisbeeCatch/samples/00872.png 31
ucf/FrisbeeCatch/samples/00873.png 31
ucf/FrisbeeCatch/samples/00874.png 31
ucf/FrisbeeCatch/samples/00875.png 31
ucf/FrisbeeCatch/samples/00876.png 31
ucf/FrisbeeCatch/samples/00877.png 31
ucf/FrisbeeCatch/samples/00878.png 31
ucf/FrisbeeCatch/samples/00879.png 31
ucf/FrisbeeCatch/samples/00880.png 31
ucf/FrisbeeCatch/samples/00881.png 31
ucf/FrisbeeCatch/samples/00882.png 31
ucf/FrisbeeCatch/samples/00883.png 31
ucf/FrisbeeCatch/samples/00884.png 31
ucf/FrisbeeCatch/samples/00885.png 31
ucf/FrisbeeCatch/samples/00886.png 31
ucf/FrisbeeCatch/samples/00887.png 31
ucf/FrisbeeCatch/samples/00888.png 31
ucf/FrisbeeCatch/samples/00889.png 31
ucf/FrisbeeCatch/samples/00890.png 31
ucf/FrisbeeCatch/samples/00891.png 31
ucf/FrisbeeCatch/samples/00892.png 31
ucf/FrisbeeCatch/samples/00893.png 31
ucf/FrisbeeCatch/samples/00894.png 31
ucf/FrisbeeCatch/samples/00895.png 31
ucf/FrisbeeCatch/samples/00896.png 31
ucf/FrisbeeCatch/samples/00897.png 31
ucf/FrisbeeCatch/samples/00898.png 31
ucf/FrisbeeCatch/samples/00899.png 31
ucf/FrisbeeCatch/samples/00900.png 31
ucf/FrisbeeCatch/samples/00901.png 31
ucf/FrisbeeCatch/samples/00902.png 31
ucf/FrisbeeCatch/samples/00903.png 31
ucf/FrisbeeCatch/samples/00904.png 31
ucf/FrisbeeCatch/samples/00905.png 31
ucf/FrisbeeCatch/samples/00906.png 31
ucf/FrisbeeCatch/samples/00907.png 31
ucf/FrisbeeCatch/samples/00908.png 31
ucf/FrisbeeCatch/samples/00909.png 31
ucf/FrisbeeCatch/samples/00910.png 31
ucf/FrisbeeCatch/samples/00911.png 31
ucf/FrisbeeCatch/samples/00912.png 31
ucf/FrisbeeCatch/samples/00913.png 31
ucf/FrisbeeCatch/samples/00914.png 31
ucf/FrisbeeCatch/samples/00915.png 31
ucf/FrisbeeCatch/samples/00916.png 31
ucf/FrisbeeCatch/samples/00917.png 31
ucf/FrisbeeCatch/samples/00918.png 31
ucf/FrisbeeCatch/samples/00919.png 31
ucf/FrisbeeCatch/samples/00920.png 31
ucf/FrisbeeCatch/samples/00921.png 31
ucf/FrisbeeCatch/samples/00922.png 31
ucf/FrisbeeCatch/samples/00923.png 31
ucf/FrisbeeCatch/samples/00924.png 31
ucf/FrisbeeCatch/samples/00925.png 31
ucf/FrisbeeCatch/samples/00926.png 31
ucf/FrisbeeCatch/samples/00927.png 31
ucf/FrisbeeCatch/samples/00928.png 31
ucf/FrisbeeCatch/samples/00929.png 31
ucf/FrisbeeCatch/samples/00930.png 31
ucf/FrisbeeCatch/samples/00931.png 31
ucf/FrisbeeCatch/samples/00932.png 31
ucf/FrisbeeCatch/samples/00933.png 31
ucf/FrisbeeCatch/samples/00934.png 31
ucf/FrisbeeCatch/samples/00935.png 31
ucf/FrisbeeCatch/samples/00936.png 31
ucf/FrisbeeCatch/samples/00937.png 31
ucf/FrisbeeCatch/samples/00938.png 31
ucf/FrisbeeCatch/samples/00939.png 31
ucf/FrisbeeCatch/samples/00940.png 31
ucf/FrisbeeCatch/samples/00941.png 31
ucf/FrisbeeCatch/samples/00942.png 31
ucf/FrisbeeCatch/samples/00943.png 31
ucf/FrisbeeCatch/samples/00944.png 31
ucf/FrisbeeCatch/samples/00945.png 31
ucf/FrisbeeCatch/samples/00946.png 31
ucf/FrisbeeCatch/samples/00947.png 31
ucf/FrisbeeCatch/samples/00948.png 31
ucf/FrisbeeCatch/samples/00949.png 31
ucf/FrisbeeCatch/samples/00950.png 31
ucf/FrisbeeCatch/samples/00951.png 31
ucf/FrisbeeCatch/samples/00952.png 31
ucf/FrisbeeCatch/samples/00953.png 31
ucf/FrisbeeCatch/samples/00954.png 31
ucf/FrisbeeCatch/samples/00955.png 31
ucf/FrisbeeCatch/samples/00956.png 31
ucf/FrisbeeCatch/samples/00957.png 31
ucf/FrisbeeCatch/samples/00958.png 31
ucf/FrisbeeCatch/samples/00959.png 31
ucf/FrisbeeCatch/samples/00960.png 31
ucf/FrisbeeCatch/samples/00961.png 31
ucf/FrisbeeCatch/samples/00962.png 31
ucf/FrisbeeCatch/samples/00963.png 31
ucf/FrisbeeCatch/samples/00964.png 31
ucf/FrisbeeCatch/samples/00965.png 31
ucf/FrisbeeCatch/samples/00966.png 31
ucf/FrisbeeCatch/samples/00967.png 31
ucf/FrisbeeCatch/samples/00968.png 31
ucf/FrisbeeCatch/samples/00969.png 31
ucf/FrisbeeCatch/samples/00970.png 31
ucf/FrisbeeCatch/samples/00971.png 31
ucf/FrisbeeCatch/samples/00972.png 31
ucf/FrisbeeCatch/samples/00973.png 31
ucf/FrisbeeCatch/samples/00974.png 31
ucf/FrisbeeCatch/samples/00975.png 31
ucf/FrisbeeCatch/samples/00976.png 31
ucf/FrisbeeCatch/samples/00977.png 31
ucf/FrisbeeCatch/samples/00978.png 31
ucf/FrisbeeCatch/samples/00979.png 31
ucf/FrisbeeCatch/samples/00980.png 31
ucf/FrisbeeCatch/samples/00981.png 31
ucf/FrisbeeCatch/samples/00982.png 31
ucf/FrisbeeCatch/samples/00983.png 31
ucf/FrisbeeCatch/samples/00984.png 31
ucf/FrisbeeCatch/samples/00985.png 31
ucf/FrisbeeCatch/samples/00986.png 31
ucf/FrisbeeCatch/samples/00987.png 31
ucf/FrisbeeCatch/samples/00988.png 31
ucf/FrisbeeCatch/samples/00989.png 31
ucf/FrisbeeCatch/samples/00990.png 31
ucf/FrisbeeCatch/samples/00991.png 31
ucf/FrisbeeCatch/samples/00992.png 31
ucf/FrisbeeCatch/samples/00993.png 31
ucf/FrisbeeCatch/samples/00994.png 31
ucf/FrisbeeCatch/samples/00995.png 31
ucf/FrisbeeCatch/samples/00996.png 31
ucf/FrisbeeCatch/samples/00997.png 31
ucf/FrisbeeCatch/samples/00998.png 31
ucf/FrisbeeCatch/samples/00999.png 31
ucf/StillRings/samples/00000.png 86
ucf/StillRings/samples/00001.png 86
ucf/StillRings/samples/00002.png 86
ucf/StillRings/samples/00003.png 86
ucf/StillRings/samples/00004.png 86
ucf/StillRings/samples/00005.png 86
ucf/StillRings/samples/00006.png 86
ucf/StillRings/samples/00007.png 86
ucf/StillRings/samples/00008.png 86
ucf/StillRings/samples/00009.png 86
ucf/StillRings/samples/00010.png 86
ucf/StillRings/samples/00011.png 86
ucf/StillRings/samples/00012.png 86
ucf/StillRings/samples/00013.png 86
ucf/StillRings/samples/00014.png 86
ucf/StillRings/samples/00015.png 86
ucf/StillRings/samples/00016.png 86
ucf/StillRings/samples/00017.png 86
ucf/StillRings/samples/00018.png 86
ucf/StillRings/samples/00019.png 86
ucf/StillRings/samples/00020.png 86
ucf/StillRings/samples/00021.png 86
ucf/StillRings/samples/00022.png 86
ucf/StillRings/samples/00023.png 86
ucf/StillRings/samples/00024.png 86
ucf/StillRings/samples/00025.png 86
ucf/StillRings/samples/00026.png 86
ucf/StillRings/samples/00027.png 86
ucf/StillRings/samples/00028.png 86
ucf/StillRings/samples/00029.png 86
ucf/StillRings/samples/00030.png 86
ucf/StillRings/samples/00031.png 86
ucf/StillRings/samples/00032.png 86
ucf/StillRings/samples/00033.png 86
ucf/StillRings/samples/00034.png 86
ucf/StillRings/samples/00035.png 86
ucf/StillRings/samples/00036.png 86
ucf/StillRings/samples/00037.png 86
ucf/StillRings/samples/00038.png 86
ucf/StillRings/samples/00039.png 86
ucf/StillRings/samples/00040.png 86
ucf/StillRings/samples/00041.png 86
ucf/StillRings/samples/00042.png 86
ucf/StillRings/samples/00043.png 86
ucf/StillRings/samples/00044.png 86
ucf/StillRings/samples/00045.png 86
ucf/StillRings/samples/00046.png 86
ucf/StillRings/samples/00047.png 86
ucf/StillRings/samples/00048.png 86
ucf/StillRings/samples/00049.png 86
ucf/StillRings/samples/00050.png 86
ucf/StillRings/samples/00051.png 86
ucf/StillRings/samples/00052.png 86
ucf/StillRings/samples/00053.png 86
ucf/StillRings/samples/00054.png 86
ucf/StillRings/samples/00055.png 86
ucf/StillRings/samples/00056.png 86
ucf/StillRings/samples/00057.png 86
ucf/StillRings/samples/00058.png 86
ucf/StillRings/samples/00059.png 86
ucf/StillRings/samples/00060.png 86
ucf/StillRings/samples/00061.png 86
ucf/StillRings/samples/00062.png 86
ucf/StillRings/samples/00063.png 86
ucf/StillRings/samples/00064.png 86
ucf/StillRings/samples/00065.png 86
ucf/StillRings/samples/00066.png 86
ucf/StillRings/samples/00067.png 86
ucf/StillRings/samples/00068.png 86
ucf/StillRings/samples/00069.png 86
ucf/StillRings/samples/00070.png 86
ucf/StillRings/samples/00071.png 86
ucf/StillRings/samples/00072.png 86
ucf/StillRings/samples/00073.png 86
ucf/StillRings/samples/00074.png 86
ucf/StillRings/samples/00075.png 86
ucf/StillRings/samples/00076.png 86
ucf/StillRings/samples/00077.png 86
ucf/StillRings/samples/00078.png 86
ucf/StillRings/samples/00079.png 86
ucf/StillRings/samples/00080.png 86
ucf/StillRings/samples/00081.png 86
ucf/StillRings/samples/00082.png 86
ucf/StillRings/samples/00083.png 86
ucf/StillRings/samples/00084.png 86
ucf/StillRings/samples/00085.png 86
ucf/StillRings/samples/00086.png 86
ucf/StillRings/samples/00087.png 86
ucf/StillRings/samples/00088.png 86
ucf/StillRings/samples/00089.png 86
ucf/StillRings/samples/00090.png 86
ucf/StillRings/samples/00091.png 86
ucf/StillRings/samples/00092.png 86
ucf/StillRings/samples/00093.png 86
ucf/StillRings/samples/00094.png 86
ucf/StillRings/samples/00095.png 86
ucf/StillRings/samples/00096.png 86
ucf/StillRings/samples/00097.png 86
ucf/StillRings/samples/00098.png 86
ucf/StillRings/samples/00099.png 86
ucf/StillRings/samples/00100.png 86
ucf/StillRings/samples/00101.png 86
ucf/StillRings/samples/00102.png 86
ucf/StillRings/samples/00103.png 86
ucf/StillRings/samples/00104.png 86
ucf/StillRings/samples/00105.png 86
ucf/StillRings/samples/00106.png 86
ucf/StillRings/samples/00107.png 86
ucf/StillRings/samples/00108.png 86
ucf/StillRings/samples/00109.png 86
ucf/StillRings/samples/00110.png 86
ucf/StillRings/samples/00111.png 86
ucf/StillRings/samples/00112.png 86
ucf/StillRings/samples/00113.png 86
ucf/StillRings/samples/00114.png 86
ucf/StillRings/samples/00115.png 86
ucf/StillRings/samples/00116.png 86
ucf/StillRings/samples/00117.png 86
ucf/StillRings/samples/00118.png 86
ucf/StillRings/samples/00119.png 86
ucf/StillRings/samples/00120.png 86
ucf/StillRings/samples/00121.png 86
ucf/StillRings/samples/00122.png 86
ucf/StillRings/samples/00123.png 86
ucf/StillRings/samples/00124.png 86
ucf/StillRings/samples/00125.png 86
ucf/StillRings/samples/00126.png 86
ucf/StillRings/samples/00127.png 86
ucf/StillRings/samples/00128.png 86
ucf/StillRings/samples/00129.png 86
ucf/StillRings/samples/00130.png 86
ucf/StillRings/samples/00131.png 86
ucf/StillRings/samples/00132.png 86
ucf/StillRings/samples/00133.png 86
ucf/StillRings/samples/00134.png 86
ucf/StillRings/samples/00135.png 86
ucf/StillRings/samples/00136.png 86
ucf/StillRings/samples/00137.png 86
ucf/StillRings/samples/00138.png 86
ucf/StillRings/samples/00139.png 86
ucf/StillRings/samples/00140.png 86
ucf/StillRings/samples/00141.png 86
ucf/StillRings/samples/00142.png 86
ucf/StillRings/samples/00143.png 86
ucf/StillRings/samples/00144.png 86
ucf/StillRings/samples/00145.png 86
ucf/StillRings/samples/00146.png 86
ucf/StillRings/samples/00147.png 86
ucf/StillRings/samples/00148.png 86
ucf/StillRings/samples/00149.png 86
ucf/StillRings/samples/00150.png 86
ucf/StillRings/samples/00151.png 86
ucf/StillRings/samples/00152.png 86
ucf/StillRings/samples/00153.png 86
ucf/StillRings/samples/00154.png 86
ucf/StillRings/samples/00155.png 86
ucf/StillRings/samples/00156.png 86
ucf/StillRings/samples/00157.png 86
ucf/StillRings/samples/00158.png 86
ucf/StillRings/samples/00159.png 86
ucf/StillRings/samples/00160.png 86
ucf/StillRings/samples/00161.png 86
ucf/StillRings/samples/00162.png 86
ucf/StillRings/samples/00163.png 86
ucf/StillRings/samples/00164.png 86
ucf/StillRings/samples/00165.png 86
ucf/StillRings/samples/00166.png 86
ucf/StillRings/samples/00167.png 86
ucf/StillRings/samples/00168.png 86
ucf/StillRings/samples/00169.png 86
ucf/StillRings/samples/00170.png 86
ucf/StillRings/samples/00171.png 86
ucf/StillRings/samples/00172.png 86
ucf/StillRings/samples/00173.png 86
ucf/StillRings/samples/00174.png 86
ucf/StillRings/samples/00175.png 86
ucf/StillRings/samples/00176.png 86
ucf/StillRings/samples/00177.png 86
ucf/StillRings/samples/00178.png 86
ucf/StillRings/samples/00179.png 86
ucf/StillRings/samples/00180.png 86
ucf/StillRings/samples/00181.png 86
ucf/StillRings/samples/00182.png 86
ucf/StillRings/samples/00183.png 86
ucf/StillRings/samples/00184.png 86
ucf/StillRings/samples/00185.png 86
ucf/StillRings/samples/00186.png 86
ucf/StillRings/samples/00187.png 86
ucf/StillRings/samples/00188.png 86
ucf/StillRings/samples/00189.png 86
ucf/StillRings/samples/00190.png 86
ucf/StillRings/samples/00191.png 86
ucf/StillRings/samples/00192.png 86
ucf/StillRings/samples/00193.png 86
ucf/StillRings/samples/00194.png 86
ucf/StillRings/samples/00195.png 86
ucf/StillRings/samples/00196.png 86
ucf/StillRings/samples/00197.png 86
ucf/StillRings/samples/00198.png 86
ucf/StillRings/samples/00199.png 86
ucf/StillRings/samples/00200.png 86
ucf/StillRings/samples/00201.png 86
ucf/StillRings/samples/00202.png 86
ucf/StillRings/samples/00203.png 86
ucf/StillRings/samples/00204.png 86
ucf/StillRings/samples/00205.png 86
ucf/StillRings/samples/00206.png 86
ucf/StillRings/samples/00207.png 86
ucf/StillRings/samples/00208.png 86
ucf/StillRings/samples/00209.png 86
ucf/StillRings/samples/00210.png 86
ucf/StillRings/samples/00211.png 86
ucf/StillRings/samples/00212.png 86
ucf/StillRings/samples/00213.png 86
ucf/StillRings/samples/00214.png 86
ucf/StillRings/samples/00215.png 86
ucf/StillRings/samples/00216.png 86
ucf/StillRings/samples/00217.png 86
ucf/StillRings/samples/00218.png 86
ucf/StillRings/samples/00219.png 86
ucf/StillRings/samples/00220.png 86
ucf/StillRings/samples/00221.png 86
ucf/StillRings/samples/00222.png 86
ucf/StillRings/samples/00223.png 86
ucf/StillRings/samples/00224.png 86
ucf/StillRings/samples/00225.png 86
ucf/StillRings/samples/00226.png 86
ucf/StillRings/samples/00227.png 86
ucf/StillRings/samples/00228.png 86
ucf/StillRings/samples/00229.png 86
ucf/StillRings/samples/00230.png 86
ucf/StillRings/samples/00231.png 86
ucf/StillRings/samples/00232.png 86
ucf/StillRings/samples/00233.png 86
ucf/StillRings/samples/00234.png 86
ucf/StillRings/samples/00235.png 86
ucf/StillRings/samples/00236.png 86
ucf/StillRings/samples/00237.png 86
ucf/StillRings/samples/00238.png 86
ucf/StillRings/samples/00239.png 86
ucf/StillRings/samples/00240.png 86
ucf/StillRings/samples/00241.png 86
ucf/StillRings/samples/00242.png 86
ucf/StillRings/samples/00243.png 86
ucf/StillRings/samples/00244.png 86
ucf/StillRings/samples/00245.png 86
ucf/StillRings/samples/00246.png 86
ucf/StillRings/samples/00247.png 86
ucf/StillRings/samples/00248.png 86
ucf/StillRings/samples/00249.png 86
ucf/StillRings/samples/00250.png 86
ucf/StillRings/samples/00251.png 86
ucf/StillRings/samples/00252.png 86
ucf/StillRings/samples/00253.png 86
ucf/StillRings/samples/00254.png 86
ucf/StillRings/samples/00255.png 86
ucf/StillRings/samples/00256.png 86
ucf/StillRings/samples/00257.png 86
ucf/StillRings/samples/00258.png 86
ucf/StillRings/samples/00259.png 86
ucf/StillRings/samples/00260.png 86
ucf/StillRings/samples/00261.png 86
ucf/StillRings/samples/00262.png 86
ucf/StillRings/samples/00263.png 86
ucf/StillRings/samples/00264.png 86
ucf/StillRings/samples/00265.png 86
ucf/StillRings/samples/00266.png 86
ucf/StillRings/samples/00267.png 86
ucf/StillRings/samples/00268.png 86
ucf/StillRings/samples/00269.png 86
ucf/StillRings/samples/00270.png 86
ucf/StillRings/samples/00271.png 86
ucf/StillRings/samples/00272.png 86
ucf/StillRings/samples/00273.png 86
ucf/StillRings/samples/00274.png 86
ucf/StillRings/samples/00275.png 86
ucf/StillRings/samples/00276.png 86
ucf/StillRings/samples/00277.png 86
ucf/StillRings/samples/00278.png 86
ucf/StillRings/samples/00279.png 86
ucf/StillRings/samples/00280.png 86
ucf/StillRings/samples/00281.png 86
ucf/StillRings/samples/00282.png 86
ucf/StillRings/samples/00283.png 86
ucf/StillRings/samples/00284.png 86
ucf/StillRings/samples/00285.png 86
ucf/StillRings/samples/00286.png 86
ucf/StillRings/samples/00287.png 86
ucf/StillRings/samples/00288.png 86
ucf/StillRings/samples/00289.png 86
ucf/StillRings/samples/00290.png 86
ucf/StillRings/samples/00291.png 86
ucf/StillRings/samples/00292.png 86
ucf/StillRings/samples/00293.png 86
ucf/StillRings/samples/00294.png 86
ucf/StillRings/samples/00295.png 86
ucf/StillRings/samples/00296.png 86
ucf/StillRings/samples/00297.png 86
ucf/StillRings/samples/00298.png 86
ucf/StillRings/samples/00299.png 86
ucf/StillRings/samples/00300.png 86
ucf/StillRings/samples/00301.png 86
ucf/StillRings/samples/00302.png 86
ucf/StillRings/samples/00303.png 86
ucf/StillRings/samples/00304.png 86
ucf/StillRings/samples/00305.png 86
ucf/StillRings/samples/00306.png 86
ucf/StillRings/samples/00307.png 86
ucf/StillRings/samples/00308.png 86
ucf/StillRings/samples/00309.png 86
ucf/StillRings/samples/00310.png 86
ucf/StillRings/samples/00311.png 86
ucf/StillRings/samples/00312.png 86
ucf/StillRings/samples/00313.png 86
ucf/StillRings/samples/00314.png 86
ucf/StillRings/samples/00315.png 86
ucf/StillRings/samples/00316.png 86
ucf/StillRings/samples/00317.png 86
ucf/StillRings/samples/00318.png 86
ucf/StillRings/samples/00319.png 86
ucf/StillRings/samples/00320.png 86
ucf/StillRings/samples/00321.png 86
ucf/StillRings/samples/00322.png 86
ucf/StillRings/samples/00323.png 86
ucf/StillRings/samples/00324.png 86
ucf/StillRings/samples/00325.png 86
ucf/StillRings/samples/00326.png 86
ucf/StillRings/samples/00327.png 86
ucf/StillRings/samples/00328.png 86
ucf/StillRings/samples/00329.png 86
ucf/StillRings/samples/00330.png 86
ucf/StillRings/samples/00331.png 86
ucf/StillRings/samples/00332.png 86
ucf/StillRings/samples/00333.png 86
ucf/StillRings/samples/00334.png 86
ucf/StillRings/samples/00335.png 86
ucf/StillRings/samples/00336.png 86
ucf/StillRings/samples/00337.png 86
ucf/StillRings/samples/00338.png 86
ucf/StillRings/samples/00339.png 86
ucf/StillRings/samples/00340.png 86
ucf/StillRings/samples/00341.png 86
ucf/StillRings/samples/00342.png 86
ucf/StillRings/samples/00343.png 86
ucf/StillRings/samples/00344.png 86
ucf/StillRings/samples/00345.png 86
ucf/StillRings/samples/00346.png 86
ucf/StillRings/samples/00347.png 86
ucf/StillRings/samples/00348.png 86
ucf/StillRings/samples/00349.png 86
ucf/StillRings/samples/00350.png 86
ucf/StillRings/samples/00351.png 86
ucf/StillRings/samples/00352.png 86
ucf/StillRings/samples/00353.png 86
ucf/StillRings/samples/00354.png 86
ucf/StillRings/samples/00355.png 86
ucf/StillRings/samples/00356.png 86
ucf/StillRings/samples/00357.png 86
ucf/StillRings/samples/00358.png 86
ucf/StillRings/samples/00359.png 86
ucf/StillRings/samples/00360.png 86
ucf/StillRings/samples/00361.png 86
ucf/StillRings/samples/00362.png 86
ucf/StillRings/samples/00363.png 86
ucf/StillRings/samples/00364.png 86
ucf/StillRings/samples/00365.png 86
ucf/StillRings/samples/00366.png 86
ucf/StillRings/samples/00367.png 86
ucf/StillRings/samples/00368.png 86
ucf/StillRings/samples/00369.png 86
ucf/StillRings/samples/00370.png 86
ucf/StillRings/samples/00371.png 86
ucf/StillRings/samples/00372.png 86
ucf/StillRings/samples/00373.png 86
ucf/StillRings/samples/00374.png 86
ucf/StillRings/samples/00375.png 86
ucf/StillRings/samples/00376.png 86
ucf/StillRings/samples/00377.png 86
ucf/StillRings/samples/00378.png 86
ucf/StillRings/samples/00379.png 86
ucf/StillRings/samples/00380.png 86
ucf/StillRings/samples/00381.png 86
ucf/StillRings/samples/00382.png 86
ucf/StillRings/samples/00383.png 86
ucf/StillRings/samples/00384.png 86
ucf/StillRings/samples/00385.png 86
ucf/StillRings/samples/00386.png 86
ucf/StillRings/samples/00387.png 86
ucf/StillRings/samples/00388.png 86
ucf/StillRings/samples/00389.png 86
ucf/StillRings/samples/00390.png 86
ucf/StillRings/samples/00391.png 86
ucf/StillRings/samples/00392.png 86
ucf/StillRings/samples/00393.png 86
ucf/StillRings/samples/00394.png 86
ucf/StillRings/samples/00395.png 86
ucf/StillRings/samples/00396.png 86
ucf/StillRings/samples/00397.png 86
ucf/StillRings/samples/00398.png 86
ucf/StillRings/samples/00399.png 86
ucf/StillRings/samples/00400.png 86
ucf/StillRings/samples/00401.png 86
ucf/StillRings/samples/00402.png 86
ucf/StillRings/samples/00403.png 86
ucf/StillRings/samples/00404.png 86
ucf/StillRings/samples/00405.png 86
ucf/StillRings/samples/00406.png 86
ucf/StillRings/samples/00407.png 86
ucf/StillRings/samples/00408.png 86
ucf/StillRings/samples/00409.png 86
ucf/StillRings/samples/00410.png 86
ucf/StillRings/samples/00411.png 86
ucf/StillRings/samples/00412.png 86
ucf/StillRings/samples/00413.png 86
ucf/StillRings/samples/00414.png 86
ucf/StillRings/samples/00415.png 86
ucf/StillRings/samples/00416.png 86
ucf/StillRings/samples/00417.png 86
ucf/StillRings/samples/00418.png 86
ucf/StillRings/samples/00419.png 86
ucf/StillRings/samples/00420.png 86
ucf/StillRings/samples/00421.png 86
ucf/StillRings/samples/00422.png 86
ucf/StillRings/samples/00423.png 86
ucf/StillRings/samples/00424.png 86
ucf/StillRings/samples/00425.png 86
ucf/StillRings/samples/00426.png 86
ucf/StillRings/samples/00427.png 86
ucf/StillRings/samples/00428.png 86
ucf/StillRings/samples/00429.png 86
ucf/StillRings/samples/00430.png 86
ucf/StillRings/samples/00431.png 86
ucf/StillRings/samples/00432.png 86
ucf/StillRings/samples/00433.png 86
ucf/StillRings/samples/00434.png 86
ucf/StillRings/samples/00435.png 86
ucf/StillRings/samples/00436.png 86
ucf/StillRings/samples/00437.png 86
ucf/StillRings/samples/00438.png 86
ucf/StillRings/samples/00439.png 86
ucf/StillRings/samples/00440.png 86
ucf/StillRings/samples/00441.png 86
ucf/StillRings/samples/00442.png 86
ucf/StillRings/samples/00443.png 86
ucf/StillRings/samples/00444.png 86
ucf/StillRings/samples/00445.png 86
ucf/StillRings/samples/00446.png 86
ucf/StillRings/samples/00447.png 86
ucf/StillRings/samples/00448.png 86
ucf/StillRings/samples/00449.png 86
ucf/StillRings/samples/00450.png 86
ucf/StillRings/samples/00451.png 86
ucf/StillRings/samples/00452.png 86
ucf/StillRings/samples/00453.png 86
ucf/StillRings/samples/00454.png 86
ucf/StillRings/samples/00455.png 86
ucf/StillRings/samples/00456.png 86
ucf/StillRings/samples/00457.png 86
ucf/StillRings/samples/00458.png 86
ucf/StillRings/samples/00459.png 86
ucf/StillRings/samples/00460.png 86
ucf/StillRings/samples/00461.png 86
ucf/StillRings/samples/00462.png 86
ucf/StillRings/samples/00463.png 86
ucf/StillRings/samples/00464.png 86
ucf/StillRings/samples/00465.png 86
ucf/StillRings/samples/00466.png 86
ucf/StillRings/samples/00467.png 86
ucf/StillRings/samples/00468.png 86
ucf/StillRings/samples/00469.png 86
ucf/StillRings/samples/00470.png 86
ucf/StillRings/samples/00471.png 86
ucf/StillRings/samples/00472.png 86
ucf/StillRings/samples/00473.png 86
ucf/StillRings/samples/00474.png 86
ucf/StillRings/samples/00475.png 86
ucf/StillRings/samples/00476.png 86
ucf/StillRings/samples/00477.png 86
ucf/StillRings/samples/00478.png 86
ucf/StillRings/samples/00479.png 86
ucf/StillRings/samples/00480.png 86
ucf/StillRings/samples/00481.png 86
ucf/StillRings/samples/00482.png 86
ucf/StillRings/samples/00483.png 86
ucf/StillRings/samples/00484.png 86
ucf/StillRings/samples/00485.png 86
ucf/StillRings/samples/00486.png 86
ucf/StillRings/samples/00487.png 86
ucf/StillRings/samples/00488.png 86
ucf/StillRings/samples/00489.png 86
ucf/StillRings/samples/00490.png 86
ucf/StillRings/samples/00491.png 86
ucf/StillRings/samples/00492.png 86
ucf/StillRings/samples/00493.png 86
ucf/StillRings/samples/00494.png 86
ucf/StillRings/samples/00495.png 86
ucf/StillRings/samples/00496.png 86
ucf/StillRings/samples/00497.png 86
ucf/StillRings/samples/00498.png 86
ucf/StillRings/samples/00499.png 86
ucf/StillRings/samples/00500.png 86
ucf/StillRings/samples/00501.png 86
ucf/StillRings/samples/00502.png 86
ucf/StillRings/samples/00503.png 86
ucf/StillRings/samples/00504.png 86
ucf/StillRings/samples/00505.png 86
ucf/StillRings/samples/00506.png 86
ucf/StillRings/samples/00507.png 86
ucf/StillRings/samples/00508.png 86
ucf/StillRings/samples/00509.png 86
ucf/StillRings/samples/00510.png 86
ucf/StillRings/samples/00511.png 86
ucf/StillRings/samples/00512.png 86
ucf/StillRings/samples/00513.png 86
ucf/StillRings/samples/00514.png 86
ucf/StillRings/samples/00515.png 86
ucf/StillRings/samples/00516.png 86
ucf/StillRings/samples/00517.png 86
ucf/StillRings/samples/00518.png 86
ucf/StillRings/samples/00519.png 86
ucf/StillRings/samples/00520.png 86
ucf/StillRings/samples/00521.png 86
ucf/StillRings/samples/00522.png 86
ucf/StillRings/samples/00523.png 86
ucf/StillRings/samples/00524.png 86
ucf/StillRings/samples/00525.png 86
ucf/StillRings/samples/00526.png 86
ucf/StillRings/samples/00527.png 86
ucf/StillRings/samples/00528.png 86
ucf/StillRings/samples/00529.png 86
ucf/StillRings/samples/00530.png 86
ucf/StillRings/samples/00531.png 86
ucf/StillRings/samples/00532.png 86
ucf/StillRings/samples/00533.png 86
ucf/StillRings/samples/00534.png 86
ucf/StillRings/samples/00535.png 86
ucf/StillRings/samples/00536.png 86
ucf/StillRings/samples/00537.png 86
ucf/StillRings/samples/00538.png 86
ucf/StillRings/samples/00539.png 86
ucf/StillRings/samples/00540.png 86
ucf/StillRings/samples/00541.png 86
ucf/StillRings/samples/00542.png 86
ucf/StillRings/samples/00543.png 86
ucf/StillRings/samples/00544.png 86
ucf/StillRings/samples/00545.png 86
ucf/StillRings/samples/00546.png 86
ucf/StillRings/samples/00547.png 86
ucf/StillRings/samples/00548.png 86
ucf/StillRings/samples/00549.png 86
ucf/StillRings/samples/00550.png 86
ucf/StillRings/samples/00551.png 86
ucf/StillRings/samples/00552.png 86
ucf/StillRings/samples/00553.png 86
ucf/StillRings/samples/00554.png 86
ucf/StillRings/samples/00555.png 86
ucf/StillRings/samples/00556.png 86
ucf/StillRings/samples/00557.png 86
ucf/StillRings/samples/00558.png 86
ucf/StillRings/samples/00559.png 86
ucf/StillRings/samples/00560.png 86
ucf/StillRings/samples/00561.png 86
ucf/StillRings/samples/00562.png 86
ucf/StillRings/samples/00563.png 86
ucf/StillRings/samples/00564.png 86
ucf/StillRings/samples/00565.png 86
ucf/StillRings/samples/00566.png 86
ucf/StillRings/samples/00567.png 86
ucf/StillRings/samples/00568.png 86
ucf/StillRings/samples/00569.png 86
ucf/StillRings/samples/00570.png 86
ucf/StillRings/samples/00571.png 86
ucf/StillRings/samples/00572.png 86
ucf/StillRings/samples/00573.png 86
ucf/StillRings/samples/00574.png 86
ucf/StillRings/samples/00575.png 86
ucf/StillRings/samples/00576.png 86
ucf/StillRings/samples/00577.png 86
ucf/StillRings/samples/00578.png 86
ucf/StillRings/samples/00579.png 86
ucf/StillRings/samples/00580.png 86
ucf/StillRings/samples/00581.png 86
ucf/StillRings/samples/00582.png 86
ucf/StillRings/samples/00583.png 86
ucf/StillRings/samples/00584.png 86
ucf/StillRings/samples/00585.png 86
ucf/StillRings/samples/00586.png 86
ucf/StillRings/samples/00587.png 86
ucf/StillRings/samples/00588.png 86
ucf/StillRings/samples/00589.png 86
ucf/StillRings/samples/00590.png 86
ucf/StillRings/samples/00591.png 86
ucf/StillRings/samples/00592.png 86
ucf/StillRings/samples/00593.png 86
ucf/StillRings/samples/00594.png 86
ucf/StillRings/samples/00595.png 86
ucf/StillRings/samples/00596.png 86
ucf/StillRings/samples/00597.png 86
ucf/StillRings/samples/00598.png 86
ucf/StillRings/samples/00599.png 86
ucf/StillRings/samples/00600.png 86
ucf/StillRings/samples/00601.png 86
ucf/StillRings/samples/00602.png 86
ucf/StillRings/samples/00603.png 86
ucf/StillRings/samples/00604.png 86
ucf/StillRings/samples/00605.png 86
ucf/StillRings/samples/00606.png 86
ucf/StillRings/samples/00607.png 86
ucf/StillRings/samples/00608.png 86
ucf/StillRings/samples/00609.png 86
ucf/StillRings/samples/00610.png 86
ucf/StillRings/samples/00611.png 86
ucf/StillRings/samples/00612.png 86
ucf/StillRings/samples/00613.png 86
ucf/StillRings/samples/00614.png 86
ucf/StillRings/samples/00615.png 86
ucf/StillRings/samples/00616.png 86
ucf/StillRings/samples/00617.png 86
ucf/StillRings/samples/00618.png 86
ucf/StillRings/samples/00619.png 86
ucf/StillRings/samples/00620.png 86
ucf/StillRings/samples/00621.png 86
ucf/StillRings/samples/00622.png 86
ucf/StillRings/samples/00623.png 86
ucf/StillRings/samples/00624.png 86
ucf/StillRings/samples/00625.png 86
ucf/StillRings/samples/00626.png 86
ucf/StillRings/samples/00627.png 86
ucf/StillRings/samples/00628.png 86
ucf/StillRings/samples/00629.png 86
ucf/StillRings/samples/00630.png 86
ucf/StillRings/samples/00631.png 86
ucf/StillRings/samples/00632.png 86
ucf/StillRings/samples/00633.png 86
ucf/StillRings/samples/00634.png 86
ucf/StillRings/samples/00635.png 86
ucf/StillRings/samples/00636.png 86
ucf/StillRings/samples/00637.png 86
ucf/StillRings/samples/00638.png 86
ucf/StillRings/samples/00639.png 86
ucf/StillRings/samples/00640.png 86
ucf/StillRings/samples/00641.png 86
ucf/StillRings/samples/00642.png 86
ucf/StillRings/samples/00643.png 86
ucf/StillRings/samples/00644.png 86
ucf/StillRings/samples/00645.png 86
ucf/StillRings/samples/00646.png 86
ucf/StillRings/samples/00647.png 86
ucf/StillRings/samples/00648.png 86
ucf/StillRings/samples/00649.png 86
ucf/StillRings/samples/00650.png 86
ucf/StillRings/samples/00651.png 86
ucf/StillRings/samples/00652.png 86
ucf/StillRings/samples/00653.png 86
ucf/StillRings/samples/00654.png 86
ucf/StillRings/samples/00655.png 86
ucf/StillRings/samples/00656.png 86
ucf/StillRings/samples/00657.png 86
ucf/StillRings/samples/00658.png 86
ucf/StillRings/samples/00659.png 86
ucf/StillRings/samples/00660.png 86
ucf/StillRings/samples/00661.png 86
ucf/StillRings/samples/00662.png 86
ucf/StillRings/samples/00663.png 86
ucf/StillRings/samples/00664.png 86
ucf/StillRings/samples/00665.png 86
ucf/StillRings/samples/00666.png 86
ucf/StillRings/samples/00667.png 86
ucf/StillRings/samples/00668.png 86
ucf/StillRings/samples/00669.png 86
ucf/StillRings/samples/00670.png 86
ucf/StillRings/samples/00671.png 86
ucf/StillRings/samples/00672.png 86
ucf/StillRings/samples/00673.png 86
ucf/StillRings/samples/00674.png 86
ucf/StillRings/samples/00675.png 86
ucf/StillRings/samples/00676.png 86
ucf/StillRings/samples/00677.png 86
ucf/StillRings/samples/00678.png 86
ucf/StillRings/samples/00679.png 86
ucf/StillRings/samples/00680.png 86
ucf/StillRings/samples/00681.png 86
ucf/StillRings/samples/00682.png 86
ucf/StillRings/samples/00683.png 86
ucf/StillRings/samples/00684.png 86
ucf/StillRings/samples/00685.png 86
ucf/StillRings/samples/00686.png 86
ucf/StillRings/samples/00687.png 86
ucf/StillRings/samples/00688.png 86
ucf/StillRings/samples/00689.png 86
ucf/StillRings/samples/00690.png 86
ucf/StillRings/samples/00691.png 86
ucf/StillRings/samples/00692.png 86
ucf/StillRings/samples/00693.png 86
ucf/StillRings/samples/00694.png 86
ucf/StillRings/samples/00695.png 86
ucf/StillRings/samples/00696.png 86
ucf/StillRings/samples/00697.png 86
ucf/StillRings/samples/00698.png 86
ucf/StillRings/samples/00699.png 86
ucf/StillRings/samples/00700.png 86
ucf/StillRings/samples/00701.png 86
ucf/StillRings/samples/00702.png 86
ucf/StillRings/samples/00703.png 86
ucf/StillRings/samples/00704.png 86
ucf/StillRings/samples/00705.png 86
ucf/StillRings/samples/00706.png 86
ucf/StillRings/samples/00707.png 86
ucf/StillRings/samples/00708.png 86
ucf/StillRings/samples/00709.png 86
ucf/StillRings/samples/00710.png 86
ucf/StillRings/samples/00711.png 86
ucf/StillRings/samples/00712.png 86
ucf/StillRings/samples/00713.png 86
ucf/StillRings/samples/00714.png 86
ucf/StillRings/samples/00715.png 86
ucf/StillRings/samples/00716.png 86
ucf/StillRings/samples/00717.png 86
ucf/StillRings/samples/00718.png 86
ucf/StillRings/samples/00719.png 86
ucf/StillRings/samples/00720.png 86
ucf/StillRings/samples/00721.png 86
ucf/StillRings/samples/00722.png 86
ucf/StillRings/samples/00723.png 86
ucf/StillRings/samples/00724.png 86
ucf/StillRings/samples/00725.png 86
ucf/StillRings/samples/00726.png 86
ucf/StillRings/samples/00727.png 86
ucf/StillRings/samples/00728.png 86
ucf/StillRings/samples/00729.png 86
ucf/StillRings/samples/00730.png 86
ucf/StillRings/samples/00731.png 86
ucf/StillRings/samples/00732.png 86
ucf/StillRings/samples/00733.png 86
ucf/StillRings/samples/00734.png 86
ucf/StillRings/samples/00735.png 86
ucf/StillRings/samples/00736.png 86
ucf/StillRings/samples/00737.png 86
ucf/StillRings/samples/00738.png 86
ucf/StillRings/samples/00739.png 86
ucf/StillRings/samples/00740.png 86
ucf/StillRings/samples/00741.png 86
ucf/StillRings/samples/00742.png 86
ucf/StillRings/samples/00743.png 86
ucf/StillRings/samples/00744.png 86
ucf/StillRings/samples/00745.png 86
ucf/StillRings/samples/00746.png 86
ucf/StillRings/samples/00747.png 86
ucf/StillRings/samples/00748.png 86
ucf/StillRings/samples/00749.png 86
ucf/StillRings/samples/00750.png 86
ucf/StillRings/samples/00751.png 86
ucf/StillRings/samples/00752.png 86
ucf/StillRings/samples/00753.png 86
ucf/StillRings/samples/00754.png 86
ucf/StillRings/samples/00755.png 86
ucf/StillRings/samples/00756.png 86
ucf/StillRings/samples/00757.png 86
ucf/StillRings/samples/00758.png 86
ucf/StillRings/samples/00759.png 86
ucf/StillRings/samples/00760.png 86
ucf/StillRings/samples/00761.png 86
ucf/StillRings/samples/00762.png 86
ucf/StillRings/samples/00763.png 86
ucf/StillRings/samples/00764.png 86
ucf/StillRings/samples/00765.png 86
ucf/StillRings/samples/00766.png 86
ucf/StillRings/samples/00767.png 86
ucf/StillRings/samples/00768.png 86
ucf/StillRings/samples/00769.png 86
ucf/StillRings/samples/00770.png 86
ucf/StillRings/samples/00771.png 86
ucf/StillRings/samples/00772.png 86
ucf/StillRings/samples/00773.png 86
ucf/StillRings/samples/00774.png 86
ucf/StillRings/samples/00775.png 86
ucf/StillRings/samples/00776.png 86
ucf/StillRings/samples/00777.png 86
ucf/StillRings/samples/00778.png 86
ucf/StillRings/samples/00779.png 86
ucf/StillRings/samples/00780.png 86
ucf/StillRings/samples/00781.png 86
ucf/StillRings/samples/00782.png 86
ucf/StillRings/samples/00783.png 86
ucf/StillRings/samples/00784.png 86
ucf/StillRings/samples/00785.png 86
ucf/StillRings/samples/00786.png 86
ucf/StillRings/samples/00787.png 86
ucf/StillRings/samples/00788.png 86
ucf/StillRings/samples/00789.png 86
ucf/StillRings/samples/00790.png 86
ucf/StillRings/samples/00791.png 86
ucf/StillRings/samples/00792.png 86
ucf/StillRings/samples/00793.png 86
ucf/StillRings/samples/00794.png 86
ucf/StillRings/samples/00795.png 86
ucf/StillRings/samples/00796.png 86
ucf/StillRings/samples/00797.png 86
ucf/StillRings/samples/00798.png 86
ucf/StillRings/samples/00799.png 86
ucf/StillRings/samples/00800.png 86
ucf/StillRings/samples/00801.png 86
ucf/StillRings/samples/00802.png 86
ucf/StillRings/samples/00803.png 86
ucf/StillRings/samples/00804.png 86
ucf/StillRings/samples/00805.png 86
ucf/StillRings/samples/00806.png 86
ucf/StillRings/samples/00807.png 86
ucf/StillRings/samples/00808.png 86
ucf/StillRings/samples/00809.png 86
ucf/StillRings/samples/00810.png 86
ucf/StillRings/samples/00811.png 86
ucf/StillRings/samples/00812.png 86
ucf/StillRings/samples/00813.png 86
ucf/StillRings/samples/00814.png 86
ucf/StillRings/samples/00815.png 86
ucf/StillRings/samples/00816.png 86
ucf/StillRings/samples/00817.png 86
ucf/StillRings/samples/00818.png 86
ucf/StillRings/samples/00819.png 86
ucf/StillRings/samples/00820.png 86
ucf/StillRings/samples/00821.png 86
ucf/StillRings/samples/00822.png 86
ucf/StillRings/samples/00823.png 86
ucf/StillRings/samples/00824.png 86
ucf/StillRings/samples/00825.png 86
ucf/StillRings/samples/00826.png 86
ucf/StillRings/samples/00827.png 86
ucf/StillRings/samples/00828.png 86
ucf/StillRings/samples/00829.png 86
ucf/StillRings/samples/00830.png 86
ucf/StillRings/samples/00831.png 86
ucf/StillRings/samples/00832.png 86
ucf/StillRings/samples/00833.png 86
ucf/StillRings/samples/00834.png 86
ucf/StillRings/samples/00835.png 86
ucf/StillRings/samples/00836.png 86
ucf/StillRings/samples/00837.png 86
ucf/StillRings/samples/00838.png 86
ucf/StillRings/samples/00839.png 86
ucf/StillRings/samples/00840.png 86
ucf/StillRings/samples/00841.png 86
ucf/StillRings/samples/00842.png 86
ucf/StillRings/samples/00843.png 86
ucf/StillRings/samples/00844.png 86
ucf/StillRings/samples/00845.png 86
ucf/StillRings/samples/00846.png 86
ucf/StillRings/samples/00847.png 86
ucf/StillRings/samples/00848.png 86
ucf/StillRings/samples/00849.png 86
ucf/StillRings/samples/00850.png 86
ucf/StillRings/samples/00851.png 86
ucf/StillRings/samples/00852.png 86
ucf/StillRings/samples/00853.png 86
ucf/StillRings/samples/00854.png 86
ucf/StillRings/samples/00855.png 86
ucf/StillRings/samples/00856.png 86
ucf/StillRings/samples/00857.png 86
ucf/StillRings/samples/00858.png 86
ucf/StillRings/samples/00859.png 86
ucf/StillRings/samples/00860.png 86
ucf/StillRings/samples/00861.png 86
ucf/StillRings/samples/00862.png 86
ucf/StillRings/samples/00863.png 86
ucf/StillRings/samples/00864.png 86
ucf/StillRings/samples/00865.png 86
ucf/StillRings/samples/00866.png 86
ucf/StillRings/samples/00867.png 86
ucf/StillRings/samples/00868.png 86
ucf/StillRings/samples/00869.png 86
ucf/StillRings/samples/00870.png 86
ucf/StillRings/samples/00871.png 86
ucf/StillRings/samples/00872.png 86
ucf/StillRings/samples/00873.png 86
ucf/StillRings/samples/00874.png 86
ucf/StillRings/samples/00875.png 86
ucf/StillRings/samples/00876.png 86
ucf/StillRings/samples/00877.png 86
ucf/StillRings/samples/00878.png 86
ucf/StillRings/samples/00879.png 86
ucf/StillRings/samples/00880.png 86
ucf/StillRings/samples/00881.png 86
ucf/StillRings/samples/00882.png 86
ucf/StillRings/samples/00883.png 86
ucf/StillRings/samples/00884.png 86
ucf/StillRings/samples/00885.png 86
ucf/StillRings/samples/00886.png 86
ucf/StillRings/samples/00887.png 86
ucf/StillRings/samples/00888.png 86
ucf/StillRings/samples/00889.png 86
ucf/StillRings/samples/00890.png 86
ucf/StillRings/samples/00891.png 86
ucf/StillRings/samples/00892.png 86
ucf/StillRings/samples/00893.png 86
ucf/StillRings/samples/00894.png 86
ucf/StillRings/samples/00895.png 86
ucf/StillRings/samples/00896.png 86
ucf/StillRings/samples/00897.png 86
ucf/StillRings/samples/00898.png 86
ucf/StillRings/samples/00899.png 86
ucf/StillRings/samples/00900.png 86
ucf/StillRings/samples/00901.png 86
ucf/StillRings/samples/00902.png 86
ucf/StillRings/samples/00903.png 86
ucf/StillRings/samples/00904.png 86
ucf/StillRings/samples/00905.png 86
ucf/StillRings/samples/00906.png 86
ucf/StillRings/samples/00907.png 86
ucf/StillRings/samples/00908.png 86
ucf/StillRings/samples/00909.png 86
ucf/StillRings/samples/00910.png 86
ucf/StillRings/samples/00911.png 86
ucf/StillRings/samples/00912.png 86
ucf/StillRings/samples/00913.png 86
ucf/StillRings/samples/00914.png 86
ucf/StillRings/samples/00915.png 86
ucf/StillRings/samples/00916.png 86
ucf/StillRings/samples/00917.png 86
ucf/StillRings/samples/00918.png 86
ucf/StillRings/samples/00919.png 86
ucf/StillRings/samples/00920.png 86
ucf/StillRings/samples/00921.png 86
ucf/StillRings/samples/00922.png 86
ucf/StillRings/samples/00923.png 86
ucf/StillRings/samples/00924.png 86
ucf/StillRings/samples/00925.png 86
ucf/StillRings/samples/00926.png 86
ucf/StillRings/samples/00927.png 86
ucf/StillRings/samples/00928.png 86
ucf/StillRings/samples/00929.png 86
ucf/StillRings/samples/00930.png 86
ucf/StillRings/samples/00931.png 86
ucf/StillRings/samples/00932.png 86
ucf/StillRings/samples/00933.png 86
ucf/StillRings/samples/00934.png 86
ucf/StillRings/samples/00935.png 86
ucf/StillRings/samples/00936.png 86
ucf/StillRings/samples/00937.png 86
ucf/StillRings/samples/00938.png 86
ucf/StillRings/samples/00939.png 86
ucf/StillRings/samples/00940.png 86
ucf/StillRings/samples/00941.png 86
ucf/StillRings/samples/00942.png 86
ucf/StillRings/samples/00943.png 86
ucf/StillRings/samples/00944.png 86
ucf/StillRings/samples/00945.png 86
ucf/StillRings/samples/00946.png 86
ucf/StillRings/samples/00947.png 86
ucf/StillRings/samples/00948.png 86
ucf/StillRings/samples/00949.png 86
ucf/StillRings/samples/00950.png 86
ucf/StillRings/samples/00951.png 86
ucf/StillRings/samples/00952.png 86
ucf/StillRings/samples/00953.png 86
ucf/StillRings/samples/00954.png 86
ucf/StillRings/samples/00955.png 86
ucf/StillRings/samples/00956.png 86
ucf/StillRings/samples/00957.png 86
ucf/StillRings/samples/00958.png 86
ucf/StillRings/samples/00959.png 86
ucf/StillRings/samples/00960.png 86
ucf/StillRings/samples/00961.png 86
ucf/StillRings/samples/00962.png 86
ucf/StillRings/samples/00963.png 86
ucf/StillRings/samples/00964.png 86
ucf/StillRings/samples/00965.png 86
ucf/StillRings/samples/00966.png 86
ucf/StillRings/samples/00967.png 86
ucf/StillRings/samples/00968.png 86
ucf/StillRings/samples/00969.png 86
ucf/StillRings/samples/00970.png 86
ucf/StillRings/samples/00971.png 86
ucf/StillRings/samples/00972.png 86
ucf/StillRings/samples/00973.png 86
ucf/StillRings/samples/00974.png 86
ucf/StillRings/samples/00975.png 86
ucf/StillRings/samples/00976.png 86
ucf/StillRings/samples/00977.png 86
ucf/StillRings/samples/00978.png 86
ucf/StillRings/samples/00979.png 86
ucf/StillRings/samples/00980.png 86
ucf/StillRings/samples/00981.png 86
ucf/StillRings/samples/00982.png 86
ucf/StillRings/samples/00983.png 86
ucf/StillRings/samples/00984.png 86
ucf/StillRings/samples/00985.png 86
ucf/StillRings/samples/00986.png 86
ucf/StillRings/samples/00987.png 86
ucf/StillRings/samples/00988.png 86
ucf/StillRings/samples/00989.png 86
ucf/StillRings/samples/00990.png 86
ucf/StillRings/samples/00991.png 86
ucf/StillRings/samples/00992.png 86
ucf/StillRings/samples/00993.png 86
ucf/StillRings/samples/00994.png 86
ucf/StillRings/samples/00995.png 86
ucf/StillRings/samples/00996.png 86
ucf/StillRings/samples/00997.png 86
ucf/StillRings/samples/00998.png 86
ucf/StillRings/samples/00999.png 86
ucf/HandstandWalking/samples/00000.png 38
ucf/HandstandWalking/samples/00001.png 38
ucf/HandstandWalking/samples/00002.png 38
ucf/HandstandWalking/samples/00003.png 38
ucf/HandstandWalking/samples/00004.png 38
ucf/HandstandWalking/samples/00005.png 38
ucf/HandstandWalking/samples/00006.png 38
ucf/HandstandWalking/samples/00007.png 38
ucf/HandstandWalking/samples/00008.png 38
ucf/HandstandWalking/samples/00009.png 38
ucf/HandstandWalking/samples/00010.png 38
ucf/HandstandWalking/samples/00011.png 38
ucf/HandstandWalking/samples/00012.png 38
ucf/HandstandWalking/samples/00013.png 38
ucf/HandstandWalking/samples/00014.png 38
ucf/HandstandWalking/samples/00015.png 38
ucf/HandstandWalking/samples/00016.png 38
ucf/HandstandWalking/samples/00017.png 38
ucf/HandstandWalking/samples/00018.png 38
ucf/HandstandWalking/samples/00019.png 38
ucf/HandstandWalking/samples/00020.png 38
ucf/HandstandWalking/samples/00021.png 38
ucf/HandstandWalking/samples/00022.png 38
ucf/HandstandWalking/samples/00023.png 38
ucf/HandstandWalking/samples/00024.png 38
ucf/HandstandWalking/samples/00025.png 38
ucf/HandstandWalking/samples/00026.png 38
ucf/HandstandWalking/samples/00027.png 38
ucf/HandstandWalking/samples/00028.png 38
ucf/HandstandWalking/samples/00029.png 38
ucf/HandstandWalking/samples/00030.png 38
ucf/HandstandWalking/samples/00031.png 38
ucf/HandstandWalking/samples/00032.png 38
ucf/HandstandWalking/samples/00033.png 38
ucf/HandstandWalking/samples/00034.png 38
ucf/HandstandWalking/samples/00035.png 38
ucf/HandstandWalking/samples/00036.png 38
ucf/HandstandWalking/samples/00037.png 38
ucf/HandstandWalking/samples/00038.png 38
ucf/HandstandWalking/samples/00039.png 38
ucf/HandstandWalking/samples/00040.png 38
ucf/HandstandWalking/samples/00041.png 38
ucf/HandstandWalking/samples/00042.png 38
ucf/HandstandWalking/samples/00043.png 38
ucf/HandstandWalking/samples/00044.png 38
ucf/HandstandWalking/samples/00045.png 38
ucf/HandstandWalking/samples/00046.png 38
ucf/HandstandWalking/samples/00047.png 38
ucf/HandstandWalking/samples/00048.png 38
ucf/HandstandWalking/samples/00049.png 38
ucf/HandstandWalking/samples/00050.png 38
ucf/HandstandWalking/samples/00051.png 38
ucf/HandstandWalking/samples/00052.png 38
ucf/HandstandWalking/samples/00053.png 38
ucf/HandstandWalking/samples/00054.png 38
ucf/HandstandWalking/samples/00055.png 38
ucf/HandstandWalking/samples/00056.png 38
ucf/HandstandWalking/samples/00057.png 38
ucf/HandstandWalking/samples/00058.png 38
ucf/HandstandWalking/samples/00059.png 38
ucf/HandstandWalking/samples/00060.png 38
ucf/HandstandWalking/samples/00061.png 38
ucf/HandstandWalking/samples/00062.png 38
ucf/HandstandWalking/samples/00063.png 38
ucf/HandstandWalking/samples/00064.png 38
ucf/HandstandWalking/samples/00065.png 38
ucf/HandstandWalking/samples/00066.png 38
ucf/HandstandWalking/samples/00067.png 38
ucf/HandstandWalking/samples/00068.png 38
ucf/HandstandWalking/samples/00069.png 38
ucf/HandstandWalking/samples/00070.png 38
ucf/HandstandWalking/samples/00071.png 38
ucf/HandstandWalking/samples/00072.png 38
ucf/HandstandWalking/samples/00073.png 38
ucf/HandstandWalking/samples/00074.png 38
ucf/HandstandWalking/samples/00075.png 38
ucf/HandstandWalking/samples/00076.png 38
ucf/HandstandWalking/samples/00077.png 38
ucf/HandstandWalking/samples/00078.png 38
ucf/HandstandWalking/samples/00079.png 38
ucf/HandstandWalking/samples/00080.png 38
ucf/HandstandWalking/samples/00081.png 38
ucf/HandstandWalking/samples/00082.png 38
ucf/HandstandWalking/samples/00083.png 38
ucf/HandstandWalking/samples/00084.png 38
ucf/HandstandWalking/samples/00085.png 38
ucf/HandstandWalking/samples/00086.png 38
ucf/HandstandWalking/samples/00087.png 38
ucf/HandstandWalking/samples/00088.png 38
ucf/HandstandWalking/samples/00089.png 38
ucf/HandstandWalking/samples/00090.png 38
ucf/HandstandWalking/samples/00091.png 38
ucf/HandstandWalking/samples/00092.png 38
ucf/HandstandWalking/samples/00093.png 38
ucf/HandstandWalking/samples/00094.png 38
ucf/HandstandWalking/samples/00095.png 38
ucf/HandstandWalking/samples/00096.png 38
ucf/HandstandWalking/samples/00097.png 38
ucf/HandstandWalking/samples/00098.png 38
ucf/HandstandWalking/samples/00099.png 38
ucf/HandstandWalking/samples/00100.png 38
ucf/HandstandWalking/samples/00101.png 38
ucf/HandstandWalking/samples/00102.png 38
ucf/HandstandWalking/samples/00103.png 38
ucf/HandstandWalking/samples/00104.png 38
ucf/HandstandWalking/samples/00105.png 38
ucf/HandstandWalking/samples/00106.png 38
ucf/HandstandWalking/samples/00107.png 38
ucf/HandstandWalking/samples/00108.png 38
ucf/HandstandWalking/samples/00109.png 38
ucf/HandstandWalking/samples/00110.png 38
ucf/HandstandWalking/samples/00111.png 38
ucf/HandstandWalking/samples/00112.png 38
ucf/HandstandWalking/samples/00113.png 38
ucf/HandstandWalking/samples/00114.png 38
ucf/HandstandWalking/samples/00115.png 38
ucf/HandstandWalking/samples/00116.png 38
ucf/HandstandWalking/samples/00117.png 38
ucf/HandstandWalking/samples/00118.png 38
ucf/HandstandWalking/samples/00119.png 38
ucf/HandstandWalking/samples/00120.png 38
ucf/HandstandWalking/samples/00121.png 38
ucf/HandstandWalking/samples/00122.png 38
ucf/HandstandWalking/samples/00123.png 38
ucf/HandstandWalking/samples/00124.png 38
ucf/HandstandWalking/samples/00125.png 38
ucf/HandstandWalking/samples/00126.png 38
ucf/HandstandWalking/samples/00127.png 38
ucf/HandstandWalking/samples/00128.png 38
ucf/HandstandWalking/samples/00129.png 38
ucf/HandstandWalking/samples/00130.png 38
ucf/HandstandWalking/samples/00131.png 38
ucf/HandstandWalking/samples/00132.png 38
ucf/HandstandWalking/samples/00133.png 38
ucf/HandstandWalking/samples/00134.png 38
ucf/HandstandWalking/samples/00135.png 38
ucf/HandstandWalking/samples/00136.png 38
ucf/HandstandWalking/samples/00137.png 38
ucf/HandstandWalking/samples/00138.png 38
ucf/HandstandWalking/samples/00139.png 38
ucf/HandstandWalking/samples/00140.png 38
ucf/HandstandWalking/samples/00141.png 38
ucf/HandstandWalking/samples/00142.png 38
ucf/HandstandWalking/samples/00143.png 38
ucf/HandstandWalking/samples/00144.png 38
ucf/HandstandWalking/samples/00145.png 38
ucf/HandstandWalking/samples/00146.png 38
ucf/HandstandWalking/samples/00147.png 38
ucf/HandstandWalking/samples/00148.png 38
ucf/HandstandWalking/samples/00149.png 38
ucf/HandstandWalking/samples/00150.png 38
ucf/HandstandWalking/samples/00151.png 38
ucf/HandstandWalking/samples/00152.png 38
ucf/HandstandWalking/samples/00153.png 38
ucf/HandstandWalking/samples/00154.png 38
ucf/HandstandWalking/samples/00155.png 38
ucf/HandstandWalking/samples/00156.png 38
ucf/HandstandWalking/samples/00157.png 38
ucf/HandstandWalking/samples/00158.png 38
ucf/HandstandWalking/samples/00159.png 38
ucf/HandstandWalking/samples/00160.png 38
ucf/HandstandWalking/samples/00161.png 38
ucf/HandstandWalking/samples/00162.png 38
ucf/HandstandWalking/samples/00163.png 38
ucf/HandstandWalking/samples/00164.png 38
ucf/HandstandWalking/samples/00165.png 38
ucf/HandstandWalking/samples/00166.png 38
ucf/HandstandWalking/samples/00167.png 38
ucf/HandstandWalking/samples/00168.png 38
ucf/HandstandWalking/samples/00169.png 38
ucf/HandstandWalking/samples/00170.png 38
ucf/HandstandWalking/samples/00171.png 38
ucf/HandstandWalking/samples/00172.png 38
ucf/HandstandWalking/samples/00173.png 38
ucf/HandstandWalking/samples/00174.png 38
ucf/HandstandWalking/samples/00175.png 38
ucf/HandstandWalking/samples/00176.png 38
ucf/HandstandWalking/samples/00177.png 38
ucf/HandstandWalking/samples/00178.png 38
ucf/HandstandWalking/samples/00179.png 38
ucf/HandstandWalking/samples/00180.png 38
ucf/HandstandWalking/samples/00181.png 38
ucf/HandstandWalking/samples/00182.png 38
ucf/HandstandWalking/samples/00183.png 38
ucf/HandstandWalking/samples/00184.png 38
ucf/HandstandWalking/samples/00185.png 38
ucf/HandstandWalking/samples/00186.png 38
ucf/HandstandWalking/samples/00187.png 38
ucf/HandstandWalking/samples/00188.png 38
ucf/HandstandWalking/samples/00189.png 38
ucf/HandstandWalking/samples/00190.png 38
ucf/HandstandWalking/samples/00191.png 38
ucf/HandstandWalking/samples/00192.png 38
ucf/HandstandWalking/samples/00193.png 38
ucf/HandstandWalking/samples/00194.png 38
ucf/HandstandWalking/samples/00195.png 38
ucf/HandstandWalking/samples/00196.png 38
ucf/HandstandWalking/samples/00197.png 38
ucf/HandstandWalking/samples/00198.png 38
ucf/HandstandWalking/samples/00199.png 38
ucf/HandstandWalking/samples/00200.png 38
ucf/HandstandWalking/samples/00201.png 38
ucf/HandstandWalking/samples/00202.png 38
ucf/HandstandWalking/samples/00203.png 38
ucf/HandstandWalking/samples/00204.png 38
ucf/HandstandWalking/samples/00205.png 38
ucf/HandstandWalking/samples/00206.png 38
ucf/HandstandWalking/samples/00207.png 38
ucf/HandstandWalking/samples/00208.png 38
ucf/HandstandWalking/samples/00209.png 38
ucf/HandstandWalking/samples/00210.png 38
ucf/HandstandWalking/samples/00211.png 38
ucf/HandstandWalking/samples/00212.png 38
ucf/HandstandWalking/samples/00213.png 38
ucf/HandstandWalking/samples/00214.png 38
ucf/HandstandWalking/samples/00215.png 38
ucf/HandstandWalking/samples/00216.png 38
ucf/HandstandWalking/samples/00217.png 38
ucf/HandstandWalking/samples/00218.png 38
ucf/HandstandWalking/samples/00219.png 38
ucf/HandstandWalking/samples/00220.png 38
ucf/HandstandWalking/samples/00221.png 38
ucf/HandstandWalking/samples/00222.png 38
ucf/HandstandWalking/samples/00223.png 38
ucf/HandstandWalking/samples/00224.png 38
ucf/HandstandWalking/samples/00225.png 38
ucf/HandstandWalking/samples/00226.png 38
ucf/HandstandWalking/samples/00227.png 38
ucf/HandstandWalking/samples/00228.png 38
ucf/HandstandWalking/samples/00229.png 38
ucf/HandstandWalking/samples/00230.png 38
ucf/HandstandWalking/samples/00231.png 38
ucf/HandstandWalking/samples/00232.png 38
ucf/HandstandWalking/samples/00233.png 38
ucf/HandstandWalking/samples/00234.png 38
ucf/HandstandWalking/samples/00235.png 38
ucf/HandstandWalking/samples/00236.png 38
ucf/HandstandWalking/samples/00237.png 38
ucf/HandstandWalking/samples/00238.png 38
ucf/HandstandWalking/samples/00239.png 38
ucf/HandstandWalking/samples/00240.png 38
ucf/HandstandWalking/samples/00241.png 38
ucf/HandstandWalking/samples/00242.png 38
ucf/HandstandWalking/samples/00243.png 38
ucf/HandstandWalking/samples/00244.png 38
ucf/HandstandWalking/samples/00245.png 38
ucf/HandstandWalking/samples/00246.png 38
ucf/HandstandWalking/samples/00247.png 38
ucf/HandstandWalking/samples/00248.png 38
ucf/HandstandWalking/samples/00249.png 38
ucf/HandstandWalking/samples/00250.png 38
ucf/HandstandWalking/samples/00251.png 38
ucf/HandstandWalking/samples/00252.png 38
ucf/HandstandWalking/samples/00253.png 38
ucf/HandstandWalking/samples/00254.png 38
ucf/HandstandWalking/samples/00255.png 38
ucf/HandstandWalking/samples/00256.png 38
ucf/HandstandWalking/samples/00257.png 38
ucf/HandstandWalking/samples/00258.png 38
ucf/HandstandWalking/samples/00259.png 38
ucf/HandstandWalking/samples/00260.png 38
ucf/HandstandWalking/samples/00261.png 38
ucf/HandstandWalking/samples/00262.png 38
ucf/HandstandWalking/samples/00263.png 38
ucf/HandstandWalking/samples/00264.png 38
ucf/HandstandWalking/samples/00265.png 38
ucf/HandstandWalking/samples/00266.png 38
ucf/HandstandWalking/samples/00267.png 38
ucf/HandstandWalking/samples/00268.png 38
ucf/HandstandWalking/samples/00269.png 38
ucf/HandstandWalking/samples/00270.png 38
ucf/HandstandWalking/samples/00271.png 38
ucf/HandstandWalking/samples/00272.png 38
ucf/HandstandWalking/samples/00273.png 38
ucf/HandstandWalking/samples/00274.png 38
ucf/HandstandWalking/samples/00275.png 38
ucf/HandstandWalking/samples/00276.png 38
ucf/HandstandWalking/samples/00277.png 38
ucf/HandstandWalking/samples/00278.png 38
ucf/HandstandWalking/samples/00279.png 38
ucf/HandstandWalking/samples/00280.png 38
ucf/HandstandWalking/samples/00281.png 38
ucf/HandstandWalking/samples/00282.png 38
ucf/HandstandWalking/samples/00283.png 38
ucf/HandstandWalking/samples/00284.png 38
ucf/HandstandWalking/samples/00285.png 38
ucf/HandstandWalking/samples/00286.png 38
ucf/HandstandWalking/samples/00287.png 38
ucf/HandstandWalking/samples/00288.png 38
ucf/HandstandWalking/samples/00289.png 38
ucf/HandstandWalking/samples/00290.png 38
ucf/HandstandWalking/samples/00291.png 38
ucf/HandstandWalking/samples/00292.png 38
ucf/HandstandWalking/samples/00293.png 38
ucf/HandstandWalking/samples/00294.png 38
ucf/HandstandWalking/samples/00295.png 38
ucf/HandstandWalking/samples/00296.png 38
ucf/HandstandWalking/samples/00297.png 38
ucf/HandstandWalking/samples/00298.png 38
ucf/HandstandWalking/samples/00299.png 38
ucf/HandstandWalking/samples/00300.png 38
ucf/HandstandWalking/samples/00301.png 38
ucf/HandstandWalking/samples/00302.png 38
ucf/HandstandWalking/samples/00303.png 38
ucf/HandstandWalking/samples/00304.png 38
ucf/HandstandWalking/samples/00305.png 38
ucf/HandstandWalking/samples/00306.png 38
ucf/HandstandWalking/samples/00307.png 38
ucf/HandstandWalking/samples/00308.png 38
ucf/HandstandWalking/samples/00309.png 38
ucf/HandstandWalking/samples/00310.png 38
ucf/HandstandWalking/samples/00311.png 38
ucf/HandstandWalking/samples/00312.png 38
ucf/HandstandWalking/samples/00313.png 38
ucf/HandstandWalking/samples/00314.png 38
ucf/HandstandWalking/samples/00315.png 38
ucf/HandstandWalking/samples/00316.png 38
ucf/HandstandWalking/samples/00317.png 38
ucf/HandstandWalking/samples/00318.png 38
ucf/HandstandWalking/samples/00319.png 38
ucf/HandstandWalking/samples/00320.png 38
ucf/HandstandWalking/samples/00321.png 38
ucf/HandstandWalking/samples/00322.png 38
ucf/HandstandWalking/samples/00323.png 38
ucf/HandstandWalking/samples/00324.png 38
ucf/HandstandWalking/samples/00325.png 38
ucf/HandstandWalking/samples/00326.png 38
ucf/HandstandWalking/samples/00327.png 38
ucf/HandstandWalking/samples/00328.png 38
ucf/HandstandWalking/samples/00329.png 38
ucf/HandstandWalking/samples/00330.png 38
ucf/HandstandWalking/samples/00331.png 38
ucf/HandstandWalking/samples/00332.png 38
ucf/HandstandWalking/samples/00333.png 38
ucf/HandstandWalking/samples/00334.png 38
ucf/HandstandWalking/samples/00335.png 38
ucf/HandstandWalking/samples/00336.png 38
ucf/HandstandWalking/samples/00337.png 38
ucf/HandstandWalking/samples/00338.png 38
ucf/HandstandWalking/samples/00339.png 38
ucf/HandstandWalking/samples/00340.png 38
ucf/HandstandWalking/samples/00341.png 38
ucf/HandstandWalking/samples/00342.png 38
ucf/HandstandWalking/samples/00343.png 38
ucf/HandstandWalking/samples/00344.png 38
ucf/HandstandWalking/samples/00345.png 38
ucf/HandstandWalking/samples/00346.png 38
ucf/HandstandWalking/samples/00347.png 38
ucf/HandstandWalking/samples/00348.png 38
ucf/HandstandWalking/samples/00349.png 38
ucf/HandstandWalking/samples/00350.png 38
ucf/HandstandWalking/samples/00351.png 38
ucf/HandstandWalking/samples/00352.png 38
ucf/HandstandWalking/samples/00353.png 38
ucf/HandstandWalking/samples/00354.png 38
ucf/HandstandWalking/samples/00355.png 38
ucf/HandstandWalking/samples/00356.png 38
ucf/HandstandWalking/samples/00357.png 38
ucf/HandstandWalking/samples/00358.png 38
ucf/HandstandWalking/samples/00359.png 38
ucf/HandstandWalking/samples/00360.png 38
ucf/HandstandWalking/samples/00361.png 38
ucf/HandstandWalking/samples/00362.png 38
ucf/HandstandWalking/samples/00363.png 38
ucf/HandstandWalking/samples/00364.png 38
ucf/HandstandWalking/samples/00365.png 38
ucf/HandstandWalking/samples/00366.png 38
ucf/HandstandWalking/samples/00367.png 38
ucf/HandstandWalking/samples/00368.png 38
ucf/HandstandWalking/samples/00369.png 38
ucf/HandstandWalking/samples/00370.png 38
ucf/HandstandWalking/samples/00371.png 38
ucf/HandstandWalking/samples/00372.png 38
ucf/HandstandWalking/samples/00373.png 38
ucf/HandstandWalking/samples/00374.png 38
ucf/HandstandWalking/samples/00375.png 38
ucf/HandstandWalking/samples/00376.png 38
ucf/HandstandWalking/samples/00377.png 38
ucf/HandstandWalking/samples/00378.png 38
ucf/HandstandWalking/samples/00379.png 38
ucf/HandstandWalking/samples/00380.png 38
ucf/HandstandWalking/samples/00381.png 38
ucf/HandstandWalking/samples/00382.png 38
ucf/HandstandWalking/samples/00383.png 38
ucf/HandstandWalking/samples/00384.png 38
ucf/HandstandWalking/samples/00385.png 38
ucf/HandstandWalking/samples/00386.png 38
ucf/HandstandWalking/samples/00387.png 38
ucf/HandstandWalking/samples/00388.png 38
ucf/HandstandWalking/samples/00389.png 38
ucf/HandstandWalking/samples/00390.png 38
ucf/HandstandWalking/samples/00391.png 38
ucf/HandstandWalking/samples/00392.png 38
ucf/HandstandWalking/samples/00393.png 38
ucf/HandstandWalking/samples/00394.png 38
ucf/HandstandWalking/samples/00395.png 38
ucf/HandstandWalking/samples/00396.png 38
ucf/HandstandWalking/samples/00397.png 38
ucf/HandstandWalking/samples/00398.png 38
ucf/HandstandWalking/samples/00399.png 38
ucf/HandstandWalking/samples/00400.png 38
ucf/HandstandWalking/samples/00401.png 38
ucf/HandstandWalking/samples/00402.png 38
ucf/HandstandWalking/samples/00403.png 38
ucf/HandstandWalking/samples/00404.png 38
ucf/HandstandWalking/samples/00405.png 38
ucf/HandstandWalking/samples/00406.png 38
ucf/HandstandWalking/samples/00407.png 38
ucf/HandstandWalking/samples/00408.png 38
ucf/HandstandWalking/samples/00409.png 38
ucf/HandstandWalking/samples/00410.png 38
ucf/HandstandWalking/samples/00411.png 38
ucf/HandstandWalking/samples/00412.png 38
ucf/HandstandWalking/samples/00413.png 38
ucf/HandstandWalking/samples/00414.png 38
ucf/HandstandWalking/samples/00415.png 38
ucf/HandstandWalking/samples/00416.png 38
ucf/HandstandWalking/samples/00417.png 38
ucf/HandstandWalking/samples/00418.png 38
ucf/HandstandWalking/samples/00419.png 38
ucf/HandstandWalking/samples/00420.png 38
ucf/HandstandWalking/samples/00421.png 38
ucf/HandstandWalking/samples/00422.png 38
ucf/HandstandWalking/samples/00423.png 38
ucf/HandstandWalking/samples/00424.png 38
ucf/HandstandWalking/samples/00425.png 38
ucf/HandstandWalking/samples/00426.png 38
ucf/HandstandWalking/samples/00427.png 38
ucf/HandstandWalking/samples/00428.png 38
ucf/HandstandWalking/samples/00429.png 38
ucf/HandstandWalking/samples/00430.png 38
ucf/HandstandWalking/samples/00431.png 38
ucf/HandstandWalking/samples/00432.png 38
ucf/HandstandWalking/samples/00433.png 38
ucf/HandstandWalking/samples/00434.png 38
ucf/HandstandWalking/samples/00435.png 38
ucf/HandstandWalking/samples/00436.png 38
ucf/HandstandWalking/samples/00437.png 38
ucf/HandstandWalking/samples/00438.png 38
ucf/HandstandWalking/samples/00439.png 38
ucf/HandstandWalking/samples/00440.png 38
ucf/HandstandWalking/samples/00441.png 38
ucf/HandstandWalking/samples/00442.png 38
ucf/HandstandWalking/samples/00443.png 38
ucf/HandstandWalking/samples/00444.png 38
ucf/HandstandWalking/samples/00445.png 38
ucf/HandstandWalking/samples/00446.png 38
ucf/HandstandWalking/samples/00447.png 38
ucf/HandstandWalking/samples/00448.png 38
ucf/HandstandWalking/samples/00449.png 38
ucf/HandstandWalking/samples/00450.png 38
ucf/HandstandWalking/samples/00451.png 38
ucf/HandstandWalking/samples/00452.png 38
ucf/HandstandWalking/samples/00453.png 38
ucf/HandstandWalking/samples/00454.png 38
ucf/HandstandWalking/samples/00455.png 38
ucf/HandstandWalking/samples/00456.png 38
ucf/HandstandWalking/samples/00457.png 38
ucf/HandstandWalking/samples/00458.png 38
ucf/HandstandWalking/samples/00459.png 38
ucf/HandstandWalking/samples/00460.png 38
ucf/HandstandWalking/samples/00461.png 38
ucf/HandstandWalking/samples/00462.png 38
ucf/HandstandWalking/samples/00463.png 38
ucf/HandstandWalking/samples/00464.png 38
ucf/HandstandWalking/samples/00465.png 38
ucf/HandstandWalking/samples/00466.png 38
ucf/HandstandWalking/samples/00467.png 38
ucf/HandstandWalking/samples/00468.png 38
ucf/HandstandWalking/samples/00469.png 38
ucf/HandstandWalking/samples/00470.png 38
ucf/HandstandWalking/samples/00471.png 38
ucf/HandstandWalking/samples/00472.png 38
ucf/HandstandWalking/samples/00473.png 38
ucf/HandstandWalking/samples/00474.png 38
ucf/HandstandWalking/samples/00475.png 38
ucf/HandstandWalking/samples/00476.png 38
ucf/HandstandWalking/samples/00477.png 38
ucf/HandstandWalking/samples/00478.png 38
ucf/HandstandWalking/samples/00479.png 38
ucf/HandstandWalking/samples/00480.png 38
ucf/HandstandWalking/samples/00481.png 38
ucf/HandstandWalking/samples/00482.png 38
ucf/HandstandWalking/samples/00483.png 38
ucf/HandstandWalking/samples/00484.png 38
ucf/HandstandWalking/samples/00485.png 38
ucf/HandstandWalking/samples/00486.png 38
ucf/HandstandWalking/samples/00487.png 38
ucf/HandstandWalking/samples/00488.png 38
ucf/HandstandWalking/samples/00489.png 38
ucf/HandstandWalking/samples/00490.png 38
ucf/HandstandWalking/samples/00491.png 38
ucf/HandstandWalking/samples/00492.png 38
ucf/HandstandWalking/samples/00493.png 38
ucf/HandstandWalking/samples/00494.png 38
ucf/HandstandWalking/samples/00495.png 38
ucf/HandstandWalking/samples/00496.png 38
ucf/HandstandWalking/samples/00497.png 38
ucf/HandstandWalking/samples/00498.png 38
ucf/HandstandWalking/samples/00499.png 38
ucf/HandstandWalking/samples/00500.png 38
ucf/HandstandWalking/samples/00501.png 38
ucf/HandstandWalking/samples/00502.png 38
ucf/HandstandWalking/samples/00503.png 38
ucf/HandstandWalking/samples/00504.png 38
ucf/HandstandWalking/samples/00505.png 38
ucf/HandstandWalking/samples/00506.png 38
ucf/HandstandWalking/samples/00507.png 38
ucf/HandstandWalking/samples/00508.png 38
ucf/HandstandWalking/samples/00509.png 38
ucf/HandstandWalking/samples/00510.png 38
ucf/HandstandWalking/samples/00511.png 38
ucf/HandstandWalking/samples/00512.png 38
ucf/HandstandWalking/samples/00513.png 38
ucf/HandstandWalking/samples/00514.png 38
ucf/HandstandWalking/samples/00515.png 38
ucf/HandstandWalking/samples/00516.png 38
ucf/HandstandWalking/samples/00517.png 38
ucf/HandstandWalking/samples/00518.png 38
ucf/HandstandWalking/samples/00519.png 38
ucf/HandstandWalking/samples/00520.png 38
ucf/HandstandWalking/samples/00521.png 38
ucf/HandstandWalking/samples/00522.png 38
ucf/HandstandWalking/samples/00523.png 38
ucf/HandstandWalking/samples/00524.png 38
ucf/HandstandWalking/samples/00525.png 38
ucf/HandstandWalking/samples/00526.png 38
ucf/HandstandWalking/samples/00527.png 38
ucf/HandstandWalking/samples/00528.png 38
ucf/HandstandWalking/samples/00529.png 38
ucf/HandstandWalking/samples/00530.png 38
ucf/HandstandWalking/samples/00531.png 38
ucf/HandstandWalking/samples/00532.png 38
ucf/HandstandWalking/samples/00533.png 38
ucf/HandstandWalking/samples/00534.png 38
ucf/HandstandWalking/samples/00535.png 38
ucf/HandstandWalking/samples/00536.png 38
ucf/HandstandWalking/samples/00537.png 38
ucf/HandstandWalking/samples/00538.png 38
ucf/HandstandWalking/samples/00539.png 38
ucf/HandstandWalking/samples/00540.png 38
ucf/HandstandWalking/samples/00541.png 38
ucf/HandstandWalking/samples/00542.png 38
ucf/HandstandWalking/samples/00543.png 38
ucf/HandstandWalking/samples/00544.png 38
ucf/HandstandWalking/samples/00545.png 38
ucf/HandstandWalking/samples/00546.png 38
ucf/HandstandWalking/samples/00547.png 38
ucf/HandstandWalking/samples/00548.png 38
ucf/HandstandWalking/samples/00549.png 38
ucf/HandstandWalking/samples/00550.png 38
ucf/HandstandWalking/samples/00551.png 38
ucf/HandstandWalking/samples/00552.png 38
ucf/HandstandWalking/samples/00553.png 38
ucf/HandstandWalking/samples/00554.png 38
ucf/HandstandWalking/samples/00555.png 38
ucf/HandstandWalking/samples/00556.png 38
ucf/HandstandWalking/samples/00557.png 38
ucf/HandstandWalking/samples/00558.png 38
ucf/HandstandWalking/samples/00559.png 38
ucf/HandstandWalking/samples/00560.png 38
ucf/HandstandWalking/samples/00561.png 38
ucf/HandstandWalking/samples/00562.png 38
ucf/HandstandWalking/samples/00563.png 38
ucf/HandstandWalking/samples/00564.png 38
ucf/HandstandWalking/samples/00565.png 38
ucf/HandstandWalking/samples/00566.png 38
ucf/HandstandWalking/samples/00567.png 38
ucf/HandstandWalking/samples/00568.png 38
ucf/HandstandWalking/samples/00569.png 38
ucf/HandstandWalking/samples/00570.png 38
ucf/HandstandWalking/samples/00571.png 38
ucf/HandstandWalking/samples/00572.png 38
ucf/HandstandWalking/samples/00573.png 38
ucf/HandstandWalking/samples/00574.png 38
ucf/HandstandWalking/samples/00575.png 38
ucf/HandstandWalking/samples/00576.png 38
ucf/HandstandWalking/samples/00577.png 38
ucf/HandstandWalking/samples/00578.png 38
ucf/HandstandWalking/samples/00579.png 38
ucf/HandstandWalking/samples/00580.png 38
ucf/HandstandWalking/samples/00581.png 38
ucf/HandstandWalking/samples/00582.png 38
ucf/HandstandWalking/samples/00583.png 38
ucf/HandstandWalking/samples/00584.png 38
ucf/HandstandWalking/samples/00585.png 38
ucf/HandstandWalking/samples/00586.png 38
ucf/HandstandWalking/samples/00587.png 38
ucf/HandstandWalking/samples/00588.png 38
ucf/HandstandWalking/samples/00589.png 38
ucf/HandstandWalking/samples/00590.png 38
ucf/HandstandWalking/samples/00591.png 38
ucf/HandstandWalking/samples/00592.png 38
ucf/HandstandWalking/samples/00593.png 38
ucf/HandstandWalking/samples/00594.png 38
ucf/HandstandWalking/samples/00595.png 38
ucf/HandstandWalking/samples/00596.png 38
ucf/HandstandWalking/samples/00597.png 38
ucf/HandstandWalking/samples/00598.png 38
ucf/HandstandWalking/samples/00599.png 38
ucf/HandstandWalking/samples/00600.png 38
ucf/HandstandWalking/samples/00601.png 38
ucf/HandstandWalking/samples/00602.png 38
ucf/HandstandWalking/samples/00603.png 38
ucf/HandstandWalking/samples/00604.png 38
ucf/HandstandWalking/samples/00605.png 38
ucf/HandstandWalking/samples/00606.png 38
ucf/HandstandWalking/samples/00607.png 38
ucf/HandstandWalking/samples/00608.png 38
ucf/HandstandWalking/samples/00609.png 38
ucf/HandstandWalking/samples/00610.png 38
ucf/HandstandWalking/samples/00611.png 38
ucf/HandstandWalking/samples/00612.png 38
ucf/HandstandWalking/samples/00613.png 38
ucf/HandstandWalking/samples/00614.png 38
ucf/HandstandWalking/samples/00615.png 38
ucf/HandstandWalking/samples/00616.png 38
ucf/HandstandWalking/samples/00617.png 38
ucf/HandstandWalking/samples/00618.png 38
ucf/HandstandWalking/samples/00619.png 38
ucf/HandstandWalking/samples/00620.png 38
ucf/HandstandWalking/samples/00621.png 38
ucf/HandstandWalking/samples/00622.png 38
ucf/HandstandWalking/samples/00623.png 38
ucf/HandstandWalking/samples/00624.png 38
ucf/HandstandWalking/samples/00625.png 38
ucf/HandstandWalking/samples/00626.png 38
ucf/HandstandWalking/samples/00627.png 38
ucf/HandstandWalking/samples/00628.png 38
ucf/HandstandWalking/samples/00629.png 38
ucf/HandstandWalking/samples/00630.png 38
ucf/HandstandWalking/samples/00631.png 38
ucf/HandstandWalking/samples/00632.png 38
ucf/HandstandWalking/samples/00633.png 38
ucf/HandstandWalking/samples/00634.png 38
ucf/HandstandWalking/samples/00635.png 38
ucf/HandstandWalking/samples/00636.png 38
ucf/HandstandWalking/samples/00637.png 38
ucf/HandstandWalking/samples/00638.png 38
ucf/HandstandWalking/samples/00639.png 38
ucf/HandstandWalking/samples/00640.png 38
ucf/HandstandWalking/samples/00641.png 38
ucf/HandstandWalking/samples/00642.png 38
ucf/HandstandWalking/samples/00643.png 38
ucf/HandstandWalking/samples/00644.png 38
ucf/HandstandWalking/samples/00645.png 38
ucf/HandstandWalking/samples/00646.png 38
ucf/HandstandWalking/samples/00647.png 38
ucf/HandstandWalking/samples/00648.png 38
ucf/HandstandWalking/samples/00649.png 38
ucf/HandstandWalking/samples/00650.png 38
ucf/HandstandWalking/samples/00651.png 38
ucf/HandstandWalking/samples/00652.png 38
ucf/HandstandWalking/samples/00653.png 38
ucf/HandstandWalking/samples/00654.png 38
ucf/HandstandWalking/samples/00655.png 38
ucf/HandstandWalking/samples/00656.png 38
ucf/HandstandWalking/samples/00657.png 38
ucf/HandstandWalking/samples/00658.png 38
ucf/HandstandWalking/samples/00659.png 38
ucf/HandstandWalking/samples/00660.png 38
ucf/HandstandWalking/samples/00661.png 38
ucf/HandstandWalking/samples/00662.png 38
ucf/HandstandWalking/samples/00663.png 38
ucf/HandstandWalking/samples/00664.png 38
ucf/HandstandWalking/samples/00665.png 38
ucf/HandstandWalking/samples/00666.png 38
ucf/HandstandWalking/samples/00667.png 38
ucf/HandstandWalking/samples/00668.png 38
ucf/HandstandWalking/samples/00669.png 38
ucf/HandstandWalking/samples/00670.png 38
ucf/HandstandWalking/samples/00671.png 38
ucf/HandstandWalking/samples/00672.png 38
ucf/HandstandWalking/samples/00673.png 38
ucf/HandstandWalking/samples/00674.png 38
ucf/HandstandWalking/samples/00675.png 38
ucf/HandstandWalking/samples/00676.png 38
ucf/HandstandWalking/samples/00677.png 38
ucf/HandstandWalking/samples/00678.png 38
ucf/HandstandWalking/samples/00679.png 38
ucf/HandstandWalking/samples/00680.png 38
ucf/HandstandWalking/samples/00681.png 38
ucf/HandstandWalking/samples/00682.png 38
ucf/HandstandWalking/samples/00683.png 38
ucf/HandstandWalking/samples/00684.png 38
ucf/HandstandWalking/samples/00685.png 38
ucf/HandstandWalking/samples/00686.png 38
ucf/HandstandWalking/samples/00687.png 38
ucf/HandstandWalking/samples/00688.png 38
ucf/HandstandWalking/samples/00689.png 38
ucf/HandstandWalking/samples/00690.png 38
ucf/HandstandWalking/samples/00691.png 38
ucf/HandstandWalking/samples/00692.png 38
ucf/HandstandWalking/samples/00693.png 38
ucf/HandstandWalking/samples/00694.png 38
ucf/HandstandWalking/samples/00695.png 38
ucf/HandstandWalking/samples/00696.png 38
ucf/HandstandWalking/samples/00697.png 38
ucf/HandstandWalking/samples/00698.png 38
ucf/HandstandWalking/samples/00699.png 38
ucf/HandstandWalking/samples/00700.png 38
ucf/HandstandWalking/samples/00701.png 38
ucf/HandstandWalking/samples/00702.png 38
ucf/HandstandWalking/samples/00703.png 38
ucf/HandstandWalking/samples/00704.png 38
ucf/HandstandWalking/samples/00705.png 38
ucf/HandstandWalking/samples/00706.png 38
ucf/HandstandWalking/samples/00707.png 38
ucf/HandstandWalking/samples/00708.png 38
ucf/HandstandWalking/samples/00709.png 38
ucf/HandstandWalking/samples/00710.png 38
ucf/HandstandWalking/samples/00711.png 38
ucf/HandstandWalking/samples/00712.png 38
ucf/HandstandWalking/samples/00713.png 38
ucf/HandstandWalking/samples/00714.png 38
ucf/HandstandWalking/samples/00715.png 38
ucf/HandstandWalking/samples/00716.png 38
ucf/HandstandWalking/samples/00717.png 38
ucf/HandstandWalking/samples/00718.png 38
ucf/HandstandWalking/samples/00719.png 38
ucf/HandstandWalking/samples/00720.png 38
ucf/HandstandWalking/samples/00721.png 38
ucf/HandstandWalking/samples/00722.png 38
ucf/HandstandWalking/samples/00723.png 38
ucf/HandstandWalking/samples/00724.png 38
ucf/HandstandWalking/samples/00725.png 38
ucf/HandstandWalking/samples/00726.png 38
ucf/HandstandWalking/samples/00727.png 38
ucf/HandstandWalking/samples/00728.png 38
ucf/HandstandWalking/samples/00729.png 38
ucf/HandstandWalking/samples/00730.png 38
ucf/HandstandWalking/samples/00731.png 38
ucf/HandstandWalking/samples/00732.png 38
ucf/HandstandWalking/samples/00733.png 38
ucf/HandstandWalking/samples/00734.png 38
ucf/HandstandWalking/samples/00735.png 38
ucf/HandstandWalking/samples/00736.png 38
ucf/HandstandWalking/samples/00737.png 38
ucf/HandstandWalking/samples/00738.png 38
ucf/HandstandWalking/samples/00739.png 38
ucf/HandstandWalking/samples/00740.png 38
ucf/HandstandWalking/samples/00741.png 38
ucf/HandstandWalking/samples/00742.png 38
ucf/HandstandWalking/samples/00743.png 38
ucf/HandstandWalking/samples/00744.png 38
ucf/HandstandWalking/samples/00745.png 38
ucf/HandstandWalking/samples/00746.png 38
ucf/HandstandWalking/samples/00747.png 38
ucf/HandstandWalking/samples/00748.png 38
ucf/HandstandWalking/samples/00749.png 38
ucf/HandstandWalking/samples/00750.png 38
ucf/HandstandWalking/samples/00751.png 38
ucf/HandstandWalking/samples/00752.png 38
ucf/HandstandWalking/samples/00753.png 38
ucf/HandstandWalking/samples/00754.png 38
ucf/HandstandWalking/samples/00755.png 38
ucf/HandstandWalking/samples/00756.png 38
ucf/HandstandWalking/samples/00757.png 38
ucf/HandstandWalking/samples/00758.png 38
ucf/HandstandWalking/samples/00759.png 38
ucf/HandstandWalking/samples/00760.png 38
ucf/HandstandWalking/samples/00761.png 38
ucf/HandstandWalking/samples/00762.png 38
ucf/HandstandWalking/samples/00763.png 38
ucf/HandstandWalking/samples/00764.png 38
ucf/HandstandWalking/samples/00765.png 38
ucf/HandstandWalking/samples/00766.png 38
ucf/HandstandWalking/samples/00767.png 38
ucf/HandstandWalking/samples/00768.png 38
ucf/HandstandWalking/samples/00769.png 38
ucf/HandstandWalking/samples/00770.png 38
ucf/HandstandWalking/samples/00771.png 38
ucf/HandstandWalking/samples/00772.png 38
ucf/HandstandWalking/samples/00773.png 38
ucf/HandstandWalking/samples/00774.png 38
ucf/HandstandWalking/samples/00775.png 38
ucf/HandstandWalking/samples/00776.png 38
ucf/HandstandWalking/samples/00777.png 38
ucf/HandstandWalking/samples/00778.png 38
ucf/HandstandWalking/samples/00779.png 38
ucf/HandstandWalking/samples/00780.png 38
ucf/HandstandWalking/samples/00781.png 38
ucf/HandstandWalking/samples/00782.png 38
ucf/HandstandWalking/samples/00783.png 38
ucf/HandstandWalking/samples/00784.png 38
ucf/HandstandWalking/samples/00785.png 38
ucf/HandstandWalking/samples/00786.png 38
ucf/HandstandWalking/samples/00787.png 38
ucf/HandstandWalking/samples/00788.png 38
ucf/HandstandWalking/samples/00789.png 38
ucf/HandstandWalking/samples/00790.png 38
ucf/HandstandWalking/samples/00791.png 38
ucf/HandstandWalking/samples/00792.png 38
ucf/HandstandWalking/samples/00793.png 38
ucf/HandstandWalking/samples/00794.png 38
ucf/HandstandWalking/samples/00795.png 38
ucf/HandstandWalking/samples/00796.png 38
ucf/HandstandWalking/samples/00797.png 38
ucf/HandstandWalking/samples/00798.png 38
ucf/HandstandWalking/samples/00799.png 38
ucf/HandstandWalking/samples/00800.png 38
ucf/HandstandWalking/samples/00801.png 38
ucf/HandstandWalking/samples/00802.png 38
ucf/HandstandWalking/samples/00803.png 38
ucf/HandstandWalking/samples/00804.png 38
ucf/HandstandWalking/samples/00805.png 38
ucf/HandstandWalking/samples/00806.png 38
ucf/HandstandWalking/samples/00807.png 38
ucf/HandstandWalking/samples/00808.png 38
ucf/HandstandWalking/samples/00809.png 38
ucf/HandstandWalking/samples/00810.png 38
ucf/HandstandWalking/samples/00811.png 38
ucf/HandstandWalking/samples/00812.png 38
ucf/HandstandWalking/samples/00813.png 38
ucf/HandstandWalking/samples/00814.png 38
ucf/HandstandWalking/samples/00815.png 38
ucf/HandstandWalking/samples/00816.png 38
ucf/HandstandWalking/samples/00817.png 38
ucf/HandstandWalking/samples/00818.png 38
ucf/HandstandWalking/samples/00819.png 38
ucf/HandstandWalking/samples/00820.png 38
ucf/HandstandWalking/samples/00821.png 38
ucf/HandstandWalking/samples/00822.png 38
ucf/HandstandWalking/samples/00823.png 38
ucf/HandstandWalking/samples/00824.png 38
ucf/HandstandWalking/samples/00825.png 38
ucf/HandstandWalking/samples/00826.png 38
ucf/HandstandWalking/samples/00827.png 38
ucf/HandstandWalking/samples/00828.png 38
ucf/HandstandWalking/samples/00829.png 38
ucf/HandstandWalking/samples/00830.png 38
ucf/HandstandWalking/samples/00831.png 38
ucf/HandstandWalking/samples/00832.png 38
ucf/HandstandWalking/samples/00833.png 38
ucf/HandstandWalking/samples/00834.png 38
ucf/HandstandWalking/samples/00835.png 38
ucf/HandstandWalking/samples/00836.png 38
ucf/HandstandWalking/samples/00837.png 38
ucf/HandstandWalking/samples/00838.png 38
ucf/HandstandWalking/samples/00839.png 38
ucf/HandstandWalking/samples/00840.png 38
ucf/HandstandWalking/samples/00841.png 38
ucf/HandstandWalking/samples/00842.png 38
ucf/HandstandWalking/samples/00843.png 38
ucf/HandstandWalking/samples/00844.png 38
ucf/HandstandWalking/samples/00845.png 38
ucf/HandstandWalking/samples/00846.png 38
ucf/HandstandWalking/samples/00847.png 38
ucf/HandstandWalking/samples/00848.png 38
ucf/HandstandWalking/samples/00849.png 38
ucf/HandstandWalking/samples/00850.png 38
ucf/HandstandWalking/samples/00851.png 38
ucf/HandstandWalking/samples/00852.png 38
ucf/HandstandWalking/samples/00853.png 38
ucf/HandstandWalking/samples/00854.png 38
ucf/HandstandWalking/samples/00855.png 38
ucf/HandstandWalking/samples/00856.png 38
ucf/HandstandWalking/samples/00857.png 38
ucf/HandstandWalking/samples/00858.png 38
ucf/HandstandWalking/samples/00859.png 38
ucf/HandstandWalking/samples/00860.png 38
ucf/HandstandWalking/samples/00861.png 38
ucf/HandstandWalking/samples/00862.png 38
ucf/HandstandWalking/samples/00863.png 38
ucf/HandstandWalking/samples/00864.png 38
ucf/HandstandWalking/samples/00865.png 38
ucf/HandstandWalking/samples/00866.png 38
ucf/HandstandWalking/samples/00867.png 38
ucf/HandstandWalking/samples/00868.png 38
ucf/HandstandWalking/samples/00869.png 38
ucf/HandstandWalking/samples/00870.png 38
ucf/HandstandWalking/samples/00871.png 38
ucf/HandstandWalking/samples/00872.png 38
ucf/HandstandWalking/samples/00873.png 38
ucf/HandstandWalking/samples/00874.png 38
ucf/HandstandWalking/samples/00875.png 38
ucf/HandstandWalking/samples/00876.png 38
ucf/HandstandWalking/samples/00877.png 38
ucf/HandstandWalking/samples/00878.png 38
ucf/HandstandWalking/samples/00879.png 38
ucf/HandstandWalking/samples/00880.png 38
ucf/HandstandWalking/samples/00881.png 38
ucf/HandstandWalking/samples/00882.png 38
ucf/HandstandWalking/samples/00883.png 38
ucf/HandstandWalking/samples/00884.png 38
ucf/HandstandWalking/samples/00885.png 38
ucf/HandstandWalking/samples/00886.png 38
ucf/HandstandWalking/samples/00887.png 38
ucf/HandstandWalking/samples/00888.png 38
ucf/HandstandWalking/samples/00889.png 38
ucf/HandstandWalking/samples/00890.png 38
ucf/HandstandWalking/samples/00891.png 38
ucf/HandstandWalking/samples/00892.png 38
ucf/HandstandWalking/samples/00893.png 38
ucf/HandstandWalking/samples/00894.png 38
ucf/HandstandWalking/samples/00895.png 38
ucf/HandstandWalking/samples/00896.png 38
ucf/HandstandWalking/samples/00897.png 38
ucf/HandstandWalking/samples/00898.png 38
ucf/HandstandWalking/samples/00899.png 38
ucf/HandstandWalking/samples/00900.png 38
ucf/HandstandWalking/samples/00901.png 38
ucf/HandstandWalking/samples/00902.png 38
ucf/HandstandWalking/samples/00903.png 38
ucf/HandstandWalking/samples/00904.png 38
ucf/HandstandWalking/samples/00905.png 38
ucf/HandstandWalking/samples/00906.png 38
ucf/HandstandWalking/samples/00907.png 38
ucf/HandstandWalking/samples/00908.png 38
ucf/HandstandWalking/samples/00909.png 38
ucf/HandstandWalking/samples/00910.png 38
ucf/HandstandWalking/samples/00911.png 38
ucf/HandstandWalking/samples/00912.png 38
ucf/HandstandWalking/samples/00913.png 38
ucf/HandstandWalking/samples/00914.png 38
ucf/HandstandWalking/samples/00915.png 38
ucf/HandstandWalking/samples/00916.png 38
ucf/HandstandWalking/samples/00917.png 38
ucf/HandstandWalking/samples/00918.png 38
ucf/HandstandWalking/samples/00919.png 38
ucf/HandstandWalking/samples/00920.png 38
ucf/HandstandWalking/samples/00921.png 38
ucf/HandstandWalking/samples/00922.png 38
ucf/HandstandWalking/samples/00923.png 38
ucf/HandstandWalking/samples/00924.png 38
ucf/HandstandWalking/samples/00925.png 38
ucf/HandstandWalking/samples/00926.png 38
ucf/HandstandWalking/samples/00927.png 38
ucf/HandstandWalking/samples/00928.png 38
ucf/HandstandWalking/samples/00929.png 38
ucf/HandstandWalking/samples/00930.png 38
ucf/HandstandWalking/samples/00931.png 38
ucf/HandstandWalking/samples/00932.png 38
ucf/HandstandWalking/samples/00933.png 38
ucf/HandstandWalking/samples/00934.png 38
ucf/HandstandWalking/samples/00935.png 38
ucf/HandstandWalking/samples/00936.png 38
ucf/HandstandWalking/samples/00937.png 38
ucf/HandstandWalking/samples/00938.png 38
ucf/HandstandWalking/samples/00939.png 38
ucf/HandstandWalking/samples/00940.png 38
ucf/HandstandWalking/samples/00941.png 38
ucf/HandstandWalking/samples/00942.png 38
ucf/HandstandWalking/samples/00943.png 38
ucf/HandstandWalking/samples/00944.png 38
ucf/HandstandWalking/samples/00945.png 38
ucf/HandstandWalking/samples/00946.png 38
ucf/HandstandWalking/samples/00947.png 38
ucf/HandstandWalking/samples/00948.png 38
ucf/HandstandWalking/samples/00949.png 38
ucf/HandstandWalking/samples/00950.png 38
ucf/HandstandWalking/samples/00951.png 38
ucf/HandstandWalking/samples/00952.png 38
ucf/HandstandWalking/samples/00953.png 38
ucf/HandstandWalking/samples/00954.png 38
ucf/HandstandWalking/samples/00955.png 38
ucf/HandstandWalking/samples/00956.png 38
ucf/HandstandWalking/samples/00957.png 38
ucf/HandstandWalking/samples/00958.png 38
ucf/HandstandWalking/samples/00959.png 38
ucf/HandstandWalking/samples/00960.png 38
ucf/HandstandWalking/samples/00961.png 38
ucf/HandstandWalking/samples/00962.png 38
ucf/HandstandWalking/samples/00963.png 38
ucf/HandstandWalking/samples/00964.png 38
ucf/HandstandWalking/samples/00965.png 38
ucf/HandstandWalking/samples/00966.png 38
ucf/HandstandWalking/samples/00967.png 38
ucf/HandstandWalking/samples/00968.png 38
ucf/HandstandWalking/samples/00969.png 38
ucf/HandstandWalking/samples/00970.png 38
ucf/HandstandWalking/samples/00971.png 38
ucf/HandstandWalking/samples/00972.png 38
ucf/HandstandWalking/samples/00973.png 38
ucf/HandstandWalking/samples/00974.png 38
ucf/HandstandWalking/samples/00975.png 38
ucf/HandstandWalking/samples/00976.png 38
ucf/HandstandWalking/samples/00977.png 38
ucf/HandstandWalking/samples/00978.png 38
ucf/HandstandWalking/samples/00979.png 38
ucf/HandstandWalking/samples/00980.png 38
ucf/HandstandWalking/samples/00981.png 38
ucf/HandstandWalking/samples/00982.png 38
ucf/HandstandWalking/samples/00983.png 38
ucf/HandstandWalking/samples/00984.png 38
ucf/HandstandWalking/samples/00985.png 38
ucf/HandstandWalking/samples/00986.png 38
ucf/HandstandWalking/samples/00987.png 38
ucf/HandstandWalking/samples/00988.png 38
ucf/HandstandWalking/samples/00989.png 38
ucf/HandstandWalking/samples/00990.png 38
ucf/HandstandWalking/samples/00991.png 38
ucf/HandstandWalking/samples/00992.png 38
ucf/HandstandWalking/samples/00993.png 38
ucf/HandstandWalking/samples/00994.png 38
ucf/HandstandWalking/samples/00995.png 38
ucf/HandstandWalking/samples/00996.png 38
ucf/HandstandWalking/samples/00997.png 38
ucf/HandstandWalking/samples/00998.png 38
ucf/HandstandWalking/samples/00999.png 38
ucf/JavelinThrow/samples/00000.png 45
ucf/JavelinThrow/samples/00001.png 45
ucf/JavelinThrow/samples/00002.png 45
ucf/JavelinThrow/samples/00003.png 45
ucf/JavelinThrow/samples/00004.png 45
ucf/JavelinThrow/samples/00005.png 45
ucf/JavelinThrow/samples/00006.png 45
ucf/JavelinThrow/samples/00007.png 45
ucf/JavelinThrow/samples/00008.png 45
ucf/JavelinThrow/samples/00009.png 45
ucf/JavelinThrow/samples/00010.png 45
ucf/JavelinThrow/samples/00011.png 45
ucf/JavelinThrow/samples/00012.png 45
ucf/JavelinThrow/samples/00013.png 45
ucf/JavelinThrow/samples/00014.png 45
ucf/JavelinThrow/samples/00015.png 45
ucf/JavelinThrow/samples/00016.png 45
ucf/JavelinThrow/samples/00017.png 45
ucf/JavelinThrow/samples/00018.png 45
ucf/JavelinThrow/samples/00019.png 45
ucf/JavelinThrow/samples/00020.png 45
ucf/JavelinThrow/samples/00021.png 45
ucf/JavelinThrow/samples/00022.png 45
ucf/JavelinThrow/samples/00023.png 45
ucf/JavelinThrow/samples/00024.png 45
ucf/JavelinThrow/samples/00025.png 45
ucf/JavelinThrow/samples/00026.png 45
ucf/JavelinThrow/samples/00027.png 45
ucf/JavelinThrow/samples/00028.png 45
ucf/JavelinThrow/samples/00029.png 45
ucf/JavelinThrow/samples/00030.png 45
ucf/JavelinThrow/samples/00031.png 45
ucf/JavelinThrow/samples/00032.png 45
ucf/JavelinThrow/samples/00033.png 45
ucf/JavelinThrow/samples/00034.png 45
ucf/JavelinThrow/samples/00035.png 45
ucf/JavelinThrow/samples/00036.png 45
ucf/JavelinThrow/samples/00037.png 45
ucf/JavelinThrow/samples/00038.png 45
ucf/JavelinThrow/samples/00039.png 45
ucf/JavelinThrow/samples/00040.png 45
ucf/JavelinThrow/samples/00041.png 45
ucf/JavelinThrow/samples/00042.png 45
ucf/JavelinThrow/samples/00043.png 45
ucf/JavelinThrow/samples/00044.png 45
ucf/JavelinThrow/samples/00045.png 45
ucf/JavelinThrow/samples/00046.png 45
ucf/JavelinThrow/samples/00047.png 45
ucf/JavelinThrow/samples/00048.png 45
ucf/JavelinThrow/samples/00049.png 45
ucf/JavelinThrow/samples/00050.png 45
ucf/JavelinThrow/samples/00051.png 45
ucf/JavelinThrow/samples/00052.png 45
ucf/JavelinThrow/samples/00053.png 45
ucf/JavelinThrow/samples/00054.png 45
ucf/JavelinThrow/samples/00055.png 45
ucf/JavelinThrow/samples/00056.png 45
ucf/JavelinThrow/samples/00057.png 45
ucf/JavelinThrow/samples/00058.png 45
ucf/JavelinThrow/samples/00059.png 45
ucf/JavelinThrow/samples/00060.png 45
ucf/JavelinThrow/samples/00061.png 45
ucf/JavelinThrow/samples/00062.png 45
ucf/JavelinThrow/samples/00063.png 45
ucf/JavelinThrow/samples/00064.png 45
ucf/JavelinThrow/samples/00065.png 45
ucf/JavelinThrow/samples/00066.png 45
ucf/JavelinThrow/samples/00067.png 45
ucf/JavelinThrow/samples/00068.png 45
ucf/JavelinThrow/samples/00069.png 45
ucf/JavelinThrow/samples/00070.png 45
ucf/JavelinThrow/samples/00071.png 45
ucf/JavelinThrow/samples/00072.png 45
ucf/JavelinThrow/samples/00073.png 45
ucf/JavelinThrow/samples/00074.png 45
ucf/JavelinThrow/samples/00075.png 45
ucf/JavelinThrow/samples/00076.png 45
ucf/JavelinThrow/samples/00077.png 45
ucf/JavelinThrow/samples/00078.png 45
ucf/JavelinThrow/samples/00079.png 45
ucf/JavelinThrow/samples/00080.png 45
ucf/JavelinThrow/samples/00081.png 45
ucf/JavelinThrow/samples/00082.png 45
ucf/JavelinThrow/samples/00083.png 45
ucf/JavelinThrow/samples/00084.png 45
ucf/JavelinThrow/samples/00085.png 45
ucf/JavelinThrow/samples/00086.png 45
ucf/JavelinThrow/samples/00087.png 45
ucf/JavelinThrow/samples/00088.png 45
ucf/JavelinThrow/samples/00089.png 45
ucf/JavelinThrow/samples/00090.png 45
ucf/JavelinThrow/samples/00091.png 45
ucf/JavelinThrow/samples/00092.png 45
ucf/JavelinThrow/samples/00093.png 45
ucf/JavelinThrow/samples/00094.png 45
ucf/JavelinThrow/samples/00095.png 45
ucf/JavelinThrow/samples/00096.png 45
ucf/JavelinThrow/samples/00097.png 45
ucf/JavelinThrow/samples/00098.png 45
ucf/JavelinThrow/samples/00099.png 45
ucf/JavelinThrow/samples/00100.png 45
ucf/JavelinThrow/samples/00101.png 45
ucf/JavelinThrow/samples/00102.png 45
ucf/JavelinThrow/samples/00103.png 45
ucf/JavelinThrow/samples/00104.png 45
ucf/JavelinThrow/samples/00105.png 45
ucf/JavelinThrow/samples/00106.png 45
ucf/JavelinThrow/samples/00107.png 45
ucf/JavelinThrow/samples/00108.png 45
ucf/JavelinThrow/samples/00109.png 45
ucf/JavelinThrow/samples/00110.png 45
ucf/JavelinThrow/samples/00111.png 45
ucf/JavelinThrow/samples/00112.png 45
ucf/JavelinThrow/samples/00113.png 45
ucf/JavelinThrow/samples/00114.png 45
ucf/JavelinThrow/samples/00115.png 45
ucf/JavelinThrow/samples/00116.png 45
ucf/JavelinThrow/samples/00117.png 45
ucf/JavelinThrow/samples/00118.png 45
ucf/JavelinThrow/samples/00119.png 45
ucf/JavelinThrow/samples/00120.png 45
ucf/JavelinThrow/samples/00121.png 45
ucf/JavelinThrow/samples/00122.png 45
ucf/JavelinThrow/samples/00123.png 45
ucf/JavelinThrow/samples/00124.png 45
ucf/JavelinThrow/samples/00125.png 45
ucf/JavelinThrow/samples/00126.png 45
ucf/JavelinThrow/samples/00127.png 45
ucf/JavelinThrow/samples/00128.png 45
ucf/JavelinThrow/samples/00129.png 45
ucf/JavelinThrow/samples/00130.png 45
ucf/JavelinThrow/samples/00131.png 45
ucf/JavelinThrow/samples/00132.png 45
ucf/JavelinThrow/samples/00133.png 45
ucf/JavelinThrow/samples/00134.png 45
ucf/JavelinThrow/samples/00135.png 45
ucf/JavelinThrow/samples/00136.png 45
ucf/JavelinThrow/samples/00137.png 45
ucf/JavelinThrow/samples/00138.png 45
ucf/JavelinThrow/samples/00139.png 45
ucf/JavelinThrow/samples/00140.png 45
ucf/JavelinThrow/samples/00141.png 45
ucf/JavelinThrow/samples/00142.png 45
ucf/JavelinThrow/samples/00143.png 45
ucf/JavelinThrow/samples/00144.png 45
ucf/JavelinThrow/samples/00145.png 45
ucf/JavelinThrow/samples/00146.png 45
ucf/JavelinThrow/samples/00147.png 45
ucf/JavelinThrow/samples/00148.png 45
ucf/JavelinThrow/samples/00149.png 45
ucf/JavelinThrow/samples/00150.png 45
ucf/JavelinThrow/samples/00151.png 45
ucf/JavelinThrow/samples/00152.png 45
ucf/JavelinThrow/samples/00153.png 45
ucf/JavelinThrow/samples/00154.png 45
ucf/JavelinThrow/samples/00155.png 45
ucf/JavelinThrow/samples/00156.png 45
ucf/JavelinThrow/samples/00157.png 45
ucf/JavelinThrow/samples/00158.png 45
ucf/JavelinThrow/samples/00159.png 45
ucf/JavelinThrow/samples/00160.png 45
ucf/JavelinThrow/samples/00161.png 45
ucf/JavelinThrow/samples/00162.png 45
ucf/JavelinThrow/samples/00163.png 45
ucf/JavelinThrow/samples/00164.png 45
ucf/JavelinThrow/samples/00165.png 45
ucf/JavelinThrow/samples/00166.png 45
ucf/JavelinThrow/samples/00167.png 45
ucf/JavelinThrow/samples/00168.png 45
ucf/JavelinThrow/samples/00169.png 45
ucf/JavelinThrow/samples/00170.png 45
ucf/JavelinThrow/samples/00171.png 45
ucf/JavelinThrow/samples/00172.png 45
ucf/JavelinThrow/samples/00173.png 45
ucf/JavelinThrow/samples/00174.png 45
ucf/JavelinThrow/samples/00175.png 45
ucf/JavelinThrow/samples/00176.png 45
ucf/JavelinThrow/samples/00177.png 45
ucf/JavelinThrow/samples/00178.png 45
ucf/JavelinThrow/samples/00179.png 45
ucf/JavelinThrow/samples/00180.png 45
ucf/JavelinThrow/samples/00181.png 45
ucf/JavelinThrow/samples/00182.png 45
ucf/JavelinThrow/samples/00183.png 45
ucf/JavelinThrow/samples/00184.png 45
ucf/JavelinThrow/samples/00185.png 45
ucf/JavelinThrow/samples/00186.png 45
ucf/JavelinThrow/samples/00187.png 45
ucf/JavelinThrow/samples/00188.png 45
ucf/JavelinThrow/samples/00189.png 45
ucf/JavelinThrow/samples/00190.png 45
ucf/JavelinThrow/samples/00191.png 45
ucf/JavelinThrow/samples/00192.png 45
ucf/JavelinThrow/samples/00193.png 45
ucf/JavelinThrow/samples/00194.png 45
ucf/JavelinThrow/samples/00195.png 45
ucf/JavelinThrow/samples/00196.png 45
ucf/JavelinThrow/samples/00197.png 45
ucf/JavelinThrow/samples/00198.png 45
ucf/JavelinThrow/samples/00199.png 45
ucf/JavelinThrow/samples/00200.png 45
ucf/JavelinThrow/samples/00201.png 45
ucf/JavelinThrow/samples/00202.png 45
ucf/JavelinThrow/samples/00203.png 45
ucf/JavelinThrow/samples/00204.png 45
ucf/JavelinThrow/samples/00205.png 45
ucf/JavelinThrow/samples/00206.png 45
ucf/JavelinThrow/samples/00207.png 45
ucf/JavelinThrow/samples/00208.png 45
ucf/JavelinThrow/samples/00209.png 45
ucf/JavelinThrow/samples/00210.png 45
ucf/JavelinThrow/samples/00211.png 45
ucf/JavelinThrow/samples/00212.png 45
ucf/JavelinThrow/samples/00213.png 45
ucf/JavelinThrow/samples/00214.png 45
ucf/JavelinThrow/samples/00215.png 45
ucf/JavelinThrow/samples/00216.png 45
ucf/JavelinThrow/samples/00217.png 45
ucf/JavelinThrow/samples/00218.png 45
ucf/JavelinThrow/samples/00219.png 45
ucf/JavelinThrow/samples/00220.png 45
ucf/JavelinThrow/samples/00221.png 45
ucf/JavelinThrow/samples/00222.png 45
ucf/JavelinThrow/samples/00223.png 45
ucf/JavelinThrow/samples/00224.png 45
ucf/JavelinThrow/samples/00225.png 45
ucf/JavelinThrow/samples/00226.png 45
ucf/JavelinThrow/samples/00227.png 45
ucf/JavelinThrow/samples/00228.png 45
ucf/JavelinThrow/samples/00229.png 45
ucf/JavelinThrow/samples/00230.png 45
ucf/JavelinThrow/samples/00231.png 45
ucf/JavelinThrow/samples/00232.png 45
ucf/JavelinThrow/samples/00233.png 45
ucf/JavelinThrow/samples/00234.png 45
ucf/JavelinThrow/samples/00235.png 45
ucf/JavelinThrow/samples/00236.png 45
ucf/JavelinThrow/samples/00237.png 45
ucf/JavelinThrow/samples/00238.png 45
ucf/JavelinThrow/samples/00239.png 45
ucf/JavelinThrow/samples/00240.png 45
ucf/JavelinThrow/samples/00241.png 45
ucf/JavelinThrow/samples/00242.png 45
ucf/JavelinThrow/samples/00243.png 45
ucf/JavelinThrow/samples/00244.png 45
ucf/JavelinThrow/samples/00245.png 45
ucf/JavelinThrow/samples/00246.png 45
ucf/JavelinThrow/samples/00247.png 45
ucf/JavelinThrow/samples/00248.png 45
ucf/JavelinThrow/samples/00249.png 45
ucf/JavelinThrow/samples/00250.png 45
ucf/JavelinThrow/samples/00251.png 45
ucf/JavelinThrow/samples/00252.png 45
ucf/JavelinThrow/samples/00253.png 45
ucf/JavelinThrow/samples/00254.png 45
ucf/JavelinThrow/samples/00255.png 45
ucf/JavelinThrow/samples/00256.png 45
ucf/JavelinThrow/samples/00257.png 45
ucf/JavelinThrow/samples/00258.png 45
ucf/JavelinThrow/samples/00259.png 45
ucf/JavelinThrow/samples/00260.png 45
ucf/JavelinThrow/samples/00261.png 45
ucf/JavelinThrow/samples/00262.png 45
ucf/JavelinThrow/samples/00263.png 45
ucf/JavelinThrow/samples/00264.png 45
ucf/JavelinThrow/samples/00265.png 45
ucf/JavelinThrow/samples/00266.png 45
ucf/JavelinThrow/samples/00267.png 45
ucf/JavelinThrow/samples/00268.png 45
ucf/JavelinThrow/samples/00269.png 45
ucf/JavelinThrow/samples/00270.png 45
ucf/JavelinThrow/samples/00271.png 45
ucf/JavelinThrow/samples/00272.png 45
ucf/JavelinThrow/samples/00273.png 45
ucf/JavelinThrow/samples/00274.png 45
ucf/JavelinThrow/samples/00275.png 45
ucf/JavelinThrow/samples/00276.png 45
ucf/JavelinThrow/samples/00277.png 45
ucf/JavelinThrow/samples/00278.png 45
ucf/JavelinThrow/samples/00279.png 45
ucf/JavelinThrow/samples/00280.png 45
ucf/JavelinThrow/samples/00281.png 45
ucf/JavelinThrow/samples/00282.png 45
ucf/JavelinThrow/samples/00283.png 45
ucf/JavelinThrow/samples/00284.png 45
ucf/JavelinThrow/samples/00285.png 45
ucf/JavelinThrow/samples/00286.png 45
ucf/JavelinThrow/samples/00287.png 45
ucf/JavelinThrow/samples/00288.png 45
ucf/JavelinThrow/samples/00289.png 45
ucf/JavelinThrow/samples/00290.png 45
ucf/JavelinThrow/samples/00291.png 45
ucf/JavelinThrow/samples/00292.png 45
ucf/JavelinThrow/samples/00293.png 45
ucf/JavelinThrow/samples/00294.png 45
ucf/JavelinThrow/samples/00295.png 45
ucf/JavelinThrow/samples/00296.png 45
ucf/JavelinThrow/samples/00297.png 45
ucf/JavelinThrow/samples/00298.png 45
ucf/JavelinThrow/samples/00299.png 45
ucf/JavelinThrow/samples/00300.png 45
ucf/JavelinThrow/samples/00301.png 45
ucf/JavelinThrow/samples/00302.png 45
ucf/JavelinThrow/samples/00303.png 45
ucf/JavelinThrow/samples/00304.png 45
ucf/JavelinThrow/samples/00305.png 45
ucf/JavelinThrow/samples/00306.png 45
ucf/JavelinThrow/samples/00307.png 45
ucf/JavelinThrow/samples/00308.png 45
ucf/JavelinThrow/samples/00309.png 45
ucf/JavelinThrow/samples/00310.png 45
ucf/JavelinThrow/samples/00311.png 45
ucf/JavelinThrow/samples/00312.png 45
ucf/JavelinThrow/samples/00313.png 45
ucf/JavelinThrow/samples/00314.png 45
ucf/JavelinThrow/samples/00315.png 45
ucf/JavelinThrow/samples/00316.png 45
ucf/JavelinThrow/samples/00317.png 45
ucf/JavelinThrow/samples/00318.png 45
ucf/JavelinThrow/samples/00319.png 45
ucf/JavelinThrow/samples/00320.png 45
ucf/JavelinThrow/samples/00321.png 45
ucf/JavelinThrow/samples/00322.png 45
ucf/JavelinThrow/samples/00323.png 45
ucf/JavelinThrow/samples/00324.png 45
ucf/JavelinThrow/samples/00325.png 45
ucf/JavelinThrow/samples/00326.png 45
ucf/JavelinThrow/samples/00327.png 45
ucf/JavelinThrow/samples/00328.png 45
ucf/JavelinThrow/samples/00329.png 45
ucf/JavelinThrow/samples/00330.png 45
ucf/JavelinThrow/samples/00331.png 45
ucf/JavelinThrow/samples/00332.png 45
ucf/JavelinThrow/samples/00333.png 45
ucf/JavelinThrow/samples/00334.png 45
ucf/JavelinThrow/samples/00335.png 45
ucf/JavelinThrow/samples/00336.png 45
ucf/JavelinThrow/samples/00337.png 45
ucf/JavelinThrow/samples/00338.png 45
ucf/JavelinThrow/samples/00339.png 45
ucf/JavelinThrow/samples/00340.png 45
ucf/JavelinThrow/samples/00341.png 45
ucf/JavelinThrow/samples/00342.png 45
ucf/JavelinThrow/samples/00343.png 45
ucf/JavelinThrow/samples/00344.png 45
ucf/JavelinThrow/samples/00345.png 45
ucf/JavelinThrow/samples/00346.png 45
ucf/JavelinThrow/samples/00347.png 45
ucf/JavelinThrow/samples/00348.png 45
ucf/JavelinThrow/samples/00349.png 45
ucf/JavelinThrow/samples/00350.png 45
ucf/JavelinThrow/samples/00351.png 45
ucf/JavelinThrow/samples/00352.png 45
ucf/JavelinThrow/samples/00353.png 45
ucf/JavelinThrow/samples/00354.png 45
ucf/JavelinThrow/samples/00355.png 45
ucf/JavelinThrow/samples/00356.png 45
ucf/JavelinThrow/samples/00357.png 45
ucf/JavelinThrow/samples/00358.png 45
ucf/JavelinThrow/samples/00359.png 45
ucf/JavelinThrow/samples/00360.png 45
ucf/JavelinThrow/samples/00361.png 45
ucf/JavelinThrow/samples/00362.png 45
ucf/JavelinThrow/samples/00363.png 45
ucf/JavelinThrow/samples/00364.png 45
ucf/JavelinThrow/samples/00365.png 45
ucf/JavelinThrow/samples/00366.png 45
ucf/JavelinThrow/samples/00367.png 45
ucf/JavelinThrow/samples/00368.png 45
ucf/JavelinThrow/samples/00369.png 45
ucf/JavelinThrow/samples/00370.png 45
ucf/JavelinThrow/samples/00371.png 45
ucf/JavelinThrow/samples/00372.png 45
ucf/JavelinThrow/samples/00373.png 45
ucf/JavelinThrow/samples/00374.png 45
ucf/JavelinThrow/samples/00375.png 45
ucf/JavelinThrow/samples/00376.png 45
ucf/JavelinThrow/samples/00377.png 45
ucf/JavelinThrow/samples/00378.png 45
ucf/JavelinThrow/samples/00379.png 45
ucf/JavelinThrow/samples/00380.png 45
ucf/JavelinThrow/samples/00381.png 45
ucf/JavelinThrow/samples/00382.png 45
ucf/JavelinThrow/samples/00383.png 45
ucf/JavelinThrow/samples/00384.png 45
ucf/JavelinThrow/samples/00385.png 45
ucf/JavelinThrow/samples/00386.png 45
ucf/JavelinThrow/samples/00387.png 45
ucf/JavelinThrow/samples/00388.png 45
ucf/JavelinThrow/samples/00389.png 45
ucf/JavelinThrow/samples/00390.png 45
ucf/JavelinThrow/samples/00391.png 45
ucf/JavelinThrow/samples/00392.png 45
ucf/JavelinThrow/samples/00393.png 45
ucf/JavelinThrow/samples/00394.png 45
ucf/JavelinThrow/samples/00395.png 45
ucf/JavelinThrow/samples/00396.png 45
ucf/JavelinThrow/samples/00397.png 45
ucf/JavelinThrow/samples/00398.png 45
ucf/JavelinThrow/samples/00399.png 45
ucf/JavelinThrow/samples/00400.png 45
ucf/JavelinThrow/samples/00401.png 45
ucf/JavelinThrow/samples/00402.png 45
ucf/JavelinThrow/samples/00403.png 45
ucf/JavelinThrow/samples/00404.png 45
ucf/JavelinThrow/samples/00405.png 45
ucf/JavelinThrow/samples/00406.png 45
ucf/JavelinThrow/samples/00407.png 45
ucf/JavelinThrow/samples/00408.png 45
ucf/JavelinThrow/samples/00409.png 45
ucf/JavelinThrow/samples/00410.png 45
ucf/JavelinThrow/samples/00411.png 45
ucf/JavelinThrow/samples/00412.png 45
ucf/JavelinThrow/samples/00413.png 45
ucf/JavelinThrow/samples/00414.png 45
ucf/JavelinThrow/samples/00415.png 45
ucf/JavelinThrow/samples/00416.png 45
ucf/JavelinThrow/samples/00417.png 45
ucf/JavelinThrow/samples/00418.png 45
ucf/JavelinThrow/samples/00419.png 45
ucf/JavelinThrow/samples/00420.png 45
ucf/JavelinThrow/samples/00421.png 45
ucf/JavelinThrow/samples/00422.png 45
ucf/JavelinThrow/samples/00423.png 45
ucf/JavelinThrow/samples/00424.png 45
ucf/JavelinThrow/samples/00425.png 45
ucf/JavelinThrow/samples/00426.png 45
ucf/JavelinThrow/samples/00427.png 45
ucf/JavelinThrow/samples/00428.png 45
ucf/JavelinThrow/samples/00429.png 45
ucf/JavelinThrow/samples/00430.png 45
ucf/JavelinThrow/samples/00431.png 45
ucf/JavelinThrow/samples/00432.png 45
ucf/JavelinThrow/samples/00433.png 45
ucf/JavelinThrow/samples/00434.png 45
ucf/JavelinThrow/samples/00435.png 45
ucf/JavelinThrow/samples/00436.png 45
ucf/JavelinThrow/samples/00437.png 45
ucf/JavelinThrow/samples/00438.png 45
ucf/JavelinThrow/samples/00439.png 45
ucf/JavelinThrow/samples/00440.png 45
ucf/JavelinThrow/samples/00441.png 45
ucf/JavelinThrow/samples/00442.png 45
ucf/JavelinThrow/samples/00443.png 45
ucf/JavelinThrow/samples/00444.png 45
ucf/JavelinThrow/samples/00445.png 45
ucf/JavelinThrow/samples/00446.png 45
ucf/JavelinThrow/samples/00447.png 45
ucf/JavelinThrow/samples/00448.png 45
ucf/JavelinThrow/samples/00449.png 45
ucf/JavelinThrow/samples/00450.png 45
ucf/JavelinThrow/samples/00451.png 45
ucf/JavelinThrow/samples/00452.png 45
ucf/JavelinThrow/samples/00453.png 45
ucf/JavelinThrow/samples/00454.png 45
ucf/JavelinThrow/samples/00455.png 45
ucf/JavelinThrow/samples/00456.png 45
ucf/JavelinThrow/samples/00457.png 45
ucf/JavelinThrow/samples/00458.png 45
ucf/JavelinThrow/samples/00459.png 45
ucf/JavelinThrow/samples/00460.png 45
ucf/JavelinThrow/samples/00461.png 45
ucf/JavelinThrow/samples/00462.png 45
ucf/JavelinThrow/samples/00463.png 45
ucf/JavelinThrow/samples/00464.png 45
ucf/JavelinThrow/samples/00465.png 45
ucf/JavelinThrow/samples/00466.png 45
ucf/JavelinThrow/samples/00467.png 45
ucf/JavelinThrow/samples/00468.png 45
ucf/JavelinThrow/samples/00469.png 45
ucf/JavelinThrow/samples/00470.png 45
ucf/JavelinThrow/samples/00471.png 45
ucf/JavelinThrow/samples/00472.png 45
ucf/JavelinThrow/samples/00473.png 45
ucf/JavelinThrow/samples/00474.png 45
ucf/JavelinThrow/samples/00475.png 45
ucf/JavelinThrow/samples/00476.png 45
ucf/JavelinThrow/samples/00477.png 45
ucf/JavelinThrow/samples/00478.png 45
ucf/JavelinThrow/samples/00479.png 45
ucf/JavelinThrow/samples/00480.png 45
ucf/JavelinThrow/samples/00481.png 45
ucf/JavelinThrow/samples/00482.png 45
ucf/JavelinThrow/samples/00483.png 45
ucf/JavelinThrow/samples/00484.png 45
ucf/JavelinThrow/samples/00485.png 45
ucf/JavelinThrow/samples/00486.png 45
ucf/JavelinThrow/samples/00487.png 45
ucf/JavelinThrow/samples/00488.png 45
ucf/JavelinThrow/samples/00489.png 45
ucf/JavelinThrow/samples/00490.png 45
ucf/JavelinThrow/samples/00491.png 45
ucf/JavelinThrow/samples/00492.png 45
ucf/JavelinThrow/samples/00493.png 45
ucf/JavelinThrow/samples/00494.png 45
ucf/JavelinThrow/samples/00495.png 45
ucf/JavelinThrow/samples/00496.png 45
ucf/JavelinThrow/samples/00497.png 45
ucf/JavelinThrow/samples/00498.png 45
ucf/JavelinThrow/samples/00499.png 45
ucf/JavelinThrow/samples/00500.png 45
ucf/JavelinThrow/samples/00501.png 45
ucf/JavelinThrow/samples/00502.png 45
ucf/JavelinThrow/samples/00503.png 45
ucf/JavelinThrow/samples/00504.png 45
ucf/JavelinThrow/samples/00505.png 45
ucf/JavelinThrow/samples/00506.png 45
ucf/JavelinThrow/samples/00507.png 45
ucf/JavelinThrow/samples/00508.png 45
ucf/JavelinThrow/samples/00509.png 45
ucf/JavelinThrow/samples/00510.png 45
ucf/JavelinThrow/samples/00511.png 45
ucf/JavelinThrow/samples/00512.png 45
ucf/JavelinThrow/samples/00513.png 45
ucf/JavelinThrow/samples/00514.png 45
ucf/JavelinThrow/samples/00515.png 45
ucf/JavelinThrow/samples/00516.png 45
ucf/JavelinThrow/samples/00517.png 45
ucf/JavelinThrow/samples/00518.png 45
ucf/JavelinThrow/samples/00519.png 45
ucf/JavelinThrow/samples/00520.png 45
ucf/JavelinThrow/samples/00521.png 45
ucf/JavelinThrow/samples/00522.png 45
ucf/JavelinThrow/samples/00523.png 45
ucf/JavelinThrow/samples/00524.png 45
ucf/JavelinThrow/samples/00525.png 45
ucf/JavelinThrow/samples/00526.png 45
ucf/JavelinThrow/samples/00527.png 45
ucf/JavelinThrow/samples/00528.png 45
ucf/JavelinThrow/samples/00529.png 45
ucf/JavelinThrow/samples/00530.png 45
ucf/JavelinThrow/samples/00531.png 45
ucf/JavelinThrow/samples/00532.png 45
ucf/JavelinThrow/samples/00533.png 45
ucf/JavelinThrow/samples/00534.png 45
ucf/JavelinThrow/samples/00535.png 45
ucf/JavelinThrow/samples/00536.png 45
ucf/JavelinThrow/samples/00537.png 45
ucf/JavelinThrow/samples/00538.png 45
ucf/JavelinThrow/samples/00539.png 45
ucf/JavelinThrow/samples/00540.png 45
ucf/JavelinThrow/samples/00541.png 45
ucf/JavelinThrow/samples/00542.png 45
ucf/JavelinThrow/samples/00543.png 45
ucf/JavelinThrow/samples/00544.png 45
ucf/JavelinThrow/samples/00545.png 45
ucf/JavelinThrow/samples/00546.png 45
ucf/JavelinThrow/samples/00547.png 45
ucf/JavelinThrow/samples/00548.png 45
ucf/JavelinThrow/samples/00549.png 45
ucf/JavelinThrow/samples/00550.png 45
ucf/JavelinThrow/samples/00551.png 45
ucf/JavelinThrow/samples/00552.png 45
ucf/JavelinThrow/samples/00553.png 45
ucf/JavelinThrow/samples/00554.png 45
ucf/JavelinThrow/samples/00555.png 45
ucf/JavelinThrow/samples/00556.png 45
ucf/JavelinThrow/samples/00557.png 45
ucf/JavelinThrow/samples/00558.png 45
ucf/JavelinThrow/samples/00559.png 45
ucf/JavelinThrow/samples/00560.png 45
ucf/JavelinThrow/samples/00561.png 45
ucf/JavelinThrow/samples/00562.png 45
ucf/JavelinThrow/samples/00563.png 45
ucf/JavelinThrow/samples/00564.png 45
ucf/JavelinThrow/samples/00565.png 45
ucf/JavelinThrow/samples/00566.png 45
ucf/JavelinThrow/samples/00567.png 45
ucf/JavelinThrow/samples/00568.png 45
ucf/JavelinThrow/samples/00569.png 45
ucf/JavelinThrow/samples/00570.png 45
ucf/JavelinThrow/samples/00571.png 45
ucf/JavelinThrow/samples/00572.png 45
ucf/JavelinThrow/samples/00573.png 45
ucf/JavelinThrow/samples/00574.png 45
ucf/JavelinThrow/samples/00575.png 45
ucf/JavelinThrow/samples/00576.png 45
ucf/JavelinThrow/samples/00577.png 45
ucf/JavelinThrow/samples/00578.png 45
ucf/JavelinThrow/samples/00579.png 45
ucf/JavelinThrow/samples/00580.png 45
ucf/JavelinThrow/samples/00581.png 45
ucf/JavelinThrow/samples/00582.png 45
ucf/JavelinThrow/samples/00583.png 45
ucf/JavelinThrow/samples/00584.png 45
ucf/JavelinThrow/samples/00585.png 45
ucf/JavelinThrow/samples/00586.png 45
ucf/JavelinThrow/samples/00587.png 45
ucf/JavelinThrow/samples/00588.png 45
ucf/JavelinThrow/samples/00589.png 45
ucf/JavelinThrow/samples/00590.png 45
ucf/JavelinThrow/samples/00591.png 45
ucf/JavelinThrow/samples/00592.png 45
ucf/JavelinThrow/samples/00593.png 45
ucf/JavelinThrow/samples/00594.png 45
ucf/JavelinThrow/samples/00595.png 45
ucf/JavelinThrow/samples/00596.png 45
ucf/JavelinThrow/samples/00597.png 45
ucf/JavelinThrow/samples/00598.png 45
ucf/JavelinThrow/samples/00599.png 45
ucf/JavelinThrow/samples/00600.png 45
ucf/JavelinThrow/samples/00601.png 45
ucf/JavelinThrow/samples/00602.png 45
ucf/JavelinThrow/samples/00603.png 45
ucf/JavelinThrow/samples/00604.png 45
ucf/JavelinThrow/samples/00605.png 45
ucf/JavelinThrow/samples/00606.png 45
ucf/JavelinThrow/samples/00607.png 45
ucf/JavelinThrow/samples/00608.png 45
ucf/JavelinThrow/samples/00609.png 45
ucf/JavelinThrow/samples/00610.png 45
ucf/JavelinThrow/samples/00611.png 45
ucf/JavelinThrow/samples/00612.png 45
ucf/JavelinThrow/samples/00613.png 45
ucf/JavelinThrow/samples/00614.png 45
ucf/JavelinThrow/samples/00615.png 45
ucf/JavelinThrow/samples/00616.png 45
ucf/JavelinThrow/samples/00617.png 45
ucf/JavelinThrow/samples/00618.png 45
ucf/JavelinThrow/samples/00619.png 45
ucf/JavelinThrow/samples/00620.png 45
ucf/JavelinThrow/samples/00621.png 45
ucf/JavelinThrow/samples/00622.png 45
ucf/JavelinThrow/samples/00623.png 45
ucf/JavelinThrow/samples/00624.png 45
ucf/JavelinThrow/samples/00625.png 45
ucf/JavelinThrow/samples/00626.png 45
ucf/JavelinThrow/samples/00627.png 45
ucf/JavelinThrow/samples/00628.png 45
ucf/JavelinThrow/samples/00629.png 45
ucf/JavelinThrow/samples/00630.png 45
ucf/JavelinThrow/samples/00631.png 45
ucf/JavelinThrow/samples/00632.png 45
ucf/JavelinThrow/samples/00633.png 45
ucf/JavelinThrow/samples/00634.png 45
ucf/JavelinThrow/samples/00635.png 45
ucf/JavelinThrow/samples/00636.png 45
ucf/JavelinThrow/samples/00637.png 45
ucf/JavelinThrow/samples/00638.png 45
ucf/JavelinThrow/samples/00639.png 45
ucf/JavelinThrow/samples/00640.png 45
ucf/JavelinThrow/samples/00641.png 45
ucf/JavelinThrow/samples/00642.png 45
ucf/JavelinThrow/samples/00643.png 45
ucf/JavelinThrow/samples/00644.png 45
ucf/JavelinThrow/samples/00645.png 45
ucf/JavelinThrow/samples/00646.png 45
ucf/JavelinThrow/samples/00647.png 45
ucf/JavelinThrow/samples/00648.png 45
ucf/JavelinThrow/samples/00649.png 45
ucf/JavelinThrow/samples/00650.png 45
ucf/JavelinThrow/samples/00651.png 45
ucf/JavelinThrow/samples/00652.png 45
ucf/JavelinThrow/samples/00653.png 45
ucf/JavelinThrow/samples/00654.png 45
ucf/JavelinThrow/samples/00655.png 45
ucf/JavelinThrow/samples/00656.png 45
ucf/JavelinThrow/samples/00657.png 45
ucf/JavelinThrow/samples/00658.png 45
ucf/JavelinThrow/samples/00659.png 45
ucf/JavelinThrow/samples/00660.png 45
ucf/JavelinThrow/samples/00661.png 45
ucf/JavelinThrow/samples/00662.png 45
ucf/JavelinThrow/samples/00663.png 45
ucf/JavelinThrow/samples/00664.png 45
ucf/JavelinThrow/samples/00665.png 45
ucf/JavelinThrow/samples/00666.png 45
ucf/JavelinThrow/samples/00667.png 45
ucf/JavelinThrow/samples/00668.png 45
ucf/JavelinThrow/samples/00669.png 45
ucf/JavelinThrow/samples/00670.png 45
ucf/JavelinThrow/samples/00671.png 45
ucf/JavelinThrow/samples/00672.png 45
ucf/JavelinThrow/samples/00673.png 45
ucf/JavelinThrow/samples/00674.png 45
ucf/JavelinThrow/samples/00675.png 45
ucf/JavelinThrow/samples/00676.png 45
ucf/JavelinThrow/samples/00677.png 45
ucf/JavelinThrow/samples/00678.png 45
ucf/JavelinThrow/samples/00679.png 45
ucf/JavelinThrow/samples/00680.png 45
ucf/JavelinThrow/samples/00681.png 45
ucf/JavelinThrow/samples/00682.png 45
ucf/JavelinThrow/samples/00683.png 45
ucf/JavelinThrow/samples/00684.png 45
ucf/JavelinThrow/samples/00685.png 45
ucf/JavelinThrow/samples/00686.png 45
ucf/JavelinThrow/samples/00687.png 45
ucf/JavelinThrow/samples/00688.png 45
ucf/JavelinThrow/samples/00689.png 45
ucf/JavelinThrow/samples/00690.png 45
ucf/JavelinThrow/samples/00691.png 45
ucf/JavelinThrow/samples/00692.png 45
ucf/JavelinThrow/samples/00693.png 45
ucf/JavelinThrow/samples/00694.png 45
ucf/JavelinThrow/samples/00695.png 45
ucf/JavelinThrow/samples/00696.png 45
ucf/JavelinThrow/samples/00697.png 45
ucf/JavelinThrow/samples/00698.png 45
ucf/JavelinThrow/samples/00699.png 45
ucf/JavelinThrow/samples/00700.png 45
ucf/JavelinThrow/samples/00701.png 45
ucf/JavelinThrow/samples/00702.png 45
ucf/JavelinThrow/samples/00703.png 45
ucf/JavelinThrow/samples/00704.png 45
ucf/JavelinThrow/samples/00705.png 45
ucf/JavelinThrow/samples/00706.png 45
ucf/JavelinThrow/samples/00707.png 45
ucf/JavelinThrow/samples/00708.png 45
ucf/JavelinThrow/samples/00709.png 45
ucf/JavelinThrow/samples/00710.png 45
ucf/JavelinThrow/samples/00711.png 45
ucf/JavelinThrow/samples/00712.png 45
ucf/JavelinThrow/samples/00713.png 45
ucf/JavelinThrow/samples/00714.png 45
ucf/JavelinThrow/samples/00715.png 45
ucf/JavelinThrow/samples/00716.png 45
ucf/JavelinThrow/samples/00717.png 45
ucf/JavelinThrow/samples/00718.png 45
ucf/JavelinThrow/samples/00719.png 45
ucf/JavelinThrow/samples/00720.png 45
ucf/JavelinThrow/samples/00721.png 45
ucf/JavelinThrow/samples/00722.png 45
ucf/JavelinThrow/samples/00723.png 45
ucf/JavelinThrow/samples/00724.png 45
ucf/JavelinThrow/samples/00725.png 45
ucf/JavelinThrow/samples/00726.png 45
ucf/JavelinThrow/samples/00727.png 45
ucf/JavelinThrow/samples/00728.png 45
ucf/JavelinThrow/samples/00729.png 45
ucf/JavelinThrow/samples/00730.png 45
ucf/JavelinThrow/samples/00731.png 45
ucf/JavelinThrow/samples/00732.png 45
ucf/JavelinThrow/samples/00733.png 45
ucf/JavelinThrow/samples/00734.png 45
ucf/JavelinThrow/samples/00735.png 45
ucf/JavelinThrow/samples/00736.png 45
ucf/JavelinThrow/samples/00737.png 45
ucf/JavelinThrow/samples/00738.png 45
ucf/JavelinThrow/samples/00739.png 45
ucf/JavelinThrow/samples/00740.png 45
ucf/JavelinThrow/samples/00741.png 45
ucf/JavelinThrow/samples/00742.png 45
ucf/JavelinThrow/samples/00743.png 45
ucf/JavelinThrow/samples/00744.png 45
ucf/JavelinThrow/samples/00745.png 45
ucf/JavelinThrow/samples/00746.png 45
ucf/JavelinThrow/samples/00747.png 45
ucf/JavelinThrow/samples/00748.png 45
ucf/JavelinThrow/samples/00749.png 45
ucf/JavelinThrow/samples/00750.png 45
ucf/JavelinThrow/samples/00751.png 45
ucf/JavelinThrow/samples/00752.png 45
ucf/JavelinThrow/samples/00753.png 45
ucf/JavelinThrow/samples/00754.png 45
ucf/JavelinThrow/samples/00755.png 45
ucf/JavelinThrow/samples/00756.png 45
ucf/JavelinThrow/samples/00757.png 45
ucf/JavelinThrow/samples/00758.png 45
ucf/JavelinThrow/samples/00759.png 45
ucf/JavelinThrow/samples/00760.png 45
ucf/JavelinThrow/samples/00761.png 45
ucf/JavelinThrow/samples/00762.png 45
ucf/JavelinThrow/samples/00763.png 45
ucf/JavelinThrow/samples/00764.png 45
ucf/JavelinThrow/samples/00765.png 45
ucf/JavelinThrow/samples/00766.png 45
ucf/JavelinThrow/samples/00767.png 45
ucf/JavelinThrow/samples/00768.png 45
ucf/JavelinThrow/samples/00769.png 45
ucf/JavelinThrow/samples/00770.png 45
ucf/JavelinThrow/samples/00771.png 45
ucf/JavelinThrow/samples/00772.png 45
ucf/JavelinThrow/samples/00773.png 45
ucf/JavelinThrow/samples/00774.png 45
ucf/JavelinThrow/samples/00775.png 45
ucf/JavelinThrow/samples/00776.png 45
ucf/JavelinThrow/samples/00777.png 45
ucf/JavelinThrow/samples/00778.png 45
ucf/JavelinThrow/samples/00779.png 45
ucf/JavelinThrow/samples/00780.png 45
ucf/JavelinThrow/samples/00781.png 45
ucf/JavelinThrow/samples/00782.png 45
ucf/JavelinThrow/samples/00783.png 45
ucf/JavelinThrow/samples/00784.png 45
ucf/JavelinThrow/samples/00785.png 45
ucf/JavelinThrow/samples/00786.png 45
ucf/JavelinThrow/samples/00787.png 45
ucf/JavelinThrow/samples/00788.png 45
ucf/JavelinThrow/samples/00789.png 45
ucf/JavelinThrow/samples/00790.png 45
ucf/JavelinThrow/samples/00791.png 45
ucf/JavelinThrow/samples/00792.png 45
ucf/JavelinThrow/samples/00793.png 45
ucf/JavelinThrow/samples/00794.png 45
ucf/JavelinThrow/samples/00795.png 45
ucf/JavelinThrow/samples/00796.png 45
ucf/JavelinThrow/samples/00797.png 45
ucf/JavelinThrow/samples/00798.png 45
ucf/JavelinThrow/samples/00799.png 45
ucf/JavelinThrow/samples/00800.png 45
ucf/JavelinThrow/samples/00801.png 45
ucf/JavelinThrow/samples/00802.png 45
ucf/JavelinThrow/samples/00803.png 45
ucf/JavelinThrow/samples/00804.png 45
ucf/JavelinThrow/samples/00805.png 45
ucf/JavelinThrow/samples/00806.png 45
ucf/JavelinThrow/samples/00807.png 45
ucf/JavelinThrow/samples/00808.png 45
ucf/JavelinThrow/samples/00809.png 45
ucf/JavelinThrow/samples/00810.png 45
ucf/JavelinThrow/samples/00811.png 45
ucf/JavelinThrow/samples/00812.png 45
ucf/JavelinThrow/samples/00813.png 45
ucf/JavelinThrow/samples/00814.png 45
ucf/JavelinThrow/samples/00815.png 45
ucf/JavelinThrow/samples/00816.png 45
ucf/JavelinThrow/samples/00817.png 45
ucf/JavelinThrow/samples/00818.png 45
ucf/JavelinThrow/samples/00819.png 45
ucf/JavelinThrow/samples/00820.png 45
ucf/JavelinThrow/samples/00821.png 45
ucf/JavelinThrow/samples/00822.png 45
ucf/JavelinThrow/samples/00823.png 45
ucf/JavelinThrow/samples/00824.png 45
ucf/JavelinThrow/samples/00825.png 45
ucf/JavelinThrow/samples/00826.png 45
ucf/JavelinThrow/samples/00827.png 45
ucf/JavelinThrow/samples/00828.png 45
ucf/JavelinThrow/samples/00829.png 45
ucf/JavelinThrow/samples/00830.png 45
ucf/JavelinThrow/samples/00831.png 45
ucf/JavelinThrow/samples/00832.png 45
ucf/JavelinThrow/samples/00833.png 45
ucf/JavelinThrow/samples/00834.png 45
ucf/JavelinThrow/samples/00835.png 45
ucf/JavelinThrow/samples/00836.png 45
ucf/JavelinThrow/samples/00837.png 45
ucf/JavelinThrow/samples/00838.png 45
ucf/JavelinThrow/samples/00839.png 45
ucf/JavelinThrow/samples/00840.png 45
ucf/JavelinThrow/samples/00841.png 45
ucf/JavelinThrow/samples/00842.png 45
ucf/JavelinThrow/samples/00843.png 45
ucf/JavelinThrow/samples/00844.png 45
ucf/JavelinThrow/samples/00845.png 45
ucf/JavelinThrow/samples/00846.png 45
ucf/JavelinThrow/samples/00847.png 45
ucf/JavelinThrow/samples/00848.png 45
ucf/JavelinThrow/samples/00849.png 45
ucf/JavelinThrow/samples/00850.png 45
ucf/JavelinThrow/samples/00851.png 45
ucf/JavelinThrow/samples/00852.png 45
ucf/JavelinThrow/samples/00853.png 45
ucf/JavelinThrow/samples/00854.png 45
ucf/JavelinThrow/samples/00855.png 45
ucf/JavelinThrow/samples/00856.png 45
ucf/JavelinThrow/samples/00857.png 45
ucf/JavelinThrow/samples/00858.png 45
ucf/JavelinThrow/samples/00859.png 45
ucf/JavelinThrow/samples/00860.png 45
ucf/JavelinThrow/samples/00861.png 45
ucf/JavelinThrow/samples/00862.png 45
ucf/JavelinThrow/samples/00863.png 45
ucf/JavelinThrow/samples/00864.png 45
ucf/JavelinThrow/samples/00865.png 45
ucf/JavelinThrow/samples/00866.png 45
ucf/JavelinThrow/samples/00867.png 45
ucf/JavelinThrow/samples/00868.png 45
ucf/JavelinThrow/samples/00869.png 45
ucf/JavelinThrow/samples/00870.png 45
ucf/JavelinThrow/samples/00871.png 45
ucf/JavelinThrow/samples/00872.png 45
ucf/JavelinThrow/samples/00873.png 45
ucf/JavelinThrow/samples/00874.png 45
ucf/JavelinThrow/samples/00875.png 45
ucf/JavelinThrow/samples/00876.png 45
ucf/JavelinThrow/samples/00877.png 45
ucf/JavelinThrow/samples/00878.png 45
ucf/JavelinThrow/samples/00879.png 45
ucf/JavelinThrow/samples/00880.png 45
ucf/JavelinThrow/samples/00881.png 45
ucf/JavelinThrow/samples/00882.png 45
ucf/JavelinThrow/samples/00883.png 45
ucf/JavelinThrow/samples/00884.png 45
ucf/JavelinThrow/samples/00885.png 45
ucf/JavelinThrow/samples/00886.png 45
ucf/JavelinThrow/samples/00887.png 45
ucf/JavelinThrow/samples/00888.png 45
ucf/JavelinThrow/samples/00889.png 45
ucf/JavelinThrow/samples/00890.png 45
ucf/JavelinThrow/samples/00891.png 45
ucf/JavelinThrow/samples/00892.png 45
ucf/JavelinThrow/samples/00893.png 45
ucf/JavelinThrow/samples/00894.png 45
ucf/JavelinThrow/samples/00895.png 45
ucf/JavelinThrow/samples/00896.png 45
ucf/JavelinThrow/samples/00897.png 45
ucf/JavelinThrow/samples/00898.png 45
ucf/JavelinThrow/samples/00899.png 45
ucf/JavelinThrow/samples/00900.png 45
ucf/JavelinThrow/samples/00901.png 45
ucf/JavelinThrow/samples/00902.png 45
ucf/JavelinThrow/samples/00903.png 45
ucf/JavelinThrow/samples/00904.png 45
ucf/JavelinThrow/samples/00905.png 45
ucf/JavelinThrow/samples/00906.png 45
ucf/JavelinThrow/samples/00907.png 45
ucf/JavelinThrow/samples/00908.png 45
ucf/JavelinThrow/samples/00909.png 45
ucf/JavelinThrow/samples/00910.png 45
ucf/JavelinThrow/samples/00911.png 45
ucf/JavelinThrow/samples/00912.png 45
ucf/JavelinThrow/samples/00913.png 45
ucf/JavelinThrow/samples/00914.png 45
ucf/JavelinThrow/samples/00915.png 45
ucf/JavelinThrow/samples/00916.png 45
ucf/JavelinThrow/samples/00917.png 45
ucf/JavelinThrow/samples/00918.png 45
ucf/JavelinThrow/samples/00919.png 45
ucf/JavelinThrow/samples/00920.png 45
ucf/JavelinThrow/samples/00921.png 45
ucf/JavelinThrow/samples/00922.png 45
ucf/JavelinThrow/samples/00923.png 45
ucf/JavelinThrow/samples/00924.png 45
ucf/JavelinThrow/samples/00925.png 45
ucf/JavelinThrow/samples/00926.png 45
ucf/JavelinThrow/samples/00927.png 45
ucf/JavelinThrow/samples/00928.png 45
ucf/JavelinThrow/samples/00929.png 45
ucf/JavelinThrow/samples/00930.png 45
ucf/JavelinThrow/samples/00931.png 45
ucf/JavelinThrow/samples/00932.png 45
ucf/JavelinThrow/samples/00933.png 45
ucf/JavelinThrow/samples/00934.png 45
ucf/JavelinThrow/samples/00935.png 45
ucf/JavelinThrow/samples/00936.png 45
ucf/JavelinThrow/samples/00937.png 45
ucf/JavelinThrow/samples/00938.png 45
ucf/JavelinThrow/samples/00939.png 45
ucf/JavelinThrow/samples/00940.png 45
ucf/JavelinThrow/samples/00941.png 45
ucf/JavelinThrow/samples/00942.png 45
ucf/JavelinThrow/samples/00943.png 45
ucf/JavelinThrow/samples/00944.png 45
ucf/JavelinThrow/samples/00945.png 45
ucf/JavelinThrow/samples/00946.png 45
ucf/JavelinThrow/samples/00947.png 45
ucf/JavelinThrow/samples/00948.png 45
ucf/JavelinThrow/samples/00949.png 45
ucf/JavelinThrow/samples/00950.png 45
ucf/JavelinThrow/samples/00951.png 45
ucf/JavelinThrow/samples/00952.png 45
ucf/JavelinThrow/samples/00953.png 45
ucf/JavelinThrow/samples/00954.png 45
ucf/JavelinThrow/samples/00955.png 45
ucf/JavelinThrow/samples/00956.png 45
ucf/JavelinThrow/samples/00957.png 45
ucf/JavelinThrow/samples/00958.png 45
ucf/JavelinThrow/samples/00959.png 45
ucf/JavelinThrow/samples/00960.png 45
ucf/JavelinThrow/samples/00961.png 45
ucf/JavelinThrow/samples/00962.png 45
ucf/JavelinThrow/samples/00963.png 45
ucf/JavelinThrow/samples/00964.png 45
ucf/JavelinThrow/samples/00965.png 45
ucf/JavelinThrow/samples/00966.png 45
ucf/JavelinThrow/samples/00967.png 45
ucf/JavelinThrow/samples/00968.png 45
ucf/JavelinThrow/samples/00969.png 45
ucf/JavelinThrow/samples/00970.png 45
ucf/JavelinThrow/samples/00971.png 45
ucf/JavelinThrow/samples/00972.png 45
ucf/JavelinThrow/samples/00973.png 45
ucf/JavelinThrow/samples/00974.png 45
ucf/JavelinThrow/samples/00975.png 45
ucf/JavelinThrow/samples/00976.png 45
ucf/JavelinThrow/samples/00977.png 45
ucf/JavelinThrow/samples/00978.png 45
ucf/JavelinThrow/samples/00979.png 45
ucf/JavelinThrow/samples/00980.png 45
ucf/JavelinThrow/samples/00981.png 45
ucf/JavelinThrow/samples/00982.png 45
ucf/JavelinThrow/samples/00983.png 45
ucf/JavelinThrow/samples/00984.png 45
ucf/JavelinThrow/samples/00985.png 45
ucf/JavelinThrow/samples/00986.png 45
ucf/JavelinThrow/samples/00987.png 45
ucf/JavelinThrow/samples/00988.png 45
ucf/JavelinThrow/samples/00989.png 45
ucf/JavelinThrow/samples/00990.png 45
ucf/JavelinThrow/samples/00991.png 45
ucf/JavelinThrow/samples/00992.png 45
ucf/JavelinThrow/samples/00993.png 45
ucf/JavelinThrow/samples/00994.png 45
ucf/JavelinThrow/samples/00995.png 45
ucf/JavelinThrow/samples/00996.png 45
ucf/JavelinThrow/samples/00997.png 45
ucf/JavelinThrow/samples/00998.png 45
ucf/JavelinThrow/samples/00999.png 45
ucf/Biking/samples/00000.png 11
ucf/Biking/samples/00001.png 11
ucf/Biking/samples/00002.png 11
ucf/Biking/samples/00003.png 11
ucf/Biking/samples/00004.png 11
ucf/Biking/samples/00005.png 11
ucf/Biking/samples/00006.png 11
ucf/Biking/samples/00007.png 11
ucf/Biking/samples/00008.png 11
ucf/Biking/samples/00009.png 11
ucf/Biking/samples/00010.png 11
ucf/Biking/samples/00011.png 11
ucf/Biking/samples/00012.png 11
ucf/Biking/samples/00013.png 11
ucf/Biking/samples/00014.png 11
ucf/Biking/samples/00015.png 11
ucf/Biking/samples/00016.png 11
ucf/Biking/samples/00017.png 11
ucf/Biking/samples/00018.png 11
ucf/Biking/samples/00019.png 11
ucf/Biking/samples/00020.png 11
ucf/Biking/samples/00021.png 11
ucf/Biking/samples/00022.png 11
ucf/Biking/samples/00023.png 11
ucf/Biking/samples/00024.png 11
ucf/Biking/samples/00025.png 11
ucf/Biking/samples/00026.png 11
ucf/Biking/samples/00027.png 11
ucf/Biking/samples/00028.png 11
ucf/Biking/samples/00029.png 11
ucf/Biking/samples/00030.png 11
ucf/Biking/samples/00031.png 11
ucf/Biking/samples/00032.png 11
ucf/Biking/samples/00033.png 11
ucf/Biking/samples/00034.png 11
ucf/Biking/samples/00035.png 11
ucf/Biking/samples/00036.png 11
ucf/Biking/samples/00037.png 11
ucf/Biking/samples/00038.png 11
ucf/Biking/samples/00039.png 11
ucf/Biking/samples/00040.png 11
ucf/Biking/samples/00041.png 11
ucf/Biking/samples/00042.png 11
ucf/Biking/samples/00043.png 11
ucf/Biking/samples/00044.png 11
ucf/Biking/samples/00045.png 11
ucf/Biking/samples/00046.png 11
ucf/Biking/samples/00047.png 11
ucf/Biking/samples/00048.png 11
ucf/Biking/samples/00049.png 11
ucf/Biking/samples/00050.png 11
ucf/Biking/samples/00051.png 11
ucf/Biking/samples/00052.png 11
ucf/Biking/samples/00053.png 11
ucf/Biking/samples/00054.png 11
ucf/Biking/samples/00055.png 11
ucf/Biking/samples/00056.png 11
ucf/Biking/samples/00057.png 11
ucf/Biking/samples/00058.png 11
ucf/Biking/samples/00059.png 11
ucf/Biking/samples/00060.png 11
ucf/Biking/samples/00061.png 11
ucf/Biking/samples/00062.png 11
ucf/Biking/samples/00063.png 11
ucf/Biking/samples/00064.png 11
ucf/Biking/samples/00065.png 11
ucf/Biking/samples/00066.png 11
ucf/Biking/samples/00067.png 11
ucf/Biking/samples/00068.png 11
ucf/Biking/samples/00069.png 11
ucf/Biking/samples/00070.png 11
ucf/Biking/samples/00071.png 11
ucf/Biking/samples/00072.png 11
ucf/Biking/samples/00073.png 11
ucf/Biking/samples/00074.png 11
ucf/Biking/samples/00075.png 11
ucf/Biking/samples/00076.png 11
ucf/Biking/samples/00077.png 11
ucf/Biking/samples/00078.png 11
ucf/Biking/samples/00079.png 11
ucf/Biking/samples/00080.png 11
ucf/Biking/samples/00081.png 11
ucf/Biking/samples/00082.png 11
ucf/Biking/samples/00083.png 11
ucf/Biking/samples/00084.png 11
ucf/Biking/samples/00085.png 11
ucf/Biking/samples/00086.png 11
ucf/Biking/samples/00087.png 11
ucf/Biking/samples/00088.png 11
ucf/Biking/samples/00089.png 11
ucf/Biking/samples/00090.png 11
ucf/Biking/samples/00091.png 11
ucf/Biking/samples/00092.png 11
ucf/Biking/samples/00093.png 11
ucf/Biking/samples/00094.png 11
ucf/Biking/samples/00095.png 11
ucf/Biking/samples/00096.png 11
ucf/Biking/samples/00097.png 11
ucf/Biking/samples/00098.png 11
ucf/Biking/samples/00099.png 11
ucf/Biking/samples/00100.png 11
ucf/Biking/samples/00101.png 11
ucf/Biking/samples/00102.png 11
ucf/Biking/samples/00103.png 11
ucf/Biking/samples/00104.png 11
ucf/Biking/samples/00105.png 11
ucf/Biking/samples/00106.png 11
ucf/Biking/samples/00107.png 11
ucf/Biking/samples/00108.png 11
ucf/Biking/samples/00109.png 11
ucf/Biking/samples/00110.png 11
ucf/Biking/samples/00111.png 11
ucf/Biking/samples/00112.png 11
ucf/Biking/samples/00113.png 11
ucf/Biking/samples/00114.png 11
ucf/Biking/samples/00115.png 11
ucf/Biking/samples/00116.png 11
ucf/Biking/samples/00117.png 11
ucf/Biking/samples/00118.png 11
ucf/Biking/samples/00119.png 11
ucf/Biking/samples/00120.png 11
ucf/Biking/samples/00121.png 11
ucf/Biking/samples/00122.png 11
ucf/Biking/samples/00123.png 11
ucf/Biking/samples/00124.png 11
ucf/Biking/samples/00125.png 11
ucf/Biking/samples/00126.png 11
ucf/Biking/samples/00127.png 11
ucf/Biking/samples/00128.png 11
ucf/Biking/samples/00129.png 11
ucf/Biking/samples/00130.png 11
ucf/Biking/samples/00131.png 11
ucf/Biking/samples/00132.png 11
ucf/Biking/samples/00133.png 11
ucf/Biking/samples/00134.png 11
ucf/Biking/samples/00135.png 11
ucf/Biking/samples/00136.png 11
ucf/Biking/samples/00137.png 11
ucf/Biking/samples/00138.png 11
ucf/Biking/samples/00139.png 11
ucf/Biking/samples/00140.png 11
ucf/Biking/samples/00141.png 11
ucf/Biking/samples/00142.png 11
ucf/Biking/samples/00143.png 11
ucf/Biking/samples/00144.png 11
ucf/Biking/samples/00145.png 11
ucf/Biking/samples/00146.png 11
ucf/Biking/samples/00147.png 11
ucf/Biking/samples/00148.png 11
ucf/Biking/samples/00149.png 11
ucf/Biking/samples/00150.png 11
ucf/Biking/samples/00151.png 11
ucf/Biking/samples/00152.png 11
ucf/Biking/samples/00153.png 11
ucf/Biking/samples/00154.png 11
ucf/Biking/samples/00155.png 11
ucf/Biking/samples/00156.png 11
ucf/Biking/samples/00157.png 11
ucf/Biking/samples/00158.png 11
ucf/Biking/samples/00159.png 11
ucf/Biking/samples/00160.png 11
ucf/Biking/samples/00161.png 11
ucf/Biking/samples/00162.png 11
ucf/Biking/samples/00163.png 11
ucf/Biking/samples/00164.png 11
ucf/Biking/samples/00165.png 11
ucf/Biking/samples/00166.png 11
ucf/Biking/samples/00167.png 11
ucf/Biking/samples/00168.png 11
ucf/Biking/samples/00169.png 11
ucf/Biking/samples/00170.png 11
ucf/Biking/samples/00171.png 11
ucf/Biking/samples/00172.png 11
ucf/Biking/samples/00173.png 11
ucf/Biking/samples/00174.png 11
ucf/Biking/samples/00175.png 11
ucf/Biking/samples/00176.png 11
ucf/Biking/samples/00177.png 11
ucf/Biking/samples/00178.png 11
ucf/Biking/samples/00179.png 11
ucf/Biking/samples/00180.png 11
ucf/Biking/samples/00181.png 11
ucf/Biking/samples/00182.png 11
ucf/Biking/samples/00183.png 11
ucf/Biking/samples/00184.png 11
ucf/Biking/samples/00185.png 11
ucf/Biking/samples/00186.png 11
ucf/Biking/samples/00187.png 11
ucf/Biking/samples/00188.png 11
ucf/Biking/samples/00189.png 11
ucf/Biking/samples/00190.png 11
ucf/Biking/samples/00191.png 11
ucf/Biking/samples/00192.png 11
ucf/Biking/samples/00193.png 11
ucf/Biking/samples/00194.png 11
ucf/Biking/samples/00195.png 11
ucf/Biking/samples/00196.png 11
ucf/Biking/samples/00197.png 11
ucf/Biking/samples/00198.png 11
ucf/Biking/samples/00199.png 11
ucf/Biking/samples/00200.png 11
ucf/Biking/samples/00201.png 11
ucf/Biking/samples/00202.png 11
ucf/Biking/samples/00203.png 11
ucf/Biking/samples/00204.png 11
ucf/Biking/samples/00205.png 11
ucf/Biking/samples/00206.png 11
ucf/Biking/samples/00207.png 11
ucf/Biking/samples/00208.png 11
ucf/Biking/samples/00209.png 11
ucf/Biking/samples/00210.png 11
ucf/Biking/samples/00211.png 11
ucf/Biking/samples/00212.png 11
ucf/Biking/samples/00213.png 11
ucf/Biking/samples/00214.png 11
ucf/Biking/samples/00215.png 11
ucf/Biking/samples/00216.png 11
ucf/Biking/samples/00217.png 11
ucf/Biking/samples/00218.png 11
ucf/Biking/samples/00219.png 11
ucf/Biking/samples/00220.png 11
ucf/Biking/samples/00221.png 11
ucf/Biking/samples/00222.png 11
ucf/Biking/samples/00223.png 11
ucf/Biking/samples/00224.png 11
ucf/Biking/samples/00225.png 11
ucf/Biking/samples/00226.png 11
ucf/Biking/samples/00227.png 11
ucf/Biking/samples/00228.png 11
ucf/Biking/samples/00229.png 11
ucf/Biking/samples/00230.png 11
ucf/Biking/samples/00231.png 11
ucf/Biking/samples/00232.png 11
ucf/Biking/samples/00233.png 11
ucf/Biking/samples/00234.png 11
ucf/Biking/samples/00235.png 11
ucf/Biking/samples/00236.png 11
ucf/Biking/samples/00237.png 11
ucf/Biking/samples/00238.png 11
ucf/Biking/samples/00239.png 11
ucf/Biking/samples/00240.png 11
ucf/Biking/samples/00241.png 11
ucf/Biking/samples/00242.png 11
ucf/Biking/samples/00243.png 11
ucf/Biking/samples/00244.png 11
ucf/Biking/samples/00245.png 11
ucf/Biking/samples/00246.png 11
ucf/Biking/samples/00247.png 11
ucf/Biking/samples/00248.png 11
ucf/Biking/samples/00249.png 11
ucf/Biking/samples/00250.png 11
ucf/Biking/samples/00251.png 11
ucf/Biking/samples/00252.png 11
ucf/Biking/samples/00253.png 11
ucf/Biking/samples/00254.png 11
ucf/Biking/samples/00255.png 11
ucf/Biking/samples/00256.png 11
ucf/Biking/samples/00257.png 11
ucf/Biking/samples/00258.png 11
ucf/Biking/samples/00259.png 11
ucf/Biking/samples/00260.png 11
ucf/Biking/samples/00261.png 11
ucf/Biking/samples/00262.png 11
ucf/Biking/samples/00263.png 11
ucf/Biking/samples/00264.png 11
ucf/Biking/samples/00265.png 11
ucf/Biking/samples/00266.png 11
ucf/Biking/samples/00267.png 11
ucf/Biking/samples/00268.png 11
ucf/Biking/samples/00269.png 11
ucf/Biking/samples/00270.png 11
ucf/Biking/samples/00271.png 11
ucf/Biking/samples/00272.png 11
ucf/Biking/samples/00273.png 11
ucf/Biking/samples/00274.png 11
ucf/Biking/samples/00275.png 11
ucf/Biking/samples/00276.png 11
ucf/Biking/samples/00277.png 11
ucf/Biking/samples/00278.png 11
ucf/Biking/samples/00279.png 11
ucf/Biking/samples/00280.png 11
ucf/Biking/samples/00281.png 11
ucf/Biking/samples/00282.png 11
ucf/Biking/samples/00283.png 11
ucf/Biking/samples/00284.png 11
ucf/Biking/samples/00285.png 11
ucf/Biking/samples/00286.png 11
ucf/Biking/samples/00287.png 11
ucf/Biking/samples/00288.png 11
ucf/Biking/samples/00289.png 11
ucf/Biking/samples/00290.png 11
ucf/Biking/samples/00291.png 11
ucf/Biking/samples/00292.png 11
ucf/Biking/samples/00293.png 11
ucf/Biking/samples/00294.png 11
ucf/Biking/samples/00295.png 11
ucf/Biking/samples/00296.png 11
ucf/Biking/samples/00297.png 11
ucf/Biking/samples/00298.png 11
ucf/Biking/samples/00299.png 11
ucf/Biking/samples/00300.png 11
ucf/Biking/samples/00301.png 11
ucf/Biking/samples/00302.png 11
ucf/Biking/samples/00303.png 11
ucf/Biking/samples/00304.png 11
ucf/Biking/samples/00305.png 11
ucf/Biking/samples/00306.png 11
ucf/Biking/samples/00307.png 11
ucf/Biking/samples/00308.png 11
ucf/Biking/samples/00309.png 11
ucf/Biking/samples/00310.png 11
ucf/Biking/samples/00311.png 11
ucf/Biking/samples/00312.png 11
ucf/Biking/samples/00313.png 11
ucf/Biking/samples/00314.png 11
ucf/Biking/samples/00315.png 11
ucf/Biking/samples/00316.png 11
ucf/Biking/samples/00317.png 11
ucf/Biking/samples/00318.png 11
ucf/Biking/samples/00319.png 11
ucf/Biking/samples/00320.png 11
ucf/Biking/samples/00321.png 11
ucf/Biking/samples/00322.png 11
ucf/Biking/samples/00323.png 11
ucf/Biking/samples/00324.png 11
ucf/Biking/samples/00325.png 11
ucf/Biking/samples/00326.png 11
ucf/Biking/samples/00327.png 11
ucf/Biking/samples/00328.png 11
ucf/Biking/samples/00329.png 11
ucf/Biking/samples/00330.png 11
ucf/Biking/samples/00331.png 11
ucf/Biking/samples/00332.png 11
ucf/Biking/samples/00333.png 11
ucf/Biking/samples/00334.png 11
ucf/Biking/samples/00335.png 11
ucf/Biking/samples/00336.png 11
ucf/Biking/samples/00337.png 11
ucf/Biking/samples/00338.png 11
ucf/Biking/samples/00339.png 11
ucf/Biking/samples/00340.png 11
ucf/Biking/samples/00341.png 11
ucf/Biking/samples/00342.png 11
ucf/Biking/samples/00343.png 11
ucf/Biking/samples/00344.png 11
ucf/Biking/samples/00345.png 11
ucf/Biking/samples/00346.png 11
ucf/Biking/samples/00347.png 11
ucf/Biking/samples/00348.png 11
ucf/Biking/samples/00349.png 11
ucf/Biking/samples/00350.png 11
ucf/Biking/samples/00351.png 11
ucf/Biking/samples/00352.png 11
ucf/Biking/samples/00353.png 11
ucf/Biking/samples/00354.png 11
ucf/Biking/samples/00355.png 11
ucf/Biking/samples/00356.png 11
ucf/Biking/samples/00357.png 11
ucf/Biking/samples/00358.png 11
ucf/Biking/samples/00359.png 11
ucf/Biking/samples/00360.png 11
ucf/Biking/samples/00361.png 11
ucf/Biking/samples/00362.png 11
ucf/Biking/samples/00363.png 11
ucf/Biking/samples/00364.png 11
ucf/Biking/samples/00365.png 11
ucf/Biking/samples/00366.png 11
ucf/Biking/samples/00367.png 11
ucf/Biking/samples/00368.png 11
ucf/Biking/samples/00369.png 11
ucf/Biking/samples/00370.png 11
ucf/Biking/samples/00371.png 11
ucf/Biking/samples/00372.png 11
ucf/Biking/samples/00373.png 11
ucf/Biking/samples/00374.png 11
ucf/Biking/samples/00375.png 11
ucf/Biking/samples/00376.png 11
ucf/Biking/samples/00377.png 11
ucf/Biking/samples/00378.png 11
ucf/Biking/samples/00379.png 11
ucf/Biking/samples/00380.png 11
ucf/Biking/samples/00381.png 11
ucf/Biking/samples/00382.png 11
ucf/Biking/samples/00383.png 11
ucf/Biking/samples/00384.png 11
ucf/Biking/samples/00385.png 11
ucf/Biking/samples/00386.png 11
ucf/Biking/samples/00387.png 11
ucf/Biking/samples/00388.png 11
ucf/Biking/samples/00389.png 11
ucf/Biking/samples/00390.png 11
ucf/Biking/samples/00391.png 11
ucf/Biking/samples/00392.png 11
ucf/Biking/samples/00393.png 11
ucf/Biking/samples/00394.png 11
ucf/Biking/samples/00395.png 11
ucf/Biking/samples/00396.png 11
ucf/Biking/samples/00397.png 11
ucf/Biking/samples/00398.png 11
ucf/Biking/samples/00399.png 11
ucf/Biking/samples/00400.png 11
ucf/Biking/samples/00401.png 11
ucf/Biking/samples/00402.png 11
ucf/Biking/samples/00403.png 11
ucf/Biking/samples/00404.png 11
ucf/Biking/samples/00405.png 11
ucf/Biking/samples/00406.png 11
ucf/Biking/samples/00407.png 11
ucf/Biking/samples/00408.png 11
ucf/Biking/samples/00409.png 11
ucf/Biking/samples/00410.png 11
ucf/Biking/samples/00411.png 11
ucf/Biking/samples/00412.png 11
ucf/Biking/samples/00413.png 11
ucf/Biking/samples/00414.png 11
ucf/Biking/samples/00415.png 11
ucf/Biking/samples/00416.png 11
ucf/Biking/samples/00417.png 11
ucf/Biking/samples/00418.png 11
ucf/Biking/samples/00419.png 11
ucf/Biking/samples/00420.png 11
ucf/Biking/samples/00421.png 11
ucf/Biking/samples/00422.png 11
ucf/Biking/samples/00423.png 11
ucf/Biking/samples/00424.png 11
ucf/Biking/samples/00425.png 11
ucf/Biking/samples/00426.png 11
ucf/Biking/samples/00427.png 11
ucf/Biking/samples/00428.png 11
ucf/Biking/samples/00429.png 11
ucf/Biking/samples/00430.png 11
ucf/Biking/samples/00431.png 11
ucf/Biking/samples/00432.png 11
ucf/Biking/samples/00433.png 11
ucf/Biking/samples/00434.png 11
ucf/Biking/samples/00435.png 11
ucf/Biking/samples/00436.png 11
ucf/Biking/samples/00437.png 11
ucf/Biking/samples/00438.png 11
ucf/Biking/samples/00439.png 11
ucf/Biking/samples/00440.png 11
ucf/Biking/samples/00441.png 11
ucf/Biking/samples/00442.png 11
ucf/Biking/samples/00443.png 11
ucf/Biking/samples/00444.png 11
ucf/Biking/samples/00445.png 11
ucf/Biking/samples/00446.png 11
ucf/Biking/samples/00447.png 11
ucf/Biking/samples/00448.png 11
ucf/Biking/samples/00449.png 11
ucf/Biking/samples/00450.png 11
ucf/Biking/samples/00451.png 11
ucf/Biking/samples/00452.png 11
ucf/Biking/samples/00453.png 11
ucf/Biking/samples/00454.png 11
ucf/Biking/samples/00455.png 11
ucf/Biking/samples/00456.png 11
ucf/Biking/samples/00457.png 11
ucf/Biking/samples/00458.png 11
ucf/Biking/samples/00459.png 11
ucf/Biking/samples/00460.png 11
ucf/Biking/samples/00461.png 11
ucf/Biking/samples/00462.png 11
ucf/Biking/samples/00463.png 11
ucf/Biking/samples/00464.png 11
ucf/Biking/samples/00465.png 11
ucf/Biking/samples/00466.png 11
ucf/Biking/samples/00467.png 11
ucf/Biking/samples/00468.png 11
ucf/Biking/samples/00469.png 11
ucf/Biking/samples/00470.png 11
ucf/Biking/samples/00471.png 11
ucf/Biking/samples/00472.png 11
ucf/Biking/samples/00473.png 11
ucf/Biking/samples/00474.png 11
ucf/Biking/samples/00475.png 11
ucf/Biking/samples/00476.png 11
ucf/Biking/samples/00477.png 11
ucf/Biking/samples/00478.png 11
ucf/Biking/samples/00479.png 11
ucf/Biking/samples/00480.png 11
ucf/Biking/samples/00481.png 11
ucf/Biking/samples/00482.png 11
ucf/Biking/samples/00483.png 11
ucf/Biking/samples/00484.png 11
ucf/Biking/samples/00485.png 11
ucf/Biking/samples/00486.png 11
ucf/Biking/samples/00487.png 11
ucf/Biking/samples/00488.png 11
ucf/Biking/samples/00489.png 11
ucf/Biking/samples/00490.png 11
ucf/Biking/samples/00491.png 11
ucf/Biking/samples/00492.png 11
ucf/Biking/samples/00493.png 11
ucf/Biking/samples/00494.png 11
ucf/Biking/samples/00495.png 11
ucf/Biking/samples/00496.png 11
ucf/Biking/samples/00497.png 11
ucf/Biking/samples/00498.png 11
ucf/Biking/samples/00499.png 11
ucf/Biking/samples/00500.png 11
ucf/Biking/samples/00501.png 11
ucf/Biking/samples/00502.png 11
ucf/Biking/samples/00503.png 11
ucf/Biking/samples/00504.png 11
ucf/Biking/samples/00505.png 11
ucf/Biking/samples/00506.png 11
ucf/Biking/samples/00507.png 11
ucf/Biking/samples/00508.png 11
ucf/Biking/samples/00509.png 11
ucf/Biking/samples/00510.png 11
ucf/Biking/samples/00511.png 11
ucf/Biking/samples/00512.png 11
ucf/Biking/samples/00513.png 11
ucf/Biking/samples/00514.png 11
ucf/Biking/samples/00515.png 11
ucf/Biking/samples/00516.png 11
ucf/Biking/samples/00517.png 11
ucf/Biking/samples/00518.png 11
ucf/Biking/samples/00519.png 11
ucf/Biking/samples/00520.png 11
ucf/Biking/samples/00521.png 11
ucf/Biking/samples/00522.png 11
ucf/Biking/samples/00523.png 11
ucf/Biking/samples/00524.png 11
ucf/Biking/samples/00525.png 11
ucf/Biking/samples/00526.png 11
ucf/Biking/samples/00527.png 11
ucf/Biking/samples/00528.png 11
ucf/Biking/samples/00529.png 11
ucf/Biking/samples/00530.png 11
ucf/Biking/samples/00531.png 11
ucf/Biking/samples/00532.png 11
ucf/Biking/samples/00533.png 11
ucf/Biking/samples/00534.png 11
ucf/Biking/samples/00535.png 11
ucf/Biking/samples/00536.png 11
ucf/Biking/samples/00537.png 11
ucf/Biking/samples/00538.png 11
ucf/Biking/samples/00539.png 11
ucf/Biking/samples/00540.png 11
ucf/Biking/samples/00541.png 11
ucf/Biking/samples/00542.png 11
ucf/Biking/samples/00543.png 11
ucf/Biking/samples/00544.png 11
ucf/Biking/samples/00545.png 11
ucf/Biking/samples/00546.png 11
ucf/Biking/samples/00547.png 11
ucf/Biking/samples/00548.png 11
ucf/Biking/samples/00549.png 11
ucf/Biking/samples/00550.png 11
ucf/Biking/samples/00551.png 11
ucf/Biking/samples/00552.png 11
ucf/Biking/samples/00553.png 11
ucf/Biking/samples/00554.png 11
ucf/Biking/samples/00555.png 11
ucf/Biking/samples/00556.png 11
ucf/Biking/samples/00557.png 11
ucf/Biking/samples/00558.png 11
ucf/Biking/samples/00559.png 11
ucf/Biking/samples/00560.png 11
ucf/Biking/samples/00561.png 11
ucf/Biking/samples/00562.png 11
ucf/Biking/samples/00563.png 11
ucf/Biking/samples/00564.png 11
ucf/Biking/samples/00565.png 11
ucf/Biking/samples/00566.png 11
ucf/Biking/samples/00567.png 11
ucf/Biking/samples/00568.png 11
ucf/Biking/samples/00569.png 11
ucf/Biking/samples/00570.png 11
ucf/Biking/samples/00571.png 11
ucf/Biking/samples/00572.png 11
ucf/Biking/samples/00573.png 11
ucf/Biking/samples/00574.png 11
ucf/Biking/samples/00575.png 11
ucf/Biking/samples/00576.png 11
ucf/Biking/samples/00577.png 11
ucf/Biking/samples/00578.png 11
ucf/Biking/samples/00579.png 11
ucf/Biking/samples/00580.png 11
ucf/Biking/samples/00581.png 11
ucf/Biking/samples/00582.png 11
ucf/Biking/samples/00583.png 11
ucf/Biking/samples/00584.png 11
ucf/Biking/samples/00585.png 11
ucf/Biking/samples/00586.png 11
ucf/Biking/samples/00587.png 11
ucf/Biking/samples/00588.png 11
ucf/Biking/samples/00589.png 11
ucf/Biking/samples/00590.png 11
ucf/Biking/samples/00591.png 11
ucf/Biking/samples/00592.png 11
ucf/Biking/samples/00593.png 11
ucf/Biking/samples/00594.png 11
ucf/Biking/samples/00595.png 11
ucf/Biking/samples/00596.png 11
ucf/Biking/samples/00597.png 11
ucf/Biking/samples/00598.png 11
ucf/Biking/samples/00599.png 11
ucf/Biking/samples/00600.png 11
ucf/Biking/samples/00601.png 11
ucf/Biking/samples/00602.png 11
ucf/Biking/samples/00603.png 11
ucf/Biking/samples/00604.png 11
ucf/Biking/samples/00605.png 11
ucf/Biking/samples/00606.png 11
ucf/Biking/samples/00607.png 11
ucf/Biking/samples/00608.png 11
ucf/Biking/samples/00609.png 11
ucf/Biking/samples/00610.png 11
ucf/Biking/samples/00611.png 11
ucf/Biking/samples/00612.png 11
ucf/Biking/samples/00613.png 11
ucf/Biking/samples/00614.png 11
ucf/Biking/samples/00615.png 11
ucf/Biking/samples/00616.png 11
ucf/Biking/samples/00617.png 11
ucf/Biking/samples/00618.png 11
ucf/Biking/samples/00619.png 11
ucf/Biking/samples/00620.png 11
ucf/Biking/samples/00621.png 11
ucf/Biking/samples/00622.png 11
ucf/Biking/samples/00623.png 11
ucf/Biking/samples/00624.png 11
ucf/Biking/samples/00625.png 11
ucf/Biking/samples/00626.png 11
ucf/Biking/samples/00627.png 11
ucf/Biking/samples/00628.png 11
ucf/Biking/samples/00629.png 11
ucf/Biking/samples/00630.png 11
ucf/Biking/samples/00631.png 11
ucf/Biking/samples/00632.png 11
ucf/Biking/samples/00633.png 11
ucf/Biking/samples/00634.png 11
ucf/Biking/samples/00635.png 11
ucf/Biking/samples/00636.png 11
ucf/Biking/samples/00637.png 11
ucf/Biking/samples/00638.png 11
ucf/Biking/samples/00639.png 11
ucf/Biking/samples/00640.png 11
ucf/Biking/samples/00641.png 11
ucf/Biking/samples/00642.png 11
ucf/Biking/samples/00643.png 11
ucf/Biking/samples/00644.png 11
ucf/Biking/samples/00645.png 11
ucf/Biking/samples/00646.png 11
ucf/Biking/samples/00647.png 11
ucf/Biking/samples/00648.png 11
ucf/Biking/samples/00649.png 11
ucf/Biking/samples/00650.png 11
ucf/Biking/samples/00651.png 11
ucf/Biking/samples/00652.png 11
ucf/Biking/samples/00653.png 11
ucf/Biking/samples/00654.png 11
ucf/Biking/samples/00655.png 11
ucf/Biking/samples/00656.png 11
ucf/Biking/samples/00657.png 11
ucf/Biking/samples/00658.png 11
ucf/Biking/samples/00659.png 11
ucf/Biking/samples/00660.png 11
ucf/Biking/samples/00661.png 11
ucf/Biking/samples/00662.png 11
ucf/Biking/samples/00663.png 11
ucf/Biking/samples/00664.png 11
ucf/Biking/samples/00665.png 11
ucf/Biking/samples/00666.png 11
ucf/Biking/samples/00667.png 11
ucf/Biking/samples/00668.png 11
ucf/Biking/samples/00669.png 11
ucf/Biking/samples/00670.png 11
ucf/Biking/samples/00671.png 11
ucf/Biking/samples/00672.png 11
ucf/Biking/samples/00673.png 11
ucf/Biking/samples/00674.png 11
ucf/Biking/samples/00675.png 11
ucf/Biking/samples/00676.png 11
ucf/Biking/samples/00677.png 11
ucf/Biking/samples/00678.png 11
ucf/Biking/samples/00679.png 11
ucf/Biking/samples/00680.png 11
ucf/Biking/samples/00681.png 11
ucf/Biking/samples/00682.png 11
ucf/Biking/samples/00683.png 11
ucf/Biking/samples/00684.png 11
ucf/Biking/samples/00685.png 11
ucf/Biking/samples/00686.png 11
ucf/Biking/samples/00687.png 11
ucf/Biking/samples/00688.png 11
ucf/Biking/samples/00689.png 11
ucf/Biking/samples/00690.png 11
ucf/Biking/samples/00691.png 11
ucf/Biking/samples/00692.png 11
ucf/Biking/samples/00693.png 11
ucf/Biking/samples/00694.png 11
ucf/Biking/samples/00695.png 11
ucf/Biking/samples/00696.png 11
ucf/Biking/samples/00697.png 11
ucf/Biking/samples/00698.png 11
ucf/Biking/samples/00699.png 11
ucf/Biking/samples/00700.png 11
ucf/Biking/samples/00701.png 11
ucf/Biking/samples/00702.png 11
ucf/Biking/samples/00703.png 11
ucf/Biking/samples/00704.png 11
ucf/Biking/samples/00705.png 11
ucf/Biking/samples/00706.png 11
ucf/Biking/samples/00707.png 11
ucf/Biking/samples/00708.png 11
ucf/Biking/samples/00709.png 11
ucf/Biking/samples/00710.png 11
ucf/Biking/samples/00711.png 11
ucf/Biking/samples/00712.png 11
ucf/Biking/samples/00713.png 11
ucf/Biking/samples/00714.png 11
ucf/Biking/samples/00715.png 11
ucf/Biking/samples/00716.png 11
ucf/Biking/samples/00717.png 11
ucf/Biking/samples/00718.png 11
ucf/Biking/samples/00719.png 11
ucf/Biking/samples/00720.png 11
ucf/Biking/samples/00721.png 11
ucf/Biking/samples/00722.png 11
ucf/Biking/samples/00723.png 11
ucf/Biking/samples/00724.png 11
ucf/Biking/samples/00725.png 11
ucf/Biking/samples/00726.png 11
ucf/Biking/samples/00727.png 11
ucf/Biking/samples/00728.png 11
ucf/Biking/samples/00729.png 11
ucf/Biking/samples/00730.png 11
ucf/Biking/samples/00731.png 11
ucf/Biking/samples/00732.png 11
ucf/Biking/samples/00733.png 11
ucf/Biking/samples/00734.png 11
ucf/Biking/samples/00735.png 11
ucf/Biking/samples/00736.png 11
ucf/Biking/samples/00737.png 11
ucf/Biking/samples/00738.png 11
ucf/Biking/samples/00739.png 11
ucf/Biking/samples/00740.png 11
ucf/Biking/samples/00741.png 11
ucf/Biking/samples/00742.png 11
ucf/Biking/samples/00743.png 11
ucf/Biking/samples/00744.png 11
ucf/Biking/samples/00745.png 11
ucf/Biking/samples/00746.png 11
ucf/Biking/samples/00747.png 11
ucf/Biking/samples/00748.png 11
ucf/Biking/samples/00749.png 11
ucf/Biking/samples/00750.png 11
ucf/Biking/samples/00751.png 11
ucf/Biking/samples/00752.png 11
ucf/Biking/samples/00753.png 11
ucf/Biking/samples/00754.png 11
ucf/Biking/samples/00755.png 11
ucf/Biking/samples/00756.png 11
ucf/Biking/samples/00757.png 11
ucf/Biking/samples/00758.png 11
ucf/Biking/samples/00759.png 11
ucf/Biking/samples/00760.png 11
ucf/Biking/samples/00761.png 11
ucf/Biking/samples/00762.png 11
ucf/Biking/samples/00763.png 11
ucf/Biking/samples/00764.png 11
ucf/Biking/samples/00765.png 11
ucf/Biking/samples/00766.png 11
ucf/Biking/samples/00767.png 11
ucf/Biking/samples/00768.png 11
ucf/Biking/samples/00769.png 11
ucf/Biking/samples/00770.png 11
ucf/Biking/samples/00771.png 11
ucf/Biking/samples/00772.png 11
ucf/Biking/samples/00773.png 11
ucf/Biking/samples/00774.png 11
ucf/Biking/samples/00775.png 11
ucf/Biking/samples/00776.png 11
ucf/Biking/samples/00777.png 11
ucf/Biking/samples/00778.png 11
ucf/Biking/samples/00779.png 11
ucf/Biking/samples/00780.png 11
ucf/Biking/samples/00781.png 11
ucf/Biking/samples/00782.png 11
ucf/Biking/samples/00783.png 11
ucf/Biking/samples/00784.png 11
ucf/Biking/samples/00785.png 11
ucf/Biking/samples/00786.png 11
ucf/Biking/samples/00787.png 11
ucf/Biking/samples/00788.png 11
ucf/Biking/samples/00789.png 11
ucf/Biking/samples/00790.png 11
ucf/Biking/samples/00791.png 11
ucf/Biking/samples/00792.png 11
ucf/Biking/samples/00793.png 11
ucf/Biking/samples/00794.png 11
ucf/Biking/samples/00795.png 11
ucf/Biking/samples/00796.png 11
ucf/Biking/samples/00797.png 11
ucf/Biking/samples/00798.png 11
ucf/Biking/samples/00799.png 11
ucf/Biking/samples/00800.png 11
ucf/Biking/samples/00801.png 11
ucf/Biking/samples/00802.png 11
ucf/Biking/samples/00803.png 11
ucf/Biking/samples/00804.png 11
ucf/Biking/samples/00805.png 11
ucf/Biking/samples/00806.png 11
ucf/Biking/samples/00807.png 11
ucf/Biking/samples/00808.png 11
ucf/Biking/samples/00809.png 11
ucf/Biking/samples/00810.png 11
ucf/Biking/samples/00811.png 11
ucf/Biking/samples/00812.png 11
ucf/Biking/samples/00813.png 11
ucf/Biking/samples/00814.png 11
ucf/Biking/samples/00815.png 11
ucf/Biking/samples/00816.png 11
ucf/Biking/samples/00817.png 11
ucf/Biking/samples/00818.png 11
ucf/Biking/samples/00819.png 11
ucf/Biking/samples/00820.png 11
ucf/Biking/samples/00821.png 11
ucf/Biking/samples/00822.png 11
ucf/Biking/samples/00823.png 11
ucf/Biking/samples/00824.png 11
ucf/Biking/samples/00825.png 11
ucf/Biking/samples/00826.png 11
ucf/Biking/samples/00827.png 11
ucf/Biking/samples/00828.png 11
ucf/Biking/samples/00829.png 11
ucf/Biking/samples/00830.png 11
ucf/Biking/samples/00831.png 11
ucf/Biking/samples/00832.png 11
ucf/Biking/samples/00833.png 11
ucf/Biking/samples/00834.png 11
ucf/Biking/samples/00835.png 11
ucf/Biking/samples/00836.png 11
ucf/Biking/samples/00837.png 11
ucf/Biking/samples/00838.png 11
ucf/Biking/samples/00839.png 11
ucf/Biking/samples/00840.png 11
ucf/Biking/samples/00841.png 11
ucf/Biking/samples/00842.png 11
ucf/Biking/samples/00843.png 11
ucf/Biking/samples/00844.png 11
ucf/Biking/samples/00845.png 11
ucf/Biking/samples/00846.png 11
ucf/Biking/samples/00847.png 11
ucf/Biking/samples/00848.png 11
ucf/Biking/samples/00849.png 11
ucf/Biking/samples/00850.png 11
ucf/Biking/samples/00851.png 11
ucf/Biking/samples/00852.png 11
ucf/Biking/samples/00853.png 11
ucf/Biking/samples/00854.png 11
ucf/Biking/samples/00855.png 11
ucf/Biking/samples/00856.png 11
ucf/Biking/samples/00857.png 11
ucf/Biking/samples/00858.png 11
ucf/Biking/samples/00859.png 11
ucf/Biking/samples/00860.png 11
ucf/Biking/samples/00861.png 11
ucf/Biking/samples/00862.png 11
ucf/Biking/samples/00863.png 11
ucf/Biking/samples/00864.png 11
ucf/Biking/samples/00865.png 11
ucf/Biking/samples/00866.png 11
ucf/Biking/samples/00867.png 11
ucf/Biking/samples/00868.png 11
ucf/Biking/samples/00869.png 11
ucf/Biking/samples/00870.png 11
ucf/Biking/samples/00871.png 11
ucf/Biking/samples/00872.png 11
ucf/Biking/samples/00873.png 11
ucf/Biking/samples/00874.png 11
ucf/Biking/samples/00875.png 11
ucf/Biking/samples/00876.png 11
ucf/Biking/samples/00877.png 11
ucf/Biking/samples/00878.png 11
ucf/Biking/samples/00879.png 11
ucf/Biking/samples/00880.png 11
ucf/Biking/samples/00881.png 11
ucf/Biking/samples/00882.png 11
ucf/Biking/samples/00883.png 11
ucf/Biking/samples/00884.png 11
ucf/Biking/samples/00885.png 11
ucf/Biking/samples/00886.png 11
ucf/Biking/samples/00887.png 11
ucf/Biking/samples/00888.png 11
ucf/Biking/samples/00889.png 11
ucf/Biking/samples/00890.png 11
ucf/Biking/samples/00891.png 11
ucf/Biking/samples/00892.png 11
ucf/Biking/samples/00893.png 11
ucf/Biking/samples/00894.png 11
ucf/Biking/samples/00895.png 11
ucf/Biking/samples/00896.png 11
ucf/Biking/samples/00897.png 11
ucf/Biking/samples/00898.png 11
ucf/Biking/samples/00899.png 11
ucf/Biking/samples/00900.png 11
ucf/Biking/samples/00901.png 11
ucf/Biking/samples/00902.png 11
ucf/Biking/samples/00903.png 11
ucf/Biking/samples/00904.png 11
ucf/Biking/samples/00905.png 11
ucf/Biking/samples/00906.png 11
ucf/Biking/samples/00907.png 11
ucf/Biking/samples/00908.png 11
ucf/Biking/samples/00909.png 11
ucf/Biking/samples/00910.png 11
ucf/Biking/samples/00911.png 11
ucf/Biking/samples/00912.png 11
ucf/Biking/samples/00913.png 11
ucf/Biking/samples/00914.png 11
ucf/Biking/samples/00915.png 11
ucf/Biking/samples/00916.png 11
ucf/Biking/samples/00917.png 11
ucf/Biking/samples/00918.png 11
ucf/Biking/samples/00919.png 11
ucf/Biking/samples/00920.png 11
ucf/Biking/samples/00921.png 11
ucf/Biking/samples/00922.png 11
ucf/Biking/samples/00923.png 11
ucf/Biking/samples/00924.png 11
ucf/Biking/samples/00925.png 11
ucf/Biking/samples/00926.png 11
ucf/Biking/samples/00927.png 11
ucf/Biking/samples/00928.png 11
ucf/Biking/samples/00929.png 11
ucf/Biking/samples/00930.png 11
ucf/Biking/samples/00931.png 11
ucf/Biking/samples/00932.png 11
ucf/Biking/samples/00933.png 11
ucf/Biking/samples/00934.png 11
ucf/Biking/samples/00935.png 11
ucf/Biking/samples/00936.png 11
ucf/Biking/samples/00937.png 11
ucf/Biking/samples/00938.png 11
ucf/Biking/samples/00939.png 11
ucf/Biking/samples/00940.png 11
ucf/Biking/samples/00941.png 11
ucf/Biking/samples/00942.png 11
ucf/Biking/samples/00943.png 11
ucf/Biking/samples/00944.png 11
ucf/Biking/samples/00945.png 11
ucf/Biking/samples/00946.png 11
ucf/Biking/samples/00947.png 11
ucf/Biking/samples/00948.png 11
ucf/Biking/samples/00949.png 11
ucf/Biking/samples/00950.png 11
ucf/Biking/samples/00951.png 11
ucf/Biking/samples/00952.png 11
ucf/Biking/samples/00953.png 11
ucf/Biking/samples/00954.png 11
ucf/Biking/samples/00955.png 11
ucf/Biking/samples/00956.png 11
ucf/Biking/samples/00957.png 11
ucf/Biking/samples/00958.png 11
ucf/Biking/samples/00959.png 11
ucf/Biking/samples/00960.png 11
ucf/Biking/samples/00961.png 11
ucf/Biking/samples/00962.png 11
ucf/Biking/samples/00963.png 11
ucf/Biking/samples/00964.png 11
ucf/Biking/samples/00965.png 11
ucf/Biking/samples/00966.png 11
ucf/Biking/samples/00967.png 11
ucf/Biking/samples/00968.png 11
ucf/Biking/samples/00969.png 11
ucf/Biking/samples/00970.png 11
ucf/Biking/samples/00971.png 11
ucf/Biking/samples/00972.png 11
ucf/Biking/samples/00973.png 11
ucf/Biking/samples/00974.png 11
ucf/Biking/samples/00975.png 11
ucf/Biking/samples/00976.png 11
ucf/Biking/samples/00977.png 11
ucf/Biking/samples/00978.png 11
ucf/Biking/samples/00979.png 11
ucf/Biking/samples/00980.png 11
ucf/Biking/samples/00981.png 11
ucf/Biking/samples/00982.png 11
ucf/Biking/samples/00983.png 11
ucf/Biking/samples/00984.png 11
ucf/Biking/samples/00985.png 11
ucf/Biking/samples/00986.png 11
ucf/Biking/samples/00987.png 11
ucf/Biking/samples/00988.png 11
ucf/Biking/samples/00989.png 11
ucf/Biking/samples/00990.png 11
ucf/Biking/samples/00991.png 11
ucf/Biking/samples/00992.png 11
ucf/Biking/samples/00993.png 11
ucf/Biking/samples/00994.png 11
ucf/Biking/samples/00995.png 11
ucf/Biking/samples/00996.png 11
ucf/Biking/samples/00997.png 11
ucf/Biking/samples/00998.png 11
ucf/Biking/samples/00999.png 11
ucf/VolleyballSpiking/samples/00000.png 97
ucf/VolleyballSpiking/samples/00001.png 97
ucf/VolleyballSpiking/samples/00002.png 97
ucf/VolleyballSpiking/samples/00003.png 97
ucf/VolleyballSpiking/samples/00004.png 97
ucf/VolleyballSpiking/samples/00005.png 97
ucf/VolleyballSpiking/samples/00006.png 97
ucf/VolleyballSpiking/samples/00007.png 97
ucf/VolleyballSpiking/samples/00008.png 97
ucf/VolleyballSpiking/samples/00009.png 97
ucf/VolleyballSpiking/samples/00010.png 97
ucf/VolleyballSpiking/samples/00011.png 97
ucf/VolleyballSpiking/samples/00012.png 97
ucf/VolleyballSpiking/samples/00013.png 97
ucf/VolleyballSpiking/samples/00014.png 97
ucf/VolleyballSpiking/samples/00015.png 97
ucf/VolleyballSpiking/samples/00016.png 97
ucf/VolleyballSpiking/samples/00017.png 97
ucf/VolleyballSpiking/samples/00018.png 97
ucf/VolleyballSpiking/samples/00019.png 97
ucf/VolleyballSpiking/samples/00020.png 97
ucf/VolleyballSpiking/samples/00021.png 97
ucf/VolleyballSpiking/samples/00022.png 97
ucf/VolleyballSpiking/samples/00023.png 97
ucf/VolleyballSpiking/samples/00024.png 97
ucf/VolleyballSpiking/samples/00025.png 97
ucf/VolleyballSpiking/samples/00026.png 97
ucf/VolleyballSpiking/samples/00027.png 97
ucf/VolleyballSpiking/samples/00028.png 97
ucf/VolleyballSpiking/samples/00029.png 97
ucf/VolleyballSpiking/samples/00030.png 97
ucf/VolleyballSpiking/samples/00031.png 97
ucf/VolleyballSpiking/samples/00032.png 97
ucf/VolleyballSpiking/samples/00033.png 97
ucf/VolleyballSpiking/samples/00034.png 97
ucf/VolleyballSpiking/samples/00035.png 97
ucf/VolleyballSpiking/samples/00036.png 97
ucf/VolleyballSpiking/samples/00037.png 97
ucf/VolleyballSpiking/samples/00038.png 97
ucf/VolleyballSpiking/samples/00039.png 97
ucf/VolleyballSpiking/samples/00040.png 97
ucf/VolleyballSpiking/samples/00041.png 97
ucf/VolleyballSpiking/samples/00042.png 97
ucf/VolleyballSpiking/samples/00043.png 97
ucf/VolleyballSpiking/samples/00044.png 97
ucf/VolleyballSpiking/samples/00045.png 97
ucf/VolleyballSpiking/samples/00046.png 97
ucf/VolleyballSpiking/samples/00047.png 97
ucf/VolleyballSpiking/samples/00048.png 97
ucf/VolleyballSpiking/samples/00049.png 97
ucf/VolleyballSpiking/samples/00050.png 97
ucf/VolleyballSpiking/samples/00051.png 97
ucf/VolleyballSpiking/samples/00052.png 97
ucf/VolleyballSpiking/samples/00053.png 97
ucf/VolleyballSpiking/samples/00054.png 97
ucf/VolleyballSpiking/samples/00055.png 97
ucf/VolleyballSpiking/samples/00056.png 97
ucf/VolleyballSpiking/samples/00057.png 97
ucf/VolleyballSpiking/samples/00058.png 97
ucf/VolleyballSpiking/samples/00059.png 97
ucf/VolleyballSpiking/samples/00060.png 97
ucf/VolleyballSpiking/samples/00061.png 97
ucf/VolleyballSpiking/samples/00062.png 97
ucf/VolleyballSpiking/samples/00063.png 97
ucf/VolleyballSpiking/samples/00064.png 97
ucf/VolleyballSpiking/samples/00065.png 97
ucf/VolleyballSpiking/samples/00066.png 97
ucf/VolleyballSpiking/samples/00067.png 97
ucf/VolleyballSpiking/samples/00068.png 97
ucf/VolleyballSpiking/samples/00069.png 97
ucf/VolleyballSpiking/samples/00070.png 97
ucf/VolleyballSpiking/samples/00071.png 97
ucf/VolleyballSpiking/samples/00072.png 97
ucf/VolleyballSpiking/samples/00073.png 97
ucf/VolleyballSpiking/samples/00074.png 97
ucf/VolleyballSpiking/samples/00075.png 97
ucf/VolleyballSpiking/samples/00076.png 97
ucf/VolleyballSpiking/samples/00077.png 97
ucf/VolleyballSpiking/samples/00078.png 97
ucf/VolleyballSpiking/samples/00079.png 97
ucf/VolleyballSpiking/samples/00080.png 97
ucf/VolleyballSpiking/samples/00081.png 97
ucf/VolleyballSpiking/samples/00082.png 97
ucf/VolleyballSpiking/samples/00083.png 97
ucf/VolleyballSpiking/samples/00084.png 97
ucf/VolleyballSpiking/samples/00085.png 97
ucf/VolleyballSpiking/samples/00086.png 97
ucf/VolleyballSpiking/samples/00087.png 97
ucf/VolleyballSpiking/samples/00088.png 97
ucf/VolleyballSpiking/samples/00089.png 97
ucf/VolleyballSpiking/samples/00090.png 97
ucf/VolleyballSpiking/samples/00091.png 97
ucf/VolleyballSpiking/samples/00092.png 97
ucf/VolleyballSpiking/samples/00093.png 97
ucf/VolleyballSpiking/samples/00094.png 97
ucf/VolleyballSpiking/samples/00095.png 97
ucf/VolleyballSpiking/samples/00096.png 97
ucf/VolleyballSpiking/samples/00097.png 97
ucf/VolleyballSpiking/samples/00098.png 97
ucf/VolleyballSpiking/samples/00099.png 97
ucf/VolleyballSpiking/samples/00100.png 97
ucf/VolleyballSpiking/samples/00101.png 97
ucf/VolleyballSpiking/samples/00102.png 97
ucf/VolleyballSpiking/samples/00103.png 97
ucf/VolleyballSpiking/samples/00104.png 97
ucf/VolleyballSpiking/samples/00105.png 97
ucf/VolleyballSpiking/samples/00106.png 97
ucf/VolleyballSpiking/samples/00107.png 97
ucf/VolleyballSpiking/samples/00108.png 97
ucf/VolleyballSpiking/samples/00109.png 97
ucf/VolleyballSpiking/samples/00110.png 97
ucf/VolleyballSpiking/samples/00111.png 97
ucf/VolleyballSpiking/samples/00112.png 97
ucf/VolleyballSpiking/samples/00113.png 97
ucf/VolleyballSpiking/samples/00114.png 97
ucf/VolleyballSpiking/samples/00115.png 97
ucf/VolleyballSpiking/samples/00116.png 97
ucf/VolleyballSpiking/samples/00117.png 97
ucf/VolleyballSpiking/samples/00118.png 97
ucf/VolleyballSpiking/samples/00119.png 97
ucf/VolleyballSpiking/samples/00120.png 97
ucf/VolleyballSpiking/samples/00121.png 97
ucf/VolleyballSpiking/samples/00122.png 97
ucf/VolleyballSpiking/samples/00123.png 97
ucf/VolleyballSpiking/samples/00124.png 97
ucf/VolleyballSpiking/samples/00125.png 97
ucf/VolleyballSpiking/samples/00126.png 97
ucf/VolleyballSpiking/samples/00127.png 97
ucf/VolleyballSpiking/samples/00128.png 97
ucf/VolleyballSpiking/samples/00129.png 97
ucf/VolleyballSpiking/samples/00130.png 97
ucf/VolleyballSpiking/samples/00131.png 97
ucf/VolleyballSpiking/samples/00132.png 97
ucf/VolleyballSpiking/samples/00133.png 97
ucf/VolleyballSpiking/samples/00134.png 97
ucf/VolleyballSpiking/samples/00135.png 97
ucf/VolleyballSpiking/samples/00136.png 97
ucf/VolleyballSpiking/samples/00137.png 97
ucf/VolleyballSpiking/samples/00138.png 97
ucf/VolleyballSpiking/samples/00139.png 97
ucf/VolleyballSpiking/samples/00140.png 97
ucf/VolleyballSpiking/samples/00141.png 97
ucf/VolleyballSpiking/samples/00142.png 97
ucf/VolleyballSpiking/samples/00143.png 97
ucf/VolleyballSpiking/samples/00144.png 97
ucf/VolleyballSpiking/samples/00145.png 97
ucf/VolleyballSpiking/samples/00146.png 97
ucf/VolleyballSpiking/samples/00147.png 97
ucf/VolleyballSpiking/samples/00148.png 97
ucf/VolleyballSpiking/samples/00149.png 97
ucf/VolleyballSpiking/samples/00150.png 97
ucf/VolleyballSpiking/samples/00151.png 97
ucf/VolleyballSpiking/samples/00152.png 97
ucf/VolleyballSpiking/samples/00153.png 97
ucf/VolleyballSpiking/samples/00154.png 97
ucf/VolleyballSpiking/samples/00155.png 97
ucf/VolleyballSpiking/samples/00156.png 97
ucf/VolleyballSpiking/samples/00157.png 97
ucf/VolleyballSpiking/samples/00158.png 97
ucf/VolleyballSpiking/samples/00159.png 97
ucf/VolleyballSpiking/samples/00160.png 97
ucf/VolleyballSpiking/samples/00161.png 97
ucf/VolleyballSpiking/samples/00162.png 97
ucf/VolleyballSpiking/samples/00163.png 97
ucf/VolleyballSpiking/samples/00164.png 97
ucf/VolleyballSpiking/samples/00165.png 97
ucf/VolleyballSpiking/samples/00166.png 97
ucf/VolleyballSpiking/samples/00167.png 97
ucf/VolleyballSpiking/samples/00168.png 97
ucf/VolleyballSpiking/samples/00169.png 97
ucf/VolleyballSpiking/samples/00170.png 97
ucf/VolleyballSpiking/samples/00171.png 97
ucf/VolleyballSpiking/samples/00172.png 97
ucf/VolleyballSpiking/samples/00173.png 97
ucf/VolleyballSpiking/samples/00174.png 97
ucf/VolleyballSpiking/samples/00175.png 97
ucf/VolleyballSpiking/samples/00176.png 97
ucf/VolleyballSpiking/samples/00177.png 97
ucf/VolleyballSpiking/samples/00178.png 97
ucf/VolleyballSpiking/samples/00179.png 97
ucf/VolleyballSpiking/samples/00180.png 97
ucf/VolleyballSpiking/samples/00181.png 97
ucf/VolleyballSpiking/samples/00182.png 97
ucf/VolleyballSpiking/samples/00183.png 97
ucf/VolleyballSpiking/samples/00184.png 97
ucf/VolleyballSpiking/samples/00185.png 97
ucf/VolleyballSpiking/samples/00186.png 97
ucf/VolleyballSpiking/samples/00187.png 97
ucf/VolleyballSpiking/samples/00188.png 97
ucf/VolleyballSpiking/samples/00189.png 97
ucf/VolleyballSpiking/samples/00190.png 97
ucf/VolleyballSpiking/samples/00191.png 97
ucf/VolleyballSpiking/samples/00192.png 97
ucf/VolleyballSpiking/samples/00193.png 97
ucf/VolleyballSpiking/samples/00194.png 97
ucf/VolleyballSpiking/samples/00195.png 97
ucf/VolleyballSpiking/samples/00196.png 97
ucf/VolleyballSpiking/samples/00197.png 97
ucf/VolleyballSpiking/samples/00198.png 97
ucf/VolleyballSpiking/samples/00199.png 97
ucf/VolleyballSpiking/samples/00200.png 97
ucf/VolleyballSpiking/samples/00201.png 97
ucf/VolleyballSpiking/samples/00202.png 97
ucf/VolleyballSpiking/samples/00203.png 97
ucf/VolleyballSpiking/samples/00204.png 97
ucf/VolleyballSpiking/samples/00205.png 97
ucf/VolleyballSpiking/samples/00206.png 97
ucf/VolleyballSpiking/samples/00207.png 97
ucf/VolleyballSpiking/samples/00208.png 97
ucf/VolleyballSpiking/samples/00209.png 97
ucf/VolleyballSpiking/samples/00210.png 97
ucf/VolleyballSpiking/samples/00211.png 97
ucf/VolleyballSpiking/samples/00212.png 97
ucf/VolleyballSpiking/samples/00213.png 97
ucf/VolleyballSpiking/samples/00214.png 97
ucf/VolleyballSpiking/samples/00215.png 97
ucf/VolleyballSpiking/samples/00216.png 97
ucf/VolleyballSpiking/samples/00217.png 97
ucf/VolleyballSpiking/samples/00218.png 97
ucf/VolleyballSpiking/samples/00219.png 97
ucf/VolleyballSpiking/samples/00220.png 97
ucf/VolleyballSpiking/samples/00221.png 97
ucf/VolleyballSpiking/samples/00222.png 97
ucf/VolleyballSpiking/samples/00223.png 97
ucf/VolleyballSpiking/samples/00224.png 97
ucf/VolleyballSpiking/samples/00225.png 97
ucf/VolleyballSpiking/samples/00226.png 97
ucf/VolleyballSpiking/samples/00227.png 97
ucf/VolleyballSpiking/samples/00228.png 97
ucf/VolleyballSpiking/samples/00229.png 97
ucf/VolleyballSpiking/samples/00230.png 97
ucf/VolleyballSpiking/samples/00231.png 97
ucf/VolleyballSpiking/samples/00232.png 97
ucf/VolleyballSpiking/samples/00233.png 97
ucf/VolleyballSpiking/samples/00234.png 97
ucf/VolleyballSpiking/samples/00235.png 97
ucf/VolleyballSpiking/samples/00236.png 97
ucf/VolleyballSpiking/samples/00237.png 97
ucf/VolleyballSpiking/samples/00238.png 97
ucf/VolleyballSpiking/samples/00239.png 97
ucf/VolleyballSpiking/samples/00240.png 97
ucf/VolleyballSpiking/samples/00241.png 97
ucf/VolleyballSpiking/samples/00242.png 97
ucf/VolleyballSpiking/samples/00243.png 97
ucf/VolleyballSpiking/samples/00244.png 97
ucf/VolleyballSpiking/samples/00245.png 97
ucf/VolleyballSpiking/samples/00246.png 97
ucf/VolleyballSpiking/samples/00247.png 97
ucf/VolleyballSpiking/samples/00248.png 97
ucf/VolleyballSpiking/samples/00249.png 97
ucf/VolleyballSpiking/samples/00250.png 97
ucf/VolleyballSpiking/samples/00251.png 97
ucf/VolleyballSpiking/samples/00252.png 97
ucf/VolleyballSpiking/samples/00253.png 97
ucf/VolleyballSpiking/samples/00254.png 97
ucf/VolleyballSpiking/samples/00255.png 97
ucf/VolleyballSpiking/samples/00256.png 97
ucf/VolleyballSpiking/samples/00257.png 97
ucf/VolleyballSpiking/samples/00258.png 97
ucf/VolleyballSpiking/samples/00259.png 97
ucf/VolleyballSpiking/samples/00260.png 97
ucf/VolleyballSpiking/samples/00261.png 97
ucf/VolleyballSpiking/samples/00262.png 97
ucf/VolleyballSpiking/samples/00263.png 97
ucf/VolleyballSpiking/samples/00264.png 97
ucf/VolleyballSpiking/samples/00265.png 97
ucf/VolleyballSpiking/samples/00266.png 97
ucf/VolleyballSpiking/samples/00267.png 97
ucf/VolleyballSpiking/samples/00268.png 97
ucf/VolleyballSpiking/samples/00269.png 97
ucf/VolleyballSpiking/samples/00270.png 97
ucf/VolleyballSpiking/samples/00271.png 97
ucf/VolleyballSpiking/samples/00272.png 97
ucf/VolleyballSpiking/samples/00273.png 97
ucf/VolleyballSpiking/samples/00274.png 97
ucf/VolleyballSpiking/samples/00275.png 97
ucf/VolleyballSpiking/samples/00276.png 97
ucf/VolleyballSpiking/samples/00277.png 97
ucf/VolleyballSpiking/samples/00278.png 97
ucf/VolleyballSpiking/samples/00279.png 97
ucf/VolleyballSpiking/samples/00280.png 97
ucf/VolleyballSpiking/samples/00281.png 97
ucf/VolleyballSpiking/samples/00282.png 97
ucf/VolleyballSpiking/samples/00283.png 97
ucf/VolleyballSpiking/samples/00284.png 97
ucf/VolleyballSpiking/samples/00285.png 97
ucf/VolleyballSpiking/samples/00286.png 97
ucf/VolleyballSpiking/samples/00287.png 97
ucf/VolleyballSpiking/samples/00288.png 97
ucf/VolleyballSpiking/samples/00289.png 97
ucf/VolleyballSpiking/samples/00290.png 97
ucf/VolleyballSpiking/samples/00291.png 97
ucf/VolleyballSpiking/samples/00292.png 97
ucf/VolleyballSpiking/samples/00293.png 97
ucf/VolleyballSpiking/samples/00294.png 97
ucf/VolleyballSpiking/samples/00295.png 97
ucf/VolleyballSpiking/samples/00296.png 97
ucf/VolleyballSpiking/samples/00297.png 97
ucf/VolleyballSpiking/samples/00298.png 97
ucf/VolleyballSpiking/samples/00299.png 97
ucf/VolleyballSpiking/samples/00300.png 97
ucf/VolleyballSpiking/samples/00301.png 97
ucf/VolleyballSpiking/samples/00302.png 97
ucf/VolleyballSpiking/samples/00303.png 97
ucf/VolleyballSpiking/samples/00304.png 97
ucf/VolleyballSpiking/samples/00305.png 97
ucf/VolleyballSpiking/samples/00306.png 97
ucf/VolleyballSpiking/samples/00307.png 97
ucf/VolleyballSpiking/samples/00308.png 97
ucf/VolleyballSpiking/samples/00309.png 97
ucf/VolleyballSpiking/samples/00310.png 97
ucf/VolleyballSpiking/samples/00311.png 97
ucf/VolleyballSpiking/samples/00312.png 97
ucf/VolleyballSpiking/samples/00313.png 97
ucf/VolleyballSpiking/samples/00314.png 97
ucf/VolleyballSpiking/samples/00315.png 97
ucf/VolleyballSpiking/samples/00316.png 97
ucf/VolleyballSpiking/samples/00317.png 97
ucf/VolleyballSpiking/samples/00318.png 97
ucf/VolleyballSpiking/samples/00319.png 97
ucf/VolleyballSpiking/samples/00320.png 97
ucf/VolleyballSpiking/samples/00321.png 97
ucf/VolleyballSpiking/samples/00322.png 97
ucf/VolleyballSpiking/samples/00323.png 97
ucf/VolleyballSpiking/samples/00324.png 97
ucf/VolleyballSpiking/samples/00325.png 97
ucf/VolleyballSpiking/samples/00326.png 97
ucf/VolleyballSpiking/samples/00327.png 97
ucf/VolleyballSpiking/samples/00328.png 97
ucf/VolleyballSpiking/samples/00329.png 97
ucf/VolleyballSpiking/samples/00330.png 97
ucf/VolleyballSpiking/samples/00331.png 97
ucf/VolleyballSpiking/samples/00332.png 97
ucf/VolleyballSpiking/samples/00333.png 97
ucf/VolleyballSpiking/samples/00334.png 97
ucf/VolleyballSpiking/samples/00335.png 97
ucf/VolleyballSpiking/samples/00336.png 97
ucf/VolleyballSpiking/samples/00337.png 97
ucf/VolleyballSpiking/samples/00338.png 97
ucf/VolleyballSpiking/samples/00339.png 97
ucf/VolleyballSpiking/samples/00340.png 97
ucf/VolleyballSpiking/samples/00341.png 97
ucf/VolleyballSpiking/samples/00342.png 97
ucf/VolleyballSpiking/samples/00343.png 97
ucf/VolleyballSpiking/samples/00344.png 97
ucf/VolleyballSpiking/samples/00345.png 97
ucf/VolleyballSpiking/samples/00346.png 97
ucf/VolleyballSpiking/samples/00347.png 97
ucf/VolleyballSpiking/samples/00348.png 97
ucf/VolleyballSpiking/samples/00349.png 97
ucf/VolleyballSpiking/samples/00350.png 97
ucf/VolleyballSpiking/samples/00351.png 97
ucf/VolleyballSpiking/samples/00352.png 97
ucf/VolleyballSpiking/samples/00353.png 97
ucf/VolleyballSpiking/samples/00354.png 97
ucf/VolleyballSpiking/samples/00355.png 97
ucf/VolleyballSpiking/samples/00356.png 97
ucf/VolleyballSpiking/samples/00357.png 97
ucf/VolleyballSpiking/samples/00358.png 97
ucf/VolleyballSpiking/samples/00359.png 97
ucf/VolleyballSpiking/samples/00360.png 97
ucf/VolleyballSpiking/samples/00361.png 97
ucf/VolleyballSpiking/samples/00362.png 97
ucf/VolleyballSpiking/samples/00363.png 97
ucf/VolleyballSpiking/samples/00364.png 97
ucf/VolleyballSpiking/samples/00365.png 97
ucf/VolleyballSpiking/samples/00366.png 97
ucf/VolleyballSpiking/samples/00367.png 97
ucf/VolleyballSpiking/samples/00368.png 97
ucf/VolleyballSpiking/samples/00369.png 97
ucf/VolleyballSpiking/samples/00370.png 97
ucf/VolleyballSpiking/samples/00371.png 97
ucf/VolleyballSpiking/samples/00372.png 97
ucf/VolleyballSpiking/samples/00373.png 97
ucf/VolleyballSpiking/samples/00374.png 97
ucf/VolleyballSpiking/samples/00375.png 97
ucf/VolleyballSpiking/samples/00376.png 97
ucf/VolleyballSpiking/samples/00377.png 97
ucf/VolleyballSpiking/samples/00378.png 97
ucf/VolleyballSpiking/samples/00379.png 97
ucf/VolleyballSpiking/samples/00380.png 97
ucf/VolleyballSpiking/samples/00381.png 97
ucf/VolleyballSpiking/samples/00382.png 97
ucf/VolleyballSpiking/samples/00383.png 97
ucf/VolleyballSpiking/samples/00384.png 97
ucf/VolleyballSpiking/samples/00385.png 97
ucf/VolleyballSpiking/samples/00386.png 97
ucf/VolleyballSpiking/samples/00387.png 97
ucf/VolleyballSpiking/samples/00388.png 97
ucf/VolleyballSpiking/samples/00389.png 97
ucf/VolleyballSpiking/samples/00390.png 97
ucf/VolleyballSpiking/samples/00391.png 97
ucf/VolleyballSpiking/samples/00392.png 97
ucf/VolleyballSpiking/samples/00393.png 97
ucf/VolleyballSpiking/samples/00394.png 97
ucf/VolleyballSpiking/samples/00395.png 97
ucf/VolleyballSpiking/samples/00396.png 97
ucf/VolleyballSpiking/samples/00397.png 97
ucf/VolleyballSpiking/samples/00398.png 97
ucf/VolleyballSpiking/samples/00399.png 97
ucf/VolleyballSpiking/samples/00400.png 97
ucf/VolleyballSpiking/samples/00401.png 97
ucf/VolleyballSpiking/samples/00402.png 97
ucf/VolleyballSpiking/samples/00403.png 97
ucf/VolleyballSpiking/samples/00404.png 97
ucf/VolleyballSpiking/samples/00405.png 97
ucf/VolleyballSpiking/samples/00406.png 97
ucf/VolleyballSpiking/samples/00407.png 97
ucf/VolleyballSpiking/samples/00408.png 97
ucf/VolleyballSpiking/samples/00409.png 97
ucf/VolleyballSpiking/samples/00410.png 97
ucf/VolleyballSpiking/samples/00411.png 97
ucf/VolleyballSpiking/samples/00412.png 97
ucf/VolleyballSpiking/samples/00413.png 97
ucf/VolleyballSpiking/samples/00414.png 97
ucf/VolleyballSpiking/samples/00415.png 97
ucf/VolleyballSpiking/samples/00416.png 97
ucf/VolleyballSpiking/samples/00417.png 97
ucf/VolleyballSpiking/samples/00418.png 97
ucf/VolleyballSpiking/samples/00419.png 97
ucf/VolleyballSpiking/samples/00420.png 97
ucf/VolleyballSpiking/samples/00421.png 97
ucf/VolleyballSpiking/samples/00422.png 97
ucf/VolleyballSpiking/samples/00423.png 97
ucf/VolleyballSpiking/samples/00424.png 97
ucf/VolleyballSpiking/samples/00425.png 97
ucf/VolleyballSpiking/samples/00426.png 97
ucf/VolleyballSpiking/samples/00427.png 97
ucf/VolleyballSpiking/samples/00428.png 97
ucf/VolleyballSpiking/samples/00429.png 97
ucf/VolleyballSpiking/samples/00430.png 97
ucf/VolleyballSpiking/samples/00431.png 97
ucf/VolleyballSpiking/samples/00432.png 97
ucf/VolleyballSpiking/samples/00433.png 97
ucf/VolleyballSpiking/samples/00434.png 97
ucf/VolleyballSpiking/samples/00435.png 97
ucf/VolleyballSpiking/samples/00436.png 97
ucf/VolleyballSpiking/samples/00437.png 97
ucf/VolleyballSpiking/samples/00438.png 97
ucf/VolleyballSpiking/samples/00439.png 97
ucf/VolleyballSpiking/samples/00440.png 97
ucf/VolleyballSpiking/samples/00441.png 97
ucf/VolleyballSpiking/samples/00442.png 97
ucf/VolleyballSpiking/samples/00443.png 97
ucf/VolleyballSpiking/samples/00444.png 97
ucf/VolleyballSpiking/samples/00445.png 97
ucf/VolleyballSpiking/samples/00446.png 97
ucf/VolleyballSpiking/samples/00447.png 97
ucf/VolleyballSpiking/samples/00448.png 97
ucf/VolleyballSpiking/samples/00449.png 97
ucf/VolleyballSpiking/samples/00450.png 97
ucf/VolleyballSpiking/samples/00451.png 97
ucf/VolleyballSpiking/samples/00452.png 97
ucf/VolleyballSpiking/samples/00453.png 97
ucf/VolleyballSpiking/samples/00454.png 97
ucf/VolleyballSpiking/samples/00455.png 97
ucf/VolleyballSpiking/samples/00456.png 97
ucf/VolleyballSpiking/samples/00457.png 97
ucf/VolleyballSpiking/samples/00458.png 97
ucf/VolleyballSpiking/samples/00459.png 97
ucf/VolleyballSpiking/samples/00460.png 97
ucf/VolleyballSpiking/samples/00461.png 97
ucf/VolleyballSpiking/samples/00462.png 97
ucf/VolleyballSpiking/samples/00463.png 97
ucf/VolleyballSpiking/samples/00464.png 97
ucf/VolleyballSpiking/samples/00465.png 97
ucf/VolleyballSpiking/samples/00466.png 97
ucf/VolleyballSpiking/samples/00467.png 97
ucf/VolleyballSpiking/samples/00468.png 97
ucf/VolleyballSpiking/samples/00469.png 97
ucf/VolleyballSpiking/samples/00470.png 97
ucf/VolleyballSpiking/samples/00471.png 97
ucf/VolleyballSpiking/samples/00472.png 97
ucf/VolleyballSpiking/samples/00473.png 97
ucf/VolleyballSpiking/samples/00474.png 97
ucf/VolleyballSpiking/samples/00475.png 97
ucf/VolleyballSpiking/samples/00476.png 97
ucf/VolleyballSpiking/samples/00477.png 97
ucf/VolleyballSpiking/samples/00478.png 97
ucf/VolleyballSpiking/samples/00479.png 97
ucf/VolleyballSpiking/samples/00480.png 97
ucf/VolleyballSpiking/samples/00481.png 97
ucf/VolleyballSpiking/samples/00482.png 97
ucf/VolleyballSpiking/samples/00483.png 97
ucf/VolleyballSpiking/samples/00484.png 97
ucf/VolleyballSpiking/samples/00485.png 97
ucf/VolleyballSpiking/samples/00486.png 97
ucf/VolleyballSpiking/samples/00487.png 97
ucf/VolleyballSpiking/samples/00488.png 97
ucf/VolleyballSpiking/samples/00489.png 97
ucf/VolleyballSpiking/samples/00490.png 97
ucf/VolleyballSpiking/samples/00491.png 97
ucf/VolleyballSpiking/samples/00492.png 97
ucf/VolleyballSpiking/samples/00493.png 97
ucf/VolleyballSpiking/samples/00494.png 97
ucf/VolleyballSpiking/samples/00495.png 97
ucf/VolleyballSpiking/samples/00496.png 97
ucf/VolleyballSpiking/samples/00497.png 97
ucf/VolleyballSpiking/samples/00498.png 97
ucf/VolleyballSpiking/samples/00499.png 97
ucf/VolleyballSpiking/samples/00500.png 97
ucf/VolleyballSpiking/samples/00501.png 97
ucf/VolleyballSpiking/samples/00502.png 97
ucf/VolleyballSpiking/samples/00503.png 97
ucf/VolleyballSpiking/samples/00504.png 97
ucf/VolleyballSpiking/samples/00505.png 97
ucf/VolleyballSpiking/samples/00506.png 97
ucf/VolleyballSpiking/samples/00507.png 97
ucf/VolleyballSpiking/samples/00508.png 97
ucf/VolleyballSpiking/samples/00509.png 97
ucf/VolleyballSpiking/samples/00510.png 97
ucf/VolleyballSpiking/samples/00511.png 97
ucf/VolleyballSpiking/samples/00512.png 97
ucf/VolleyballSpiking/samples/00513.png 97
ucf/VolleyballSpiking/samples/00514.png 97
ucf/VolleyballSpiking/samples/00515.png 97
ucf/VolleyballSpiking/samples/00516.png 97
ucf/VolleyballSpiking/samples/00517.png 97
ucf/VolleyballSpiking/samples/00518.png 97
ucf/VolleyballSpiking/samples/00519.png 97
ucf/VolleyballSpiking/samples/00520.png 97
ucf/VolleyballSpiking/samples/00521.png 97
ucf/VolleyballSpiking/samples/00522.png 97
ucf/VolleyballSpiking/samples/00523.png 97
ucf/VolleyballSpiking/samples/00524.png 97
ucf/VolleyballSpiking/samples/00525.png 97
ucf/VolleyballSpiking/samples/00526.png 97
ucf/VolleyballSpiking/samples/00527.png 97
ucf/VolleyballSpiking/samples/00528.png 97
ucf/VolleyballSpiking/samples/00529.png 97
ucf/VolleyballSpiking/samples/00530.png 97
ucf/VolleyballSpiking/samples/00531.png 97
ucf/VolleyballSpiking/samples/00532.png 97
ucf/VolleyballSpiking/samples/00533.png 97
ucf/VolleyballSpiking/samples/00534.png 97
ucf/VolleyballSpiking/samples/00535.png 97
ucf/VolleyballSpiking/samples/00536.png 97
ucf/VolleyballSpiking/samples/00537.png 97
ucf/VolleyballSpiking/samples/00538.png 97
ucf/VolleyballSpiking/samples/00539.png 97
ucf/VolleyballSpiking/samples/00540.png 97
ucf/VolleyballSpiking/samples/00541.png 97
ucf/VolleyballSpiking/samples/00542.png 97
ucf/VolleyballSpiking/samples/00543.png 97
ucf/VolleyballSpiking/samples/00544.png 97
ucf/VolleyballSpiking/samples/00545.png 97
ucf/VolleyballSpiking/samples/00546.png 97
ucf/VolleyballSpiking/samples/00547.png 97
ucf/VolleyballSpiking/samples/00548.png 97
ucf/VolleyballSpiking/samples/00549.png 97
ucf/VolleyballSpiking/samples/00550.png 97
ucf/VolleyballSpiking/samples/00551.png 97
ucf/VolleyballSpiking/samples/00552.png 97
ucf/VolleyballSpiking/samples/00553.png 97
ucf/VolleyballSpiking/samples/00554.png 97
ucf/VolleyballSpiking/samples/00555.png 97
ucf/VolleyballSpiking/samples/00556.png 97
ucf/VolleyballSpiking/samples/00557.png 97
ucf/VolleyballSpiking/samples/00558.png 97
ucf/VolleyballSpiking/samples/00559.png 97
ucf/VolleyballSpiking/samples/00560.png 97
ucf/VolleyballSpiking/samples/00561.png 97
ucf/VolleyballSpiking/samples/00562.png 97
ucf/VolleyballSpiking/samples/00563.png 97
ucf/VolleyballSpiking/samples/00564.png 97
ucf/VolleyballSpiking/samples/00565.png 97
ucf/VolleyballSpiking/samples/00566.png 97
ucf/VolleyballSpiking/samples/00567.png 97
ucf/VolleyballSpiking/samples/00568.png 97
ucf/VolleyballSpiking/samples/00569.png 97
ucf/VolleyballSpiking/samples/00570.png 97
ucf/VolleyballSpiking/samples/00571.png 97
ucf/VolleyballSpiking/samples/00572.png 97
ucf/VolleyballSpiking/samples/00573.png 97
ucf/VolleyballSpiking/samples/00574.png 97
ucf/VolleyballSpiking/samples/00575.png 97
ucf/VolleyballSpiking/samples/00576.png 97
ucf/VolleyballSpiking/samples/00577.png 97
ucf/VolleyballSpiking/samples/00578.png 97
ucf/VolleyballSpiking/samples/00579.png 97
ucf/VolleyballSpiking/samples/00580.png 97
ucf/VolleyballSpiking/samples/00581.png 97
ucf/VolleyballSpiking/samples/00582.png 97
ucf/VolleyballSpiking/samples/00583.png 97
ucf/VolleyballSpiking/samples/00584.png 97
ucf/VolleyballSpiking/samples/00585.png 97
ucf/VolleyballSpiking/samples/00586.png 97
ucf/VolleyballSpiking/samples/00587.png 97
ucf/VolleyballSpiking/samples/00588.png 97
ucf/VolleyballSpiking/samples/00589.png 97
ucf/VolleyballSpiking/samples/00590.png 97
ucf/VolleyballSpiking/samples/00591.png 97
ucf/VolleyballSpiking/samples/00592.png 97
ucf/VolleyballSpiking/samples/00593.png 97
ucf/VolleyballSpiking/samples/00594.png 97
ucf/VolleyballSpiking/samples/00595.png 97
ucf/VolleyballSpiking/samples/00596.png 97
ucf/VolleyballSpiking/samples/00597.png 97
ucf/VolleyballSpiking/samples/00598.png 97
ucf/VolleyballSpiking/samples/00599.png 97
ucf/VolleyballSpiking/samples/00600.png 97
ucf/VolleyballSpiking/samples/00601.png 97
ucf/VolleyballSpiking/samples/00602.png 97
ucf/VolleyballSpiking/samples/00603.png 97
ucf/VolleyballSpiking/samples/00604.png 97
ucf/VolleyballSpiking/samples/00605.png 97
ucf/VolleyballSpiking/samples/00606.png 97
ucf/VolleyballSpiking/samples/00607.png 97
ucf/VolleyballSpiking/samples/00608.png 97
ucf/VolleyballSpiking/samples/00609.png 97
ucf/VolleyballSpiking/samples/00610.png 97
ucf/VolleyballSpiking/samples/00611.png 97
ucf/VolleyballSpiking/samples/00612.png 97
ucf/VolleyballSpiking/samples/00613.png 97
ucf/VolleyballSpiking/samples/00614.png 97
ucf/VolleyballSpiking/samples/00615.png 97
ucf/VolleyballSpiking/samples/00616.png 97
ucf/VolleyballSpiking/samples/00617.png 97
ucf/VolleyballSpiking/samples/00618.png 97
ucf/VolleyballSpiking/samples/00619.png 97
ucf/VolleyballSpiking/samples/00620.png 97
ucf/VolleyballSpiking/samples/00621.png 97
ucf/VolleyballSpiking/samples/00622.png 97
ucf/VolleyballSpiking/samples/00623.png 97
ucf/VolleyballSpiking/samples/00624.png 97
ucf/VolleyballSpiking/samples/00625.png 97
ucf/VolleyballSpiking/samples/00626.png 97
ucf/VolleyballSpiking/samples/00627.png 97
ucf/VolleyballSpiking/samples/00628.png 97
ucf/VolleyballSpiking/samples/00629.png 97
ucf/VolleyballSpiking/samples/00630.png 97
ucf/VolleyballSpiking/samples/00631.png 97
ucf/VolleyballSpiking/samples/00632.png 97
ucf/VolleyballSpiking/samples/00633.png 97
ucf/VolleyballSpiking/samples/00634.png 97
ucf/VolleyballSpiking/samples/00635.png 97
ucf/VolleyballSpiking/samples/00636.png 97
ucf/VolleyballSpiking/samples/00637.png 97
ucf/VolleyballSpiking/samples/00638.png 97
ucf/VolleyballSpiking/samples/00639.png 97
ucf/VolleyballSpiking/samples/00640.png 97
ucf/VolleyballSpiking/samples/00641.png 97
ucf/VolleyballSpiking/samples/00642.png 97
ucf/VolleyballSpiking/samples/00643.png 97
ucf/VolleyballSpiking/samples/00644.png 97
ucf/VolleyballSpiking/samples/00645.png 97
ucf/VolleyballSpiking/samples/00646.png 97
ucf/VolleyballSpiking/samples/00647.png 97
ucf/VolleyballSpiking/samples/00648.png 97
ucf/VolleyballSpiking/samples/00649.png 97
ucf/VolleyballSpiking/samples/00650.png 97
ucf/VolleyballSpiking/samples/00651.png 97
ucf/VolleyballSpiking/samples/00652.png 97
ucf/VolleyballSpiking/samples/00653.png 97
ucf/VolleyballSpiking/samples/00654.png 97
ucf/VolleyballSpiking/samples/00655.png 97
ucf/VolleyballSpiking/samples/00656.png 97
ucf/VolleyballSpiking/samples/00657.png 97
ucf/VolleyballSpiking/samples/00658.png 97
ucf/VolleyballSpiking/samples/00659.png 97
ucf/VolleyballSpiking/samples/00660.png 97
ucf/VolleyballSpiking/samples/00661.png 97
ucf/VolleyballSpiking/samples/00662.png 97
ucf/VolleyballSpiking/samples/00663.png 97
ucf/VolleyballSpiking/samples/00664.png 97
ucf/VolleyballSpiking/samples/00665.png 97
ucf/VolleyballSpiking/samples/00666.png 97
ucf/VolleyballSpiking/samples/00667.png 97
ucf/VolleyballSpiking/samples/00668.png 97
ucf/VolleyballSpiking/samples/00669.png 97
ucf/VolleyballSpiking/samples/00670.png 97
ucf/VolleyballSpiking/samples/00671.png 97
ucf/VolleyballSpiking/samples/00672.png 97
ucf/VolleyballSpiking/samples/00673.png 97
ucf/VolleyballSpiking/samples/00674.png 97
ucf/VolleyballSpiking/samples/00675.png 97
ucf/VolleyballSpiking/samples/00676.png 97
ucf/VolleyballSpiking/samples/00677.png 97
ucf/VolleyballSpiking/samples/00678.png 97
ucf/VolleyballSpiking/samples/00679.png 97
ucf/VolleyballSpiking/samples/00680.png 97
ucf/VolleyballSpiking/samples/00681.png 97
ucf/VolleyballSpiking/samples/00682.png 97
ucf/VolleyballSpiking/samples/00683.png 97
ucf/VolleyballSpiking/samples/00684.png 97
ucf/VolleyballSpiking/samples/00685.png 97
ucf/VolleyballSpiking/samples/00686.png 97
ucf/VolleyballSpiking/samples/00687.png 97
ucf/VolleyballSpiking/samples/00688.png 97
ucf/VolleyballSpiking/samples/00689.png 97
ucf/VolleyballSpiking/samples/00690.png 97
ucf/VolleyballSpiking/samples/00691.png 97
ucf/VolleyballSpiking/samples/00692.png 97
ucf/VolleyballSpiking/samples/00693.png 97
ucf/VolleyballSpiking/samples/00694.png 97
ucf/VolleyballSpiking/samples/00695.png 97
ucf/VolleyballSpiking/samples/00696.png 97
ucf/VolleyballSpiking/samples/00697.png 97
ucf/VolleyballSpiking/samples/00698.png 97
ucf/VolleyballSpiking/samples/00699.png 97
ucf/VolleyballSpiking/samples/00700.png 97
ucf/VolleyballSpiking/samples/00701.png 97
ucf/VolleyballSpiking/samples/00702.png 97
ucf/VolleyballSpiking/samples/00703.png 97
ucf/VolleyballSpiking/samples/00704.png 97
ucf/VolleyballSpiking/samples/00705.png 97
ucf/VolleyballSpiking/samples/00706.png 97
ucf/VolleyballSpiking/samples/00707.png 97
ucf/VolleyballSpiking/samples/00708.png 97
ucf/VolleyballSpiking/samples/00709.png 97
ucf/VolleyballSpiking/samples/00710.png 97
ucf/VolleyballSpiking/samples/00711.png 97
ucf/VolleyballSpiking/samples/00712.png 97
ucf/VolleyballSpiking/samples/00713.png 97
ucf/VolleyballSpiking/samples/00714.png 97
ucf/VolleyballSpiking/samples/00715.png 97
ucf/VolleyballSpiking/samples/00716.png 97
ucf/VolleyballSpiking/samples/00717.png 97
ucf/VolleyballSpiking/samples/00718.png 97
ucf/VolleyballSpiking/samples/00719.png 97
ucf/VolleyballSpiking/samples/00720.png 97
ucf/VolleyballSpiking/samples/00721.png 97
ucf/VolleyballSpiking/samples/00722.png 97
ucf/VolleyballSpiking/samples/00723.png 97
ucf/VolleyballSpiking/samples/00724.png 97
ucf/VolleyballSpiking/samples/00725.png 97
ucf/VolleyballSpiking/samples/00726.png 97
ucf/VolleyballSpiking/samples/00727.png 97
ucf/VolleyballSpiking/samples/00728.png 97
ucf/VolleyballSpiking/samples/00729.png 97
ucf/VolleyballSpiking/samples/00730.png 97
ucf/VolleyballSpiking/samples/00731.png 97
ucf/VolleyballSpiking/samples/00732.png 97
ucf/VolleyballSpiking/samples/00733.png 97
ucf/VolleyballSpiking/samples/00734.png 97
ucf/VolleyballSpiking/samples/00735.png 97
ucf/VolleyballSpiking/samples/00736.png 97
ucf/VolleyballSpiking/samples/00737.png 97
ucf/VolleyballSpiking/samples/00738.png 97
ucf/VolleyballSpiking/samples/00739.png 97
ucf/VolleyballSpiking/samples/00740.png 97
ucf/VolleyballSpiking/samples/00741.png 97
ucf/VolleyballSpiking/samples/00742.png 97
ucf/VolleyballSpiking/samples/00743.png 97
ucf/VolleyballSpiking/samples/00744.png 97
ucf/VolleyballSpiking/samples/00745.png 97
ucf/VolleyballSpiking/samples/00746.png 97
ucf/VolleyballSpiking/samples/00747.png 97
ucf/VolleyballSpiking/samples/00748.png 97
ucf/VolleyballSpiking/samples/00749.png 97
ucf/VolleyballSpiking/samples/00750.png 97
ucf/VolleyballSpiking/samples/00751.png 97
ucf/VolleyballSpiking/samples/00752.png 97
ucf/VolleyballSpiking/samples/00753.png 97
ucf/VolleyballSpiking/samples/00754.png 97
ucf/VolleyballSpiking/samples/00755.png 97
ucf/VolleyballSpiking/samples/00756.png 97
ucf/VolleyballSpiking/samples/00757.png 97
ucf/VolleyballSpiking/samples/00758.png 97
ucf/VolleyballSpiking/samples/00759.png 97
ucf/VolleyballSpiking/samples/00760.png 97
ucf/VolleyballSpiking/samples/00761.png 97
ucf/VolleyballSpiking/samples/00762.png 97
ucf/VolleyballSpiking/samples/00763.png 97
ucf/VolleyballSpiking/samples/00764.png 97
ucf/VolleyballSpiking/samples/00765.png 97
ucf/VolleyballSpiking/samples/00766.png 97
ucf/VolleyballSpiking/samples/00767.png 97
ucf/VolleyballSpiking/samples/00768.png 97
ucf/VolleyballSpiking/samples/00769.png 97
ucf/VolleyballSpiking/samples/00770.png 97
ucf/VolleyballSpiking/samples/00771.png 97
ucf/VolleyballSpiking/samples/00772.png 97
ucf/VolleyballSpiking/samples/00773.png 97
ucf/VolleyballSpiking/samples/00774.png 97
ucf/VolleyballSpiking/samples/00775.png 97
ucf/VolleyballSpiking/samples/00776.png 97
ucf/VolleyballSpiking/samples/00777.png 97
ucf/VolleyballSpiking/samples/00778.png 97
ucf/VolleyballSpiking/samples/00779.png 97
ucf/VolleyballSpiking/samples/00780.png 97
ucf/VolleyballSpiking/samples/00781.png 97
ucf/VolleyballSpiking/samples/00782.png 97
ucf/VolleyballSpiking/samples/00783.png 97
ucf/VolleyballSpiking/samples/00784.png 97
ucf/VolleyballSpiking/samples/00785.png 97
ucf/VolleyballSpiking/samples/00786.png 97
ucf/VolleyballSpiking/samples/00787.png 97
ucf/VolleyballSpiking/samples/00788.png 97
ucf/VolleyballSpiking/samples/00789.png 97
ucf/VolleyballSpiking/samples/00790.png 97
ucf/VolleyballSpiking/samples/00791.png 97
ucf/VolleyballSpiking/samples/00792.png 97
ucf/VolleyballSpiking/samples/00793.png 97
ucf/VolleyballSpiking/samples/00794.png 97
ucf/VolleyballSpiking/samples/00795.png 97
ucf/VolleyballSpiking/samples/00796.png 97
ucf/VolleyballSpiking/samples/00797.png 97
ucf/VolleyballSpiking/samples/00798.png 97
ucf/VolleyballSpiking/samples/00799.png 97
ucf/VolleyballSpiking/samples/00800.png 97
ucf/VolleyballSpiking/samples/00801.png 97
ucf/VolleyballSpiking/samples/00802.png 97
ucf/VolleyballSpiking/samples/00803.png 97
ucf/VolleyballSpiking/samples/00804.png 97
ucf/VolleyballSpiking/samples/00805.png 97
ucf/VolleyballSpiking/samples/00806.png 97
ucf/VolleyballSpiking/samples/00807.png 97
ucf/VolleyballSpiking/samples/00808.png 97
ucf/VolleyballSpiking/samples/00809.png 97
ucf/VolleyballSpiking/samples/00810.png 97
ucf/VolleyballSpiking/samples/00811.png 97
ucf/VolleyballSpiking/samples/00812.png 97
ucf/VolleyballSpiking/samples/00813.png 97
ucf/VolleyballSpiking/samples/00814.png 97
ucf/VolleyballSpiking/samples/00815.png 97
ucf/VolleyballSpiking/samples/00816.png 97
ucf/VolleyballSpiking/samples/00817.png 97
ucf/VolleyballSpiking/samples/00818.png 97
ucf/VolleyballSpiking/samples/00819.png 97
ucf/VolleyballSpiking/samples/00820.png 97
ucf/VolleyballSpiking/samples/00821.png 97
ucf/VolleyballSpiking/samples/00822.png 97
ucf/VolleyballSpiking/samples/00823.png 97
ucf/VolleyballSpiking/samples/00824.png 97
ucf/VolleyballSpiking/samples/00825.png 97
ucf/VolleyballSpiking/samples/00826.png 97
ucf/VolleyballSpiking/samples/00827.png 97
ucf/VolleyballSpiking/samples/00828.png 97
ucf/VolleyballSpiking/samples/00829.png 97
ucf/VolleyballSpiking/samples/00830.png 97
ucf/VolleyballSpiking/samples/00831.png 97
ucf/VolleyballSpiking/samples/00832.png 97
ucf/VolleyballSpiking/samples/00833.png 97
ucf/VolleyballSpiking/samples/00834.png 97
ucf/VolleyballSpiking/samples/00835.png 97
ucf/VolleyballSpiking/samples/00836.png 97
ucf/VolleyballSpiking/samples/00837.png 97
ucf/VolleyballSpiking/samples/00838.png 97
ucf/VolleyballSpiking/samples/00839.png 97
ucf/VolleyballSpiking/samples/00840.png 97
ucf/VolleyballSpiking/samples/00841.png 97
ucf/VolleyballSpiking/samples/00842.png 97
ucf/VolleyballSpiking/samples/00843.png 97
ucf/VolleyballSpiking/samples/00844.png 97
ucf/VolleyballSpiking/samples/00845.png 97
ucf/VolleyballSpiking/samples/00846.png 97
ucf/VolleyballSpiking/samples/00847.png 97
ucf/VolleyballSpiking/samples/00848.png 97
ucf/VolleyballSpiking/samples/00849.png 97
ucf/VolleyballSpiking/samples/00850.png 97
ucf/VolleyballSpiking/samples/00851.png 97
ucf/VolleyballSpiking/samples/00852.png 97
ucf/VolleyballSpiking/samples/00853.png 97
ucf/VolleyballSpiking/samples/00854.png 97
ucf/VolleyballSpiking/samples/00855.png 97
ucf/VolleyballSpiking/samples/00856.png 97
ucf/VolleyballSpiking/samples/00857.png 97
ucf/VolleyballSpiking/samples/00858.png 97
ucf/VolleyballSpiking/samples/00859.png 97
ucf/VolleyballSpiking/samples/00860.png 97
ucf/VolleyballSpiking/samples/00861.png 97
ucf/VolleyballSpiking/samples/00862.png 97
ucf/VolleyballSpiking/samples/00863.png 97
ucf/VolleyballSpiking/samples/00864.png 97
ucf/VolleyballSpiking/samples/00865.png 97
ucf/VolleyballSpiking/samples/00866.png 97
ucf/VolleyballSpiking/samples/00867.png 97
ucf/VolleyballSpiking/samples/00868.png 97
ucf/VolleyballSpiking/samples/00869.png 97
ucf/VolleyballSpiking/samples/00870.png 97
ucf/VolleyballSpiking/samples/00871.png 97
ucf/VolleyballSpiking/samples/00872.png 97
ucf/VolleyballSpiking/samples/00873.png 97
ucf/VolleyballSpiking/samples/00874.png 97
ucf/VolleyballSpiking/samples/00875.png 97
ucf/VolleyballSpiking/samples/00876.png 97
ucf/VolleyballSpiking/samples/00877.png 97
ucf/VolleyballSpiking/samples/00878.png 97
ucf/VolleyballSpiking/samples/00879.png 97
ucf/VolleyballSpiking/samples/00880.png 97
ucf/VolleyballSpiking/samples/00881.png 97
ucf/VolleyballSpiking/samples/00882.png 97
ucf/VolleyballSpiking/samples/00883.png 97
ucf/VolleyballSpiking/samples/00884.png 97
ucf/VolleyballSpiking/samples/00885.png 97
ucf/VolleyballSpiking/samples/00886.png 97
ucf/VolleyballSpiking/samples/00887.png 97
ucf/VolleyballSpiking/samples/00888.png 97
ucf/VolleyballSpiking/samples/00889.png 97
ucf/VolleyballSpiking/samples/00890.png 97
ucf/VolleyballSpiking/samples/00891.png 97
ucf/VolleyballSpiking/samples/00892.png 97
ucf/VolleyballSpiking/samples/00893.png 97
ucf/VolleyballSpiking/samples/00894.png 97
ucf/VolleyballSpiking/samples/00895.png 97
ucf/VolleyballSpiking/samples/00896.png 97
ucf/VolleyballSpiking/samples/00897.png 97
ucf/VolleyballSpiking/samples/00898.png 97
ucf/VolleyballSpiking/samples/00899.png 97
ucf/VolleyballSpiking/samples/00900.png 97
ucf/VolleyballSpiking/samples/00901.png 97
ucf/VolleyballSpiking/samples/00902.png 97
ucf/VolleyballSpiking/samples/00903.png 97
ucf/VolleyballSpiking/samples/00904.png 97
ucf/VolleyballSpiking/samples/00905.png 97
ucf/VolleyballSpiking/samples/00906.png 97
ucf/VolleyballSpiking/samples/00907.png 97
ucf/VolleyballSpiking/samples/00908.png 97
ucf/VolleyballSpiking/samples/00909.png 97
ucf/VolleyballSpiking/samples/00910.png 97
ucf/VolleyballSpiking/samples/00911.png 97
ucf/VolleyballSpiking/samples/00912.png 97
ucf/VolleyballSpiking/samples/00913.png 97
ucf/VolleyballSpiking/samples/00914.png 97
ucf/VolleyballSpiking/samples/00915.png 97
ucf/VolleyballSpiking/samples/00916.png 97
ucf/VolleyballSpiking/samples/00917.png 97
ucf/VolleyballSpiking/samples/00918.png 97
ucf/VolleyballSpiking/samples/00919.png 97
ucf/VolleyballSpiking/samples/00920.png 97
ucf/VolleyballSpiking/samples/00921.png 97
ucf/VolleyballSpiking/samples/00922.png 97
ucf/VolleyballSpiking/samples/00923.png 97
ucf/VolleyballSpiking/samples/00924.png 97
ucf/VolleyballSpiking/samples/00925.png 97
ucf/VolleyballSpiking/samples/00926.png 97
ucf/VolleyballSpiking/samples/00927.png 97
ucf/VolleyballSpiking/samples/00928.png 97
ucf/VolleyballSpiking/samples/00929.png 97
ucf/VolleyballSpiking/samples/00930.png 97
ucf/VolleyballSpiking/samples/00931.png 97
ucf/VolleyballSpiking/samples/00932.png 97
ucf/VolleyballSpiking/samples/00933.png 97
ucf/VolleyballSpiking/samples/00934.png 97
ucf/VolleyballSpiking/samples/00935.png 97
ucf/VolleyballSpiking/samples/00936.png 97
ucf/VolleyballSpiking/samples/00937.png 97
ucf/VolleyballSpiking/samples/00938.png 97
ucf/VolleyballSpiking/samples/00939.png 97
ucf/VolleyballSpiking/samples/00940.png 97
ucf/VolleyballSpiking/samples/00941.png 97
ucf/VolleyballSpiking/samples/00942.png 97
ucf/VolleyballSpiking/samples/00943.png 97
ucf/VolleyballSpiking/samples/00944.png 97
ucf/VolleyballSpiking/samples/00945.png 97
ucf/VolleyballSpiking/samples/00946.png 97
ucf/VolleyballSpiking/samples/00947.png 97
ucf/VolleyballSpiking/samples/00948.png 97
ucf/VolleyballSpiking/samples/00949.png 97
ucf/VolleyballSpiking/samples/00950.png 97
ucf/VolleyballSpiking/samples/00951.png 97
ucf/VolleyballSpiking/samples/00952.png 97
ucf/VolleyballSpiking/samples/00953.png 97
ucf/VolleyballSpiking/samples/00954.png 97
ucf/VolleyballSpiking/samples/00955.png 97
ucf/VolleyballSpiking/samples/00956.png 97
ucf/VolleyballSpiking/samples/00957.png 97
ucf/VolleyballSpiking/samples/00958.png 97
ucf/VolleyballSpiking/samples/00959.png 97
ucf/VolleyballSpiking/samples/00960.png 97
ucf/VolleyballSpiking/samples/00961.png 97
ucf/VolleyballSpiking/samples/00962.png 97
ucf/VolleyballSpiking/samples/00963.png 97
ucf/VolleyballSpiking/samples/00964.png 97
ucf/VolleyballSpiking/samples/00965.png 97
ucf/VolleyballSpiking/samples/00966.png 97
ucf/VolleyballSpiking/samples/00967.png 97
ucf/VolleyballSpiking/samples/00968.png 97
ucf/VolleyballSpiking/samples/00969.png 97
ucf/VolleyballSpiking/samples/00970.png 97
ucf/VolleyballSpiking/samples/00971.png 97
ucf/VolleyballSpiking/samples/00972.png 97
ucf/VolleyballSpiking/samples/00973.png 97
ucf/VolleyballSpiking/samples/00974.png 97
ucf/VolleyballSpiking/samples/00975.png 97
ucf/VolleyballSpiking/samples/00976.png 97
ucf/VolleyballSpiking/samples/00977.png 97
ucf/VolleyballSpiking/samples/00978.png 97
ucf/VolleyballSpiking/samples/00979.png 97
ucf/VolleyballSpiking/samples/00980.png 97
ucf/VolleyballSpiking/samples/00981.png 97
ucf/VolleyballSpiking/samples/00982.png 97
ucf/VolleyballSpiking/samples/00983.png 97
ucf/VolleyballSpiking/samples/00984.png 97
ucf/VolleyballSpiking/samples/00985.png 97
ucf/VolleyballSpiking/samples/00986.png 97
ucf/VolleyballSpiking/samples/00987.png 97
ucf/VolleyballSpiking/samples/00988.png 97
ucf/VolleyballSpiking/samples/00989.png 97
ucf/VolleyballSpiking/samples/00990.png 97
ucf/VolleyballSpiking/samples/00991.png 97
ucf/VolleyballSpiking/samples/00992.png 97
ucf/VolleyballSpiking/samples/00993.png 97
ucf/VolleyballSpiking/samples/00994.png 97
ucf/VolleyballSpiking/samples/00995.png 97
ucf/VolleyballSpiking/samples/00996.png 97
ucf/VolleyballSpiking/samples/00997.png 97
ucf/VolleyballSpiking/samples/00998.png 97
ucf/VolleyballSpiking/samples/00999.png 97
ucf/Basketball/samples/00000.png 8
ucf/Basketball/samples/00001.png 8
ucf/Basketball/samples/00002.png 8
ucf/Basketball/samples/00003.png 8
ucf/Basketball/samples/00004.png 8
ucf/Basketball/samples/00005.png 8
ucf/Basketball/samples/00006.png 8
ucf/Basketball/samples/00007.png 8
ucf/Basketball/samples/00008.png 8
ucf/Basketball/samples/00009.png 8
ucf/Basketball/samples/00010.png 8
ucf/Basketball/samples/00011.png 8
ucf/Basketball/samples/00012.png 8
ucf/Basketball/samples/00013.png 8
ucf/Basketball/samples/00014.png 8
ucf/Basketball/samples/00015.png 8
ucf/Basketball/samples/00016.png 8
ucf/Basketball/samples/00017.png 8
ucf/Basketball/samples/00018.png 8
ucf/Basketball/samples/00019.png 8
ucf/Basketball/samples/00020.png 8
ucf/Basketball/samples/00021.png 8
ucf/Basketball/samples/00022.png 8
ucf/Basketball/samples/00023.png 8
ucf/Basketball/samples/00024.png 8
ucf/Basketball/samples/00025.png 8
ucf/Basketball/samples/00026.png 8
ucf/Basketball/samples/00027.png 8
ucf/Basketball/samples/00028.png 8
ucf/Basketball/samples/00029.png 8
ucf/Basketball/samples/00030.png 8
ucf/Basketball/samples/00031.png 8
ucf/Basketball/samples/00032.png 8
ucf/Basketball/samples/00033.png 8
ucf/Basketball/samples/00034.png 8
ucf/Basketball/samples/00035.png 8
ucf/Basketball/samples/00036.png 8
ucf/Basketball/samples/00037.png 8
ucf/Basketball/samples/00038.png 8
ucf/Basketball/samples/00039.png 8
ucf/Basketball/samples/00040.png 8
ucf/Basketball/samples/00041.png 8
ucf/Basketball/samples/00042.png 8
ucf/Basketball/samples/00043.png 8
ucf/Basketball/samples/00044.png 8
ucf/Basketball/samples/00045.png 8
ucf/Basketball/samples/00046.png 8
ucf/Basketball/samples/00047.png 8
ucf/Basketball/samples/00048.png 8
ucf/Basketball/samples/00049.png 8
ucf/Basketball/samples/00050.png 8
ucf/Basketball/samples/00051.png 8
ucf/Basketball/samples/00052.png 8
ucf/Basketball/samples/00053.png 8
ucf/Basketball/samples/00054.png 8
ucf/Basketball/samples/00055.png 8
ucf/Basketball/samples/00056.png 8
ucf/Basketball/samples/00057.png 8
ucf/Basketball/samples/00058.png 8
ucf/Basketball/samples/00059.png 8
ucf/Basketball/samples/00060.png 8
ucf/Basketball/samples/00061.png 8
ucf/Basketball/samples/00062.png 8
ucf/Basketball/samples/00063.png 8
ucf/Basketball/samples/00064.png 8
ucf/Basketball/samples/00065.png 8
ucf/Basketball/samples/00066.png 8
ucf/Basketball/samples/00067.png 8
ucf/Basketball/samples/00068.png 8
ucf/Basketball/samples/00069.png 8
ucf/Basketball/samples/00070.png 8
ucf/Basketball/samples/00071.png 8
ucf/Basketball/samples/00072.png 8
ucf/Basketball/samples/00073.png 8
ucf/Basketball/samples/00074.png 8
ucf/Basketball/samples/00075.png 8
ucf/Basketball/samples/00076.png 8
ucf/Basketball/samples/00077.png 8
ucf/Basketball/samples/00078.png 8
ucf/Basketball/samples/00079.png 8
ucf/Basketball/samples/00080.png 8
ucf/Basketball/samples/00081.png 8
ucf/Basketball/samples/00082.png 8
ucf/Basketball/samples/00083.png 8
ucf/Basketball/samples/00084.png 8
ucf/Basketball/samples/00085.png 8
ucf/Basketball/samples/00086.png 8
ucf/Basketball/samples/00087.png 8
ucf/Basketball/samples/00088.png 8
ucf/Basketball/samples/00089.png 8
ucf/Basketball/samples/00090.png 8
ucf/Basketball/samples/00091.png 8
ucf/Basketball/samples/00092.png 8
ucf/Basketball/samples/00093.png 8
ucf/Basketball/samples/00094.png 8
ucf/Basketball/samples/00095.png 8
ucf/Basketball/samples/00096.png 8
ucf/Basketball/samples/00097.png 8
ucf/Basketball/samples/00098.png 8
ucf/Basketball/samples/00099.png 8
ucf/Basketball/samples/00100.png 8
ucf/Basketball/samples/00101.png 8
ucf/Basketball/samples/00102.png 8
ucf/Basketball/samples/00103.png 8
ucf/Basketball/samples/00104.png 8
ucf/Basketball/samples/00105.png 8
ucf/Basketball/samples/00106.png 8
ucf/Basketball/samples/00107.png 8
ucf/Basketball/samples/00108.png 8
ucf/Basketball/samples/00109.png 8
ucf/Basketball/samples/00110.png 8
ucf/Basketball/samples/00111.png 8
ucf/Basketball/samples/00112.png 8
ucf/Basketball/samples/00113.png 8
ucf/Basketball/samples/00114.png 8
ucf/Basketball/samples/00115.png 8
ucf/Basketball/samples/00116.png 8
ucf/Basketball/samples/00117.png 8
ucf/Basketball/samples/00118.png 8
ucf/Basketball/samples/00119.png 8
ucf/Basketball/samples/00120.png 8
ucf/Basketball/samples/00121.png 8
ucf/Basketball/samples/00122.png 8
ucf/Basketball/samples/00123.png 8
ucf/Basketball/samples/00124.png 8
ucf/Basketball/samples/00125.png 8
ucf/Basketball/samples/00126.png 8
ucf/Basketball/samples/00127.png 8
ucf/Basketball/samples/00128.png 8
ucf/Basketball/samples/00129.png 8
ucf/Basketball/samples/00130.png 8
ucf/Basketball/samples/00131.png 8
ucf/Basketball/samples/00132.png 8
ucf/Basketball/samples/00133.png 8
ucf/Basketball/samples/00134.png 8
ucf/Basketball/samples/00135.png 8
ucf/Basketball/samples/00136.png 8
ucf/Basketball/samples/00137.png 8
ucf/Basketball/samples/00138.png 8
ucf/Basketball/samples/00139.png 8
ucf/Basketball/samples/00140.png 8
ucf/Basketball/samples/00141.png 8
ucf/Basketball/samples/00142.png 8
ucf/Basketball/samples/00143.png 8
ucf/Basketball/samples/00144.png 8
ucf/Basketball/samples/00145.png 8
ucf/Basketball/samples/00146.png 8
ucf/Basketball/samples/00147.png 8
ucf/Basketball/samples/00148.png 8
ucf/Basketball/samples/00149.png 8
ucf/Basketball/samples/00150.png 8
ucf/Basketball/samples/00151.png 8
ucf/Basketball/samples/00152.png 8
ucf/Basketball/samples/00153.png 8
ucf/Basketball/samples/00154.png 8
ucf/Basketball/samples/00155.png 8
ucf/Basketball/samples/00156.png 8
ucf/Basketball/samples/00157.png 8
ucf/Basketball/samples/00158.png 8
ucf/Basketball/samples/00159.png 8
ucf/Basketball/samples/00160.png 8
ucf/Basketball/samples/00161.png 8
ucf/Basketball/samples/00162.png 8
ucf/Basketball/samples/00163.png 8
ucf/Basketball/samples/00164.png 8
ucf/Basketball/samples/00165.png 8
ucf/Basketball/samples/00166.png 8
ucf/Basketball/samples/00167.png 8
ucf/Basketball/samples/00168.png 8
ucf/Basketball/samples/00169.png 8
ucf/Basketball/samples/00170.png 8
ucf/Basketball/samples/00171.png 8
ucf/Basketball/samples/00172.png 8
ucf/Basketball/samples/00173.png 8
ucf/Basketball/samples/00174.png 8
ucf/Basketball/samples/00175.png 8
ucf/Basketball/samples/00176.png 8
ucf/Basketball/samples/00177.png 8
ucf/Basketball/samples/00178.png 8
ucf/Basketball/samples/00179.png 8
ucf/Basketball/samples/00180.png 8
ucf/Basketball/samples/00181.png 8
ucf/Basketball/samples/00182.png 8
ucf/Basketball/samples/00183.png 8
ucf/Basketball/samples/00184.png 8
ucf/Basketball/samples/00185.png 8
ucf/Basketball/samples/00186.png 8
ucf/Basketball/samples/00187.png 8
ucf/Basketball/samples/00188.png 8
ucf/Basketball/samples/00189.png 8
ucf/Basketball/samples/00190.png 8
ucf/Basketball/samples/00191.png 8
ucf/Basketball/samples/00192.png 8
ucf/Basketball/samples/00193.png 8
ucf/Basketball/samples/00194.png 8
ucf/Basketball/samples/00195.png 8
ucf/Basketball/samples/00196.png 8
ucf/Basketball/samples/00197.png 8
ucf/Basketball/samples/00198.png 8
ucf/Basketball/samples/00199.png 8
ucf/Basketball/samples/00200.png 8
ucf/Basketball/samples/00201.png 8
ucf/Basketball/samples/00202.png 8
ucf/Basketball/samples/00203.png 8
ucf/Basketball/samples/00204.png 8
ucf/Basketball/samples/00205.png 8
ucf/Basketball/samples/00206.png 8
ucf/Basketball/samples/00207.png 8
ucf/Basketball/samples/00208.png 8
ucf/Basketball/samples/00209.png 8
ucf/Basketball/samples/00210.png 8
ucf/Basketball/samples/00211.png 8
ucf/Basketball/samples/00212.png 8
ucf/Basketball/samples/00213.png 8
ucf/Basketball/samples/00214.png 8
ucf/Basketball/samples/00215.png 8
ucf/Basketball/samples/00216.png 8
ucf/Basketball/samples/00217.png 8
ucf/Basketball/samples/00218.png 8
ucf/Basketball/samples/00219.png 8
ucf/Basketball/samples/00220.png 8
ucf/Basketball/samples/00221.png 8
ucf/Basketball/samples/00222.png 8
ucf/Basketball/samples/00223.png 8
ucf/Basketball/samples/00224.png 8
ucf/Basketball/samples/00225.png 8
ucf/Basketball/samples/00226.png 8
ucf/Basketball/samples/00227.png 8
ucf/Basketball/samples/00228.png 8
ucf/Basketball/samples/00229.png 8
ucf/Basketball/samples/00230.png 8
ucf/Basketball/samples/00231.png 8
ucf/Basketball/samples/00232.png 8
ucf/Basketball/samples/00233.png 8
ucf/Basketball/samples/00234.png 8
ucf/Basketball/samples/00235.png 8
ucf/Basketball/samples/00236.png 8
ucf/Basketball/samples/00237.png 8
ucf/Basketball/samples/00238.png 8
ucf/Basketball/samples/00239.png 8
ucf/Basketball/samples/00240.png 8
ucf/Basketball/samples/00241.png 8
ucf/Basketball/samples/00242.png 8
ucf/Basketball/samples/00243.png 8
ucf/Basketball/samples/00244.png 8
ucf/Basketball/samples/00245.png 8
ucf/Basketball/samples/00246.png 8
ucf/Basketball/samples/00247.png 8
ucf/Basketball/samples/00248.png 8
ucf/Basketball/samples/00249.png 8
ucf/Basketball/samples/00250.png 8
ucf/Basketball/samples/00251.png 8
ucf/Basketball/samples/00252.png 8
ucf/Basketball/samples/00253.png 8
ucf/Basketball/samples/00254.png 8
ucf/Basketball/samples/00255.png 8
ucf/Basketball/samples/00256.png 8
ucf/Basketball/samples/00257.png 8
ucf/Basketball/samples/00258.png 8
ucf/Basketball/samples/00259.png 8
ucf/Basketball/samples/00260.png 8
ucf/Basketball/samples/00261.png 8
ucf/Basketball/samples/00262.png 8
ucf/Basketball/samples/00263.png 8
ucf/Basketball/samples/00264.png 8
ucf/Basketball/samples/00265.png 8
ucf/Basketball/samples/00266.png 8
ucf/Basketball/samples/00267.png 8
ucf/Basketball/samples/00268.png 8
ucf/Basketball/samples/00269.png 8
ucf/Basketball/samples/00270.png 8
ucf/Basketball/samples/00271.png 8
ucf/Basketball/samples/00272.png 8
ucf/Basketball/samples/00273.png 8
ucf/Basketball/samples/00274.png 8
ucf/Basketball/samples/00275.png 8
ucf/Basketball/samples/00276.png 8
ucf/Basketball/samples/00277.png 8
ucf/Basketball/samples/00278.png 8
ucf/Basketball/samples/00279.png 8
ucf/Basketball/samples/00280.png 8
ucf/Basketball/samples/00281.png 8
ucf/Basketball/samples/00282.png 8
ucf/Basketball/samples/00283.png 8
ucf/Basketball/samples/00284.png 8
ucf/Basketball/samples/00285.png 8
ucf/Basketball/samples/00286.png 8
ucf/Basketball/samples/00287.png 8
ucf/Basketball/samples/00288.png 8
ucf/Basketball/samples/00289.png 8
ucf/Basketball/samples/00290.png 8
ucf/Basketball/samples/00291.png 8
ucf/Basketball/samples/00292.png 8
ucf/Basketball/samples/00293.png 8
ucf/Basketball/samples/00294.png 8
ucf/Basketball/samples/00295.png 8
ucf/Basketball/samples/00296.png 8
ucf/Basketball/samples/00297.png 8
ucf/Basketball/samples/00298.png 8
ucf/Basketball/samples/00299.png 8
ucf/Basketball/samples/00300.png 8
ucf/Basketball/samples/00301.png 8
ucf/Basketball/samples/00302.png 8
ucf/Basketball/samples/00303.png 8
ucf/Basketball/samples/00304.png 8
ucf/Basketball/samples/00305.png 8
ucf/Basketball/samples/00306.png 8
ucf/Basketball/samples/00307.png 8
ucf/Basketball/samples/00308.png 8
ucf/Basketball/samples/00309.png 8
ucf/Basketball/samples/00310.png 8
ucf/Basketball/samples/00311.png 8
ucf/Basketball/samples/00312.png 8
ucf/Basketball/samples/00313.png 8
ucf/Basketball/samples/00314.png 8
ucf/Basketball/samples/00315.png 8
ucf/Basketball/samples/00316.png 8
ucf/Basketball/samples/00317.png 8
ucf/Basketball/samples/00318.png 8
ucf/Basketball/samples/00319.png 8
ucf/Basketball/samples/00320.png 8
ucf/Basketball/samples/00321.png 8
ucf/Basketball/samples/00322.png 8
ucf/Basketball/samples/00323.png 8
ucf/Basketball/samples/00324.png 8
ucf/Basketball/samples/00325.png 8
ucf/Basketball/samples/00326.png 8
ucf/Basketball/samples/00327.png 8
ucf/Basketball/samples/00328.png 8
ucf/Basketball/samples/00329.png 8
ucf/Basketball/samples/00330.png 8
ucf/Basketball/samples/00331.png 8
ucf/Basketball/samples/00332.png 8
ucf/Basketball/samples/00333.png 8
ucf/Basketball/samples/00334.png 8
ucf/Basketball/samples/00335.png 8
ucf/Basketball/samples/00336.png 8
ucf/Basketball/samples/00337.png 8
ucf/Basketball/samples/00338.png 8
ucf/Basketball/samples/00339.png 8
ucf/Basketball/samples/00340.png 8
ucf/Basketball/samples/00341.png 8
ucf/Basketball/samples/00342.png 8
ucf/Basketball/samples/00343.png 8
ucf/Basketball/samples/00344.png 8
ucf/Basketball/samples/00345.png 8
ucf/Basketball/samples/00346.png 8
ucf/Basketball/samples/00347.png 8
ucf/Basketball/samples/00348.png 8
ucf/Basketball/samples/00349.png 8
ucf/Basketball/samples/00350.png 8
ucf/Basketball/samples/00351.png 8
ucf/Basketball/samples/00352.png 8
ucf/Basketball/samples/00353.png 8
ucf/Basketball/samples/00354.png 8
ucf/Basketball/samples/00355.png 8
ucf/Basketball/samples/00356.png 8
ucf/Basketball/samples/00357.png 8
ucf/Basketball/samples/00358.png 8
ucf/Basketball/samples/00359.png 8
ucf/Basketball/samples/00360.png 8
ucf/Basketball/samples/00361.png 8
ucf/Basketball/samples/00362.png 8
ucf/Basketball/samples/00363.png 8
ucf/Basketball/samples/00364.png 8
ucf/Basketball/samples/00365.png 8
ucf/Basketball/samples/00366.png 8
ucf/Basketball/samples/00367.png 8
ucf/Basketball/samples/00368.png 8
ucf/Basketball/samples/00369.png 8
ucf/Basketball/samples/00370.png 8
ucf/Basketball/samples/00371.png 8
ucf/Basketball/samples/00372.png 8
ucf/Basketball/samples/00373.png 8
ucf/Basketball/samples/00374.png 8
ucf/Basketball/samples/00375.png 8
ucf/Basketball/samples/00376.png 8
ucf/Basketball/samples/00377.png 8
ucf/Basketball/samples/00378.png 8
ucf/Basketball/samples/00379.png 8
ucf/Basketball/samples/00380.png 8
ucf/Basketball/samples/00381.png 8
ucf/Basketball/samples/00382.png 8
ucf/Basketball/samples/00383.png 8
ucf/Basketball/samples/00384.png 8
ucf/Basketball/samples/00385.png 8
ucf/Basketball/samples/00386.png 8
ucf/Basketball/samples/00387.png 8
ucf/Basketball/samples/00388.png 8
ucf/Basketball/samples/00389.png 8
ucf/Basketball/samples/00390.png 8
ucf/Basketball/samples/00391.png 8
ucf/Basketball/samples/00392.png 8
ucf/Basketball/samples/00393.png 8
ucf/Basketball/samples/00394.png 8
ucf/Basketball/samples/00395.png 8
ucf/Basketball/samples/00396.png 8
ucf/Basketball/samples/00397.png 8
ucf/Basketball/samples/00398.png 8
ucf/Basketball/samples/00399.png 8
ucf/Basketball/samples/00400.png 8
ucf/Basketball/samples/00401.png 8
ucf/Basketball/samples/00402.png 8
ucf/Basketball/samples/00403.png 8
ucf/Basketball/samples/00404.png 8
ucf/Basketball/samples/00405.png 8
ucf/Basketball/samples/00406.png 8
ucf/Basketball/samples/00407.png 8
ucf/Basketball/samples/00408.png 8
ucf/Basketball/samples/00409.png 8
ucf/Basketball/samples/00410.png 8
ucf/Basketball/samples/00411.png 8
ucf/Basketball/samples/00412.png 8
ucf/Basketball/samples/00413.png 8
ucf/Basketball/samples/00414.png 8
ucf/Basketball/samples/00415.png 8
ucf/Basketball/samples/00416.png 8
ucf/Basketball/samples/00417.png 8
ucf/Basketball/samples/00418.png 8
ucf/Basketball/samples/00419.png 8
ucf/Basketball/samples/00420.png 8
ucf/Basketball/samples/00421.png 8
ucf/Basketball/samples/00422.png 8
ucf/Basketball/samples/00423.png 8
ucf/Basketball/samples/00424.png 8
ucf/Basketball/samples/00425.png 8
ucf/Basketball/samples/00426.png 8
ucf/Basketball/samples/00427.png 8
ucf/Basketball/samples/00428.png 8
ucf/Basketball/samples/00429.png 8
ucf/Basketball/samples/00430.png 8
ucf/Basketball/samples/00431.png 8
ucf/Basketball/samples/00432.png 8
ucf/Basketball/samples/00433.png 8
ucf/Basketball/samples/00434.png 8
ucf/Basketball/samples/00435.png 8
ucf/Basketball/samples/00436.png 8
ucf/Basketball/samples/00437.png 8
ucf/Basketball/samples/00438.png 8
ucf/Basketball/samples/00439.png 8
ucf/Basketball/samples/00440.png 8
ucf/Basketball/samples/00441.png 8
ucf/Basketball/samples/00442.png 8
ucf/Basketball/samples/00443.png 8
ucf/Basketball/samples/00444.png 8
ucf/Basketball/samples/00445.png 8
ucf/Basketball/samples/00446.png 8
ucf/Basketball/samples/00447.png 8
ucf/Basketball/samples/00448.png 8
ucf/Basketball/samples/00449.png 8
ucf/Basketball/samples/00450.png 8
ucf/Basketball/samples/00451.png 8
ucf/Basketball/samples/00452.png 8
ucf/Basketball/samples/00453.png 8
ucf/Basketball/samples/00454.png 8
ucf/Basketball/samples/00455.png 8
ucf/Basketball/samples/00456.png 8
ucf/Basketball/samples/00457.png 8
ucf/Basketball/samples/00458.png 8
ucf/Basketball/samples/00459.png 8
ucf/Basketball/samples/00460.png 8
ucf/Basketball/samples/00461.png 8
ucf/Basketball/samples/00462.png 8
ucf/Basketball/samples/00463.png 8
ucf/Basketball/samples/00464.png 8
ucf/Basketball/samples/00465.png 8
ucf/Basketball/samples/00466.png 8
ucf/Basketball/samples/00467.png 8
ucf/Basketball/samples/00468.png 8
ucf/Basketball/samples/00469.png 8
ucf/Basketball/samples/00470.png 8
ucf/Basketball/samples/00471.png 8
ucf/Basketball/samples/00472.png 8
ucf/Basketball/samples/00473.png 8
ucf/Basketball/samples/00474.png 8
ucf/Basketball/samples/00475.png 8
ucf/Basketball/samples/00476.png 8
ucf/Basketball/samples/00477.png 8
ucf/Basketball/samples/00478.png 8
ucf/Basketball/samples/00479.png 8
ucf/Basketball/samples/00480.png 8
ucf/Basketball/samples/00481.png 8
ucf/Basketball/samples/00482.png 8
ucf/Basketball/samples/00483.png 8
ucf/Basketball/samples/00484.png 8
ucf/Basketball/samples/00485.png 8
ucf/Basketball/samples/00486.png 8
ucf/Basketball/samples/00487.png 8
ucf/Basketball/samples/00488.png 8
ucf/Basketball/samples/00489.png 8
ucf/Basketball/samples/00490.png 8
ucf/Basketball/samples/00491.png 8
ucf/Basketball/samples/00492.png 8
ucf/Basketball/samples/00493.png 8
ucf/Basketball/samples/00494.png 8
ucf/Basketball/samples/00495.png 8
ucf/Basketball/samples/00496.png 8
ucf/Basketball/samples/00497.png 8
ucf/Basketball/samples/00498.png 8
ucf/Basketball/samples/00499.png 8
ucf/Basketball/samples/00500.png 8
ucf/Basketball/samples/00501.png 8
ucf/Basketball/samples/00502.png 8
ucf/Basketball/samples/00503.png 8
ucf/Basketball/samples/00504.png 8
ucf/Basketball/samples/00505.png 8
ucf/Basketball/samples/00506.png 8
ucf/Basketball/samples/00507.png 8
ucf/Basketball/samples/00508.png 8
ucf/Basketball/samples/00509.png 8
ucf/Basketball/samples/00510.png 8
ucf/Basketball/samples/00511.png 8
ucf/Basketball/samples/00512.png 8
ucf/Basketball/samples/00513.png 8
ucf/Basketball/samples/00514.png 8
ucf/Basketball/samples/00515.png 8
ucf/Basketball/samples/00516.png 8
ucf/Basketball/samples/00517.png 8
ucf/Basketball/samples/00518.png 8
ucf/Basketball/samples/00519.png 8
ucf/Basketball/samples/00520.png 8
ucf/Basketball/samples/00521.png 8
ucf/Basketball/samples/00522.png 8
ucf/Basketball/samples/00523.png 8
ucf/Basketball/samples/00524.png 8
ucf/Basketball/samples/00525.png 8
ucf/Basketball/samples/00526.png 8
ucf/Basketball/samples/00527.png 8
ucf/Basketball/samples/00528.png 8
ucf/Basketball/samples/00529.png 8
ucf/Basketball/samples/00530.png 8
ucf/Basketball/samples/00531.png 8
ucf/Basketball/samples/00532.png 8
ucf/Basketball/samples/00533.png 8
ucf/Basketball/samples/00534.png 8
ucf/Basketball/samples/00535.png 8
ucf/Basketball/samples/00536.png 8
ucf/Basketball/samples/00537.png 8
ucf/Basketball/samples/00538.png 8
ucf/Basketball/samples/00539.png 8
ucf/Basketball/samples/00540.png 8
ucf/Basketball/samples/00541.png 8
ucf/Basketball/samples/00542.png 8
ucf/Basketball/samples/00543.png 8
ucf/Basketball/samples/00544.png 8
ucf/Basketball/samples/00545.png 8
ucf/Basketball/samples/00546.png 8
ucf/Basketball/samples/00547.png 8
ucf/Basketball/samples/00548.png 8
ucf/Basketball/samples/00549.png 8
ucf/Basketball/samples/00550.png 8
ucf/Basketball/samples/00551.png 8
ucf/Basketball/samples/00552.png 8
ucf/Basketball/samples/00553.png 8
ucf/Basketball/samples/00554.png 8
ucf/Basketball/samples/00555.png 8
ucf/Basketball/samples/00556.png 8
ucf/Basketball/samples/00557.png 8
ucf/Basketball/samples/00558.png 8
ucf/Basketball/samples/00559.png 8
ucf/Basketball/samples/00560.png 8
ucf/Basketball/samples/00561.png 8
ucf/Basketball/samples/00562.png 8
ucf/Basketball/samples/00563.png 8
ucf/Basketball/samples/00564.png 8
ucf/Basketball/samples/00565.png 8
ucf/Basketball/samples/00566.png 8
ucf/Basketball/samples/00567.png 8
ucf/Basketball/samples/00568.png 8
ucf/Basketball/samples/00569.png 8
ucf/Basketball/samples/00570.png 8
ucf/Basketball/samples/00571.png 8
ucf/Basketball/samples/00572.png 8
ucf/Basketball/samples/00573.png 8
ucf/Basketball/samples/00574.png 8
ucf/Basketball/samples/00575.png 8
ucf/Basketball/samples/00576.png 8
ucf/Basketball/samples/00577.png 8
ucf/Basketball/samples/00578.png 8
ucf/Basketball/samples/00579.png 8
ucf/Basketball/samples/00580.png 8
ucf/Basketball/samples/00581.png 8
ucf/Basketball/samples/00582.png 8
ucf/Basketball/samples/00583.png 8
ucf/Basketball/samples/00584.png 8
ucf/Basketball/samples/00585.png 8
ucf/Basketball/samples/00586.png 8
ucf/Basketball/samples/00587.png 8
ucf/Basketball/samples/00588.png 8
ucf/Basketball/samples/00589.png 8
ucf/Basketball/samples/00590.png 8
ucf/Basketball/samples/00591.png 8
ucf/Basketball/samples/00592.png 8
ucf/Basketball/samples/00593.png 8
ucf/Basketball/samples/00594.png 8
ucf/Basketball/samples/00595.png 8
ucf/Basketball/samples/00596.png 8
ucf/Basketball/samples/00597.png 8
ucf/Basketball/samples/00598.png 8
ucf/Basketball/samples/00599.png 8
ucf/Basketball/samples/00600.png 8
ucf/Basketball/samples/00601.png 8
ucf/Basketball/samples/00602.png 8
ucf/Basketball/samples/00603.png 8
ucf/Basketball/samples/00604.png 8
ucf/Basketball/samples/00605.png 8
ucf/Basketball/samples/00606.png 8
ucf/Basketball/samples/00607.png 8
ucf/Basketball/samples/00608.png 8
ucf/Basketball/samples/00609.png 8
ucf/Basketball/samples/00610.png 8
ucf/Basketball/samples/00611.png 8
ucf/Basketball/samples/00612.png 8
ucf/Basketball/samples/00613.png 8
ucf/Basketball/samples/00614.png 8
ucf/Basketball/samples/00615.png 8
ucf/Basketball/samples/00616.png 8
ucf/Basketball/samples/00617.png 8
ucf/Basketball/samples/00618.png 8
ucf/Basketball/samples/00619.png 8
ucf/Basketball/samples/00620.png 8
ucf/Basketball/samples/00621.png 8
ucf/Basketball/samples/00622.png 8
ucf/Basketball/samples/00623.png 8
ucf/Basketball/samples/00624.png 8
ucf/Basketball/samples/00625.png 8
ucf/Basketball/samples/00626.png 8
ucf/Basketball/samples/00627.png 8
ucf/Basketball/samples/00628.png 8
ucf/Basketball/samples/00629.png 8
ucf/Basketball/samples/00630.png 8
ucf/Basketball/samples/00631.png 8
ucf/Basketball/samples/00632.png 8
ucf/Basketball/samples/00633.png 8
ucf/Basketball/samples/00634.png 8
ucf/Basketball/samples/00635.png 8
ucf/Basketball/samples/00636.png 8
ucf/Basketball/samples/00637.png 8
ucf/Basketball/samples/00638.png 8
ucf/Basketball/samples/00639.png 8
ucf/Basketball/samples/00640.png 8
ucf/Basketball/samples/00641.png 8
ucf/Basketball/samples/00642.png 8
ucf/Basketball/samples/00643.png 8
ucf/Basketball/samples/00644.png 8
ucf/Basketball/samples/00645.png 8
ucf/Basketball/samples/00646.png 8
ucf/Basketball/samples/00647.png 8
ucf/Basketball/samples/00648.png 8
ucf/Basketball/samples/00649.png 8
ucf/Basketball/samples/00650.png 8
ucf/Basketball/samples/00651.png 8
ucf/Basketball/samples/00652.png 8
ucf/Basketball/samples/00653.png 8
ucf/Basketball/samples/00654.png 8
ucf/Basketball/samples/00655.png 8
ucf/Basketball/samples/00656.png 8
ucf/Basketball/samples/00657.png 8
ucf/Basketball/samples/00658.png 8
ucf/Basketball/samples/00659.png 8
ucf/Basketball/samples/00660.png 8
ucf/Basketball/samples/00661.png 8
ucf/Basketball/samples/00662.png 8
ucf/Basketball/samples/00663.png 8
ucf/Basketball/samples/00664.png 8
ucf/Basketball/samples/00665.png 8
ucf/Basketball/samples/00666.png 8
ucf/Basketball/samples/00667.png 8
ucf/Basketball/samples/00668.png 8
ucf/Basketball/samples/00669.png 8
ucf/Basketball/samples/00670.png 8
ucf/Basketball/samples/00671.png 8
ucf/Basketball/samples/00672.png 8
ucf/Basketball/samples/00673.png 8
ucf/Basketball/samples/00674.png 8
ucf/Basketball/samples/00675.png 8
ucf/Basketball/samples/00676.png 8
ucf/Basketball/samples/00677.png 8
ucf/Basketball/samples/00678.png 8
ucf/Basketball/samples/00679.png 8
ucf/Basketball/samples/00680.png 8
ucf/Basketball/samples/00681.png 8
ucf/Basketball/samples/00682.png 8
ucf/Basketball/samples/00683.png 8
ucf/Basketball/samples/00684.png 8
ucf/Basketball/samples/00685.png 8
ucf/Basketball/samples/00686.png 8
ucf/Basketball/samples/00687.png 8
ucf/Basketball/samples/00688.png 8
ucf/Basketball/samples/00689.png 8
ucf/Basketball/samples/00690.png 8
ucf/Basketball/samples/00691.png 8
ucf/Basketball/samples/00692.png 8
ucf/Basketball/samples/00693.png 8
ucf/Basketball/samples/00694.png 8
ucf/Basketball/samples/00695.png 8
ucf/Basketball/samples/00696.png 8
ucf/Basketball/samples/00697.png 8
ucf/Basketball/samples/00698.png 8
ucf/Basketball/samples/00699.png 8
ucf/Basketball/samples/00700.png 8
ucf/Basketball/samples/00701.png 8
ucf/Basketball/samples/00702.png 8
ucf/Basketball/samples/00703.png 8
ucf/Basketball/samples/00704.png 8
ucf/Basketball/samples/00705.png 8
ucf/Basketball/samples/00706.png 8
ucf/Basketball/samples/00707.png 8
ucf/Basketball/samples/00708.png 8
ucf/Basketball/samples/00709.png 8
ucf/Basketball/samples/00710.png 8
ucf/Basketball/samples/00711.png 8
ucf/Basketball/samples/00712.png 8
ucf/Basketball/samples/00713.png 8
ucf/Basketball/samples/00714.png 8
ucf/Basketball/samples/00715.png 8
ucf/Basketball/samples/00716.png 8
ucf/Basketball/samples/00717.png 8
ucf/Basketball/samples/00718.png 8
ucf/Basketball/samples/00719.png 8
ucf/Basketball/samples/00720.png 8
ucf/Basketball/samples/00721.png 8
ucf/Basketball/samples/00722.png 8
ucf/Basketball/samples/00723.png 8
ucf/Basketball/samples/00724.png 8
ucf/Basketball/samples/00725.png 8
ucf/Basketball/samples/00726.png 8
ucf/Basketball/samples/00727.png 8
ucf/Basketball/samples/00728.png 8
ucf/Basketball/samples/00729.png 8
ucf/Basketball/samples/00730.png 8
ucf/Basketball/samples/00731.png 8
ucf/Basketball/samples/00732.png 8
ucf/Basketball/samples/00733.png 8
ucf/Basketball/samples/00734.png 8
ucf/Basketball/samples/00735.png 8
ucf/Basketball/samples/00736.png 8
ucf/Basketball/samples/00737.png 8
ucf/Basketball/samples/00738.png 8
ucf/Basketball/samples/00739.png 8
ucf/Basketball/samples/00740.png 8
ucf/Basketball/samples/00741.png 8
ucf/Basketball/samples/00742.png 8
ucf/Basketball/samples/00743.png 8
ucf/Basketball/samples/00744.png 8
ucf/Basketball/samples/00745.png 8
ucf/Basketball/samples/00746.png 8
ucf/Basketball/samples/00747.png 8
ucf/Basketball/samples/00748.png 8
ucf/Basketball/samples/00749.png 8
ucf/Basketball/samples/00750.png 8
ucf/Basketball/samples/00751.png 8
ucf/Basketball/samples/00752.png 8
ucf/Basketball/samples/00753.png 8
ucf/Basketball/samples/00754.png 8
ucf/Basketball/samples/00755.png 8
ucf/Basketball/samples/00756.png 8
ucf/Basketball/samples/00757.png 8
ucf/Basketball/samples/00758.png 8
ucf/Basketball/samples/00759.png 8
ucf/Basketball/samples/00760.png 8
ucf/Basketball/samples/00761.png 8
ucf/Basketball/samples/00762.png 8
ucf/Basketball/samples/00763.png 8
ucf/Basketball/samples/00764.png 8
ucf/Basketball/samples/00765.png 8
ucf/Basketball/samples/00766.png 8
ucf/Basketball/samples/00767.png 8
ucf/Basketball/samples/00768.png 8
ucf/Basketball/samples/00769.png 8
ucf/Basketball/samples/00770.png 8
ucf/Basketball/samples/00771.png 8
ucf/Basketball/samples/00772.png 8
ucf/Basketball/samples/00773.png 8
ucf/Basketball/samples/00774.png 8
ucf/Basketball/samples/00775.png 8
ucf/Basketball/samples/00776.png 8
ucf/Basketball/samples/00777.png 8
ucf/Basketball/samples/00778.png 8
ucf/Basketball/samples/00779.png 8
ucf/Basketball/samples/00780.png 8
ucf/Basketball/samples/00781.png 8
ucf/Basketball/samples/00782.png 8
ucf/Basketball/samples/00783.png 8
ucf/Basketball/samples/00784.png 8
ucf/Basketball/samples/00785.png 8
ucf/Basketball/samples/00786.png 8
ucf/Basketball/samples/00787.png 8
ucf/Basketball/samples/00788.png 8
ucf/Basketball/samples/00789.png 8
ucf/Basketball/samples/00790.png 8
ucf/Basketball/samples/00791.png 8
ucf/Basketball/samples/00792.png 8
ucf/Basketball/samples/00793.png 8
ucf/Basketball/samples/00794.png 8
ucf/Basketball/samples/00795.png 8
ucf/Basketball/samples/00796.png 8
ucf/Basketball/samples/00797.png 8
ucf/Basketball/samples/00798.png 8
ucf/Basketball/samples/00799.png 8
ucf/Basketball/samples/00800.png 8
ucf/Basketball/samples/00801.png 8
ucf/Basketball/samples/00802.png 8
ucf/Basketball/samples/00803.png 8
ucf/Basketball/samples/00804.png 8
ucf/Basketball/samples/00805.png 8
ucf/Basketball/samples/00806.png 8
ucf/Basketball/samples/00807.png 8
ucf/Basketball/samples/00808.png 8
ucf/Basketball/samples/00809.png 8
ucf/Basketball/samples/00810.png 8
ucf/Basketball/samples/00811.png 8
ucf/Basketball/samples/00812.png 8
ucf/Basketball/samples/00813.png 8
ucf/Basketball/samples/00814.png 8
ucf/Basketball/samples/00815.png 8
ucf/Basketball/samples/00816.png 8
ucf/Basketball/samples/00817.png 8
ucf/Basketball/samples/00818.png 8
ucf/Basketball/samples/00819.png 8
ucf/Basketball/samples/00820.png 8
ucf/Basketball/samples/00821.png 8
ucf/Basketball/samples/00822.png 8
ucf/Basketball/samples/00823.png 8
ucf/Basketball/samples/00824.png 8
ucf/Basketball/samples/00825.png 8
ucf/Basketball/samples/00826.png 8
ucf/Basketball/samples/00827.png 8
ucf/Basketball/samples/00828.png 8
ucf/Basketball/samples/00829.png 8
ucf/Basketball/samples/00830.png 8
ucf/Basketball/samples/00831.png 8
ucf/Basketball/samples/00832.png 8
ucf/Basketball/samples/00833.png 8
ucf/Basketball/samples/00834.png 8
ucf/Basketball/samples/00835.png 8
ucf/Basketball/samples/00836.png 8
ucf/Basketball/samples/00837.png 8
ucf/Basketball/samples/00838.png 8
ucf/Basketball/samples/00839.png 8
ucf/Basketball/samples/00840.png 8
ucf/Basketball/samples/00841.png 8
ucf/Basketball/samples/00842.png 8
ucf/Basketball/samples/00843.png 8
ucf/Basketball/samples/00844.png 8
ucf/Basketball/samples/00845.png 8
ucf/Basketball/samples/00846.png 8
ucf/Basketball/samples/00847.png 8
ucf/Basketball/samples/00848.png 8
ucf/Basketball/samples/00849.png 8
ucf/Basketball/samples/00850.png 8
ucf/Basketball/samples/00851.png 8
ucf/Basketball/samples/00852.png 8
ucf/Basketball/samples/00853.png 8
ucf/Basketball/samples/00854.png 8
ucf/Basketball/samples/00855.png 8
ucf/Basketball/samples/00856.png 8
ucf/Basketball/samples/00857.png 8
ucf/Basketball/samples/00858.png 8
ucf/Basketball/samples/00859.png 8
ucf/Basketball/samples/00860.png 8
ucf/Basketball/samples/00861.png 8
ucf/Basketball/samples/00862.png 8
ucf/Basketball/samples/00863.png 8
ucf/Basketball/samples/00864.png 8
ucf/Basketball/samples/00865.png 8
ucf/Basketball/samples/00866.png 8
ucf/Basketball/samples/00867.png 8
ucf/Basketball/samples/00868.png 8
ucf/Basketball/samples/00869.png 8
ucf/Basketball/samples/00870.png 8
ucf/Basketball/samples/00871.png 8
ucf/Basketball/samples/00872.png 8
ucf/Basketball/samples/00873.png 8
ucf/Basketball/samples/00874.png 8
ucf/Basketball/samples/00875.png 8
ucf/Basketball/samples/00876.png 8
ucf/Basketball/samples/00877.png 8
ucf/Basketball/samples/00878.png 8
ucf/Basketball/samples/00879.png 8
ucf/Basketball/samples/00880.png 8
ucf/Basketball/samples/00881.png 8
ucf/Basketball/samples/00882.png 8
ucf/Basketball/samples/00883.png 8
ucf/Basketball/samples/00884.png 8
ucf/Basketball/samples/00885.png 8
ucf/Basketball/samples/00886.png 8
ucf/Basketball/samples/00887.png 8
ucf/Basketball/samples/00888.png 8
ucf/Basketball/samples/00889.png 8
ucf/Basketball/samples/00890.png 8
ucf/Basketball/samples/00891.png 8
ucf/Basketball/samples/00892.png 8
ucf/Basketball/samples/00893.png 8
ucf/Basketball/samples/00894.png 8
ucf/Basketball/samples/00895.png 8
ucf/Basketball/samples/00896.png 8
ucf/Basketball/samples/00897.png 8
ucf/Basketball/samples/00898.png 8
ucf/Basketball/samples/00899.png 8
ucf/Basketball/samples/00900.png 8
ucf/Basketball/samples/00901.png 8
ucf/Basketball/samples/00902.png 8
ucf/Basketball/samples/00903.png 8
ucf/Basketball/samples/00904.png 8
ucf/Basketball/samples/00905.png 8
ucf/Basketball/samples/00906.png 8
ucf/Basketball/samples/00907.png 8
ucf/Basketball/samples/00908.png 8
ucf/Basketball/samples/00909.png 8
ucf/Basketball/samples/00910.png 8
ucf/Basketball/samples/00911.png 8
ucf/Basketball/samples/00912.png 8
ucf/Basketball/samples/00913.png 8
ucf/Basketball/samples/00914.png 8
ucf/Basketball/samples/00915.png 8
ucf/Basketball/samples/00916.png 8
ucf/Basketball/samples/00917.png 8
ucf/Basketball/samples/00918.png 8
ucf/Basketball/samples/00919.png 8
ucf/Basketball/samples/00920.png 8
ucf/Basketball/samples/00921.png 8
ucf/Basketball/samples/00922.png 8
ucf/Basketball/samples/00923.png 8
ucf/Basketball/samples/00924.png 8
ucf/Basketball/samples/00925.png 8
ucf/Basketball/samples/00926.png 8
ucf/Basketball/samples/00927.png 8
ucf/Basketball/samples/00928.png 8
ucf/Basketball/samples/00929.png 8
ucf/Basketball/samples/00930.png 8
ucf/Basketball/samples/00931.png 8
ucf/Basketball/samples/00932.png 8
ucf/Basketball/samples/00933.png 8
ucf/Basketball/samples/00934.png 8
ucf/Basketball/samples/00935.png 8
ucf/Basketball/samples/00936.png 8
ucf/Basketball/samples/00937.png 8
ucf/Basketball/samples/00938.png 8
ucf/Basketball/samples/00939.png 8
ucf/Basketball/samples/00940.png 8
ucf/Basketball/samples/00941.png 8
ucf/Basketball/samples/00942.png 8
ucf/Basketball/samples/00943.png 8
ucf/Basketball/samples/00944.png 8
ucf/Basketball/samples/00945.png 8
ucf/Basketball/samples/00946.png 8
ucf/Basketball/samples/00947.png 8
ucf/Basketball/samples/00948.png 8
ucf/Basketball/samples/00949.png 8
ucf/Basketball/samples/00950.png 8
ucf/Basketball/samples/00951.png 8
ucf/Basketball/samples/00952.png 8
ucf/Basketball/samples/00953.png 8
ucf/Basketball/samples/00954.png 8
ucf/Basketball/samples/00955.png 8
ucf/Basketball/samples/00956.png 8
ucf/Basketball/samples/00957.png 8
ucf/Basketball/samples/00958.png 8
ucf/Basketball/samples/00959.png 8
ucf/Basketball/samples/00960.png 8
ucf/Basketball/samples/00961.png 8
ucf/Basketball/samples/00962.png 8
ucf/Basketball/samples/00963.png 8
ucf/Basketball/samples/00964.png 8
ucf/Basketball/samples/00965.png 8
ucf/Basketball/samples/00966.png 8
ucf/Basketball/samples/00967.png 8
ucf/Basketball/samples/00968.png 8
ucf/Basketball/samples/00969.png 8
ucf/Basketball/samples/00970.png 8
ucf/Basketball/samples/00971.png 8
ucf/Basketball/samples/00972.png 8
ucf/Basketball/samples/00973.png 8
ucf/Basketball/samples/00974.png 8
ucf/Basketball/samples/00975.png 8
ucf/Basketball/samples/00976.png 8
ucf/Basketball/samples/00977.png 8
ucf/Basketball/samples/00978.png 8
ucf/Basketball/samples/00979.png 8
ucf/Basketball/samples/00980.png 8
ucf/Basketball/samples/00981.png 8
ucf/Basketball/samples/00982.png 8
ucf/Basketball/samples/00983.png 8
ucf/Basketball/samples/00984.png 8
ucf/Basketball/samples/00985.png 8
ucf/Basketball/samples/00986.png 8
ucf/Basketball/samples/00987.png 8
ucf/Basketball/samples/00988.png 8
ucf/Basketball/samples/00989.png 8
ucf/Basketball/samples/00990.png 8
ucf/Basketball/samples/00991.png 8
ucf/Basketball/samples/00992.png 8
ucf/Basketball/samples/00993.png 8
ucf/Basketball/samples/00994.png 8
ucf/Basketball/samples/00995.png 8
ucf/Basketball/samples/00996.png 8
ucf/Basketball/samples/00997.png 8
ucf/Basketball/samples/00998.png 8
ucf/Basketball/samples/00999.png 8
ucf/BasketballDunk/samples/00000.png 9
ucf/BasketballDunk/samples/00001.png 9
ucf/BasketballDunk/samples/00002.png 9
ucf/BasketballDunk/samples/00003.png 9
ucf/BasketballDunk/samples/00004.png 9
ucf/BasketballDunk/samples/00005.png 9
ucf/BasketballDunk/samples/00006.png 9
ucf/BasketballDunk/samples/00007.png 9
ucf/BasketballDunk/samples/00008.png 9
ucf/BasketballDunk/samples/00009.png 9
ucf/BasketballDunk/samples/00010.png 9
ucf/BasketballDunk/samples/00011.png 9
ucf/BasketballDunk/samples/00012.png 9
ucf/BasketballDunk/samples/00013.png 9
ucf/BasketballDunk/samples/00014.png 9
ucf/BasketballDunk/samples/00015.png 9
ucf/BasketballDunk/samples/00016.png 9
ucf/BasketballDunk/samples/00017.png 9
ucf/BasketballDunk/samples/00018.png 9
ucf/BasketballDunk/samples/00019.png 9
ucf/BasketballDunk/samples/00020.png 9
ucf/BasketballDunk/samples/00021.png 9
ucf/BasketballDunk/samples/00022.png 9
ucf/BasketballDunk/samples/00023.png 9
ucf/BasketballDunk/samples/00024.png 9
ucf/BasketballDunk/samples/00025.png 9
ucf/BasketballDunk/samples/00026.png 9
ucf/BasketballDunk/samples/00027.png 9
ucf/BasketballDunk/samples/00028.png 9
ucf/BasketballDunk/samples/00029.png 9
ucf/BasketballDunk/samples/00030.png 9
ucf/BasketballDunk/samples/00031.png 9
ucf/BasketballDunk/samples/00032.png 9
ucf/BasketballDunk/samples/00033.png 9
ucf/BasketballDunk/samples/00034.png 9
ucf/BasketballDunk/samples/00035.png 9
ucf/BasketballDunk/samples/00036.png 9
ucf/BasketballDunk/samples/00037.png 9
ucf/BasketballDunk/samples/00038.png 9
ucf/BasketballDunk/samples/00039.png 9
ucf/BasketballDunk/samples/00040.png 9
ucf/BasketballDunk/samples/00041.png 9
ucf/BasketballDunk/samples/00042.png 9
ucf/BasketballDunk/samples/00043.png 9
ucf/BasketballDunk/samples/00044.png 9
ucf/BasketballDunk/samples/00045.png 9
ucf/BasketballDunk/samples/00046.png 9
ucf/BasketballDunk/samples/00047.png 9
ucf/BasketballDunk/samples/00048.png 9
ucf/BasketballDunk/samples/00049.png 9
ucf/BasketballDunk/samples/00050.png 9
ucf/BasketballDunk/samples/00051.png 9
ucf/BasketballDunk/samples/00052.png 9
ucf/BasketballDunk/samples/00053.png 9
ucf/BasketballDunk/samples/00054.png 9
ucf/BasketballDunk/samples/00055.png 9
ucf/BasketballDunk/samples/00056.png 9
ucf/BasketballDunk/samples/00057.png 9
ucf/BasketballDunk/samples/00058.png 9
ucf/BasketballDunk/samples/00059.png 9
ucf/BasketballDunk/samples/00060.png 9
ucf/BasketballDunk/samples/00061.png 9
ucf/BasketballDunk/samples/00062.png 9
ucf/BasketballDunk/samples/00063.png 9
ucf/BasketballDunk/samples/00064.png 9
ucf/BasketballDunk/samples/00065.png 9
ucf/BasketballDunk/samples/00066.png 9
ucf/BasketballDunk/samples/00067.png 9
ucf/BasketballDunk/samples/00068.png 9
ucf/BasketballDunk/samples/00069.png 9
ucf/BasketballDunk/samples/00070.png 9
ucf/BasketballDunk/samples/00071.png 9
ucf/BasketballDunk/samples/00072.png 9
ucf/BasketballDunk/samples/00073.png 9
ucf/BasketballDunk/samples/00074.png 9
ucf/BasketballDunk/samples/00075.png 9
ucf/BasketballDunk/samples/00076.png 9
ucf/BasketballDunk/samples/00077.png 9
ucf/BasketballDunk/samples/00078.png 9
ucf/BasketballDunk/samples/00079.png 9
ucf/BasketballDunk/samples/00080.png 9
ucf/BasketballDunk/samples/00081.png 9
ucf/BasketballDunk/samples/00082.png 9
ucf/BasketballDunk/samples/00083.png 9
ucf/BasketballDunk/samples/00084.png 9
ucf/BasketballDunk/samples/00085.png 9
ucf/BasketballDunk/samples/00086.png 9
ucf/BasketballDunk/samples/00087.png 9
ucf/BasketballDunk/samples/00088.png 9
ucf/BasketballDunk/samples/00089.png 9
ucf/BasketballDunk/samples/00090.png 9
ucf/BasketballDunk/samples/00091.png 9
ucf/BasketballDunk/samples/00092.png 9
ucf/BasketballDunk/samples/00093.png 9
ucf/BasketballDunk/samples/00094.png 9
ucf/BasketballDunk/samples/00095.png 9
ucf/BasketballDunk/samples/00096.png 9
ucf/BasketballDunk/samples/00097.png 9
ucf/BasketballDunk/samples/00098.png 9
ucf/BasketballDunk/samples/00099.png 9
ucf/BasketballDunk/samples/00100.png 9
ucf/BasketballDunk/samples/00101.png 9
ucf/BasketballDunk/samples/00102.png 9
ucf/BasketballDunk/samples/00103.png 9
ucf/BasketballDunk/samples/00104.png 9
ucf/BasketballDunk/samples/00105.png 9
ucf/BasketballDunk/samples/00106.png 9
ucf/BasketballDunk/samples/00107.png 9
ucf/BasketballDunk/samples/00108.png 9
ucf/BasketballDunk/samples/00109.png 9
ucf/BasketballDunk/samples/00110.png 9
ucf/BasketballDunk/samples/00111.png 9
ucf/BasketballDunk/samples/00112.png 9
ucf/BasketballDunk/samples/00113.png 9
ucf/BasketballDunk/samples/00114.png 9
ucf/BasketballDunk/samples/00115.png 9
ucf/BasketballDunk/samples/00116.png 9
ucf/BasketballDunk/samples/00117.png 9
ucf/BasketballDunk/samples/00118.png 9
ucf/BasketballDunk/samples/00119.png 9
ucf/BasketballDunk/samples/00120.png 9
ucf/BasketballDunk/samples/00121.png 9
ucf/BasketballDunk/samples/00122.png 9
ucf/BasketballDunk/samples/00123.png 9
ucf/BasketballDunk/samples/00124.png 9
ucf/BasketballDunk/samples/00125.png 9
ucf/BasketballDunk/samples/00126.png 9
ucf/BasketballDunk/samples/00127.png 9
ucf/BasketballDunk/samples/00128.png 9
ucf/BasketballDunk/samples/00129.png 9
ucf/BasketballDunk/samples/00130.png 9
ucf/BasketballDunk/samples/00131.png 9
ucf/BasketballDunk/samples/00132.png 9
ucf/BasketballDunk/samples/00133.png 9
ucf/BasketballDunk/samples/00134.png 9
ucf/BasketballDunk/samples/00135.png 9
ucf/BasketballDunk/samples/00136.png 9
ucf/BasketballDunk/samples/00137.png 9
ucf/BasketballDunk/samples/00138.png 9
ucf/BasketballDunk/samples/00139.png 9
ucf/BasketballDunk/samples/00140.png 9
ucf/BasketballDunk/samples/00141.png 9
ucf/BasketballDunk/samples/00142.png 9
ucf/BasketballDunk/samples/00143.png 9
ucf/BasketballDunk/samples/00144.png 9
ucf/BasketballDunk/samples/00145.png 9
ucf/BasketballDunk/samples/00146.png 9
ucf/BasketballDunk/samples/00147.png 9
ucf/BasketballDunk/samples/00148.png 9
ucf/BasketballDunk/samples/00149.png 9
ucf/BasketballDunk/samples/00150.png 9
ucf/BasketballDunk/samples/00151.png 9
ucf/BasketballDunk/samples/00152.png 9
ucf/BasketballDunk/samples/00153.png 9
ucf/BasketballDunk/samples/00154.png 9
ucf/BasketballDunk/samples/00155.png 9
ucf/BasketballDunk/samples/00156.png 9
ucf/BasketballDunk/samples/00157.png 9
ucf/BasketballDunk/samples/00158.png 9
ucf/BasketballDunk/samples/00159.png 9
ucf/BasketballDunk/samples/00160.png 9
ucf/BasketballDunk/samples/00161.png 9
ucf/BasketballDunk/samples/00162.png 9
ucf/BasketballDunk/samples/00163.png 9
ucf/BasketballDunk/samples/00164.png 9
ucf/BasketballDunk/samples/00165.png 9
ucf/BasketballDunk/samples/00166.png 9
ucf/BasketballDunk/samples/00167.png 9
ucf/BasketballDunk/samples/00168.png 9
ucf/BasketballDunk/samples/00169.png 9
ucf/BasketballDunk/samples/00170.png 9
ucf/BasketballDunk/samples/00171.png 9
ucf/BasketballDunk/samples/00172.png 9
ucf/BasketballDunk/samples/00173.png 9
ucf/BasketballDunk/samples/00174.png 9
ucf/BasketballDunk/samples/00175.png 9
ucf/BasketballDunk/samples/00176.png 9
ucf/BasketballDunk/samples/00177.png 9
ucf/BasketballDunk/samples/00178.png 9
ucf/BasketballDunk/samples/00179.png 9
ucf/BasketballDunk/samples/00180.png 9
ucf/BasketballDunk/samples/00181.png 9
ucf/BasketballDunk/samples/00182.png 9
ucf/BasketballDunk/samples/00183.png 9
ucf/BasketballDunk/samples/00184.png 9
ucf/BasketballDunk/samples/00185.png 9
ucf/BasketballDunk/samples/00186.png 9
ucf/BasketballDunk/samples/00187.png 9
ucf/BasketballDunk/samples/00188.png 9
ucf/BasketballDunk/samples/00189.png 9
ucf/BasketballDunk/samples/00190.png 9
ucf/BasketballDunk/samples/00191.png 9
ucf/BasketballDunk/samples/00192.png 9
ucf/BasketballDunk/samples/00193.png 9
ucf/BasketballDunk/samples/00194.png 9
ucf/BasketballDunk/samples/00195.png 9
ucf/BasketballDunk/samples/00196.png 9
ucf/BasketballDunk/samples/00197.png 9
ucf/BasketballDunk/samples/00198.png 9
ucf/BasketballDunk/samples/00199.png 9
ucf/BasketballDunk/samples/00200.png 9
ucf/BasketballDunk/samples/00201.png 9
ucf/BasketballDunk/samples/00202.png 9
ucf/BasketballDunk/samples/00203.png 9
ucf/BasketballDunk/samples/00204.png 9
ucf/BasketballDunk/samples/00205.png 9
ucf/BasketballDunk/samples/00206.png 9
ucf/BasketballDunk/samples/00207.png 9
ucf/BasketballDunk/samples/00208.png 9
ucf/BasketballDunk/samples/00209.png 9
ucf/BasketballDunk/samples/00210.png 9
ucf/BasketballDunk/samples/00211.png 9
ucf/BasketballDunk/samples/00212.png 9
ucf/BasketballDunk/samples/00213.png 9
ucf/BasketballDunk/samples/00214.png 9
ucf/BasketballDunk/samples/00215.png 9
ucf/BasketballDunk/samples/00216.png 9
ucf/BasketballDunk/samples/00217.png 9
ucf/BasketballDunk/samples/00218.png 9
ucf/BasketballDunk/samples/00219.png 9
ucf/BasketballDunk/samples/00220.png 9
ucf/BasketballDunk/samples/00221.png 9
ucf/BasketballDunk/samples/00222.png 9
ucf/BasketballDunk/samples/00223.png 9
ucf/BasketballDunk/samples/00224.png 9
ucf/BasketballDunk/samples/00225.png 9
ucf/BasketballDunk/samples/00226.png 9
ucf/BasketballDunk/samples/00227.png 9
ucf/BasketballDunk/samples/00228.png 9
ucf/BasketballDunk/samples/00229.png 9
ucf/BasketballDunk/samples/00230.png 9
ucf/BasketballDunk/samples/00231.png 9
ucf/BasketballDunk/samples/00232.png 9
ucf/BasketballDunk/samples/00233.png 9
ucf/BasketballDunk/samples/00234.png 9
ucf/BasketballDunk/samples/00235.png 9
ucf/BasketballDunk/samples/00236.png 9
ucf/BasketballDunk/samples/00237.png 9
ucf/BasketballDunk/samples/00238.png 9
ucf/BasketballDunk/samples/00239.png 9
ucf/BasketballDunk/samples/00240.png 9
ucf/BasketballDunk/samples/00241.png 9
ucf/BasketballDunk/samples/00242.png 9
ucf/BasketballDunk/samples/00243.png 9
ucf/BasketballDunk/samples/00244.png 9
ucf/BasketballDunk/samples/00245.png 9
ucf/BasketballDunk/samples/00246.png 9
ucf/BasketballDunk/samples/00247.png 9
ucf/BasketballDunk/samples/00248.png 9
ucf/BasketballDunk/samples/00249.png 9
ucf/BasketballDunk/samples/00250.png 9
ucf/BasketballDunk/samples/00251.png 9
ucf/BasketballDunk/samples/00252.png 9
ucf/BasketballDunk/samples/00253.png 9
ucf/BasketballDunk/samples/00254.png 9
ucf/BasketballDunk/samples/00255.png 9
ucf/BasketballDunk/samples/00256.png 9
ucf/BasketballDunk/samples/00257.png 9
ucf/BasketballDunk/samples/00258.png 9
ucf/BasketballDunk/samples/00259.png 9
ucf/BasketballDunk/samples/00260.png 9
ucf/BasketballDunk/samples/00261.png 9
ucf/BasketballDunk/samples/00262.png 9
ucf/BasketballDunk/samples/00263.png 9
ucf/BasketballDunk/samples/00264.png 9
ucf/BasketballDunk/samples/00265.png 9
ucf/BasketballDunk/samples/00266.png 9
ucf/BasketballDunk/samples/00267.png 9
ucf/BasketballDunk/samples/00268.png 9
ucf/BasketballDunk/samples/00269.png 9
ucf/BasketballDunk/samples/00270.png 9
ucf/BasketballDunk/samples/00271.png 9
ucf/BasketballDunk/samples/00272.png 9
ucf/BasketballDunk/samples/00273.png 9
ucf/BasketballDunk/samples/00274.png 9
ucf/BasketballDunk/samples/00275.png 9
ucf/BasketballDunk/samples/00276.png 9
ucf/BasketballDunk/samples/00277.png 9
ucf/BasketballDunk/samples/00278.png 9
ucf/BasketballDunk/samples/00279.png 9
ucf/BasketballDunk/samples/00280.png 9
ucf/BasketballDunk/samples/00281.png 9
ucf/BasketballDunk/samples/00282.png 9
ucf/BasketballDunk/samples/00283.png 9
ucf/BasketballDunk/samples/00284.png 9
ucf/BasketballDunk/samples/00285.png 9
ucf/BasketballDunk/samples/00286.png 9
ucf/BasketballDunk/samples/00287.png 9
ucf/BasketballDunk/samples/00288.png 9
ucf/BasketballDunk/samples/00289.png 9
ucf/BasketballDunk/samples/00290.png 9
ucf/BasketballDunk/samples/00291.png 9
ucf/BasketballDunk/samples/00292.png 9
ucf/BasketballDunk/samples/00293.png 9
ucf/BasketballDunk/samples/00294.png 9
ucf/BasketballDunk/samples/00295.png 9
ucf/BasketballDunk/samples/00296.png 9
ucf/BasketballDunk/samples/00297.png 9
ucf/BasketballDunk/samples/00298.png 9
ucf/BasketballDunk/samples/00299.png 9
ucf/BasketballDunk/samples/00300.png 9
ucf/BasketballDunk/samples/00301.png 9
ucf/BasketballDunk/samples/00302.png 9
ucf/BasketballDunk/samples/00303.png 9
ucf/BasketballDunk/samples/00304.png 9
ucf/BasketballDunk/samples/00305.png 9
ucf/BasketballDunk/samples/00306.png 9
ucf/BasketballDunk/samples/00307.png 9
ucf/BasketballDunk/samples/00308.png 9
ucf/BasketballDunk/samples/00309.png 9
ucf/BasketballDunk/samples/00310.png 9
ucf/BasketballDunk/samples/00311.png 9
ucf/BasketballDunk/samples/00312.png 9
ucf/BasketballDunk/samples/00313.png 9
ucf/BasketballDunk/samples/00314.png 9
ucf/BasketballDunk/samples/00315.png 9
ucf/BasketballDunk/samples/00316.png 9
ucf/BasketballDunk/samples/00317.png 9
ucf/BasketballDunk/samples/00318.png 9
ucf/BasketballDunk/samples/00319.png 9
ucf/BasketballDunk/samples/00320.png 9
ucf/BasketballDunk/samples/00321.png 9
ucf/BasketballDunk/samples/00322.png 9
ucf/BasketballDunk/samples/00323.png 9
ucf/BasketballDunk/samples/00324.png 9
ucf/BasketballDunk/samples/00325.png 9
ucf/BasketballDunk/samples/00326.png 9
ucf/BasketballDunk/samples/00327.png 9
ucf/BasketballDunk/samples/00328.png 9
ucf/BasketballDunk/samples/00329.png 9
ucf/BasketballDunk/samples/00330.png 9
ucf/BasketballDunk/samples/00331.png 9
ucf/BasketballDunk/samples/00332.png 9
ucf/BasketballDunk/samples/00333.png 9
ucf/BasketballDunk/samples/00334.png 9
ucf/BasketballDunk/samples/00335.png 9
ucf/BasketballDunk/samples/00336.png 9
ucf/BasketballDunk/samples/00337.png 9
ucf/BasketballDunk/samples/00338.png 9
ucf/BasketballDunk/samples/00339.png 9
ucf/BasketballDunk/samples/00340.png 9
ucf/BasketballDunk/samples/00341.png 9
ucf/BasketballDunk/samples/00342.png 9
ucf/BasketballDunk/samples/00343.png 9
ucf/BasketballDunk/samples/00344.png 9
ucf/BasketballDunk/samples/00345.png 9
ucf/BasketballDunk/samples/00346.png 9
ucf/BasketballDunk/samples/00347.png 9
ucf/BasketballDunk/samples/00348.png 9
ucf/BasketballDunk/samples/00349.png 9
ucf/BasketballDunk/samples/00350.png 9
ucf/BasketballDunk/samples/00351.png 9
ucf/BasketballDunk/samples/00352.png 9
ucf/BasketballDunk/samples/00353.png 9
ucf/BasketballDunk/samples/00354.png 9
ucf/BasketballDunk/samples/00355.png 9
ucf/BasketballDunk/samples/00356.png 9
ucf/BasketballDunk/samples/00357.png 9
ucf/BasketballDunk/samples/00358.png 9
ucf/BasketballDunk/samples/00359.png 9
ucf/BasketballDunk/samples/00360.png 9
ucf/BasketballDunk/samples/00361.png 9
ucf/BasketballDunk/samples/00362.png 9
ucf/BasketballDunk/samples/00363.png 9
ucf/BasketballDunk/samples/00364.png 9
ucf/BasketballDunk/samples/00365.png 9
ucf/BasketballDunk/samples/00366.png 9
ucf/BasketballDunk/samples/00367.png 9
ucf/BasketballDunk/samples/00368.png 9
ucf/BasketballDunk/samples/00369.png 9
ucf/BasketballDunk/samples/00370.png 9
ucf/BasketballDunk/samples/00371.png 9
ucf/BasketballDunk/samples/00372.png 9
ucf/BasketballDunk/samples/00373.png 9
ucf/BasketballDunk/samples/00374.png 9
ucf/BasketballDunk/samples/00375.png 9
ucf/BasketballDunk/samples/00376.png 9
ucf/BasketballDunk/samples/00377.png 9
ucf/BasketballDunk/samples/00378.png 9
ucf/BasketballDunk/samples/00379.png 9
ucf/BasketballDunk/samples/00380.png 9
ucf/BasketballDunk/samples/00381.png 9
ucf/BasketballDunk/samples/00382.png 9
ucf/BasketballDunk/samples/00383.png 9
ucf/BasketballDunk/samples/00384.png 9
ucf/BasketballDunk/samples/00385.png 9
ucf/BasketballDunk/samples/00386.png 9
ucf/BasketballDunk/samples/00387.png 9
ucf/BasketballDunk/samples/00388.png 9
ucf/BasketballDunk/samples/00389.png 9
ucf/BasketballDunk/samples/00390.png 9
ucf/BasketballDunk/samples/00391.png 9
ucf/BasketballDunk/samples/00392.png 9
ucf/BasketballDunk/samples/00393.png 9
ucf/BasketballDunk/samples/00394.png 9
ucf/BasketballDunk/samples/00395.png 9
ucf/BasketballDunk/samples/00396.png 9
ucf/BasketballDunk/samples/00397.png 9
ucf/BasketballDunk/samples/00398.png 9
ucf/BasketballDunk/samples/00399.png 9
ucf/BasketballDunk/samples/00400.png 9
ucf/BasketballDunk/samples/00401.png 9
ucf/BasketballDunk/samples/00402.png 9
ucf/BasketballDunk/samples/00403.png 9
ucf/BasketballDunk/samples/00404.png 9
ucf/BasketballDunk/samples/00405.png 9
ucf/BasketballDunk/samples/00406.png 9
ucf/BasketballDunk/samples/00407.png 9
ucf/BasketballDunk/samples/00408.png 9
ucf/BasketballDunk/samples/00409.png 9
ucf/BasketballDunk/samples/00410.png 9
ucf/BasketballDunk/samples/00411.png 9
ucf/BasketballDunk/samples/00412.png 9
ucf/BasketballDunk/samples/00413.png 9
ucf/BasketballDunk/samples/00414.png 9
ucf/BasketballDunk/samples/00415.png 9
ucf/BasketballDunk/samples/00416.png 9
ucf/BasketballDunk/samples/00417.png 9
ucf/BasketballDunk/samples/00418.png 9
ucf/BasketballDunk/samples/00419.png 9
ucf/BasketballDunk/samples/00420.png 9
ucf/BasketballDunk/samples/00421.png 9
ucf/BasketballDunk/samples/00422.png 9
ucf/BasketballDunk/samples/00423.png 9
ucf/BasketballDunk/samples/00424.png 9
ucf/BasketballDunk/samples/00425.png 9
ucf/BasketballDunk/samples/00426.png 9
ucf/BasketballDunk/samples/00427.png 9
ucf/BasketballDunk/samples/00428.png 9
ucf/BasketballDunk/samples/00429.png 9
ucf/BasketballDunk/samples/00430.png 9
ucf/BasketballDunk/samples/00431.png 9
ucf/BasketballDunk/samples/00432.png 9
ucf/BasketballDunk/samples/00433.png 9
ucf/BasketballDunk/samples/00434.png 9
ucf/BasketballDunk/samples/00435.png 9
ucf/BasketballDunk/samples/00436.png 9
ucf/BasketballDunk/samples/00437.png 9
ucf/BasketballDunk/samples/00438.png 9
ucf/BasketballDunk/samples/00439.png 9
ucf/BasketballDunk/samples/00440.png 9
ucf/BasketballDunk/samples/00441.png 9
ucf/BasketballDunk/samples/00442.png 9
ucf/BasketballDunk/samples/00443.png 9
ucf/BasketballDunk/samples/00444.png 9
ucf/BasketballDunk/samples/00445.png 9
ucf/BasketballDunk/samples/00446.png 9
ucf/BasketballDunk/samples/00447.png 9
ucf/BasketballDunk/samples/00448.png 9
ucf/BasketballDunk/samples/00449.png 9
ucf/BasketballDunk/samples/00450.png 9
ucf/BasketballDunk/samples/00451.png 9
ucf/BasketballDunk/samples/00452.png 9
ucf/BasketballDunk/samples/00453.png 9
ucf/BasketballDunk/samples/00454.png 9
ucf/BasketballDunk/samples/00455.png 9
ucf/BasketballDunk/samples/00456.png 9
ucf/BasketballDunk/samples/00457.png 9
ucf/BasketballDunk/samples/00458.png 9
ucf/BasketballDunk/samples/00459.png 9
ucf/BasketballDunk/samples/00460.png 9
ucf/BasketballDunk/samples/00461.png 9
ucf/BasketballDunk/samples/00462.png 9
ucf/BasketballDunk/samples/00463.png 9
ucf/BasketballDunk/samples/00464.png 9
ucf/BasketballDunk/samples/00465.png 9
ucf/BasketballDunk/samples/00466.png 9
ucf/BasketballDunk/samples/00467.png 9
ucf/BasketballDunk/samples/00468.png 9
ucf/BasketballDunk/samples/00469.png 9
ucf/BasketballDunk/samples/00470.png 9
ucf/BasketballDunk/samples/00471.png 9
ucf/BasketballDunk/samples/00472.png 9
ucf/BasketballDunk/samples/00473.png 9
ucf/BasketballDunk/samples/00474.png 9
ucf/BasketballDunk/samples/00475.png 9
ucf/BasketballDunk/samples/00476.png 9
ucf/BasketballDunk/samples/00477.png 9
ucf/BasketballDunk/samples/00478.png 9
ucf/BasketballDunk/samples/00479.png 9
ucf/BasketballDunk/samples/00480.png 9
ucf/BasketballDunk/samples/00481.png 9
ucf/BasketballDunk/samples/00482.png 9
ucf/BasketballDunk/samples/00483.png 9
ucf/BasketballDunk/samples/00484.png 9
ucf/BasketballDunk/samples/00485.png 9
ucf/BasketballDunk/samples/00486.png 9
ucf/BasketballDunk/samples/00487.png 9
ucf/BasketballDunk/samples/00488.png 9
ucf/BasketballDunk/samples/00489.png 9
ucf/BasketballDunk/samples/00490.png 9
ucf/BasketballDunk/samples/00491.png 9
ucf/BasketballDunk/samples/00492.png 9
ucf/BasketballDunk/samples/00493.png 9
ucf/BasketballDunk/samples/00494.png 9
ucf/BasketballDunk/samples/00495.png 9
ucf/BasketballDunk/samples/00496.png 9
ucf/BasketballDunk/samples/00497.png 9
ucf/BasketballDunk/samples/00498.png 9
ucf/BasketballDunk/samples/00499.png 9
ucf/BasketballDunk/samples/00500.png 9
ucf/BasketballDunk/samples/00501.png 9
ucf/BasketballDunk/samples/00502.png 9
ucf/BasketballDunk/samples/00503.png 9
ucf/BasketballDunk/samples/00504.png 9
ucf/BasketballDunk/samples/00505.png 9
ucf/BasketballDunk/samples/00506.png 9
ucf/BasketballDunk/samples/00507.png 9
ucf/BasketballDunk/samples/00508.png 9
ucf/BasketballDunk/samples/00509.png 9
ucf/BasketballDunk/samples/00510.png 9
ucf/BasketballDunk/samples/00511.png 9
ucf/BasketballDunk/samples/00512.png 9
ucf/BasketballDunk/samples/00513.png 9
ucf/BasketballDunk/samples/00514.png 9
ucf/BasketballDunk/samples/00515.png 9
ucf/BasketballDunk/samples/00516.png 9
ucf/BasketballDunk/samples/00517.png 9
ucf/BasketballDunk/samples/00518.png 9
ucf/BasketballDunk/samples/00519.png 9
ucf/BasketballDunk/samples/00520.png 9
ucf/BasketballDunk/samples/00521.png 9
ucf/BasketballDunk/samples/00522.png 9
ucf/BasketballDunk/samples/00523.png 9
ucf/BasketballDunk/samples/00524.png 9
ucf/BasketballDunk/samples/00525.png 9
ucf/BasketballDunk/samples/00526.png 9
ucf/BasketballDunk/samples/00527.png 9
ucf/BasketballDunk/samples/00528.png 9
ucf/BasketballDunk/samples/00529.png 9
ucf/BasketballDunk/samples/00530.png 9
ucf/BasketballDunk/samples/00531.png 9
ucf/BasketballDunk/samples/00532.png 9
ucf/BasketballDunk/samples/00533.png 9
ucf/BasketballDunk/samples/00534.png 9
ucf/BasketballDunk/samples/00535.png 9
ucf/BasketballDunk/samples/00536.png 9
ucf/BasketballDunk/samples/00537.png 9
ucf/BasketballDunk/samples/00538.png 9
ucf/BasketballDunk/samples/00539.png 9
ucf/BasketballDunk/samples/00540.png 9
ucf/BasketballDunk/samples/00541.png 9
ucf/BasketballDunk/samples/00542.png 9
ucf/BasketballDunk/samples/00543.png 9
ucf/BasketballDunk/samples/00544.png 9
ucf/BasketballDunk/samples/00545.png 9
ucf/BasketballDunk/samples/00546.png 9
ucf/BasketballDunk/samples/00547.png 9
ucf/BasketballDunk/samples/00548.png 9
ucf/BasketballDunk/samples/00549.png 9
ucf/BasketballDunk/samples/00550.png 9
ucf/BasketballDunk/samples/00551.png 9
ucf/BasketballDunk/samples/00552.png 9
ucf/BasketballDunk/samples/00553.png 9
ucf/BasketballDunk/samples/00554.png 9
ucf/BasketballDunk/samples/00555.png 9
ucf/BasketballDunk/samples/00556.png 9
ucf/BasketballDunk/samples/00557.png 9
ucf/BasketballDunk/samples/00558.png 9
ucf/BasketballDunk/samples/00559.png 9
ucf/BasketballDunk/samples/00560.png 9
ucf/BasketballDunk/samples/00561.png 9
ucf/BasketballDunk/samples/00562.png 9
ucf/BasketballDunk/samples/00563.png 9
ucf/BasketballDunk/samples/00564.png 9
ucf/BasketballDunk/samples/00565.png 9
ucf/BasketballDunk/samples/00566.png 9
ucf/BasketballDunk/samples/00567.png 9
ucf/BasketballDunk/samples/00568.png 9
ucf/BasketballDunk/samples/00569.png 9
ucf/BasketballDunk/samples/00570.png 9
ucf/BasketballDunk/samples/00571.png 9
ucf/BasketballDunk/samples/00572.png 9
ucf/BasketballDunk/samples/00573.png 9
ucf/BasketballDunk/samples/00574.png 9
ucf/BasketballDunk/samples/00575.png 9
ucf/BasketballDunk/samples/00576.png 9
ucf/BasketballDunk/samples/00577.png 9
ucf/BasketballDunk/samples/00578.png 9
ucf/BasketballDunk/samples/00579.png 9
ucf/BasketballDunk/samples/00580.png 9
ucf/BasketballDunk/samples/00581.png 9
ucf/BasketballDunk/samples/00582.png 9
ucf/BasketballDunk/samples/00583.png 9
ucf/BasketballDunk/samples/00584.png 9
ucf/BasketballDunk/samples/00585.png 9
ucf/BasketballDunk/samples/00586.png 9
ucf/BasketballDunk/samples/00587.png 9
ucf/BasketballDunk/samples/00588.png 9
ucf/BasketballDunk/samples/00589.png 9
ucf/BasketballDunk/samples/00590.png 9
ucf/BasketballDunk/samples/00591.png 9
ucf/BasketballDunk/samples/00592.png 9
ucf/BasketballDunk/samples/00593.png 9
ucf/BasketballDunk/samples/00594.png 9
ucf/BasketballDunk/samples/00595.png 9
ucf/BasketballDunk/samples/00596.png 9
ucf/BasketballDunk/samples/00597.png 9
ucf/BasketballDunk/samples/00598.png 9
ucf/BasketballDunk/samples/00599.png 9
ucf/BasketballDunk/samples/00600.png 9
ucf/BasketballDunk/samples/00601.png 9
ucf/BasketballDunk/samples/00602.png 9
ucf/BasketballDunk/samples/00603.png 9
ucf/BasketballDunk/samples/00604.png 9
ucf/BasketballDunk/samples/00605.png 9
ucf/BasketballDunk/samples/00606.png 9
ucf/BasketballDunk/samples/00607.png 9
ucf/BasketballDunk/samples/00608.png 9
ucf/BasketballDunk/samples/00609.png 9
ucf/BasketballDunk/samples/00610.png 9
ucf/BasketballDunk/samples/00611.png 9
ucf/BasketballDunk/samples/00612.png 9
ucf/BasketballDunk/samples/00613.png 9
ucf/BasketballDunk/samples/00614.png 9
ucf/BasketballDunk/samples/00615.png 9
ucf/BasketballDunk/samples/00616.png 9
ucf/BasketballDunk/samples/00617.png 9
ucf/BasketballDunk/samples/00618.png 9
ucf/BasketballDunk/samples/00619.png 9
ucf/BasketballDunk/samples/00620.png 9
ucf/BasketballDunk/samples/00621.png 9
ucf/BasketballDunk/samples/00622.png 9
ucf/BasketballDunk/samples/00623.png 9
ucf/BasketballDunk/samples/00624.png 9
ucf/BasketballDunk/samples/00625.png 9
ucf/BasketballDunk/samples/00626.png 9
ucf/BasketballDunk/samples/00627.png 9
ucf/BasketballDunk/samples/00628.png 9
ucf/BasketballDunk/samples/00629.png 9
ucf/BasketballDunk/samples/00630.png 9
ucf/BasketballDunk/samples/00631.png 9
ucf/BasketballDunk/samples/00632.png 9
ucf/BasketballDunk/samples/00633.png 9
ucf/BasketballDunk/samples/00634.png 9
ucf/BasketballDunk/samples/00635.png 9
ucf/BasketballDunk/samples/00636.png 9
ucf/BasketballDunk/samples/00637.png 9
ucf/BasketballDunk/samples/00638.png 9
ucf/BasketballDunk/samples/00639.png 9
ucf/BasketballDunk/samples/00640.png 9
ucf/BasketballDunk/samples/00641.png 9
ucf/BasketballDunk/samples/00642.png 9
ucf/BasketballDunk/samples/00643.png 9
ucf/BasketballDunk/samples/00644.png 9
ucf/BasketballDunk/samples/00645.png 9
ucf/BasketballDunk/samples/00646.png 9
ucf/BasketballDunk/samples/00647.png 9
ucf/BasketballDunk/samples/00648.png 9
ucf/BasketballDunk/samples/00649.png 9
ucf/BasketballDunk/samples/00650.png 9
ucf/BasketballDunk/samples/00651.png 9
ucf/BasketballDunk/samples/00652.png 9
ucf/BasketballDunk/samples/00653.png 9
ucf/BasketballDunk/samples/00654.png 9
ucf/BasketballDunk/samples/00655.png 9
ucf/BasketballDunk/samples/00656.png 9
ucf/BasketballDunk/samples/00657.png 9
ucf/BasketballDunk/samples/00658.png 9
ucf/BasketballDunk/samples/00659.png 9
ucf/BasketballDunk/samples/00660.png 9
ucf/BasketballDunk/samples/00661.png 9
ucf/BasketballDunk/samples/00662.png 9
ucf/BasketballDunk/samples/00663.png 9
ucf/BasketballDunk/samples/00664.png 9
ucf/BasketballDunk/samples/00665.png 9
ucf/BasketballDunk/samples/00666.png 9
ucf/BasketballDunk/samples/00667.png 9
ucf/BasketballDunk/samples/00668.png 9
ucf/BasketballDunk/samples/00669.png 9
ucf/BasketballDunk/samples/00670.png 9
ucf/BasketballDunk/samples/00671.png 9
ucf/BasketballDunk/samples/00672.png 9
ucf/BasketballDunk/samples/00673.png 9
ucf/BasketballDunk/samples/00674.png 9
ucf/BasketballDunk/samples/00675.png 9
ucf/BasketballDunk/samples/00676.png 9
ucf/BasketballDunk/samples/00677.png 9
ucf/BasketballDunk/samples/00678.png 9
ucf/BasketballDunk/samples/00679.png 9
ucf/BasketballDunk/samples/00680.png 9
ucf/BasketballDunk/samples/00681.png 9
ucf/BasketballDunk/samples/00682.png 9
ucf/BasketballDunk/samples/00683.png 9
ucf/BasketballDunk/samples/00684.png 9
ucf/BasketballDunk/samples/00685.png 9
ucf/BasketballDunk/samples/00686.png 9
ucf/BasketballDunk/samples/00687.png 9
ucf/BasketballDunk/samples/00688.png 9
ucf/BasketballDunk/samples/00689.png 9
ucf/BasketballDunk/samples/00690.png 9
ucf/BasketballDunk/samples/00691.png 9
ucf/BasketballDunk/samples/00692.png 9
ucf/BasketballDunk/samples/00693.png 9
ucf/BasketballDunk/samples/00694.png 9
ucf/BasketballDunk/samples/00695.png 9
ucf/BasketballDunk/samples/00696.png 9
ucf/BasketballDunk/samples/00697.png 9
ucf/BasketballDunk/samples/00698.png 9
ucf/BasketballDunk/samples/00699.png 9
ucf/BasketballDunk/samples/00700.png 9
ucf/BasketballDunk/samples/00701.png 9
ucf/BasketballDunk/samples/00702.png 9
ucf/BasketballDunk/samples/00703.png 9
ucf/BasketballDunk/samples/00704.png 9
ucf/BasketballDunk/samples/00705.png 9
ucf/BasketballDunk/samples/00706.png 9
ucf/BasketballDunk/samples/00707.png 9
ucf/BasketballDunk/samples/00708.png 9
ucf/BasketballDunk/samples/00709.png 9
ucf/BasketballDunk/samples/00710.png 9
ucf/BasketballDunk/samples/00711.png 9
ucf/BasketballDunk/samples/00712.png 9
ucf/BasketballDunk/samples/00713.png 9
ucf/BasketballDunk/samples/00714.png 9
ucf/BasketballDunk/samples/00715.png 9
ucf/BasketballDunk/samples/00716.png 9
ucf/BasketballDunk/samples/00717.png 9
ucf/BasketballDunk/samples/00718.png 9
ucf/BasketballDunk/samples/00719.png 9
ucf/BasketballDunk/samples/00720.png 9
ucf/BasketballDunk/samples/00721.png 9
ucf/BasketballDunk/samples/00722.png 9
ucf/BasketballDunk/samples/00723.png 9
ucf/BasketballDunk/samples/00724.png 9
ucf/BasketballDunk/samples/00725.png 9
ucf/BasketballDunk/samples/00726.png 9
ucf/BasketballDunk/samples/00727.png 9
ucf/BasketballDunk/samples/00728.png 9
ucf/BasketballDunk/samples/00729.png 9
ucf/BasketballDunk/samples/00730.png 9
ucf/BasketballDunk/samples/00731.png 9
ucf/BasketballDunk/samples/00732.png 9
ucf/BasketballDunk/samples/00733.png 9
ucf/BasketballDunk/samples/00734.png 9
ucf/BasketballDunk/samples/00735.png 9
ucf/BasketballDunk/samples/00736.png 9
ucf/BasketballDunk/samples/00737.png 9
ucf/BasketballDunk/samples/00738.png 9
ucf/BasketballDunk/samples/00739.png 9
ucf/BasketballDunk/samples/00740.png 9
ucf/BasketballDunk/samples/00741.png 9
ucf/BasketballDunk/samples/00742.png 9
ucf/BasketballDunk/samples/00743.png 9
ucf/BasketballDunk/samples/00744.png 9
ucf/BasketballDunk/samples/00745.png 9
ucf/BasketballDunk/samples/00746.png 9
ucf/BasketballDunk/samples/00747.png 9
ucf/BasketballDunk/samples/00748.png 9
ucf/BasketballDunk/samples/00749.png 9
ucf/BasketballDunk/samples/00750.png 9
ucf/BasketballDunk/samples/00751.png 9
ucf/BasketballDunk/samples/00752.png 9
ucf/BasketballDunk/samples/00753.png 9
ucf/BasketballDunk/samples/00754.png 9
ucf/BasketballDunk/samples/00755.png 9
ucf/BasketballDunk/samples/00756.png 9
ucf/BasketballDunk/samples/00757.png 9
ucf/BasketballDunk/samples/00758.png 9
ucf/BasketballDunk/samples/00759.png 9
ucf/BasketballDunk/samples/00760.png 9
ucf/BasketballDunk/samples/00761.png 9
ucf/BasketballDunk/samples/00762.png 9
ucf/BasketballDunk/samples/00763.png 9
ucf/BasketballDunk/samples/00764.png 9
ucf/BasketballDunk/samples/00765.png 9
ucf/BasketballDunk/samples/00766.png 9
ucf/BasketballDunk/samples/00767.png 9
ucf/BasketballDunk/samples/00768.png 9
ucf/BasketballDunk/samples/00769.png 9
ucf/BasketballDunk/samples/00770.png 9
ucf/BasketballDunk/samples/00771.png 9
ucf/BasketballDunk/samples/00772.png 9
ucf/BasketballDunk/samples/00773.png 9
ucf/BasketballDunk/samples/00774.png 9
ucf/BasketballDunk/samples/00775.png 9
ucf/BasketballDunk/samples/00776.png 9
ucf/BasketballDunk/samples/00777.png 9
ucf/BasketballDunk/samples/00778.png 9
ucf/BasketballDunk/samples/00779.png 9
ucf/BasketballDunk/samples/00780.png 9
ucf/BasketballDunk/samples/00781.png 9
ucf/BasketballDunk/samples/00782.png 9
ucf/BasketballDunk/samples/00783.png 9
ucf/BasketballDunk/samples/00784.png 9
ucf/BasketballDunk/samples/00785.png 9
ucf/BasketballDunk/samples/00786.png 9
ucf/BasketballDunk/samples/00787.png 9
ucf/BasketballDunk/samples/00788.png 9
ucf/BasketballDunk/samples/00789.png 9
ucf/BasketballDunk/samples/00790.png 9
ucf/BasketballDunk/samples/00791.png 9
ucf/BasketballDunk/samples/00792.png 9
ucf/BasketballDunk/samples/00793.png 9
ucf/BasketballDunk/samples/00794.png 9
ucf/BasketballDunk/samples/00795.png 9
ucf/BasketballDunk/samples/00796.png 9
ucf/BasketballDunk/samples/00797.png 9
ucf/BasketballDunk/samples/00798.png 9
ucf/BasketballDunk/samples/00799.png 9
ucf/BasketballDunk/samples/00800.png 9
ucf/BasketballDunk/samples/00801.png 9
ucf/BasketballDunk/samples/00802.png 9
ucf/BasketballDunk/samples/00803.png 9
ucf/BasketballDunk/samples/00804.png 9
ucf/BasketballDunk/samples/00805.png 9
ucf/BasketballDunk/samples/00806.png 9
ucf/BasketballDunk/samples/00807.png 9
ucf/BasketballDunk/samples/00808.png 9
ucf/BasketballDunk/samples/00809.png 9
ucf/BasketballDunk/samples/00810.png 9
ucf/BasketballDunk/samples/00811.png 9
ucf/BasketballDunk/samples/00812.png 9
ucf/BasketballDunk/samples/00813.png 9
ucf/BasketballDunk/samples/00814.png 9
ucf/BasketballDunk/samples/00815.png 9
ucf/BasketballDunk/samples/00816.png 9
ucf/BasketballDunk/samples/00817.png 9
ucf/BasketballDunk/samples/00818.png 9
ucf/BasketballDunk/samples/00819.png 9
ucf/BasketballDunk/samples/00820.png 9
ucf/BasketballDunk/samples/00821.png 9
ucf/BasketballDunk/samples/00822.png 9
ucf/BasketballDunk/samples/00823.png 9
ucf/BasketballDunk/samples/00824.png 9
ucf/BasketballDunk/samples/00825.png 9
ucf/BasketballDunk/samples/00826.png 9
ucf/BasketballDunk/samples/00827.png 9
ucf/BasketballDunk/samples/00828.png 9
ucf/BasketballDunk/samples/00829.png 9
ucf/BasketballDunk/samples/00830.png 9
ucf/BasketballDunk/samples/00831.png 9
ucf/BasketballDunk/samples/00832.png 9
ucf/BasketballDunk/samples/00833.png 9
ucf/BasketballDunk/samples/00834.png 9
ucf/BasketballDunk/samples/00835.png 9
ucf/BasketballDunk/samples/00836.png 9
ucf/BasketballDunk/samples/00837.png 9
ucf/BasketballDunk/samples/00838.png 9
ucf/BasketballDunk/samples/00839.png 9
ucf/BasketballDunk/samples/00840.png 9
ucf/BasketballDunk/samples/00841.png 9
ucf/BasketballDunk/samples/00842.png 9
ucf/BasketballDunk/samples/00843.png 9
ucf/BasketballDunk/samples/00844.png 9
ucf/BasketballDunk/samples/00845.png 9
ucf/BasketballDunk/samples/00846.png 9
ucf/BasketballDunk/samples/00847.png 9
ucf/BasketballDunk/samples/00848.png 9
ucf/BasketballDunk/samples/00849.png 9
ucf/BasketballDunk/samples/00850.png 9
ucf/BasketballDunk/samples/00851.png 9
ucf/BasketballDunk/samples/00852.png 9
ucf/BasketballDunk/samples/00853.png 9
ucf/BasketballDunk/samples/00854.png 9
ucf/BasketballDunk/samples/00855.png 9
ucf/BasketballDunk/samples/00856.png 9
ucf/BasketballDunk/samples/00857.png 9
ucf/BasketballDunk/samples/00858.png 9
ucf/BasketballDunk/samples/00859.png 9
ucf/BasketballDunk/samples/00860.png 9
ucf/BasketballDunk/samples/00861.png 9
ucf/BasketballDunk/samples/00862.png 9
ucf/BasketballDunk/samples/00863.png 9
ucf/BasketballDunk/samples/00864.png 9
ucf/BasketballDunk/samples/00865.png 9
ucf/BasketballDunk/samples/00866.png 9
ucf/BasketballDunk/samples/00867.png 9
ucf/BasketballDunk/samples/00868.png 9
ucf/BasketballDunk/samples/00869.png 9
ucf/BasketballDunk/samples/00870.png 9
ucf/BasketballDunk/samples/00871.png 9
ucf/BasketballDunk/samples/00872.png 9
ucf/BasketballDunk/samples/00873.png 9
ucf/BasketballDunk/samples/00874.png 9
ucf/BasketballDunk/samples/00875.png 9
ucf/BasketballDunk/samples/00876.png 9
ucf/BasketballDunk/samples/00877.png 9
ucf/BasketballDunk/samples/00878.png 9
ucf/BasketballDunk/samples/00879.png 9
ucf/BasketballDunk/samples/00880.png 9
ucf/BasketballDunk/samples/00881.png 9
ucf/BasketballDunk/samples/00882.png 9
ucf/BasketballDunk/samples/00883.png 9
ucf/BasketballDunk/samples/00884.png 9
ucf/BasketballDunk/samples/00885.png 9
ucf/BasketballDunk/samples/00886.png 9
ucf/BasketballDunk/samples/00887.png 9
ucf/BasketballDunk/samples/00888.png 9
ucf/BasketballDunk/samples/00889.png 9
ucf/BasketballDunk/samples/00890.png 9
ucf/BasketballDunk/samples/00891.png 9
ucf/BasketballDunk/samples/00892.png 9
ucf/BasketballDunk/samples/00893.png 9
ucf/BasketballDunk/samples/00894.png 9
ucf/BasketballDunk/samples/00895.png 9
ucf/BasketballDunk/samples/00896.png 9
ucf/BasketballDunk/samples/00897.png 9
ucf/BasketballDunk/samples/00898.png 9
ucf/BasketballDunk/samples/00899.png 9
ucf/BasketballDunk/samples/00900.png 9
ucf/BasketballDunk/samples/00901.png 9
ucf/BasketballDunk/samples/00902.png 9
ucf/BasketballDunk/samples/00903.png 9
ucf/BasketballDunk/samples/00904.png 9
ucf/BasketballDunk/samples/00905.png 9
ucf/BasketballDunk/samples/00906.png 9
ucf/BasketballDunk/samples/00907.png 9
ucf/BasketballDunk/samples/00908.png 9
ucf/BasketballDunk/samples/00909.png 9
ucf/BasketballDunk/samples/00910.png 9
ucf/BasketballDunk/samples/00911.png 9
ucf/BasketballDunk/samples/00912.png 9
ucf/BasketballDunk/samples/00913.png 9
ucf/BasketballDunk/samples/00914.png 9
ucf/BasketballDunk/samples/00915.png 9
ucf/BasketballDunk/samples/00916.png 9
ucf/BasketballDunk/samples/00917.png 9
ucf/BasketballDunk/samples/00918.png 9
ucf/BasketballDunk/samples/00919.png 9
ucf/BasketballDunk/samples/00920.png 9
ucf/BasketballDunk/samples/00921.png 9
ucf/BasketballDunk/samples/00922.png 9
ucf/BasketballDunk/samples/00923.png 9
ucf/BasketballDunk/samples/00924.png 9
ucf/BasketballDunk/samples/00925.png 9
ucf/BasketballDunk/samples/00926.png 9
ucf/BasketballDunk/samples/00927.png 9
ucf/BasketballDunk/samples/00928.png 9
ucf/BasketballDunk/samples/00929.png 9
ucf/BasketballDunk/samples/00930.png 9
ucf/BasketballDunk/samples/00931.png 9
ucf/BasketballDunk/samples/00932.png 9
ucf/BasketballDunk/samples/00933.png 9
ucf/BasketballDunk/samples/00934.png 9
ucf/BasketballDunk/samples/00935.png 9
ucf/BasketballDunk/samples/00936.png 9
ucf/BasketballDunk/samples/00937.png 9
ucf/BasketballDunk/samples/00938.png 9
ucf/BasketballDunk/samples/00939.png 9
ucf/BasketballDunk/samples/00940.png 9
ucf/BasketballDunk/samples/00941.png 9
ucf/BasketballDunk/samples/00942.png 9
ucf/BasketballDunk/samples/00943.png 9
ucf/BasketballDunk/samples/00944.png 9
ucf/BasketballDunk/samples/00945.png 9
ucf/BasketballDunk/samples/00946.png 9
ucf/BasketballDunk/samples/00947.png 9
ucf/BasketballDunk/samples/00948.png 9
ucf/BasketballDunk/samples/00949.png 9
ucf/BasketballDunk/samples/00950.png 9
ucf/BasketballDunk/samples/00951.png 9
ucf/BasketballDunk/samples/00952.png 9
ucf/BasketballDunk/samples/00953.png 9
ucf/BasketballDunk/samples/00954.png 9
ucf/BasketballDunk/samples/00955.png 9
ucf/BasketballDunk/samples/00956.png 9
ucf/BasketballDunk/samples/00957.png 9
ucf/BasketballDunk/samples/00958.png 9
ucf/BasketballDunk/samples/00959.png 9
ucf/BasketballDunk/samples/00960.png 9
ucf/BasketballDunk/samples/00961.png 9
ucf/BasketballDunk/samples/00962.png 9
ucf/BasketballDunk/samples/00963.png 9
ucf/BasketballDunk/samples/00964.png 9
ucf/BasketballDunk/samples/00965.png 9
ucf/BasketballDunk/samples/00966.png 9
ucf/BasketballDunk/samples/00967.png 9
ucf/BasketballDunk/samples/00968.png 9
ucf/BasketballDunk/samples/00969.png 9
ucf/BasketballDunk/samples/00970.png 9
ucf/BasketballDunk/samples/00971.png 9
ucf/BasketballDunk/samples/00972.png 9
ucf/BasketballDunk/samples/00973.png 9
ucf/BasketballDunk/samples/00974.png 9
ucf/BasketballDunk/samples/00975.png 9
ucf/BasketballDunk/samples/00976.png 9
ucf/BasketballDunk/samples/00977.png 9
ucf/BasketballDunk/samples/00978.png 9
ucf/BasketballDunk/samples/00979.png 9
ucf/BasketballDunk/samples/00980.png 9
ucf/BasketballDunk/samples/00981.png 9
ucf/BasketballDunk/samples/00982.png 9
ucf/BasketballDunk/samples/00983.png 9
ucf/BasketballDunk/samples/00984.png 9
ucf/BasketballDunk/samples/00985.png 9
ucf/BasketballDunk/samples/00986.png 9
ucf/BasketballDunk/samples/00987.png 9
ucf/BasketballDunk/samples/00988.png 9
ucf/BasketballDunk/samples/00989.png 9
ucf/BasketballDunk/samples/00990.png 9
ucf/BasketballDunk/samples/00991.png 9
ucf/BasketballDunk/samples/00992.png 9
ucf/BasketballDunk/samples/00993.png 9
ucf/BasketballDunk/samples/00994.png 9
ucf/BasketballDunk/samples/00995.png 9
ucf/BasketballDunk/samples/00996.png 9
ucf/BasketballDunk/samples/00997.png 9
ucf/BasketballDunk/samples/00998.png 9
ucf/BasketballDunk/samples/00999.png 9
ucf/CuttingInKitchen/samples/00000.png 25
ucf/CuttingInKitchen/samples/00001.png 25
ucf/CuttingInKitchen/samples/00002.png 25
ucf/CuttingInKitchen/samples/00003.png 25
ucf/CuttingInKitchen/samples/00004.png 25
ucf/CuttingInKitchen/samples/00005.png 25
ucf/CuttingInKitchen/samples/00006.png 25
ucf/CuttingInKitchen/samples/00007.png 25
ucf/CuttingInKitchen/samples/00008.png 25
ucf/CuttingInKitchen/samples/00009.png 25
ucf/CuttingInKitchen/samples/00010.png 25
ucf/CuttingInKitchen/samples/00011.png 25
ucf/CuttingInKitchen/samples/00012.png 25
ucf/CuttingInKitchen/samples/00013.png 25
ucf/CuttingInKitchen/samples/00014.png 25
ucf/CuttingInKitchen/samples/00015.png 25
ucf/CuttingInKitchen/samples/00016.png 25
ucf/CuttingInKitchen/samples/00017.png 25
ucf/CuttingInKitchen/samples/00018.png 25
ucf/CuttingInKitchen/samples/00019.png 25
ucf/CuttingInKitchen/samples/00020.png 25
ucf/CuttingInKitchen/samples/00021.png 25
ucf/CuttingInKitchen/samples/00022.png 25
ucf/CuttingInKitchen/samples/00023.png 25
ucf/CuttingInKitchen/samples/00024.png 25
ucf/CuttingInKitchen/samples/00025.png 25
ucf/CuttingInKitchen/samples/00026.png 25
ucf/CuttingInKitchen/samples/00027.png 25
ucf/CuttingInKitchen/samples/00028.png 25
ucf/CuttingInKitchen/samples/00029.png 25
ucf/CuttingInKitchen/samples/00030.png 25
ucf/CuttingInKitchen/samples/00031.png 25
ucf/CuttingInKitchen/samples/00032.png 25
ucf/CuttingInKitchen/samples/00033.png 25
ucf/CuttingInKitchen/samples/00034.png 25
ucf/CuttingInKitchen/samples/00035.png 25
ucf/CuttingInKitchen/samples/00036.png 25
ucf/CuttingInKitchen/samples/00037.png 25
ucf/CuttingInKitchen/samples/00038.png 25
ucf/CuttingInKitchen/samples/00039.png 25
ucf/CuttingInKitchen/samples/00040.png 25
ucf/CuttingInKitchen/samples/00041.png 25
ucf/CuttingInKitchen/samples/00042.png 25
ucf/CuttingInKitchen/samples/00043.png 25
ucf/CuttingInKitchen/samples/00044.png 25
ucf/CuttingInKitchen/samples/00045.png 25
ucf/CuttingInKitchen/samples/00046.png 25
ucf/CuttingInKitchen/samples/00047.png 25
ucf/CuttingInKitchen/samples/00048.png 25
ucf/CuttingInKitchen/samples/00049.png 25
ucf/CuttingInKitchen/samples/00050.png 25
ucf/CuttingInKitchen/samples/00051.png 25
ucf/CuttingInKitchen/samples/00052.png 25
ucf/CuttingInKitchen/samples/00053.png 25
ucf/CuttingInKitchen/samples/00054.png 25
ucf/CuttingInKitchen/samples/00055.png 25
ucf/CuttingInKitchen/samples/00056.png 25
ucf/CuttingInKitchen/samples/00057.png 25
ucf/CuttingInKitchen/samples/00058.png 25
ucf/CuttingInKitchen/samples/00059.png 25
ucf/CuttingInKitchen/samples/00060.png 25
ucf/CuttingInKitchen/samples/00061.png 25
ucf/CuttingInKitchen/samples/00062.png 25
ucf/CuttingInKitchen/samples/00063.png 25
ucf/CuttingInKitchen/samples/00064.png 25
ucf/CuttingInKitchen/samples/00065.png 25
ucf/CuttingInKitchen/samples/00066.png 25
ucf/CuttingInKitchen/samples/00067.png 25
ucf/CuttingInKitchen/samples/00068.png 25
ucf/CuttingInKitchen/samples/00069.png 25
ucf/CuttingInKitchen/samples/00070.png 25
ucf/CuttingInKitchen/samples/00071.png 25
ucf/CuttingInKitchen/samples/00072.png 25
ucf/CuttingInKitchen/samples/00073.png 25
ucf/CuttingInKitchen/samples/00074.png 25
ucf/CuttingInKitchen/samples/00075.png 25
ucf/CuttingInKitchen/samples/00076.png 25
ucf/CuttingInKitchen/samples/00077.png 25
ucf/CuttingInKitchen/samples/00078.png 25
ucf/CuttingInKitchen/samples/00079.png 25
ucf/CuttingInKitchen/samples/00080.png 25
ucf/CuttingInKitchen/samples/00081.png 25
ucf/CuttingInKitchen/samples/00082.png 25
ucf/CuttingInKitchen/samples/00083.png 25
ucf/CuttingInKitchen/samples/00084.png 25
ucf/CuttingInKitchen/samples/00085.png 25
ucf/CuttingInKitchen/samples/00086.png 25
ucf/CuttingInKitchen/samples/00087.png 25
ucf/CuttingInKitchen/samples/00088.png 25
ucf/CuttingInKitchen/samples/00089.png 25
ucf/CuttingInKitchen/samples/00090.png 25
ucf/CuttingInKitchen/samples/00091.png 25
ucf/CuttingInKitchen/samples/00092.png 25
ucf/CuttingInKitchen/samples/00093.png 25
ucf/CuttingInKitchen/samples/00094.png 25
ucf/CuttingInKitchen/samples/00095.png 25
ucf/CuttingInKitchen/samples/00096.png 25
ucf/CuttingInKitchen/samples/00097.png 25
ucf/CuttingInKitchen/samples/00098.png 25
ucf/CuttingInKitchen/samples/00099.png 25
ucf/CuttingInKitchen/samples/00100.png 25
ucf/CuttingInKitchen/samples/00101.png 25
ucf/CuttingInKitchen/samples/00102.png 25
ucf/CuttingInKitchen/samples/00103.png 25
ucf/CuttingInKitchen/samples/00104.png 25
ucf/CuttingInKitchen/samples/00105.png 25
ucf/CuttingInKitchen/samples/00106.png 25
ucf/CuttingInKitchen/samples/00107.png 25
ucf/CuttingInKitchen/samples/00108.png 25
ucf/CuttingInKitchen/samples/00109.png 25
ucf/CuttingInKitchen/samples/00110.png 25
ucf/CuttingInKitchen/samples/00111.png 25
ucf/CuttingInKitchen/samples/00112.png 25
ucf/CuttingInKitchen/samples/00113.png 25
ucf/CuttingInKitchen/samples/00114.png 25
ucf/CuttingInKitchen/samples/00115.png 25
ucf/CuttingInKitchen/samples/00116.png 25
ucf/CuttingInKitchen/samples/00117.png 25
ucf/CuttingInKitchen/samples/00118.png 25
ucf/CuttingInKitchen/samples/00119.png 25
ucf/CuttingInKitchen/samples/00120.png 25
ucf/CuttingInKitchen/samples/00121.png 25
ucf/CuttingInKitchen/samples/00122.png 25
ucf/CuttingInKitchen/samples/00123.png 25
ucf/CuttingInKitchen/samples/00124.png 25
ucf/CuttingInKitchen/samples/00125.png 25
ucf/CuttingInKitchen/samples/00126.png 25
ucf/CuttingInKitchen/samples/00127.png 25
ucf/CuttingInKitchen/samples/00128.png 25
ucf/CuttingInKitchen/samples/00129.png 25
ucf/CuttingInKitchen/samples/00130.png 25
ucf/CuttingInKitchen/samples/00131.png 25
ucf/CuttingInKitchen/samples/00132.png 25
ucf/CuttingInKitchen/samples/00133.png 25
ucf/CuttingInKitchen/samples/00134.png 25
ucf/CuttingInKitchen/samples/00135.png 25
ucf/CuttingInKitchen/samples/00136.png 25
ucf/CuttingInKitchen/samples/00137.png 25
ucf/CuttingInKitchen/samples/00138.png 25
ucf/CuttingInKitchen/samples/00139.png 25
ucf/CuttingInKitchen/samples/00140.png 25
ucf/CuttingInKitchen/samples/00141.png 25
ucf/CuttingInKitchen/samples/00142.png 25
ucf/CuttingInKitchen/samples/00143.png 25
ucf/CuttingInKitchen/samples/00144.png 25
ucf/CuttingInKitchen/samples/00145.png 25
ucf/CuttingInKitchen/samples/00146.png 25
ucf/CuttingInKitchen/samples/00147.png 25
ucf/CuttingInKitchen/samples/00148.png 25
ucf/CuttingInKitchen/samples/00149.png 25
ucf/CuttingInKitchen/samples/00150.png 25
ucf/CuttingInKitchen/samples/00151.png 25
ucf/CuttingInKitchen/samples/00152.png 25
ucf/CuttingInKitchen/samples/00153.png 25
ucf/CuttingInKitchen/samples/00154.png 25
ucf/CuttingInKitchen/samples/00155.png 25
ucf/CuttingInKitchen/samples/00156.png 25
ucf/CuttingInKitchen/samples/00157.png 25
ucf/CuttingInKitchen/samples/00158.png 25
ucf/CuttingInKitchen/samples/00159.png 25
ucf/CuttingInKitchen/samples/00160.png 25
ucf/CuttingInKitchen/samples/00161.png 25
ucf/CuttingInKitchen/samples/00162.png 25
ucf/CuttingInKitchen/samples/00163.png 25
ucf/CuttingInKitchen/samples/00164.png 25
ucf/CuttingInKitchen/samples/00165.png 25
ucf/CuttingInKitchen/samples/00166.png 25
ucf/CuttingInKitchen/samples/00167.png 25
ucf/CuttingInKitchen/samples/00168.png 25
ucf/CuttingInKitchen/samples/00169.png 25
ucf/CuttingInKitchen/samples/00170.png 25
ucf/CuttingInKitchen/samples/00171.png 25
ucf/CuttingInKitchen/samples/00172.png 25
ucf/CuttingInKitchen/samples/00173.png 25
ucf/CuttingInKitchen/samples/00174.png 25
ucf/CuttingInKitchen/samples/00175.png 25
ucf/CuttingInKitchen/samples/00176.png 25
ucf/CuttingInKitchen/samples/00177.png 25
ucf/CuttingInKitchen/samples/00178.png 25
ucf/CuttingInKitchen/samples/00179.png 25
ucf/CuttingInKitchen/samples/00180.png 25
ucf/CuttingInKitchen/samples/00181.png 25
ucf/CuttingInKitchen/samples/00182.png 25
ucf/CuttingInKitchen/samples/00183.png 25
ucf/CuttingInKitchen/samples/00184.png 25
ucf/CuttingInKitchen/samples/00185.png 25
ucf/CuttingInKitchen/samples/00186.png 25
ucf/CuttingInKitchen/samples/00187.png 25
ucf/CuttingInKitchen/samples/00188.png 25
ucf/CuttingInKitchen/samples/00189.png 25
ucf/CuttingInKitchen/samples/00190.png 25
ucf/CuttingInKitchen/samples/00191.png 25
ucf/CuttingInKitchen/samples/00192.png 25
ucf/CuttingInKitchen/samples/00193.png 25
ucf/CuttingInKitchen/samples/00194.png 25
ucf/CuttingInKitchen/samples/00195.png 25
ucf/CuttingInKitchen/samples/00196.png 25
ucf/CuttingInKitchen/samples/00197.png 25
ucf/CuttingInKitchen/samples/00198.png 25
ucf/CuttingInKitchen/samples/00199.png 25
ucf/CuttingInKitchen/samples/00200.png 25
ucf/CuttingInKitchen/samples/00201.png 25
ucf/CuttingInKitchen/samples/00202.png 25
ucf/CuttingInKitchen/samples/00203.png 25
ucf/CuttingInKitchen/samples/00204.png 25
ucf/CuttingInKitchen/samples/00205.png 25
ucf/CuttingInKitchen/samples/00206.png 25
ucf/CuttingInKitchen/samples/00207.png 25
ucf/CuttingInKitchen/samples/00208.png 25
ucf/CuttingInKitchen/samples/00209.png 25
ucf/CuttingInKitchen/samples/00210.png 25
ucf/CuttingInKitchen/samples/00211.png 25
ucf/CuttingInKitchen/samples/00212.png 25
ucf/CuttingInKitchen/samples/00213.png 25
ucf/CuttingInKitchen/samples/00214.png 25
ucf/CuttingInKitchen/samples/00215.png 25
ucf/CuttingInKitchen/samples/00216.png 25
ucf/CuttingInKitchen/samples/00217.png 25
ucf/CuttingInKitchen/samples/00218.png 25
ucf/CuttingInKitchen/samples/00219.png 25
ucf/CuttingInKitchen/samples/00220.png 25
ucf/CuttingInKitchen/samples/00221.png 25
ucf/CuttingInKitchen/samples/00222.png 25
ucf/CuttingInKitchen/samples/00223.png 25
ucf/CuttingInKitchen/samples/00224.png 25
ucf/CuttingInKitchen/samples/00225.png 25
ucf/CuttingInKitchen/samples/00226.png 25
ucf/CuttingInKitchen/samples/00227.png 25
ucf/CuttingInKitchen/samples/00228.png 25
ucf/CuttingInKitchen/samples/00229.png 25
ucf/CuttingInKitchen/samples/00230.png 25
ucf/CuttingInKitchen/samples/00231.png 25
ucf/CuttingInKitchen/samples/00232.png 25
ucf/CuttingInKitchen/samples/00233.png 25
ucf/CuttingInKitchen/samples/00234.png 25
ucf/CuttingInKitchen/samples/00235.png 25
ucf/CuttingInKitchen/samples/00236.png 25
ucf/CuttingInKitchen/samples/00237.png 25
ucf/CuttingInKitchen/samples/00238.png 25
ucf/CuttingInKitchen/samples/00239.png 25
ucf/CuttingInKitchen/samples/00240.png 25
ucf/CuttingInKitchen/samples/00241.png 25
ucf/CuttingInKitchen/samples/00242.png 25
ucf/CuttingInKitchen/samples/00243.png 25
ucf/CuttingInKitchen/samples/00244.png 25
ucf/CuttingInKitchen/samples/00245.png 25
ucf/CuttingInKitchen/samples/00246.png 25
ucf/CuttingInKitchen/samples/00247.png 25
ucf/CuttingInKitchen/samples/00248.png 25
ucf/CuttingInKitchen/samples/00249.png 25
ucf/CuttingInKitchen/samples/00250.png 25
ucf/CuttingInKitchen/samples/00251.png 25
ucf/CuttingInKitchen/samples/00252.png 25
ucf/CuttingInKitchen/samples/00253.png 25
ucf/CuttingInKitchen/samples/00254.png 25
ucf/CuttingInKitchen/samples/00255.png 25
ucf/CuttingInKitchen/samples/00256.png 25
ucf/CuttingInKitchen/samples/00257.png 25
ucf/CuttingInKitchen/samples/00258.png 25
ucf/CuttingInKitchen/samples/00259.png 25
ucf/CuttingInKitchen/samples/00260.png 25
ucf/CuttingInKitchen/samples/00261.png 25
ucf/CuttingInKitchen/samples/00262.png 25
ucf/CuttingInKitchen/samples/00263.png 25
ucf/CuttingInKitchen/samples/00264.png 25
ucf/CuttingInKitchen/samples/00265.png 25
ucf/CuttingInKitchen/samples/00266.png 25
ucf/CuttingInKitchen/samples/00267.png 25
ucf/CuttingInKitchen/samples/00268.png 25
ucf/CuttingInKitchen/samples/00269.png 25
ucf/CuttingInKitchen/samples/00270.png 25
ucf/CuttingInKitchen/samples/00271.png 25
ucf/CuttingInKitchen/samples/00272.png 25
ucf/CuttingInKitchen/samples/00273.png 25
ucf/CuttingInKitchen/samples/00274.png 25
ucf/CuttingInKitchen/samples/00275.png 25
ucf/CuttingInKitchen/samples/00276.png 25
ucf/CuttingInKitchen/samples/00277.png 25
ucf/CuttingInKitchen/samples/00278.png 25
ucf/CuttingInKitchen/samples/00279.png 25
ucf/CuttingInKitchen/samples/00280.png 25
ucf/CuttingInKitchen/samples/00281.png 25
ucf/CuttingInKitchen/samples/00282.png 25
ucf/CuttingInKitchen/samples/00283.png 25
ucf/CuttingInKitchen/samples/00284.png 25
ucf/CuttingInKitchen/samples/00285.png 25
ucf/CuttingInKitchen/samples/00286.png 25
ucf/CuttingInKitchen/samples/00287.png 25
ucf/CuttingInKitchen/samples/00288.png 25
ucf/CuttingInKitchen/samples/00289.png 25
ucf/CuttingInKitchen/samples/00290.png 25
ucf/CuttingInKitchen/samples/00291.png 25
ucf/CuttingInKitchen/samples/00292.png 25
ucf/CuttingInKitchen/samples/00293.png 25
ucf/CuttingInKitchen/samples/00294.png 25
ucf/CuttingInKitchen/samples/00295.png 25
ucf/CuttingInKitchen/samples/00296.png 25
ucf/CuttingInKitchen/samples/00297.png 25
ucf/CuttingInKitchen/samples/00298.png 25
ucf/CuttingInKitchen/samples/00299.png 25
ucf/CuttingInKitchen/samples/00300.png 25
ucf/CuttingInKitchen/samples/00301.png 25
ucf/CuttingInKitchen/samples/00302.png 25
ucf/CuttingInKitchen/samples/00303.png 25
ucf/CuttingInKitchen/samples/00304.png 25
ucf/CuttingInKitchen/samples/00305.png 25
ucf/CuttingInKitchen/samples/00306.png 25
ucf/CuttingInKitchen/samples/00307.png 25
ucf/CuttingInKitchen/samples/00308.png 25
ucf/CuttingInKitchen/samples/00309.png 25
ucf/CuttingInKitchen/samples/00310.png 25
ucf/CuttingInKitchen/samples/00311.png 25
ucf/CuttingInKitchen/samples/00312.png 25
ucf/CuttingInKitchen/samples/00313.png 25
ucf/CuttingInKitchen/samples/00314.png 25
ucf/CuttingInKitchen/samples/00315.png 25
ucf/CuttingInKitchen/samples/00316.png 25
ucf/CuttingInKitchen/samples/00317.png 25
ucf/CuttingInKitchen/samples/00318.png 25
ucf/CuttingInKitchen/samples/00319.png 25
ucf/CuttingInKitchen/samples/00320.png 25
ucf/CuttingInKitchen/samples/00321.png 25
ucf/CuttingInKitchen/samples/00322.png 25
ucf/CuttingInKitchen/samples/00323.png 25
ucf/CuttingInKitchen/samples/00324.png 25
ucf/CuttingInKitchen/samples/00325.png 25
ucf/CuttingInKitchen/samples/00326.png 25
ucf/CuttingInKitchen/samples/00327.png 25
ucf/CuttingInKitchen/samples/00328.png 25
ucf/CuttingInKitchen/samples/00329.png 25
ucf/CuttingInKitchen/samples/00330.png 25
ucf/CuttingInKitchen/samples/00331.png 25
ucf/CuttingInKitchen/samples/00332.png 25
ucf/CuttingInKitchen/samples/00333.png 25
ucf/CuttingInKitchen/samples/00334.png 25
ucf/CuttingInKitchen/samples/00335.png 25
ucf/CuttingInKitchen/samples/00336.png 25
ucf/CuttingInKitchen/samples/00337.png 25
ucf/CuttingInKitchen/samples/00338.png 25
ucf/CuttingInKitchen/samples/00339.png 25
ucf/CuttingInKitchen/samples/00340.png 25
ucf/CuttingInKitchen/samples/00341.png 25
ucf/CuttingInKitchen/samples/00342.png 25
ucf/CuttingInKitchen/samples/00343.png 25
ucf/CuttingInKitchen/samples/00344.png 25
ucf/CuttingInKitchen/samples/00345.png 25
ucf/CuttingInKitchen/samples/00346.png 25
ucf/CuttingInKitchen/samples/00347.png 25
ucf/CuttingInKitchen/samples/00348.png 25
ucf/CuttingInKitchen/samples/00349.png 25
ucf/CuttingInKitchen/samples/00350.png 25
ucf/CuttingInKitchen/samples/00351.png 25
ucf/CuttingInKitchen/samples/00352.png 25
ucf/CuttingInKitchen/samples/00353.png 25
ucf/CuttingInKitchen/samples/00354.png 25
ucf/CuttingInKitchen/samples/00355.png 25
ucf/CuttingInKitchen/samples/00356.png 25
ucf/CuttingInKitchen/samples/00357.png 25
ucf/CuttingInKitchen/samples/00358.png 25
ucf/CuttingInKitchen/samples/00359.png 25
ucf/CuttingInKitchen/samples/00360.png 25
ucf/CuttingInKitchen/samples/00361.png 25
ucf/CuttingInKitchen/samples/00362.png 25
ucf/CuttingInKitchen/samples/00363.png 25
ucf/CuttingInKitchen/samples/00364.png 25
ucf/CuttingInKitchen/samples/00365.png 25
ucf/CuttingInKitchen/samples/00366.png 25
ucf/CuttingInKitchen/samples/00367.png 25
ucf/CuttingInKitchen/samples/00368.png 25
ucf/CuttingInKitchen/samples/00369.png 25
ucf/CuttingInKitchen/samples/00370.png 25
ucf/CuttingInKitchen/samples/00371.png 25
ucf/CuttingInKitchen/samples/00372.png 25
ucf/CuttingInKitchen/samples/00373.png 25
ucf/CuttingInKitchen/samples/00374.png 25
ucf/CuttingInKitchen/samples/00375.png 25
ucf/CuttingInKitchen/samples/00376.png 25
ucf/CuttingInKitchen/samples/00377.png 25
ucf/CuttingInKitchen/samples/00378.png 25
ucf/CuttingInKitchen/samples/00379.png 25
ucf/CuttingInKitchen/samples/00380.png 25
ucf/CuttingInKitchen/samples/00381.png 25
ucf/CuttingInKitchen/samples/00382.png 25
ucf/CuttingInKitchen/samples/00383.png 25
ucf/CuttingInKitchen/samples/00384.png 25
ucf/CuttingInKitchen/samples/00385.png 25
ucf/CuttingInKitchen/samples/00386.png 25
ucf/CuttingInKitchen/samples/00387.png 25
ucf/CuttingInKitchen/samples/00388.png 25
ucf/CuttingInKitchen/samples/00389.png 25
ucf/CuttingInKitchen/samples/00390.png 25
ucf/CuttingInKitchen/samples/00391.png 25
ucf/CuttingInKitchen/samples/00392.png 25
ucf/CuttingInKitchen/samples/00393.png 25
ucf/CuttingInKitchen/samples/00394.png 25
ucf/CuttingInKitchen/samples/00395.png 25
ucf/CuttingInKitchen/samples/00396.png 25
ucf/CuttingInKitchen/samples/00397.png 25
ucf/CuttingInKitchen/samples/00398.png 25
ucf/CuttingInKitchen/samples/00399.png 25
ucf/CuttingInKitchen/samples/00400.png 25
ucf/CuttingInKitchen/samples/00401.png 25
ucf/CuttingInKitchen/samples/00402.png 25
ucf/CuttingInKitchen/samples/00403.png 25
ucf/CuttingInKitchen/samples/00404.png 25
ucf/CuttingInKitchen/samples/00405.png 25
ucf/CuttingInKitchen/samples/00406.png 25
ucf/CuttingInKitchen/samples/00407.png 25
ucf/CuttingInKitchen/samples/00408.png 25
ucf/CuttingInKitchen/samples/00409.png 25
ucf/CuttingInKitchen/samples/00410.png 25
ucf/CuttingInKitchen/samples/00411.png 25
ucf/CuttingInKitchen/samples/00412.png 25
ucf/CuttingInKitchen/samples/00413.png 25
ucf/CuttingInKitchen/samples/00414.png 25
ucf/CuttingInKitchen/samples/00415.png 25
ucf/CuttingInKitchen/samples/00416.png 25
ucf/CuttingInKitchen/samples/00417.png 25
ucf/CuttingInKitchen/samples/00418.png 25
ucf/CuttingInKitchen/samples/00419.png 25
ucf/CuttingInKitchen/samples/00420.png 25
ucf/CuttingInKitchen/samples/00421.png 25
ucf/CuttingInKitchen/samples/00422.png 25
ucf/CuttingInKitchen/samples/00423.png 25
ucf/CuttingInKitchen/samples/00424.png 25
ucf/CuttingInKitchen/samples/00425.png 25
ucf/CuttingInKitchen/samples/00426.png 25
ucf/CuttingInKitchen/samples/00427.png 25
ucf/CuttingInKitchen/samples/00428.png 25
ucf/CuttingInKitchen/samples/00429.png 25
ucf/CuttingInKitchen/samples/00430.png 25
ucf/CuttingInKitchen/samples/00431.png 25
ucf/CuttingInKitchen/samples/00432.png 25
ucf/CuttingInKitchen/samples/00433.png 25
ucf/CuttingInKitchen/samples/00434.png 25
ucf/CuttingInKitchen/samples/00435.png 25
ucf/CuttingInKitchen/samples/00436.png 25
ucf/CuttingInKitchen/samples/00437.png 25
ucf/CuttingInKitchen/samples/00438.png 25
ucf/CuttingInKitchen/samples/00439.png 25
ucf/CuttingInKitchen/samples/00440.png 25
ucf/CuttingInKitchen/samples/00441.png 25
ucf/CuttingInKitchen/samples/00442.png 25
ucf/CuttingInKitchen/samples/00443.png 25
ucf/CuttingInKitchen/samples/00444.png 25
ucf/CuttingInKitchen/samples/00445.png 25
ucf/CuttingInKitchen/samples/00446.png 25
ucf/CuttingInKitchen/samples/00447.png 25
ucf/CuttingInKitchen/samples/00448.png 25
ucf/CuttingInKitchen/samples/00449.png 25
ucf/CuttingInKitchen/samples/00450.png 25
ucf/CuttingInKitchen/samples/00451.png 25
ucf/CuttingInKitchen/samples/00452.png 25
ucf/CuttingInKitchen/samples/00453.png 25
ucf/CuttingInKitchen/samples/00454.png 25
ucf/CuttingInKitchen/samples/00455.png 25
ucf/CuttingInKitchen/samples/00456.png 25
ucf/CuttingInKitchen/samples/00457.png 25
ucf/CuttingInKitchen/samples/00458.png 25
ucf/CuttingInKitchen/samples/00459.png 25
ucf/CuttingInKitchen/samples/00460.png 25
ucf/CuttingInKitchen/samples/00461.png 25
ucf/CuttingInKitchen/samples/00462.png 25
ucf/CuttingInKitchen/samples/00463.png 25
ucf/CuttingInKitchen/samples/00464.png 25
ucf/CuttingInKitchen/samples/00465.png 25
ucf/CuttingInKitchen/samples/00466.png 25
ucf/CuttingInKitchen/samples/00467.png 25
ucf/CuttingInKitchen/samples/00468.png 25
ucf/CuttingInKitchen/samples/00469.png 25
ucf/CuttingInKitchen/samples/00470.png 25
ucf/CuttingInKitchen/samples/00471.png 25
ucf/CuttingInKitchen/samples/00472.png 25
ucf/CuttingInKitchen/samples/00473.png 25
ucf/CuttingInKitchen/samples/00474.png 25
ucf/CuttingInKitchen/samples/00475.png 25
ucf/CuttingInKitchen/samples/00476.png 25
ucf/CuttingInKitchen/samples/00477.png 25
ucf/CuttingInKitchen/samples/00478.png 25
ucf/CuttingInKitchen/samples/00479.png 25
ucf/CuttingInKitchen/samples/00480.png 25
ucf/CuttingInKitchen/samples/00481.png 25
ucf/CuttingInKitchen/samples/00482.png 25
ucf/CuttingInKitchen/samples/00483.png 25
ucf/CuttingInKitchen/samples/00484.png 25
ucf/CuttingInKitchen/samples/00485.png 25
ucf/CuttingInKitchen/samples/00486.png 25
ucf/CuttingInKitchen/samples/00487.png 25
ucf/CuttingInKitchen/samples/00488.png 25
ucf/CuttingInKitchen/samples/00489.png 25
ucf/CuttingInKitchen/samples/00490.png 25
ucf/CuttingInKitchen/samples/00491.png 25
ucf/CuttingInKitchen/samples/00492.png 25
ucf/CuttingInKitchen/samples/00493.png 25
ucf/CuttingInKitchen/samples/00494.png 25
ucf/CuttingInKitchen/samples/00495.png 25
ucf/CuttingInKitchen/samples/00496.png 25
ucf/CuttingInKitchen/samples/00497.png 25
ucf/CuttingInKitchen/samples/00498.png 25
ucf/CuttingInKitchen/samples/00499.png 25
ucf/CuttingInKitchen/samples/00500.png 25
ucf/CuttingInKitchen/samples/00501.png 25
ucf/CuttingInKitchen/samples/00502.png 25
ucf/CuttingInKitchen/samples/00503.png 25
ucf/CuttingInKitchen/samples/00504.png 25
ucf/CuttingInKitchen/samples/00505.png 25
ucf/CuttingInKitchen/samples/00506.png 25
ucf/CuttingInKitchen/samples/00507.png 25
ucf/CuttingInKitchen/samples/00508.png 25
ucf/CuttingInKitchen/samples/00509.png 25
ucf/CuttingInKitchen/samples/00510.png 25
ucf/CuttingInKitchen/samples/00511.png 25
ucf/CuttingInKitchen/samples/00512.png 25
ucf/CuttingInKitchen/samples/00513.png 25
ucf/CuttingInKitchen/samples/00514.png 25
ucf/CuttingInKitchen/samples/00515.png 25
ucf/CuttingInKitchen/samples/00516.png 25
ucf/CuttingInKitchen/samples/00517.png 25
ucf/CuttingInKitchen/samples/00518.png 25
ucf/CuttingInKitchen/samples/00519.png 25
ucf/CuttingInKitchen/samples/00520.png 25
ucf/CuttingInKitchen/samples/00521.png 25
ucf/CuttingInKitchen/samples/00522.png 25
ucf/CuttingInKitchen/samples/00523.png 25
ucf/CuttingInKitchen/samples/00524.png 25
ucf/CuttingInKitchen/samples/00525.png 25
ucf/CuttingInKitchen/samples/00526.png 25
ucf/CuttingInKitchen/samples/00527.png 25
ucf/CuttingInKitchen/samples/00528.png 25
ucf/CuttingInKitchen/samples/00529.png 25
ucf/CuttingInKitchen/samples/00530.png 25
ucf/CuttingInKitchen/samples/00531.png 25
ucf/CuttingInKitchen/samples/00532.png 25
ucf/CuttingInKitchen/samples/00533.png 25
ucf/CuttingInKitchen/samples/00534.png 25
ucf/CuttingInKitchen/samples/00535.png 25
ucf/CuttingInKitchen/samples/00536.png 25
ucf/CuttingInKitchen/samples/00537.png 25
ucf/CuttingInKitchen/samples/00538.png 25
ucf/CuttingInKitchen/samples/00539.png 25
ucf/CuttingInKitchen/samples/00540.png 25
ucf/CuttingInKitchen/samples/00541.png 25
ucf/CuttingInKitchen/samples/00542.png 25
ucf/CuttingInKitchen/samples/00543.png 25
ucf/CuttingInKitchen/samples/00544.png 25
ucf/CuttingInKitchen/samples/00545.png 25
ucf/CuttingInKitchen/samples/00546.png 25
ucf/CuttingInKitchen/samples/00547.png 25
ucf/CuttingInKitchen/samples/00548.png 25
ucf/CuttingInKitchen/samples/00549.png 25
ucf/CuttingInKitchen/samples/00550.png 25
ucf/CuttingInKitchen/samples/00551.png 25
ucf/CuttingInKitchen/samples/00552.png 25
ucf/CuttingInKitchen/samples/00553.png 25
ucf/CuttingInKitchen/samples/00554.png 25
ucf/CuttingInKitchen/samples/00555.png 25
ucf/CuttingInKitchen/samples/00556.png 25
ucf/CuttingInKitchen/samples/00557.png 25
ucf/CuttingInKitchen/samples/00558.png 25
ucf/CuttingInKitchen/samples/00559.png 25
ucf/CuttingInKitchen/samples/00560.png 25
ucf/CuttingInKitchen/samples/00561.png 25
ucf/CuttingInKitchen/samples/00562.png 25
ucf/CuttingInKitchen/samples/00563.png 25
ucf/CuttingInKitchen/samples/00564.png 25
ucf/CuttingInKitchen/samples/00565.png 25
ucf/CuttingInKitchen/samples/00566.png 25
ucf/CuttingInKitchen/samples/00567.png 25
ucf/CuttingInKitchen/samples/00568.png 25
ucf/CuttingInKitchen/samples/00569.png 25
ucf/CuttingInKitchen/samples/00570.png 25
ucf/CuttingInKitchen/samples/00571.png 25
ucf/CuttingInKitchen/samples/00572.png 25
ucf/CuttingInKitchen/samples/00573.png 25
ucf/CuttingInKitchen/samples/00574.png 25
ucf/CuttingInKitchen/samples/00575.png 25
ucf/CuttingInKitchen/samples/00576.png 25
ucf/CuttingInKitchen/samples/00577.png 25
ucf/CuttingInKitchen/samples/00578.png 25
ucf/CuttingInKitchen/samples/00579.png 25
ucf/CuttingInKitchen/samples/00580.png 25
ucf/CuttingInKitchen/samples/00581.png 25
ucf/CuttingInKitchen/samples/00582.png 25
ucf/CuttingInKitchen/samples/00583.png 25
ucf/CuttingInKitchen/samples/00584.png 25
ucf/CuttingInKitchen/samples/00585.png 25
ucf/CuttingInKitchen/samples/00586.png 25
ucf/CuttingInKitchen/samples/00587.png 25
ucf/CuttingInKitchen/samples/00588.png 25
ucf/CuttingInKitchen/samples/00589.png 25
ucf/CuttingInKitchen/samples/00590.png 25
ucf/CuttingInKitchen/samples/00591.png 25
ucf/CuttingInKitchen/samples/00592.png 25
ucf/CuttingInKitchen/samples/00593.png 25
ucf/CuttingInKitchen/samples/00594.png 25
ucf/CuttingInKitchen/samples/00595.png 25
ucf/CuttingInKitchen/samples/00596.png 25
ucf/CuttingInKitchen/samples/00597.png 25
ucf/CuttingInKitchen/samples/00598.png 25
ucf/CuttingInKitchen/samples/00599.png 25
ucf/CuttingInKitchen/samples/00600.png 25
ucf/CuttingInKitchen/samples/00601.png 25
ucf/CuttingInKitchen/samples/00602.png 25
ucf/CuttingInKitchen/samples/00603.png 25
ucf/CuttingInKitchen/samples/00604.png 25
ucf/CuttingInKitchen/samples/00605.png 25
ucf/CuttingInKitchen/samples/00606.png 25
ucf/CuttingInKitchen/samples/00607.png 25
ucf/CuttingInKitchen/samples/00608.png 25
ucf/CuttingInKitchen/samples/00609.png 25
ucf/CuttingInKitchen/samples/00610.png 25
ucf/CuttingInKitchen/samples/00611.png 25
ucf/CuttingInKitchen/samples/00612.png 25
ucf/CuttingInKitchen/samples/00613.png 25
ucf/CuttingInKitchen/samples/00614.png 25
ucf/CuttingInKitchen/samples/00615.png 25
ucf/CuttingInKitchen/samples/00616.png 25
ucf/CuttingInKitchen/samples/00617.png 25
ucf/CuttingInKitchen/samples/00618.png 25
ucf/CuttingInKitchen/samples/00619.png 25
ucf/CuttingInKitchen/samples/00620.png 25
ucf/CuttingInKitchen/samples/00621.png 25
ucf/CuttingInKitchen/samples/00622.png 25
ucf/CuttingInKitchen/samples/00623.png 25
ucf/CuttingInKitchen/samples/00624.png 25
ucf/CuttingInKitchen/samples/00625.png 25
ucf/CuttingInKitchen/samples/00626.png 25
ucf/CuttingInKitchen/samples/00627.png 25
ucf/CuttingInKitchen/samples/00628.png 25
ucf/CuttingInKitchen/samples/00629.png 25
ucf/CuttingInKitchen/samples/00630.png 25
ucf/CuttingInKitchen/samples/00631.png 25
ucf/CuttingInKitchen/samples/00632.png 25
ucf/CuttingInKitchen/samples/00633.png 25
ucf/CuttingInKitchen/samples/00634.png 25
ucf/CuttingInKitchen/samples/00635.png 25
ucf/CuttingInKitchen/samples/00636.png 25
ucf/CuttingInKitchen/samples/00637.png 25
ucf/CuttingInKitchen/samples/00638.png 25
ucf/CuttingInKitchen/samples/00639.png 25
ucf/CuttingInKitchen/samples/00640.png 25
ucf/CuttingInKitchen/samples/00641.png 25
ucf/CuttingInKitchen/samples/00642.png 25
ucf/CuttingInKitchen/samples/00643.png 25
ucf/CuttingInKitchen/samples/00644.png 25
ucf/CuttingInKitchen/samples/00645.png 25
ucf/CuttingInKitchen/samples/00646.png 25
ucf/CuttingInKitchen/samples/00647.png 25
ucf/CuttingInKitchen/samples/00648.png 25
ucf/CuttingInKitchen/samples/00649.png 25
ucf/CuttingInKitchen/samples/00650.png 25
ucf/CuttingInKitchen/samples/00651.png 25
ucf/CuttingInKitchen/samples/00652.png 25
ucf/CuttingInKitchen/samples/00653.png 25
ucf/CuttingInKitchen/samples/00654.png 25
ucf/CuttingInKitchen/samples/00655.png 25
ucf/CuttingInKitchen/samples/00656.png 25
ucf/CuttingInKitchen/samples/00657.png 25
ucf/CuttingInKitchen/samples/00658.png 25
ucf/CuttingInKitchen/samples/00659.png 25
ucf/CuttingInKitchen/samples/00660.png 25
ucf/CuttingInKitchen/samples/00661.png 25
ucf/CuttingInKitchen/samples/00662.png 25
ucf/CuttingInKitchen/samples/00663.png 25
ucf/CuttingInKitchen/samples/00664.png 25
ucf/CuttingInKitchen/samples/00665.png 25
ucf/CuttingInKitchen/samples/00666.png 25
ucf/CuttingInKitchen/samples/00667.png 25
ucf/CuttingInKitchen/samples/00668.png 25
ucf/CuttingInKitchen/samples/00669.png 25
ucf/CuttingInKitchen/samples/00670.png 25
ucf/CuttingInKitchen/samples/00671.png 25
ucf/CuttingInKitchen/samples/00672.png 25
ucf/CuttingInKitchen/samples/00673.png 25
ucf/CuttingInKitchen/samples/00674.png 25
ucf/CuttingInKitchen/samples/00675.png 25
ucf/CuttingInKitchen/samples/00676.png 25
ucf/CuttingInKitchen/samples/00677.png 25
ucf/CuttingInKitchen/samples/00678.png 25
ucf/CuttingInKitchen/samples/00679.png 25
ucf/CuttingInKitchen/samples/00680.png 25
ucf/CuttingInKitchen/samples/00681.png 25
ucf/CuttingInKitchen/samples/00682.png 25
ucf/CuttingInKitchen/samples/00683.png 25
ucf/CuttingInKitchen/samples/00684.png 25
ucf/CuttingInKitchen/samples/00685.png 25
ucf/CuttingInKitchen/samples/00686.png 25
ucf/CuttingInKitchen/samples/00687.png 25
ucf/CuttingInKitchen/samples/00688.png 25
ucf/CuttingInKitchen/samples/00689.png 25
ucf/CuttingInKitchen/samples/00690.png 25
ucf/CuttingInKitchen/samples/00691.png 25
ucf/CuttingInKitchen/samples/00692.png 25
ucf/CuttingInKitchen/samples/00693.png 25
ucf/CuttingInKitchen/samples/00694.png 25
ucf/CuttingInKitchen/samples/00695.png 25
ucf/CuttingInKitchen/samples/00696.png 25
ucf/CuttingInKitchen/samples/00697.png 25
ucf/CuttingInKitchen/samples/00698.png 25
ucf/CuttingInKitchen/samples/00699.png 25
ucf/CuttingInKitchen/samples/00700.png 25
ucf/CuttingInKitchen/samples/00701.png 25
ucf/CuttingInKitchen/samples/00702.png 25
ucf/CuttingInKitchen/samples/00703.png 25
ucf/CuttingInKitchen/samples/00704.png 25
ucf/CuttingInKitchen/samples/00705.png 25
ucf/CuttingInKitchen/samples/00706.png 25
ucf/CuttingInKitchen/samples/00707.png 25
ucf/CuttingInKitchen/samples/00708.png 25
ucf/CuttingInKitchen/samples/00709.png 25
ucf/CuttingInKitchen/samples/00710.png 25
ucf/CuttingInKitchen/samples/00711.png 25
ucf/CuttingInKitchen/samples/00712.png 25
ucf/CuttingInKitchen/samples/00713.png 25
ucf/CuttingInKitchen/samples/00714.png 25
ucf/CuttingInKitchen/samples/00715.png 25
ucf/CuttingInKitchen/samples/00716.png 25
ucf/CuttingInKitchen/samples/00717.png 25
ucf/CuttingInKitchen/samples/00718.png 25
ucf/CuttingInKitchen/samples/00719.png 25
ucf/CuttingInKitchen/samples/00720.png 25
ucf/CuttingInKitchen/samples/00721.png 25
ucf/CuttingInKitchen/samples/00722.png 25
ucf/CuttingInKitchen/samples/00723.png 25
ucf/CuttingInKitchen/samples/00724.png 25
ucf/CuttingInKitchen/samples/00725.png 25
ucf/CuttingInKitchen/samples/00726.png 25
ucf/CuttingInKitchen/samples/00727.png 25
ucf/CuttingInKitchen/samples/00728.png 25
ucf/CuttingInKitchen/samples/00729.png 25
ucf/CuttingInKitchen/samples/00730.png 25
ucf/CuttingInKitchen/samples/00731.png 25
ucf/CuttingInKitchen/samples/00732.png 25
ucf/CuttingInKitchen/samples/00733.png 25
ucf/CuttingInKitchen/samples/00734.png 25
ucf/CuttingInKitchen/samples/00735.png 25
ucf/CuttingInKitchen/samples/00736.png 25
ucf/CuttingInKitchen/samples/00737.png 25
ucf/CuttingInKitchen/samples/00738.png 25
ucf/CuttingInKitchen/samples/00739.png 25
ucf/CuttingInKitchen/samples/00740.png 25
ucf/CuttingInKitchen/samples/00741.png 25
ucf/CuttingInKitchen/samples/00742.png 25
ucf/CuttingInKitchen/samples/00743.png 25
ucf/CuttingInKitchen/samples/00744.png 25
ucf/CuttingInKitchen/samples/00745.png 25
ucf/CuttingInKitchen/samples/00746.png 25
ucf/CuttingInKitchen/samples/00747.png 25
ucf/CuttingInKitchen/samples/00748.png 25
ucf/CuttingInKitchen/samples/00749.png 25
ucf/CuttingInKitchen/samples/00750.png 25
ucf/CuttingInKitchen/samples/00751.png 25
ucf/CuttingInKitchen/samples/00752.png 25
ucf/CuttingInKitchen/samples/00753.png 25
ucf/CuttingInKitchen/samples/00754.png 25
ucf/CuttingInKitchen/samples/00755.png 25
ucf/CuttingInKitchen/samples/00756.png 25
ucf/CuttingInKitchen/samples/00757.png 25
ucf/CuttingInKitchen/samples/00758.png 25
ucf/CuttingInKitchen/samples/00759.png 25
ucf/CuttingInKitchen/samples/00760.png 25
ucf/CuttingInKitchen/samples/00761.png 25
ucf/CuttingInKitchen/samples/00762.png 25
ucf/CuttingInKitchen/samples/00763.png 25
ucf/CuttingInKitchen/samples/00764.png 25
ucf/CuttingInKitchen/samples/00765.png 25
ucf/CuttingInKitchen/samples/00766.png 25
ucf/CuttingInKitchen/samples/00767.png 25
ucf/CuttingInKitchen/samples/00768.png 25
ucf/CuttingInKitchen/samples/00769.png 25
ucf/CuttingInKitchen/samples/00770.png 25
ucf/CuttingInKitchen/samples/00771.png 25
ucf/CuttingInKitchen/samples/00772.png 25
ucf/CuttingInKitchen/samples/00773.png 25
ucf/CuttingInKitchen/samples/00774.png 25
ucf/CuttingInKitchen/samples/00775.png 25
ucf/CuttingInKitchen/samples/00776.png 25
ucf/CuttingInKitchen/samples/00777.png 25
ucf/CuttingInKitchen/samples/00778.png 25
ucf/CuttingInKitchen/samples/00779.png 25
ucf/CuttingInKitchen/samples/00780.png 25
ucf/CuttingInKitchen/samples/00781.png 25
ucf/CuttingInKitchen/samples/00782.png 25
ucf/CuttingInKitchen/samples/00783.png 25
ucf/CuttingInKitchen/samples/00784.png 25
ucf/CuttingInKitchen/samples/00785.png 25
ucf/CuttingInKitchen/samples/00786.png 25
ucf/CuttingInKitchen/samples/00787.png 25
ucf/CuttingInKitchen/samples/00788.png 25
ucf/CuttingInKitchen/samples/00789.png 25
ucf/CuttingInKitchen/samples/00790.png 25
ucf/CuttingInKitchen/samples/00791.png 25
ucf/CuttingInKitchen/samples/00792.png 25
ucf/CuttingInKitchen/samples/00793.png 25
ucf/CuttingInKitchen/samples/00794.png 25
ucf/CuttingInKitchen/samples/00795.png 25
ucf/CuttingInKitchen/samples/00796.png 25
ucf/CuttingInKitchen/samples/00797.png 25
ucf/CuttingInKitchen/samples/00798.png 25
ucf/CuttingInKitchen/samples/00799.png 25
ucf/CuttingInKitchen/samples/00800.png 25
ucf/CuttingInKitchen/samples/00801.png 25
ucf/CuttingInKitchen/samples/00802.png 25
ucf/CuttingInKitchen/samples/00803.png 25
ucf/CuttingInKitchen/samples/00804.png 25
ucf/CuttingInKitchen/samples/00805.png 25
ucf/CuttingInKitchen/samples/00806.png 25
ucf/CuttingInKitchen/samples/00807.png 25
ucf/CuttingInKitchen/samples/00808.png 25
ucf/CuttingInKitchen/samples/00809.png 25
ucf/CuttingInKitchen/samples/00810.png 25
ucf/CuttingInKitchen/samples/00811.png 25
ucf/CuttingInKitchen/samples/00812.png 25
ucf/CuttingInKitchen/samples/00813.png 25
ucf/CuttingInKitchen/samples/00814.png 25
ucf/CuttingInKitchen/samples/00815.png 25
ucf/CuttingInKitchen/samples/00816.png 25
ucf/CuttingInKitchen/samples/00817.png 25
ucf/CuttingInKitchen/samples/00818.png 25
ucf/CuttingInKitchen/samples/00819.png 25
ucf/CuttingInKitchen/samples/00820.png 25
ucf/CuttingInKitchen/samples/00821.png 25
ucf/CuttingInKitchen/samples/00822.png 25
ucf/CuttingInKitchen/samples/00823.png 25
ucf/CuttingInKitchen/samples/00824.png 25
ucf/CuttingInKitchen/samples/00825.png 25
ucf/CuttingInKitchen/samples/00826.png 25
ucf/CuttingInKitchen/samples/00827.png 25
ucf/CuttingInKitchen/samples/00828.png 25
ucf/CuttingInKitchen/samples/00829.png 25
ucf/CuttingInKitchen/samples/00830.png 25
ucf/CuttingInKitchen/samples/00831.png 25
ucf/CuttingInKitchen/samples/00832.png 25
ucf/CuttingInKitchen/samples/00833.png 25
ucf/CuttingInKitchen/samples/00834.png 25
ucf/CuttingInKitchen/samples/00835.png 25
ucf/CuttingInKitchen/samples/00836.png 25
ucf/CuttingInKitchen/samples/00837.png 25
ucf/CuttingInKitchen/samples/00838.png 25
ucf/CuttingInKitchen/samples/00839.png 25
ucf/CuttingInKitchen/samples/00840.png 25
ucf/CuttingInKitchen/samples/00841.png 25
ucf/CuttingInKitchen/samples/00842.png 25
ucf/CuttingInKitchen/samples/00843.png 25
ucf/CuttingInKitchen/samples/00844.png 25
ucf/CuttingInKitchen/samples/00845.png 25
ucf/CuttingInKitchen/samples/00846.png 25
ucf/CuttingInKitchen/samples/00847.png 25
ucf/CuttingInKitchen/samples/00848.png 25
ucf/CuttingInKitchen/samples/00849.png 25
ucf/CuttingInKitchen/samples/00850.png 25
ucf/CuttingInKitchen/samples/00851.png 25
ucf/CuttingInKitchen/samples/00852.png 25
ucf/CuttingInKitchen/samples/00853.png 25
ucf/CuttingInKitchen/samples/00854.png 25
ucf/CuttingInKitchen/samples/00855.png 25
ucf/CuttingInKitchen/samples/00856.png 25
ucf/CuttingInKitchen/samples/00857.png 25
ucf/CuttingInKitchen/samples/00858.png 25
ucf/CuttingInKitchen/samples/00859.png 25
ucf/CuttingInKitchen/samples/00860.png 25
ucf/CuttingInKitchen/samples/00861.png 25
ucf/CuttingInKitchen/samples/00862.png 25
ucf/CuttingInKitchen/samples/00863.png 25
ucf/CuttingInKitchen/samples/00864.png 25
ucf/CuttingInKitchen/samples/00865.png 25
ucf/CuttingInKitchen/samples/00866.png 25
ucf/CuttingInKitchen/samples/00867.png 25
ucf/CuttingInKitchen/samples/00868.png 25
ucf/CuttingInKitchen/samples/00869.png 25
ucf/CuttingInKitchen/samples/00870.png 25
ucf/CuttingInKitchen/samples/00871.png 25
ucf/CuttingInKitchen/samples/00872.png 25
ucf/CuttingInKitchen/samples/00873.png 25
ucf/CuttingInKitchen/samples/00874.png 25
ucf/CuttingInKitchen/samples/00875.png 25
ucf/CuttingInKitchen/samples/00876.png 25
ucf/CuttingInKitchen/samples/00877.png 25
ucf/CuttingInKitchen/samples/00878.png 25
ucf/CuttingInKitchen/samples/00879.png 25
ucf/CuttingInKitchen/samples/00880.png 25
ucf/CuttingInKitchen/samples/00881.png 25
ucf/CuttingInKitchen/samples/00882.png 25
ucf/CuttingInKitchen/samples/00883.png 25
ucf/CuttingInKitchen/samples/00884.png 25
ucf/CuttingInKitchen/samples/00885.png 25
ucf/CuttingInKitchen/samples/00886.png 25
ucf/CuttingInKitchen/samples/00887.png 25
ucf/CuttingInKitchen/samples/00888.png 25
ucf/CuttingInKitchen/samples/00889.png 25
ucf/CuttingInKitchen/samples/00890.png 25
ucf/CuttingInKitchen/samples/00891.png 25
ucf/CuttingInKitchen/samples/00892.png 25
ucf/CuttingInKitchen/samples/00893.png 25
ucf/CuttingInKitchen/samples/00894.png 25
ucf/CuttingInKitchen/samples/00895.png 25
ucf/CuttingInKitchen/samples/00896.png 25
ucf/CuttingInKitchen/samples/00897.png 25
ucf/CuttingInKitchen/samples/00898.png 25
ucf/CuttingInKitchen/samples/00899.png 25
ucf/CuttingInKitchen/samples/00900.png 25
ucf/CuttingInKitchen/samples/00901.png 25
ucf/CuttingInKitchen/samples/00902.png 25
ucf/CuttingInKitchen/samples/00903.png 25
ucf/CuttingInKitchen/samples/00904.png 25
ucf/CuttingInKitchen/samples/00905.png 25
ucf/CuttingInKitchen/samples/00906.png 25
ucf/CuttingInKitchen/samples/00907.png 25
ucf/CuttingInKitchen/samples/00908.png 25
ucf/CuttingInKitchen/samples/00909.png 25
ucf/CuttingInKitchen/samples/00910.png 25
ucf/CuttingInKitchen/samples/00911.png 25
ucf/CuttingInKitchen/samples/00912.png 25
ucf/CuttingInKitchen/samples/00913.png 25
ucf/CuttingInKitchen/samples/00914.png 25
ucf/CuttingInKitchen/samples/00915.png 25
ucf/CuttingInKitchen/samples/00916.png 25
ucf/CuttingInKitchen/samples/00917.png 25
ucf/CuttingInKitchen/samples/00918.png 25
ucf/CuttingInKitchen/samples/00919.png 25
ucf/CuttingInKitchen/samples/00920.png 25
ucf/CuttingInKitchen/samples/00921.png 25
ucf/CuttingInKitchen/samples/00922.png 25
ucf/CuttingInKitchen/samples/00923.png 25
ucf/CuttingInKitchen/samples/00924.png 25
ucf/CuttingInKitchen/samples/00925.png 25
ucf/CuttingInKitchen/samples/00926.png 25
ucf/CuttingInKitchen/samples/00927.png 25
ucf/CuttingInKitchen/samples/00928.png 25
ucf/CuttingInKitchen/samples/00929.png 25
ucf/CuttingInKitchen/samples/00930.png 25
ucf/CuttingInKitchen/samples/00931.png 25
ucf/CuttingInKitchen/samples/00932.png 25
ucf/CuttingInKitchen/samples/00933.png 25
ucf/CuttingInKitchen/samples/00934.png 25
ucf/CuttingInKitchen/samples/00935.png 25
ucf/CuttingInKitchen/samples/00936.png 25
ucf/CuttingInKitchen/samples/00937.png 25
ucf/CuttingInKitchen/samples/00938.png 25
ucf/CuttingInKitchen/samples/00939.png 25
ucf/CuttingInKitchen/samples/00940.png 25
ucf/CuttingInKitchen/samples/00941.png 25
ucf/CuttingInKitchen/samples/00942.png 25
ucf/CuttingInKitchen/samples/00943.png 25
ucf/CuttingInKitchen/samples/00944.png 25
ucf/CuttingInKitchen/samples/00945.png 25
ucf/CuttingInKitchen/samples/00946.png 25
ucf/CuttingInKitchen/samples/00947.png 25
ucf/CuttingInKitchen/samples/00948.png 25
ucf/CuttingInKitchen/samples/00949.png 25
ucf/CuttingInKitchen/samples/00950.png 25
ucf/CuttingInKitchen/samples/00951.png 25
ucf/CuttingInKitchen/samples/00952.png 25
ucf/CuttingInKitchen/samples/00953.png 25
ucf/CuttingInKitchen/samples/00954.png 25
ucf/CuttingInKitchen/samples/00955.png 25
ucf/CuttingInKitchen/samples/00956.png 25
ucf/CuttingInKitchen/samples/00957.png 25
ucf/CuttingInKitchen/samples/00958.png 25
ucf/CuttingInKitchen/samples/00959.png 25
ucf/CuttingInKitchen/samples/00960.png 25
ucf/CuttingInKitchen/samples/00961.png 25
ucf/CuttingInKitchen/samples/00962.png 25
ucf/CuttingInKitchen/samples/00963.png 25
ucf/CuttingInKitchen/samples/00964.png 25
ucf/CuttingInKitchen/samples/00965.png 25
ucf/CuttingInKitchen/samples/00966.png 25
ucf/CuttingInKitchen/samples/00967.png 25
ucf/CuttingInKitchen/samples/00968.png 25
ucf/CuttingInKitchen/samples/00969.png 25
ucf/CuttingInKitchen/samples/00970.png 25
ucf/CuttingInKitchen/samples/00971.png 25
ucf/CuttingInKitchen/samples/00972.png 25
ucf/CuttingInKitchen/samples/00973.png 25
ucf/CuttingInKitchen/samples/00974.png 25
ucf/CuttingInKitchen/samples/00975.png 25
ucf/CuttingInKitchen/samples/00976.png 25
ucf/CuttingInKitchen/samples/00977.png 25
ucf/CuttingInKitchen/samples/00978.png 25
ucf/CuttingInKitchen/samples/00979.png 25
ucf/CuttingInKitchen/samples/00980.png 25
ucf/CuttingInKitchen/samples/00981.png 25
ucf/CuttingInKitchen/samples/00982.png 25
ucf/CuttingInKitchen/samples/00983.png 25
ucf/CuttingInKitchen/samples/00984.png 25
ucf/CuttingInKitchen/samples/00985.png 25
ucf/CuttingInKitchen/samples/00986.png 25
ucf/CuttingInKitchen/samples/00987.png 25
ucf/CuttingInKitchen/samples/00988.png 25
ucf/CuttingInKitchen/samples/00989.png 25
ucf/CuttingInKitchen/samples/00990.png 25
ucf/CuttingInKitchen/samples/00991.png 25
ucf/CuttingInKitchen/samples/00992.png 25
ucf/CuttingInKitchen/samples/00993.png 25
ucf/CuttingInKitchen/samples/00994.png 25
ucf/CuttingInKitchen/samples/00995.png 25
ucf/CuttingInKitchen/samples/00996.png 25
ucf/CuttingInKitchen/samples/00997.png 25
ucf/CuttingInKitchen/samples/00998.png 25
ucf/CuttingInKitchen/samples/00999.png 25
ucf/ApplyEyeMakeup/samples/00000.png 1
ucf/ApplyEyeMakeup/samples/00001.png 1
ucf/ApplyEyeMakeup/samples/00002.png 1
ucf/ApplyEyeMakeup/samples/00003.png 1
ucf/ApplyEyeMakeup/samples/00004.png 1
ucf/ApplyEyeMakeup/samples/00005.png 1
ucf/ApplyEyeMakeup/samples/00006.png 1
ucf/ApplyEyeMakeup/samples/00007.png 1
ucf/ApplyEyeMakeup/samples/00008.png 1
ucf/ApplyEyeMakeup/samples/00009.png 1
ucf/ApplyEyeMakeup/samples/00010.png 1
ucf/ApplyEyeMakeup/samples/00011.png 1
ucf/ApplyEyeMakeup/samples/00012.png 1
ucf/ApplyEyeMakeup/samples/00013.png 1
ucf/ApplyEyeMakeup/samples/00014.png 1
ucf/ApplyEyeMakeup/samples/00015.png 1
ucf/ApplyEyeMakeup/samples/00016.png 1
ucf/ApplyEyeMakeup/samples/00017.png 1
ucf/ApplyEyeMakeup/samples/00018.png 1
ucf/ApplyEyeMakeup/samples/00019.png 1
ucf/ApplyEyeMakeup/samples/00020.png 1
ucf/ApplyEyeMakeup/samples/00021.png 1
ucf/ApplyEyeMakeup/samples/00022.png 1
ucf/ApplyEyeMakeup/samples/00023.png 1
ucf/ApplyEyeMakeup/samples/00024.png 1
ucf/ApplyEyeMakeup/samples/00025.png 1
ucf/ApplyEyeMakeup/samples/00026.png 1
ucf/ApplyEyeMakeup/samples/00027.png 1
ucf/ApplyEyeMakeup/samples/00028.png 1
ucf/ApplyEyeMakeup/samples/00029.png 1
ucf/ApplyEyeMakeup/samples/00030.png 1
ucf/ApplyEyeMakeup/samples/00031.png 1
ucf/ApplyEyeMakeup/samples/00032.png 1
ucf/ApplyEyeMakeup/samples/00033.png 1
ucf/ApplyEyeMakeup/samples/00034.png 1
ucf/ApplyEyeMakeup/samples/00035.png 1
ucf/ApplyEyeMakeup/samples/00036.png 1
ucf/ApplyEyeMakeup/samples/00037.png 1
ucf/ApplyEyeMakeup/samples/00038.png 1
ucf/ApplyEyeMakeup/samples/00039.png 1
ucf/ApplyEyeMakeup/samples/00040.png 1
ucf/ApplyEyeMakeup/samples/00041.png 1
ucf/ApplyEyeMakeup/samples/00042.png 1
ucf/ApplyEyeMakeup/samples/00043.png 1
ucf/ApplyEyeMakeup/samples/00044.png 1
ucf/ApplyEyeMakeup/samples/00045.png 1
ucf/ApplyEyeMakeup/samples/00046.png 1
ucf/ApplyEyeMakeup/samples/00047.png 1
ucf/ApplyEyeMakeup/samples/00048.png 1
ucf/ApplyEyeMakeup/samples/00049.png 1
ucf/ApplyEyeMakeup/samples/00050.png 1
ucf/ApplyEyeMakeup/samples/00051.png 1
ucf/ApplyEyeMakeup/samples/00052.png 1
ucf/ApplyEyeMakeup/samples/00053.png 1
ucf/ApplyEyeMakeup/samples/00054.png 1
ucf/ApplyEyeMakeup/samples/00055.png 1
ucf/ApplyEyeMakeup/samples/00056.png 1
ucf/ApplyEyeMakeup/samples/00057.png 1
ucf/ApplyEyeMakeup/samples/00058.png 1
ucf/ApplyEyeMakeup/samples/00059.png 1
ucf/ApplyEyeMakeup/samples/00060.png 1
ucf/ApplyEyeMakeup/samples/00061.png 1
ucf/ApplyEyeMakeup/samples/00062.png 1
ucf/ApplyEyeMakeup/samples/00063.png 1
ucf/ApplyEyeMakeup/samples/00064.png 1
ucf/ApplyEyeMakeup/samples/00065.png 1
ucf/ApplyEyeMakeup/samples/00066.png 1
ucf/ApplyEyeMakeup/samples/00067.png 1
ucf/ApplyEyeMakeup/samples/00068.png 1
ucf/ApplyEyeMakeup/samples/00069.png 1
ucf/ApplyEyeMakeup/samples/00070.png 1
ucf/ApplyEyeMakeup/samples/00071.png 1
ucf/ApplyEyeMakeup/samples/00072.png 1
ucf/ApplyEyeMakeup/samples/00073.png 1
ucf/ApplyEyeMakeup/samples/00074.png 1
ucf/ApplyEyeMakeup/samples/00075.png 1
ucf/ApplyEyeMakeup/samples/00076.png 1
ucf/ApplyEyeMakeup/samples/00077.png 1
ucf/ApplyEyeMakeup/samples/00078.png 1
ucf/ApplyEyeMakeup/samples/00079.png 1
ucf/ApplyEyeMakeup/samples/00080.png 1
ucf/ApplyEyeMakeup/samples/00081.png 1
ucf/ApplyEyeMakeup/samples/00082.png 1
ucf/ApplyEyeMakeup/samples/00083.png 1
ucf/ApplyEyeMakeup/samples/00084.png 1
ucf/ApplyEyeMakeup/samples/00085.png 1
ucf/ApplyEyeMakeup/samples/00086.png 1
ucf/ApplyEyeMakeup/samples/00087.png 1
ucf/ApplyEyeMakeup/samples/00088.png 1
ucf/ApplyEyeMakeup/samples/00089.png 1
ucf/ApplyEyeMakeup/samples/00090.png 1
ucf/ApplyEyeMakeup/samples/00091.png 1
ucf/ApplyEyeMakeup/samples/00092.png 1
ucf/ApplyEyeMakeup/samples/00093.png 1
ucf/ApplyEyeMakeup/samples/00094.png 1
ucf/ApplyEyeMakeup/samples/00095.png 1
ucf/ApplyEyeMakeup/samples/00096.png 1
ucf/ApplyEyeMakeup/samples/00097.png 1
ucf/ApplyEyeMakeup/samples/00098.png 1
ucf/ApplyEyeMakeup/samples/00099.png 1
ucf/ApplyEyeMakeup/samples/00100.png 1
ucf/ApplyEyeMakeup/samples/00101.png 1
ucf/ApplyEyeMakeup/samples/00102.png 1
ucf/ApplyEyeMakeup/samples/00103.png 1
ucf/ApplyEyeMakeup/samples/00104.png 1
ucf/ApplyEyeMakeup/samples/00105.png 1
ucf/ApplyEyeMakeup/samples/00106.png 1
ucf/ApplyEyeMakeup/samples/00107.png 1
ucf/ApplyEyeMakeup/samples/00108.png 1
ucf/ApplyEyeMakeup/samples/00109.png 1
ucf/ApplyEyeMakeup/samples/00110.png 1
ucf/ApplyEyeMakeup/samples/00111.png 1
ucf/ApplyEyeMakeup/samples/00112.png 1
ucf/ApplyEyeMakeup/samples/00113.png 1
ucf/ApplyEyeMakeup/samples/00114.png 1
ucf/ApplyEyeMakeup/samples/00115.png 1
ucf/ApplyEyeMakeup/samples/00116.png 1
ucf/ApplyEyeMakeup/samples/00117.png 1
ucf/ApplyEyeMakeup/samples/00118.png 1
ucf/ApplyEyeMakeup/samples/00119.png 1
ucf/ApplyEyeMakeup/samples/00120.png 1
ucf/ApplyEyeMakeup/samples/00121.png 1
ucf/ApplyEyeMakeup/samples/00122.png 1
ucf/ApplyEyeMakeup/samples/00123.png 1
ucf/ApplyEyeMakeup/samples/00124.png 1
ucf/ApplyEyeMakeup/samples/00125.png 1
ucf/ApplyEyeMakeup/samples/00126.png 1
ucf/ApplyEyeMakeup/samples/00127.png 1
ucf/ApplyEyeMakeup/samples/00128.png 1
ucf/ApplyEyeMakeup/samples/00129.png 1
ucf/ApplyEyeMakeup/samples/00130.png 1
ucf/ApplyEyeMakeup/samples/00131.png 1
ucf/ApplyEyeMakeup/samples/00132.png 1
ucf/ApplyEyeMakeup/samples/00133.png 1
ucf/ApplyEyeMakeup/samples/00134.png 1
ucf/ApplyEyeMakeup/samples/00135.png 1
ucf/ApplyEyeMakeup/samples/00136.png 1
ucf/ApplyEyeMakeup/samples/00137.png 1
ucf/ApplyEyeMakeup/samples/00138.png 1
ucf/ApplyEyeMakeup/samples/00139.png 1
ucf/ApplyEyeMakeup/samples/00140.png 1
ucf/ApplyEyeMakeup/samples/00141.png 1
ucf/ApplyEyeMakeup/samples/00142.png 1
ucf/ApplyEyeMakeup/samples/00143.png 1
ucf/ApplyEyeMakeup/samples/00144.png 1
ucf/ApplyEyeMakeup/samples/00145.png 1
ucf/ApplyEyeMakeup/samples/00146.png 1
ucf/ApplyEyeMakeup/samples/00147.png 1
ucf/ApplyEyeMakeup/samples/00148.png 1
ucf/ApplyEyeMakeup/samples/00149.png 1
ucf/ApplyEyeMakeup/samples/00150.png 1
ucf/ApplyEyeMakeup/samples/00151.png 1
ucf/ApplyEyeMakeup/samples/00152.png 1
ucf/ApplyEyeMakeup/samples/00153.png 1
ucf/ApplyEyeMakeup/samples/00154.png 1
ucf/ApplyEyeMakeup/samples/00155.png 1
ucf/ApplyEyeMakeup/samples/00156.png 1
ucf/ApplyEyeMakeup/samples/00157.png 1
ucf/ApplyEyeMakeup/samples/00158.png 1
ucf/ApplyEyeMakeup/samples/00159.png 1
ucf/ApplyEyeMakeup/samples/00160.png 1
ucf/ApplyEyeMakeup/samples/00161.png 1
ucf/ApplyEyeMakeup/samples/00162.png 1
ucf/ApplyEyeMakeup/samples/00163.png 1
ucf/ApplyEyeMakeup/samples/00164.png 1
ucf/ApplyEyeMakeup/samples/00165.png 1
ucf/ApplyEyeMakeup/samples/00166.png 1
ucf/ApplyEyeMakeup/samples/00167.png 1
ucf/ApplyEyeMakeup/samples/00168.png 1
ucf/ApplyEyeMakeup/samples/00169.png 1
ucf/ApplyEyeMakeup/samples/00170.png 1
ucf/ApplyEyeMakeup/samples/00171.png 1
ucf/ApplyEyeMakeup/samples/00172.png 1
ucf/ApplyEyeMakeup/samples/00173.png 1
ucf/ApplyEyeMakeup/samples/00174.png 1
ucf/ApplyEyeMakeup/samples/00175.png 1
ucf/ApplyEyeMakeup/samples/00176.png 1
ucf/ApplyEyeMakeup/samples/00177.png 1
ucf/ApplyEyeMakeup/samples/00178.png 1
ucf/ApplyEyeMakeup/samples/00179.png 1
ucf/ApplyEyeMakeup/samples/00180.png 1
ucf/ApplyEyeMakeup/samples/00181.png 1
ucf/ApplyEyeMakeup/samples/00182.png 1
ucf/ApplyEyeMakeup/samples/00183.png 1
ucf/ApplyEyeMakeup/samples/00184.png 1
ucf/ApplyEyeMakeup/samples/00185.png 1
ucf/ApplyEyeMakeup/samples/00186.png 1
ucf/ApplyEyeMakeup/samples/00187.png 1
ucf/ApplyEyeMakeup/samples/00188.png 1
ucf/ApplyEyeMakeup/samples/00189.png 1
ucf/ApplyEyeMakeup/samples/00190.png 1
ucf/ApplyEyeMakeup/samples/00191.png 1
ucf/ApplyEyeMakeup/samples/00192.png 1
ucf/ApplyEyeMakeup/samples/00193.png 1
ucf/ApplyEyeMakeup/samples/00194.png 1
ucf/ApplyEyeMakeup/samples/00195.png 1
ucf/ApplyEyeMakeup/samples/00196.png 1
ucf/ApplyEyeMakeup/samples/00197.png 1
ucf/ApplyEyeMakeup/samples/00198.png 1
ucf/ApplyEyeMakeup/samples/00199.png 1
ucf/ApplyEyeMakeup/samples/00200.png 1
ucf/ApplyEyeMakeup/samples/00201.png 1
ucf/ApplyEyeMakeup/samples/00202.png 1
ucf/ApplyEyeMakeup/samples/00203.png 1
ucf/ApplyEyeMakeup/samples/00204.png 1
ucf/ApplyEyeMakeup/samples/00205.png 1
ucf/ApplyEyeMakeup/samples/00206.png 1
ucf/ApplyEyeMakeup/samples/00207.png 1
ucf/ApplyEyeMakeup/samples/00208.png 1
ucf/ApplyEyeMakeup/samples/00209.png 1
ucf/ApplyEyeMakeup/samples/00210.png 1
ucf/ApplyEyeMakeup/samples/00211.png 1
ucf/ApplyEyeMakeup/samples/00212.png 1
ucf/ApplyEyeMakeup/samples/00213.png 1
ucf/ApplyEyeMakeup/samples/00214.png 1
ucf/ApplyEyeMakeup/samples/00215.png 1
ucf/ApplyEyeMakeup/samples/00216.png 1
ucf/ApplyEyeMakeup/samples/00217.png 1
ucf/ApplyEyeMakeup/samples/00218.png 1
ucf/ApplyEyeMakeup/samples/00219.png 1
ucf/ApplyEyeMakeup/samples/00220.png 1
ucf/ApplyEyeMakeup/samples/00221.png 1
ucf/ApplyEyeMakeup/samples/00222.png 1
ucf/ApplyEyeMakeup/samples/00223.png 1
ucf/ApplyEyeMakeup/samples/00224.png 1
ucf/ApplyEyeMakeup/samples/00225.png 1
ucf/ApplyEyeMakeup/samples/00226.png 1
ucf/ApplyEyeMakeup/samples/00227.png 1
ucf/ApplyEyeMakeup/samples/00228.png 1
ucf/ApplyEyeMakeup/samples/00229.png 1
ucf/ApplyEyeMakeup/samples/00230.png 1
ucf/ApplyEyeMakeup/samples/00231.png 1
ucf/ApplyEyeMakeup/samples/00232.png 1
ucf/ApplyEyeMakeup/samples/00233.png 1
ucf/ApplyEyeMakeup/samples/00234.png 1
ucf/ApplyEyeMakeup/samples/00235.png 1
ucf/ApplyEyeMakeup/samples/00236.png 1
ucf/ApplyEyeMakeup/samples/00237.png 1
ucf/ApplyEyeMakeup/samples/00238.png 1
ucf/ApplyEyeMakeup/samples/00239.png 1
ucf/ApplyEyeMakeup/samples/00240.png 1
ucf/ApplyEyeMakeup/samples/00241.png 1
ucf/ApplyEyeMakeup/samples/00242.png 1
ucf/ApplyEyeMakeup/samples/00243.png 1
ucf/ApplyEyeMakeup/samples/00244.png 1
ucf/ApplyEyeMakeup/samples/00245.png 1
ucf/ApplyEyeMakeup/samples/00246.png 1
ucf/ApplyEyeMakeup/samples/00247.png 1
ucf/ApplyEyeMakeup/samples/00248.png 1
ucf/ApplyEyeMakeup/samples/00249.png 1
ucf/ApplyEyeMakeup/samples/00250.png 1
ucf/ApplyEyeMakeup/samples/00251.png 1
ucf/ApplyEyeMakeup/samples/00252.png 1
ucf/ApplyEyeMakeup/samples/00253.png 1
ucf/ApplyEyeMakeup/samples/00254.png 1
ucf/ApplyEyeMakeup/samples/00255.png 1
ucf/ApplyEyeMakeup/samples/00256.png 1
ucf/ApplyEyeMakeup/samples/00257.png 1
ucf/ApplyEyeMakeup/samples/00258.png 1
ucf/ApplyEyeMakeup/samples/00259.png 1
ucf/ApplyEyeMakeup/samples/00260.png 1
ucf/ApplyEyeMakeup/samples/00261.png 1
ucf/ApplyEyeMakeup/samples/00262.png 1
ucf/ApplyEyeMakeup/samples/00263.png 1
ucf/ApplyEyeMakeup/samples/00264.png 1
ucf/ApplyEyeMakeup/samples/00265.png 1
ucf/ApplyEyeMakeup/samples/00266.png 1
ucf/ApplyEyeMakeup/samples/00267.png 1
ucf/ApplyEyeMakeup/samples/00268.png 1
ucf/ApplyEyeMakeup/samples/00269.png 1
ucf/ApplyEyeMakeup/samples/00270.png 1
ucf/ApplyEyeMakeup/samples/00271.png 1
ucf/ApplyEyeMakeup/samples/00272.png 1
ucf/ApplyEyeMakeup/samples/00273.png 1
ucf/ApplyEyeMakeup/samples/00274.png 1
ucf/ApplyEyeMakeup/samples/00275.png 1
ucf/ApplyEyeMakeup/samples/00276.png 1
ucf/ApplyEyeMakeup/samples/00277.png 1
ucf/ApplyEyeMakeup/samples/00278.png 1
ucf/ApplyEyeMakeup/samples/00279.png 1
ucf/ApplyEyeMakeup/samples/00280.png 1
ucf/ApplyEyeMakeup/samples/00281.png 1
ucf/ApplyEyeMakeup/samples/00282.png 1
ucf/ApplyEyeMakeup/samples/00283.png 1
ucf/ApplyEyeMakeup/samples/00284.png 1
ucf/ApplyEyeMakeup/samples/00285.png 1
ucf/ApplyEyeMakeup/samples/00286.png 1
ucf/ApplyEyeMakeup/samples/00287.png 1
ucf/ApplyEyeMakeup/samples/00288.png 1
ucf/ApplyEyeMakeup/samples/00289.png 1
ucf/ApplyEyeMakeup/samples/00290.png 1
ucf/ApplyEyeMakeup/samples/00291.png 1
ucf/ApplyEyeMakeup/samples/00292.png 1
ucf/ApplyEyeMakeup/samples/00293.png 1
ucf/ApplyEyeMakeup/samples/00294.png 1
ucf/ApplyEyeMakeup/samples/00295.png 1
ucf/ApplyEyeMakeup/samples/00296.png 1
ucf/ApplyEyeMakeup/samples/00297.png 1
ucf/ApplyEyeMakeup/samples/00298.png 1
ucf/ApplyEyeMakeup/samples/00299.png 1
ucf/ApplyEyeMakeup/samples/00300.png 1
ucf/ApplyEyeMakeup/samples/00301.png 1
ucf/ApplyEyeMakeup/samples/00302.png 1
ucf/ApplyEyeMakeup/samples/00303.png 1
ucf/ApplyEyeMakeup/samples/00304.png 1
ucf/ApplyEyeMakeup/samples/00305.png 1
ucf/ApplyEyeMakeup/samples/00306.png 1
ucf/ApplyEyeMakeup/samples/00307.png 1
ucf/ApplyEyeMakeup/samples/00308.png 1
ucf/ApplyEyeMakeup/samples/00309.png 1
ucf/ApplyEyeMakeup/samples/00310.png 1
ucf/ApplyEyeMakeup/samples/00311.png 1
ucf/ApplyEyeMakeup/samples/00312.png 1
ucf/ApplyEyeMakeup/samples/00313.png 1
ucf/ApplyEyeMakeup/samples/00314.png 1
ucf/ApplyEyeMakeup/samples/00315.png 1
ucf/ApplyEyeMakeup/samples/00316.png 1
ucf/ApplyEyeMakeup/samples/00317.png 1
ucf/ApplyEyeMakeup/samples/00318.png 1
ucf/ApplyEyeMakeup/samples/00319.png 1
ucf/ApplyEyeMakeup/samples/00320.png 1
ucf/ApplyEyeMakeup/samples/00321.png 1
ucf/ApplyEyeMakeup/samples/00322.png 1
ucf/ApplyEyeMakeup/samples/00323.png 1
ucf/ApplyEyeMakeup/samples/00324.png 1
ucf/ApplyEyeMakeup/samples/00325.png 1
ucf/ApplyEyeMakeup/samples/00326.png 1
ucf/ApplyEyeMakeup/samples/00327.png 1
ucf/ApplyEyeMakeup/samples/00328.png 1
ucf/ApplyEyeMakeup/samples/00329.png 1
ucf/ApplyEyeMakeup/samples/00330.png 1
ucf/ApplyEyeMakeup/samples/00331.png 1
ucf/ApplyEyeMakeup/samples/00332.png 1
ucf/ApplyEyeMakeup/samples/00333.png 1
ucf/ApplyEyeMakeup/samples/00334.png 1
ucf/ApplyEyeMakeup/samples/00335.png 1
ucf/ApplyEyeMakeup/samples/00336.png 1
ucf/ApplyEyeMakeup/samples/00337.png 1
ucf/ApplyEyeMakeup/samples/00338.png 1
ucf/ApplyEyeMakeup/samples/00339.png 1
ucf/ApplyEyeMakeup/samples/00340.png 1
ucf/ApplyEyeMakeup/samples/00341.png 1
ucf/ApplyEyeMakeup/samples/00342.png 1
ucf/ApplyEyeMakeup/samples/00343.png 1
ucf/ApplyEyeMakeup/samples/00344.png 1
ucf/ApplyEyeMakeup/samples/00345.png 1
ucf/ApplyEyeMakeup/samples/00346.png 1
ucf/ApplyEyeMakeup/samples/00347.png 1
ucf/ApplyEyeMakeup/samples/00348.png 1
ucf/ApplyEyeMakeup/samples/00349.png 1
ucf/ApplyEyeMakeup/samples/00350.png 1
ucf/ApplyEyeMakeup/samples/00351.png 1
ucf/ApplyEyeMakeup/samples/00352.png 1
ucf/ApplyEyeMakeup/samples/00353.png 1
ucf/ApplyEyeMakeup/samples/00354.png 1
ucf/ApplyEyeMakeup/samples/00355.png 1
ucf/ApplyEyeMakeup/samples/00356.png 1
ucf/ApplyEyeMakeup/samples/00357.png 1
ucf/ApplyEyeMakeup/samples/00358.png 1
ucf/ApplyEyeMakeup/samples/00359.png 1
ucf/ApplyEyeMakeup/samples/00360.png 1
ucf/ApplyEyeMakeup/samples/00361.png 1
ucf/ApplyEyeMakeup/samples/00362.png 1
ucf/ApplyEyeMakeup/samples/00363.png 1
ucf/ApplyEyeMakeup/samples/00364.png 1
ucf/ApplyEyeMakeup/samples/00365.png 1
ucf/ApplyEyeMakeup/samples/00366.png 1
ucf/ApplyEyeMakeup/samples/00367.png 1
ucf/ApplyEyeMakeup/samples/00368.png 1
ucf/ApplyEyeMakeup/samples/00369.png 1
ucf/ApplyEyeMakeup/samples/00370.png 1
ucf/ApplyEyeMakeup/samples/00371.png 1
ucf/ApplyEyeMakeup/samples/00372.png 1
ucf/ApplyEyeMakeup/samples/00373.png 1
ucf/ApplyEyeMakeup/samples/00374.png 1
ucf/ApplyEyeMakeup/samples/00375.png 1
ucf/ApplyEyeMakeup/samples/00376.png 1
ucf/ApplyEyeMakeup/samples/00377.png 1
ucf/ApplyEyeMakeup/samples/00378.png 1
ucf/ApplyEyeMakeup/samples/00379.png 1
ucf/ApplyEyeMakeup/samples/00380.png 1
ucf/ApplyEyeMakeup/samples/00381.png 1
ucf/ApplyEyeMakeup/samples/00382.png 1
ucf/ApplyEyeMakeup/samples/00383.png 1
ucf/ApplyEyeMakeup/samples/00384.png 1
ucf/ApplyEyeMakeup/samples/00385.png 1
ucf/ApplyEyeMakeup/samples/00386.png 1
ucf/ApplyEyeMakeup/samples/00387.png 1
ucf/ApplyEyeMakeup/samples/00388.png 1
ucf/ApplyEyeMakeup/samples/00389.png 1
ucf/ApplyEyeMakeup/samples/00390.png 1
ucf/ApplyEyeMakeup/samples/00391.png 1
ucf/ApplyEyeMakeup/samples/00392.png 1
ucf/ApplyEyeMakeup/samples/00393.png 1
ucf/ApplyEyeMakeup/samples/00394.png 1
ucf/ApplyEyeMakeup/samples/00395.png 1
ucf/ApplyEyeMakeup/samples/00396.png 1
ucf/ApplyEyeMakeup/samples/00397.png 1
ucf/ApplyEyeMakeup/samples/00398.png 1
ucf/ApplyEyeMakeup/samples/00399.png 1
ucf/ApplyEyeMakeup/samples/00400.png 1
ucf/ApplyEyeMakeup/samples/00401.png 1
ucf/ApplyEyeMakeup/samples/00402.png 1
ucf/ApplyEyeMakeup/samples/00403.png 1
ucf/ApplyEyeMakeup/samples/00404.png 1
ucf/ApplyEyeMakeup/samples/00405.png 1
ucf/ApplyEyeMakeup/samples/00406.png 1
ucf/ApplyEyeMakeup/samples/00407.png 1
ucf/ApplyEyeMakeup/samples/00408.png 1
ucf/ApplyEyeMakeup/samples/00409.png 1
ucf/ApplyEyeMakeup/samples/00410.png 1
ucf/ApplyEyeMakeup/samples/00411.png 1
ucf/ApplyEyeMakeup/samples/00412.png 1
ucf/ApplyEyeMakeup/samples/00413.png 1
ucf/ApplyEyeMakeup/samples/00414.png 1
ucf/ApplyEyeMakeup/samples/00415.png 1
ucf/ApplyEyeMakeup/samples/00416.png 1
ucf/ApplyEyeMakeup/samples/00417.png 1
ucf/ApplyEyeMakeup/samples/00418.png 1
ucf/ApplyEyeMakeup/samples/00419.png 1
ucf/ApplyEyeMakeup/samples/00420.png 1
ucf/ApplyEyeMakeup/samples/00421.png 1
ucf/ApplyEyeMakeup/samples/00422.png 1
ucf/ApplyEyeMakeup/samples/00423.png 1
ucf/ApplyEyeMakeup/samples/00424.png 1
ucf/ApplyEyeMakeup/samples/00425.png 1
ucf/ApplyEyeMakeup/samples/00426.png 1
ucf/ApplyEyeMakeup/samples/00427.png 1
ucf/ApplyEyeMakeup/samples/00428.png 1
ucf/ApplyEyeMakeup/samples/00429.png 1
ucf/ApplyEyeMakeup/samples/00430.png 1
ucf/ApplyEyeMakeup/samples/00431.png 1
ucf/ApplyEyeMakeup/samples/00432.png 1
ucf/ApplyEyeMakeup/samples/00433.png 1
ucf/ApplyEyeMakeup/samples/00434.png 1
ucf/ApplyEyeMakeup/samples/00435.png 1
ucf/ApplyEyeMakeup/samples/00436.png 1
ucf/ApplyEyeMakeup/samples/00437.png 1
ucf/ApplyEyeMakeup/samples/00438.png 1
ucf/ApplyEyeMakeup/samples/00439.png 1
ucf/ApplyEyeMakeup/samples/00440.png 1
ucf/ApplyEyeMakeup/samples/00441.png 1
ucf/ApplyEyeMakeup/samples/00442.png 1
ucf/ApplyEyeMakeup/samples/00443.png 1
ucf/ApplyEyeMakeup/samples/00444.png 1
ucf/ApplyEyeMakeup/samples/00445.png 1
ucf/ApplyEyeMakeup/samples/00446.png 1
ucf/ApplyEyeMakeup/samples/00447.png 1
ucf/ApplyEyeMakeup/samples/00448.png 1
ucf/ApplyEyeMakeup/samples/00449.png 1
ucf/ApplyEyeMakeup/samples/00450.png 1
ucf/ApplyEyeMakeup/samples/00451.png 1
ucf/ApplyEyeMakeup/samples/00452.png 1
ucf/ApplyEyeMakeup/samples/00453.png 1
ucf/ApplyEyeMakeup/samples/00454.png 1
ucf/ApplyEyeMakeup/samples/00455.png 1
ucf/ApplyEyeMakeup/samples/00456.png 1
ucf/ApplyEyeMakeup/samples/00457.png 1
ucf/ApplyEyeMakeup/samples/00458.png 1
ucf/ApplyEyeMakeup/samples/00459.png 1
ucf/ApplyEyeMakeup/samples/00460.png 1
ucf/ApplyEyeMakeup/samples/00461.png 1
ucf/ApplyEyeMakeup/samples/00462.png 1
ucf/ApplyEyeMakeup/samples/00463.png 1
ucf/ApplyEyeMakeup/samples/00464.png 1
ucf/ApplyEyeMakeup/samples/00465.png 1
ucf/ApplyEyeMakeup/samples/00466.png 1
ucf/ApplyEyeMakeup/samples/00467.png 1
ucf/ApplyEyeMakeup/samples/00468.png 1
ucf/ApplyEyeMakeup/samples/00469.png 1
ucf/ApplyEyeMakeup/samples/00470.png 1
ucf/ApplyEyeMakeup/samples/00471.png 1
ucf/ApplyEyeMakeup/samples/00472.png 1
ucf/ApplyEyeMakeup/samples/00473.png 1
ucf/ApplyEyeMakeup/samples/00474.png 1
ucf/ApplyEyeMakeup/samples/00475.png 1
ucf/ApplyEyeMakeup/samples/00476.png 1
ucf/ApplyEyeMakeup/samples/00477.png 1
ucf/ApplyEyeMakeup/samples/00478.png 1
ucf/ApplyEyeMakeup/samples/00479.png 1
ucf/ApplyEyeMakeup/samples/00480.png 1
ucf/ApplyEyeMakeup/samples/00481.png 1
ucf/ApplyEyeMakeup/samples/00482.png 1
ucf/ApplyEyeMakeup/samples/00483.png 1
ucf/ApplyEyeMakeup/samples/00484.png 1
ucf/ApplyEyeMakeup/samples/00485.png 1
ucf/ApplyEyeMakeup/samples/00486.png 1
ucf/ApplyEyeMakeup/samples/00487.png 1
ucf/ApplyEyeMakeup/samples/00488.png 1
ucf/ApplyEyeMakeup/samples/00489.png 1
ucf/ApplyEyeMakeup/samples/00490.png 1
ucf/ApplyEyeMakeup/samples/00491.png 1
ucf/ApplyEyeMakeup/samples/00492.png 1
ucf/ApplyEyeMakeup/samples/00493.png 1
ucf/ApplyEyeMakeup/samples/00494.png 1
ucf/ApplyEyeMakeup/samples/00495.png 1
ucf/ApplyEyeMakeup/samples/00496.png 1
ucf/ApplyEyeMakeup/samples/00497.png 1
ucf/ApplyEyeMakeup/samples/00498.png 1
ucf/ApplyEyeMakeup/samples/00499.png 1
ucf/ApplyEyeMakeup/samples/00500.png 1
ucf/ApplyEyeMakeup/samples/00501.png 1
ucf/ApplyEyeMakeup/samples/00502.png 1
ucf/ApplyEyeMakeup/samples/00503.png 1
ucf/ApplyEyeMakeup/samples/00504.png 1
ucf/ApplyEyeMakeup/samples/00505.png 1
ucf/ApplyEyeMakeup/samples/00506.png 1
ucf/ApplyEyeMakeup/samples/00507.png 1
ucf/ApplyEyeMakeup/samples/00508.png 1
ucf/ApplyEyeMakeup/samples/00509.png 1
ucf/ApplyEyeMakeup/samples/00510.png 1
ucf/ApplyEyeMakeup/samples/00511.png 1
ucf/ApplyEyeMakeup/samples/00512.png 1
ucf/ApplyEyeMakeup/samples/00513.png 1
ucf/ApplyEyeMakeup/samples/00514.png 1
ucf/ApplyEyeMakeup/samples/00515.png 1
ucf/ApplyEyeMakeup/samples/00516.png 1
ucf/ApplyEyeMakeup/samples/00517.png 1
ucf/ApplyEyeMakeup/samples/00518.png 1
ucf/ApplyEyeMakeup/samples/00519.png 1
ucf/ApplyEyeMakeup/samples/00520.png 1
ucf/ApplyEyeMakeup/samples/00521.png 1
ucf/ApplyEyeMakeup/samples/00522.png 1
ucf/ApplyEyeMakeup/samples/00523.png 1
ucf/ApplyEyeMakeup/samples/00524.png 1
ucf/ApplyEyeMakeup/samples/00525.png 1
ucf/ApplyEyeMakeup/samples/00526.png 1
ucf/ApplyEyeMakeup/samples/00527.png 1
ucf/ApplyEyeMakeup/samples/00528.png 1
ucf/ApplyEyeMakeup/samples/00529.png 1
ucf/ApplyEyeMakeup/samples/00530.png 1
ucf/ApplyEyeMakeup/samples/00531.png 1
ucf/ApplyEyeMakeup/samples/00532.png 1
ucf/ApplyEyeMakeup/samples/00533.png 1
ucf/ApplyEyeMakeup/samples/00534.png 1
ucf/ApplyEyeMakeup/samples/00535.png 1
ucf/ApplyEyeMakeup/samples/00536.png 1
ucf/ApplyEyeMakeup/samples/00537.png 1
ucf/ApplyEyeMakeup/samples/00538.png 1
ucf/ApplyEyeMakeup/samples/00539.png 1
ucf/ApplyEyeMakeup/samples/00540.png 1
ucf/ApplyEyeMakeup/samples/00541.png 1
ucf/ApplyEyeMakeup/samples/00542.png 1
ucf/ApplyEyeMakeup/samples/00543.png 1
ucf/ApplyEyeMakeup/samples/00544.png 1
ucf/ApplyEyeMakeup/samples/00545.png 1
ucf/ApplyEyeMakeup/samples/00546.png 1
ucf/ApplyEyeMakeup/samples/00547.png 1
ucf/ApplyEyeMakeup/samples/00548.png 1
ucf/ApplyEyeMakeup/samples/00549.png 1
ucf/ApplyEyeMakeup/samples/00550.png 1
ucf/ApplyEyeMakeup/samples/00551.png 1
ucf/ApplyEyeMakeup/samples/00552.png 1
ucf/ApplyEyeMakeup/samples/00553.png 1
ucf/ApplyEyeMakeup/samples/00554.png 1
ucf/ApplyEyeMakeup/samples/00555.png 1
ucf/ApplyEyeMakeup/samples/00556.png 1
ucf/ApplyEyeMakeup/samples/00557.png 1
ucf/ApplyEyeMakeup/samples/00558.png 1
ucf/ApplyEyeMakeup/samples/00559.png 1
ucf/ApplyEyeMakeup/samples/00560.png 1
ucf/ApplyEyeMakeup/samples/00561.png 1
ucf/ApplyEyeMakeup/samples/00562.png 1
ucf/ApplyEyeMakeup/samples/00563.png 1
ucf/ApplyEyeMakeup/samples/00564.png 1
ucf/ApplyEyeMakeup/samples/00565.png 1
ucf/ApplyEyeMakeup/samples/00566.png 1
ucf/ApplyEyeMakeup/samples/00567.png 1
ucf/ApplyEyeMakeup/samples/00568.png 1
ucf/ApplyEyeMakeup/samples/00569.png 1
ucf/ApplyEyeMakeup/samples/00570.png 1
ucf/ApplyEyeMakeup/samples/00571.png 1
ucf/ApplyEyeMakeup/samples/00572.png 1
ucf/ApplyEyeMakeup/samples/00573.png 1
ucf/ApplyEyeMakeup/samples/00574.png 1
ucf/ApplyEyeMakeup/samples/00575.png 1
ucf/ApplyEyeMakeup/samples/00576.png 1
ucf/ApplyEyeMakeup/samples/00577.png 1
ucf/ApplyEyeMakeup/samples/00578.png 1
ucf/ApplyEyeMakeup/samples/00579.png 1
ucf/ApplyEyeMakeup/samples/00580.png 1
ucf/ApplyEyeMakeup/samples/00581.png 1
ucf/ApplyEyeMakeup/samples/00582.png 1
ucf/ApplyEyeMakeup/samples/00583.png 1
ucf/ApplyEyeMakeup/samples/00584.png 1
ucf/ApplyEyeMakeup/samples/00585.png 1
ucf/ApplyEyeMakeup/samples/00586.png 1
ucf/ApplyEyeMakeup/samples/00587.png 1
ucf/ApplyEyeMakeup/samples/00588.png 1
ucf/ApplyEyeMakeup/samples/00589.png 1
ucf/ApplyEyeMakeup/samples/00590.png 1
ucf/ApplyEyeMakeup/samples/00591.png 1
ucf/ApplyEyeMakeup/samples/00592.png 1
ucf/ApplyEyeMakeup/samples/00593.png 1
ucf/ApplyEyeMakeup/samples/00594.png 1
ucf/ApplyEyeMakeup/samples/00595.png 1
ucf/ApplyEyeMakeup/samples/00596.png 1
ucf/ApplyEyeMakeup/samples/00597.png 1
ucf/ApplyEyeMakeup/samples/00598.png 1
ucf/ApplyEyeMakeup/samples/00599.png 1
ucf/ApplyEyeMakeup/samples/00600.png 1
ucf/ApplyEyeMakeup/samples/00601.png 1
ucf/ApplyEyeMakeup/samples/00602.png 1
ucf/ApplyEyeMakeup/samples/00603.png 1
ucf/ApplyEyeMakeup/samples/00604.png 1
ucf/ApplyEyeMakeup/samples/00605.png 1
ucf/ApplyEyeMakeup/samples/00606.png 1
ucf/ApplyEyeMakeup/samples/00607.png 1
ucf/ApplyEyeMakeup/samples/00608.png 1
ucf/ApplyEyeMakeup/samples/00609.png 1
ucf/ApplyEyeMakeup/samples/00610.png 1
ucf/ApplyEyeMakeup/samples/00611.png 1
ucf/ApplyEyeMakeup/samples/00612.png 1
ucf/ApplyEyeMakeup/samples/00613.png 1
ucf/ApplyEyeMakeup/samples/00614.png 1
ucf/ApplyEyeMakeup/samples/00615.png 1
ucf/ApplyEyeMakeup/samples/00616.png 1
ucf/ApplyEyeMakeup/samples/00617.png 1
ucf/ApplyEyeMakeup/samples/00618.png 1
ucf/ApplyEyeMakeup/samples/00619.png 1
ucf/ApplyEyeMakeup/samples/00620.png 1
ucf/ApplyEyeMakeup/samples/00621.png 1
ucf/ApplyEyeMakeup/samples/00622.png 1
ucf/ApplyEyeMakeup/samples/00623.png 1
ucf/ApplyEyeMakeup/samples/00624.png 1
ucf/ApplyEyeMakeup/samples/00625.png 1
ucf/ApplyEyeMakeup/samples/00626.png 1
ucf/ApplyEyeMakeup/samples/00627.png 1
ucf/ApplyEyeMakeup/samples/00628.png 1
ucf/ApplyEyeMakeup/samples/00629.png 1
ucf/ApplyEyeMakeup/samples/00630.png 1
ucf/ApplyEyeMakeup/samples/00631.png 1
ucf/ApplyEyeMakeup/samples/00632.png 1
ucf/ApplyEyeMakeup/samples/00633.png 1
ucf/ApplyEyeMakeup/samples/00634.png 1
ucf/ApplyEyeMakeup/samples/00635.png 1
ucf/ApplyEyeMakeup/samples/00636.png 1
ucf/ApplyEyeMakeup/samples/00637.png 1
ucf/ApplyEyeMakeup/samples/00638.png 1
ucf/ApplyEyeMakeup/samples/00639.png 1
ucf/ApplyEyeMakeup/samples/00640.png 1
ucf/ApplyEyeMakeup/samples/00641.png 1
ucf/ApplyEyeMakeup/samples/00642.png 1
ucf/ApplyEyeMakeup/samples/00643.png 1
ucf/ApplyEyeMakeup/samples/00644.png 1
ucf/ApplyEyeMakeup/samples/00645.png 1
ucf/ApplyEyeMakeup/samples/00646.png 1
ucf/ApplyEyeMakeup/samples/00647.png 1
ucf/ApplyEyeMakeup/samples/00648.png 1
ucf/ApplyEyeMakeup/samples/00649.png 1
ucf/ApplyEyeMakeup/samples/00650.png 1
ucf/ApplyEyeMakeup/samples/00651.png 1
ucf/ApplyEyeMakeup/samples/00652.png 1
ucf/ApplyEyeMakeup/samples/00653.png 1
ucf/ApplyEyeMakeup/samples/00654.png 1
ucf/ApplyEyeMakeup/samples/00655.png 1
ucf/ApplyEyeMakeup/samples/00656.png 1
ucf/ApplyEyeMakeup/samples/00657.png 1
ucf/ApplyEyeMakeup/samples/00658.png 1
ucf/ApplyEyeMakeup/samples/00659.png 1
ucf/ApplyEyeMakeup/samples/00660.png 1
ucf/ApplyEyeMakeup/samples/00661.png 1
ucf/ApplyEyeMakeup/samples/00662.png 1
ucf/ApplyEyeMakeup/samples/00663.png 1
ucf/ApplyEyeMakeup/samples/00664.png 1
ucf/ApplyEyeMakeup/samples/00665.png 1
ucf/ApplyEyeMakeup/samples/00666.png 1
ucf/ApplyEyeMakeup/samples/00667.png 1
ucf/ApplyEyeMakeup/samples/00668.png 1
ucf/ApplyEyeMakeup/samples/00669.png 1
ucf/ApplyEyeMakeup/samples/00670.png 1
ucf/ApplyEyeMakeup/samples/00671.png 1
ucf/ApplyEyeMakeup/samples/00672.png 1
ucf/ApplyEyeMakeup/samples/00673.png 1
ucf/ApplyEyeMakeup/samples/00674.png 1
ucf/ApplyEyeMakeup/samples/00675.png 1
ucf/ApplyEyeMakeup/samples/00676.png 1
ucf/ApplyEyeMakeup/samples/00677.png 1
ucf/ApplyEyeMakeup/samples/00678.png 1
ucf/ApplyEyeMakeup/samples/00679.png 1
ucf/ApplyEyeMakeup/samples/00680.png 1
ucf/ApplyEyeMakeup/samples/00681.png 1
ucf/ApplyEyeMakeup/samples/00682.png 1
ucf/ApplyEyeMakeup/samples/00683.png 1
ucf/ApplyEyeMakeup/samples/00684.png 1
ucf/ApplyEyeMakeup/samples/00685.png 1
ucf/ApplyEyeMakeup/samples/00686.png 1
ucf/ApplyEyeMakeup/samples/00687.png 1
ucf/ApplyEyeMakeup/samples/00688.png 1
ucf/ApplyEyeMakeup/samples/00689.png 1
ucf/ApplyEyeMakeup/samples/00690.png 1
ucf/ApplyEyeMakeup/samples/00691.png 1
ucf/ApplyEyeMakeup/samples/00692.png 1
ucf/ApplyEyeMakeup/samples/00693.png 1
ucf/ApplyEyeMakeup/samples/00694.png 1
ucf/ApplyEyeMakeup/samples/00695.png 1
ucf/ApplyEyeMakeup/samples/00696.png 1
ucf/ApplyEyeMakeup/samples/00697.png 1
ucf/ApplyEyeMakeup/samples/00698.png 1
ucf/ApplyEyeMakeup/samples/00699.png 1
ucf/ApplyEyeMakeup/samples/00700.png 1
ucf/ApplyEyeMakeup/samples/00701.png 1
ucf/ApplyEyeMakeup/samples/00702.png 1
ucf/ApplyEyeMakeup/samples/00703.png 1
ucf/ApplyEyeMakeup/samples/00704.png 1
ucf/ApplyEyeMakeup/samples/00705.png 1
ucf/ApplyEyeMakeup/samples/00706.png 1
ucf/ApplyEyeMakeup/samples/00707.png 1
ucf/ApplyEyeMakeup/samples/00708.png 1
ucf/ApplyEyeMakeup/samples/00709.png 1
ucf/ApplyEyeMakeup/samples/00710.png 1
ucf/ApplyEyeMakeup/samples/00711.png 1
ucf/ApplyEyeMakeup/samples/00712.png 1
ucf/ApplyEyeMakeup/samples/00713.png 1
ucf/ApplyEyeMakeup/samples/00714.png 1
ucf/ApplyEyeMakeup/samples/00715.png 1
ucf/ApplyEyeMakeup/samples/00716.png 1
ucf/ApplyEyeMakeup/samples/00717.png 1
ucf/ApplyEyeMakeup/samples/00718.png 1
ucf/ApplyEyeMakeup/samples/00719.png 1
ucf/ApplyEyeMakeup/samples/00720.png 1
ucf/ApplyEyeMakeup/samples/00721.png 1
ucf/ApplyEyeMakeup/samples/00722.png 1
ucf/ApplyEyeMakeup/samples/00723.png 1
ucf/ApplyEyeMakeup/samples/00724.png 1
ucf/ApplyEyeMakeup/samples/00725.png 1
ucf/ApplyEyeMakeup/samples/00726.png 1
ucf/ApplyEyeMakeup/samples/00727.png 1
ucf/ApplyEyeMakeup/samples/00728.png 1
ucf/ApplyEyeMakeup/samples/00729.png 1
ucf/ApplyEyeMakeup/samples/00730.png 1
ucf/ApplyEyeMakeup/samples/00731.png 1
ucf/ApplyEyeMakeup/samples/00732.png 1
ucf/ApplyEyeMakeup/samples/00733.png 1
ucf/ApplyEyeMakeup/samples/00734.png 1
ucf/ApplyEyeMakeup/samples/00735.png 1
ucf/ApplyEyeMakeup/samples/00736.png 1
ucf/ApplyEyeMakeup/samples/00737.png 1
ucf/ApplyEyeMakeup/samples/00738.png 1
ucf/ApplyEyeMakeup/samples/00739.png 1
ucf/ApplyEyeMakeup/samples/00740.png 1
ucf/ApplyEyeMakeup/samples/00741.png 1
ucf/ApplyEyeMakeup/samples/00742.png 1
ucf/ApplyEyeMakeup/samples/00743.png 1
ucf/ApplyEyeMakeup/samples/00744.png 1
ucf/ApplyEyeMakeup/samples/00745.png 1
ucf/ApplyEyeMakeup/samples/00746.png 1
ucf/ApplyEyeMakeup/samples/00747.png 1
ucf/ApplyEyeMakeup/samples/00748.png 1
ucf/ApplyEyeMakeup/samples/00749.png 1
ucf/ApplyEyeMakeup/samples/00750.png 1
ucf/ApplyEyeMakeup/samples/00751.png 1
ucf/ApplyEyeMakeup/samples/00752.png 1
ucf/ApplyEyeMakeup/samples/00753.png 1
ucf/ApplyEyeMakeup/samples/00754.png 1
ucf/ApplyEyeMakeup/samples/00755.png 1
ucf/ApplyEyeMakeup/samples/00756.png 1
ucf/ApplyEyeMakeup/samples/00757.png 1
ucf/ApplyEyeMakeup/samples/00758.png 1
ucf/ApplyEyeMakeup/samples/00759.png 1
ucf/ApplyEyeMakeup/samples/00760.png 1
ucf/ApplyEyeMakeup/samples/00761.png 1
ucf/ApplyEyeMakeup/samples/00762.png 1
ucf/ApplyEyeMakeup/samples/00763.png 1
ucf/ApplyEyeMakeup/samples/00764.png 1
ucf/ApplyEyeMakeup/samples/00765.png 1
ucf/ApplyEyeMakeup/samples/00766.png 1
ucf/ApplyEyeMakeup/samples/00767.png 1
ucf/ApplyEyeMakeup/samples/00768.png 1
ucf/ApplyEyeMakeup/samples/00769.png 1
ucf/ApplyEyeMakeup/samples/00770.png 1
ucf/ApplyEyeMakeup/samples/00771.png 1
ucf/ApplyEyeMakeup/samples/00772.png 1
ucf/ApplyEyeMakeup/samples/00773.png 1
ucf/ApplyEyeMakeup/samples/00774.png 1
ucf/ApplyEyeMakeup/samples/00775.png 1
ucf/ApplyEyeMakeup/samples/00776.png 1
ucf/ApplyEyeMakeup/samples/00777.png 1
ucf/ApplyEyeMakeup/samples/00778.png 1
ucf/ApplyEyeMakeup/samples/00779.png 1
ucf/ApplyEyeMakeup/samples/00780.png 1
ucf/ApplyEyeMakeup/samples/00781.png 1
ucf/ApplyEyeMakeup/samples/00782.png 1
ucf/ApplyEyeMakeup/samples/00783.png 1
ucf/ApplyEyeMakeup/samples/00784.png 1
ucf/ApplyEyeMakeup/samples/00785.png 1
ucf/ApplyEyeMakeup/samples/00786.png 1
ucf/ApplyEyeMakeup/samples/00787.png 1
ucf/ApplyEyeMakeup/samples/00788.png 1
ucf/ApplyEyeMakeup/samples/00789.png 1
ucf/ApplyEyeMakeup/samples/00790.png 1
ucf/ApplyEyeMakeup/samples/00791.png 1
ucf/ApplyEyeMakeup/samples/00792.png 1
ucf/ApplyEyeMakeup/samples/00793.png 1
ucf/ApplyEyeMakeup/samples/00794.png 1
ucf/ApplyEyeMakeup/samples/00795.png 1
ucf/ApplyEyeMakeup/samples/00796.png 1
ucf/ApplyEyeMakeup/samples/00797.png 1
ucf/ApplyEyeMakeup/samples/00798.png 1
ucf/ApplyEyeMakeup/samples/00799.png 1
ucf/ApplyEyeMakeup/samples/00800.png 1
ucf/ApplyEyeMakeup/samples/00801.png 1
ucf/ApplyEyeMakeup/samples/00802.png 1
ucf/ApplyEyeMakeup/samples/00803.png 1
ucf/ApplyEyeMakeup/samples/00804.png 1
ucf/ApplyEyeMakeup/samples/00805.png 1
ucf/ApplyEyeMakeup/samples/00806.png 1
ucf/ApplyEyeMakeup/samples/00807.png 1
ucf/ApplyEyeMakeup/samples/00808.png 1
ucf/ApplyEyeMakeup/samples/00809.png 1
ucf/ApplyEyeMakeup/samples/00810.png 1
ucf/ApplyEyeMakeup/samples/00811.png 1
ucf/ApplyEyeMakeup/samples/00812.png 1
ucf/ApplyEyeMakeup/samples/00813.png 1
ucf/ApplyEyeMakeup/samples/00814.png 1
ucf/ApplyEyeMakeup/samples/00815.png 1
ucf/ApplyEyeMakeup/samples/00816.png 1
ucf/ApplyEyeMakeup/samples/00817.png 1
ucf/ApplyEyeMakeup/samples/00818.png 1
ucf/ApplyEyeMakeup/samples/00819.png 1
ucf/ApplyEyeMakeup/samples/00820.png 1
ucf/ApplyEyeMakeup/samples/00821.png 1
ucf/ApplyEyeMakeup/samples/00822.png 1
ucf/ApplyEyeMakeup/samples/00823.png 1
ucf/ApplyEyeMakeup/samples/00824.png 1
ucf/ApplyEyeMakeup/samples/00825.png 1
ucf/ApplyEyeMakeup/samples/00826.png 1
ucf/ApplyEyeMakeup/samples/00827.png 1
ucf/ApplyEyeMakeup/samples/00828.png 1
ucf/ApplyEyeMakeup/samples/00829.png 1
ucf/ApplyEyeMakeup/samples/00830.png 1
ucf/ApplyEyeMakeup/samples/00831.png 1
ucf/ApplyEyeMakeup/samples/00832.png 1
ucf/ApplyEyeMakeup/samples/00833.png 1
ucf/ApplyEyeMakeup/samples/00834.png 1
ucf/ApplyEyeMakeup/samples/00835.png 1
ucf/ApplyEyeMakeup/samples/00836.png 1
ucf/ApplyEyeMakeup/samples/00837.png 1
ucf/ApplyEyeMakeup/samples/00838.png 1
ucf/ApplyEyeMakeup/samples/00839.png 1
ucf/ApplyEyeMakeup/samples/00840.png 1
ucf/ApplyEyeMakeup/samples/00841.png 1
ucf/ApplyEyeMakeup/samples/00842.png 1
ucf/ApplyEyeMakeup/samples/00843.png 1
ucf/ApplyEyeMakeup/samples/00844.png 1
ucf/ApplyEyeMakeup/samples/00845.png 1
ucf/ApplyEyeMakeup/samples/00846.png 1
ucf/ApplyEyeMakeup/samples/00847.png 1
ucf/ApplyEyeMakeup/samples/00848.png 1
ucf/ApplyEyeMakeup/samples/00849.png 1
ucf/ApplyEyeMakeup/samples/00850.png 1
ucf/ApplyEyeMakeup/samples/00851.png 1
ucf/ApplyEyeMakeup/samples/00852.png 1
ucf/ApplyEyeMakeup/samples/00853.png 1
ucf/ApplyEyeMakeup/samples/00854.png 1
ucf/ApplyEyeMakeup/samples/00855.png 1
ucf/ApplyEyeMakeup/samples/00856.png 1
ucf/ApplyEyeMakeup/samples/00857.png 1
ucf/ApplyEyeMakeup/samples/00858.png 1
ucf/ApplyEyeMakeup/samples/00859.png 1
ucf/ApplyEyeMakeup/samples/00860.png 1
ucf/ApplyEyeMakeup/samples/00861.png 1
ucf/ApplyEyeMakeup/samples/00862.png 1
ucf/ApplyEyeMakeup/samples/00863.png 1
ucf/ApplyEyeMakeup/samples/00864.png 1
ucf/ApplyEyeMakeup/samples/00865.png 1
ucf/ApplyEyeMakeup/samples/00866.png 1
ucf/ApplyEyeMakeup/samples/00867.png 1
ucf/ApplyEyeMakeup/samples/00868.png 1
ucf/ApplyEyeMakeup/samples/00869.png 1
ucf/ApplyEyeMakeup/samples/00870.png 1
ucf/ApplyEyeMakeup/samples/00871.png 1
ucf/ApplyEyeMakeup/samples/00872.png 1
ucf/ApplyEyeMakeup/samples/00873.png 1
ucf/ApplyEyeMakeup/samples/00874.png 1
ucf/ApplyEyeMakeup/samples/00875.png 1
ucf/ApplyEyeMakeup/samples/00876.png 1
ucf/ApplyEyeMakeup/samples/00877.png 1
ucf/ApplyEyeMakeup/samples/00878.png 1
ucf/ApplyEyeMakeup/samples/00879.png 1
ucf/ApplyEyeMakeup/samples/00880.png 1
ucf/ApplyEyeMakeup/samples/00881.png 1
ucf/ApplyEyeMakeup/samples/00882.png 1
ucf/ApplyEyeMakeup/samples/00883.png 1
ucf/ApplyEyeMakeup/samples/00884.png 1
ucf/ApplyEyeMakeup/samples/00885.png 1
ucf/ApplyEyeMakeup/samples/00886.png 1
ucf/ApplyEyeMakeup/samples/00887.png 1
ucf/ApplyEyeMakeup/samples/00888.png 1
ucf/ApplyEyeMakeup/samples/00889.png 1
ucf/ApplyEyeMakeup/samples/00890.png 1
ucf/ApplyEyeMakeup/samples/00891.png 1
ucf/ApplyEyeMakeup/samples/00892.png 1
ucf/ApplyEyeMakeup/samples/00893.png 1
ucf/ApplyEyeMakeup/samples/00894.png 1
ucf/ApplyEyeMakeup/samples/00895.png 1
ucf/ApplyEyeMakeup/samples/00896.png 1
ucf/ApplyEyeMakeup/samples/00897.png 1
ucf/ApplyEyeMakeup/samples/00898.png 1
ucf/ApplyEyeMakeup/samples/00899.png 1
ucf/ApplyEyeMakeup/samples/00900.png 1
ucf/ApplyEyeMakeup/samples/00901.png 1
ucf/ApplyEyeMakeup/samples/00902.png 1
ucf/ApplyEyeMakeup/samples/00903.png 1
ucf/ApplyEyeMakeup/samples/00904.png 1
ucf/ApplyEyeMakeup/samples/00905.png 1
ucf/ApplyEyeMakeup/samples/00906.png 1
ucf/ApplyEyeMakeup/samples/00907.png 1
ucf/ApplyEyeMakeup/samples/00908.png 1
ucf/ApplyEyeMakeup/samples/00909.png 1
ucf/ApplyEyeMakeup/samples/00910.png 1
ucf/ApplyEyeMakeup/samples/00911.png 1
ucf/ApplyEyeMakeup/samples/00912.png 1
ucf/ApplyEyeMakeup/samples/00913.png 1
ucf/ApplyEyeMakeup/samples/00914.png 1
ucf/ApplyEyeMakeup/samples/00915.png 1
ucf/ApplyEyeMakeup/samples/00916.png 1
ucf/ApplyEyeMakeup/samples/00917.png 1
ucf/ApplyEyeMakeup/samples/00918.png 1
ucf/ApplyEyeMakeup/samples/00919.png 1
ucf/ApplyEyeMakeup/samples/00920.png 1
ucf/ApplyEyeMakeup/samples/00921.png 1
ucf/ApplyEyeMakeup/samples/00922.png 1
ucf/ApplyEyeMakeup/samples/00923.png 1
ucf/ApplyEyeMakeup/samples/00924.png 1
ucf/ApplyEyeMakeup/samples/00925.png 1
ucf/ApplyEyeMakeup/samples/00926.png 1
ucf/ApplyEyeMakeup/samples/00927.png 1
ucf/ApplyEyeMakeup/samples/00928.png 1
ucf/ApplyEyeMakeup/samples/00929.png 1
ucf/ApplyEyeMakeup/samples/00930.png 1
ucf/ApplyEyeMakeup/samples/00931.png 1
ucf/ApplyEyeMakeup/samples/00932.png 1
ucf/ApplyEyeMakeup/samples/00933.png 1
ucf/ApplyEyeMakeup/samples/00934.png 1
ucf/ApplyEyeMakeup/samples/00935.png 1
ucf/ApplyEyeMakeup/samples/00936.png 1
ucf/ApplyEyeMakeup/samples/00937.png 1
ucf/ApplyEyeMakeup/samples/00938.png 1
ucf/ApplyEyeMakeup/samples/00939.png 1
ucf/ApplyEyeMakeup/samples/00940.png 1
ucf/ApplyEyeMakeup/samples/00941.png 1
ucf/ApplyEyeMakeup/samples/00942.png 1
ucf/ApplyEyeMakeup/samples/00943.png 1
ucf/ApplyEyeMakeup/samples/00944.png 1
ucf/ApplyEyeMakeup/samples/00945.png 1
ucf/ApplyEyeMakeup/samples/00946.png 1
ucf/ApplyEyeMakeup/samples/00947.png 1
ucf/ApplyEyeMakeup/samples/00948.png 1
ucf/ApplyEyeMakeup/samples/00949.png 1
ucf/ApplyEyeMakeup/samples/00950.png 1
ucf/ApplyEyeMakeup/samples/00951.png 1
ucf/ApplyEyeMakeup/samples/00952.png 1
ucf/ApplyEyeMakeup/samples/00953.png 1
ucf/ApplyEyeMakeup/samples/00954.png 1
ucf/ApplyEyeMakeup/samples/00955.png 1
ucf/ApplyEyeMakeup/samples/00956.png 1
ucf/ApplyEyeMakeup/samples/00957.png 1
ucf/ApplyEyeMakeup/samples/00958.png 1
ucf/ApplyEyeMakeup/samples/00959.png 1
ucf/ApplyEyeMakeup/samples/00960.png 1
ucf/ApplyEyeMakeup/samples/00961.png 1
ucf/ApplyEyeMakeup/samples/00962.png 1
ucf/ApplyEyeMakeup/samples/00963.png 1
ucf/ApplyEyeMakeup/samples/00964.png 1
ucf/ApplyEyeMakeup/samples/00965.png 1
ucf/ApplyEyeMakeup/samples/00966.png 1
ucf/ApplyEyeMakeup/samples/00967.png 1
ucf/ApplyEyeMakeup/samples/00968.png 1
ucf/ApplyEyeMakeup/samples/00969.png 1
ucf/ApplyEyeMakeup/samples/00970.png 1
ucf/ApplyEyeMakeup/samples/00971.png 1
ucf/ApplyEyeMakeup/samples/00972.png 1
ucf/ApplyEyeMakeup/samples/00973.png 1
ucf/ApplyEyeMakeup/samples/00974.png 1
ucf/ApplyEyeMakeup/samples/00975.png 1
ucf/ApplyEyeMakeup/samples/00976.png 1
ucf/ApplyEyeMakeup/samples/00977.png 1
ucf/ApplyEyeMakeup/samples/00978.png 1
ucf/ApplyEyeMakeup/samples/00979.png 1
ucf/ApplyEyeMakeup/samples/00980.png 1
ucf/ApplyEyeMakeup/samples/00981.png 1
ucf/ApplyEyeMakeup/samples/00982.png 1
ucf/ApplyEyeMakeup/samples/00983.png 1
ucf/ApplyEyeMakeup/samples/00984.png 1
ucf/ApplyEyeMakeup/samples/00985.png 1
ucf/ApplyEyeMakeup/samples/00986.png 1
ucf/ApplyEyeMakeup/samples/00987.png 1
ucf/ApplyEyeMakeup/samples/00988.png 1
ucf/ApplyEyeMakeup/samples/00989.png 1
ucf/ApplyEyeMakeup/samples/00990.png 1
ucf/ApplyEyeMakeup/samples/00991.png 1
ucf/ApplyEyeMakeup/samples/00992.png 1
ucf/ApplyEyeMakeup/samples/00993.png 1
ucf/ApplyEyeMakeup/samples/00994.png 1
ucf/ApplyEyeMakeup/samples/00995.png 1
ucf/ApplyEyeMakeup/samples/00996.png 1
ucf/ApplyEyeMakeup/samples/00997.png 1
ucf/ApplyEyeMakeup/samples/00998.png 1
ucf/ApplyEyeMakeup/samples/00999.png 1
ucf/Haircut/samples/00000.png 34
ucf/Haircut/samples/00001.png 34
ucf/Haircut/samples/00002.png 34
ucf/Haircut/samples/00003.png 34
ucf/Haircut/samples/00004.png 34
ucf/Haircut/samples/00005.png 34
ucf/Haircut/samples/00006.png 34
ucf/Haircut/samples/00007.png 34
ucf/Haircut/samples/00008.png 34
ucf/Haircut/samples/00009.png 34
ucf/Haircut/samples/00010.png 34
ucf/Haircut/samples/00011.png 34
ucf/Haircut/samples/00012.png 34
ucf/Haircut/samples/00013.png 34
ucf/Haircut/samples/00014.png 34
ucf/Haircut/samples/00015.png 34
ucf/Haircut/samples/00016.png 34
ucf/Haircut/samples/00017.png 34
ucf/Haircut/samples/00018.png 34
ucf/Haircut/samples/00019.png 34
ucf/Haircut/samples/00020.png 34
ucf/Haircut/samples/00021.png 34
ucf/Haircut/samples/00022.png 34
ucf/Haircut/samples/00023.png 34
ucf/Haircut/samples/00024.png 34
ucf/Haircut/samples/00025.png 34
ucf/Haircut/samples/00026.png 34
ucf/Haircut/samples/00027.png 34
ucf/Haircut/samples/00028.png 34
ucf/Haircut/samples/00029.png 34
ucf/Haircut/samples/00030.png 34
ucf/Haircut/samples/00031.png 34
ucf/Haircut/samples/00032.png 34
ucf/Haircut/samples/00033.png 34
ucf/Haircut/samples/00034.png 34
ucf/Haircut/samples/00035.png 34
ucf/Haircut/samples/00036.png 34
ucf/Haircut/samples/00037.png 34
ucf/Haircut/samples/00038.png 34
ucf/Haircut/samples/00039.png 34
ucf/Haircut/samples/00040.png 34
ucf/Haircut/samples/00041.png 34
ucf/Haircut/samples/00042.png 34
ucf/Haircut/samples/00043.png 34
ucf/Haircut/samples/00044.png 34
ucf/Haircut/samples/00045.png 34
ucf/Haircut/samples/00046.png 34
ucf/Haircut/samples/00047.png 34
ucf/Haircut/samples/00048.png 34
ucf/Haircut/samples/00049.png 34
ucf/Haircut/samples/00050.png 34
ucf/Haircut/samples/00051.png 34
ucf/Haircut/samples/00052.png 34
ucf/Haircut/samples/00053.png 34
ucf/Haircut/samples/00054.png 34
ucf/Haircut/samples/00055.png 34
ucf/Haircut/samples/00056.png 34
ucf/Haircut/samples/00057.png 34
ucf/Haircut/samples/00058.png 34
ucf/Haircut/samples/00059.png 34
ucf/Haircut/samples/00060.png 34
ucf/Haircut/samples/00061.png 34
ucf/Haircut/samples/00062.png 34
ucf/Haircut/samples/00063.png 34
ucf/Haircut/samples/00064.png 34
ucf/Haircut/samples/00065.png 34
ucf/Haircut/samples/00066.png 34
ucf/Haircut/samples/00067.png 34
ucf/Haircut/samples/00068.png 34
ucf/Haircut/samples/00069.png 34
ucf/Haircut/samples/00070.png 34
ucf/Haircut/samples/00071.png 34
ucf/Haircut/samples/00072.png 34
ucf/Haircut/samples/00073.png 34
ucf/Haircut/samples/00074.png 34
ucf/Haircut/samples/00075.png 34
ucf/Haircut/samples/00076.png 34
ucf/Haircut/samples/00077.png 34
ucf/Haircut/samples/00078.png 34
ucf/Haircut/samples/00079.png 34
ucf/Haircut/samples/00080.png 34
ucf/Haircut/samples/00081.png 34
ucf/Haircut/samples/00082.png 34
ucf/Haircut/samples/00083.png 34
ucf/Haircut/samples/00084.png 34
ucf/Haircut/samples/00085.png 34
ucf/Haircut/samples/00086.png 34
ucf/Haircut/samples/00087.png 34
ucf/Haircut/samples/00088.png 34
ucf/Haircut/samples/00089.png 34
ucf/Haircut/samples/00090.png 34
ucf/Haircut/samples/00091.png 34
ucf/Haircut/samples/00092.png 34
ucf/Haircut/samples/00093.png 34
ucf/Haircut/samples/00094.png 34
ucf/Haircut/samples/00095.png 34
ucf/Haircut/samples/00096.png 34
ucf/Haircut/samples/00097.png 34
ucf/Haircut/samples/00098.png 34
ucf/Haircut/samples/00099.png 34
ucf/Haircut/samples/00100.png 34
ucf/Haircut/samples/00101.png 34
ucf/Haircut/samples/00102.png 34
ucf/Haircut/samples/00103.png 34
ucf/Haircut/samples/00104.png 34
ucf/Haircut/samples/00105.png 34
ucf/Haircut/samples/00106.png 34
ucf/Haircut/samples/00107.png 34
ucf/Haircut/samples/00108.png 34
ucf/Haircut/samples/00109.png 34
ucf/Haircut/samples/00110.png 34
ucf/Haircut/samples/00111.png 34
ucf/Haircut/samples/00112.png 34
ucf/Haircut/samples/00113.png 34
ucf/Haircut/samples/00114.png 34
ucf/Haircut/samples/00115.png 34
ucf/Haircut/samples/00116.png 34
ucf/Haircut/samples/00117.png 34
ucf/Haircut/samples/00118.png 34
ucf/Haircut/samples/00119.png 34
ucf/Haircut/samples/00120.png 34
ucf/Haircut/samples/00121.png 34
ucf/Haircut/samples/00122.png 34
ucf/Haircut/samples/00123.png 34
ucf/Haircut/samples/00124.png 34
ucf/Haircut/samples/00125.png 34
ucf/Haircut/samples/00126.png 34
ucf/Haircut/samples/00127.png 34
ucf/Haircut/samples/00128.png 34
ucf/Haircut/samples/00129.png 34
ucf/Haircut/samples/00130.png 34
ucf/Haircut/samples/00131.png 34
ucf/Haircut/samples/00132.png 34
ucf/Haircut/samples/00133.png 34
ucf/Haircut/samples/00134.png 34
ucf/Haircut/samples/00135.png 34
ucf/Haircut/samples/00136.png 34
ucf/Haircut/samples/00137.png 34
ucf/Haircut/samples/00138.png 34
ucf/Haircut/samples/00139.png 34
ucf/Haircut/samples/00140.png 34
ucf/Haircut/samples/00141.png 34
ucf/Haircut/samples/00142.png 34
ucf/Haircut/samples/00143.png 34
ucf/Haircut/samples/00144.png 34
ucf/Haircut/samples/00145.png 34
ucf/Haircut/samples/00146.png 34
ucf/Haircut/samples/00147.png 34
ucf/Haircut/samples/00148.png 34
ucf/Haircut/samples/00149.png 34
ucf/Haircut/samples/00150.png 34
ucf/Haircut/samples/00151.png 34
ucf/Haircut/samples/00152.png 34
ucf/Haircut/samples/00153.png 34
ucf/Haircut/samples/00154.png 34
ucf/Haircut/samples/00155.png 34
ucf/Haircut/samples/00156.png 34
ucf/Haircut/samples/00157.png 34
ucf/Haircut/samples/00158.png 34
ucf/Haircut/samples/00159.png 34
ucf/Haircut/samples/00160.png 34
ucf/Haircut/samples/00161.png 34
ucf/Haircut/samples/00162.png 34
ucf/Haircut/samples/00163.png 34
ucf/Haircut/samples/00164.png 34
ucf/Haircut/samples/00165.png 34
ucf/Haircut/samples/00166.png 34
ucf/Haircut/samples/00167.png 34
ucf/Haircut/samples/00168.png 34
ucf/Haircut/samples/00169.png 34
ucf/Haircut/samples/00170.png 34
ucf/Haircut/samples/00171.png 34
ucf/Haircut/samples/00172.png 34
ucf/Haircut/samples/00173.png 34
ucf/Haircut/samples/00174.png 34
ucf/Haircut/samples/00175.png 34
ucf/Haircut/samples/00176.png 34
ucf/Haircut/samples/00177.png 34
ucf/Haircut/samples/00178.png 34
ucf/Haircut/samples/00179.png 34
ucf/Haircut/samples/00180.png 34
ucf/Haircut/samples/00181.png 34
ucf/Haircut/samples/00182.png 34
ucf/Haircut/samples/00183.png 34
ucf/Haircut/samples/00184.png 34
ucf/Haircut/samples/00185.png 34
ucf/Haircut/samples/00186.png 34
ucf/Haircut/samples/00187.png 34
ucf/Haircut/samples/00188.png 34
ucf/Haircut/samples/00189.png 34
ucf/Haircut/samples/00190.png 34
ucf/Haircut/samples/00191.png 34
ucf/Haircut/samples/00192.png 34
ucf/Haircut/samples/00193.png 34
ucf/Haircut/samples/00194.png 34
ucf/Haircut/samples/00195.png 34
ucf/Haircut/samples/00196.png 34
ucf/Haircut/samples/00197.png 34
ucf/Haircut/samples/00198.png 34
ucf/Haircut/samples/00199.png 34
ucf/Haircut/samples/00200.png 34
ucf/Haircut/samples/00201.png 34
ucf/Haircut/samples/00202.png 34
ucf/Haircut/samples/00203.png 34
ucf/Haircut/samples/00204.png 34
ucf/Haircut/samples/00205.png 34
ucf/Haircut/samples/00206.png 34
ucf/Haircut/samples/00207.png 34
ucf/Haircut/samples/00208.png 34
ucf/Haircut/samples/00209.png 34
ucf/Haircut/samples/00210.png 34
ucf/Haircut/samples/00211.png 34
ucf/Haircut/samples/00212.png 34
ucf/Haircut/samples/00213.png 34
ucf/Haircut/samples/00214.png 34
ucf/Haircut/samples/00215.png 34
ucf/Haircut/samples/00216.png 34
ucf/Haircut/samples/00217.png 34
ucf/Haircut/samples/00218.png 34
ucf/Haircut/samples/00219.png 34
ucf/Haircut/samples/00220.png 34
ucf/Haircut/samples/00221.png 34
ucf/Haircut/samples/00222.png 34
ucf/Haircut/samples/00223.png 34
ucf/Haircut/samples/00224.png 34
ucf/Haircut/samples/00225.png 34
ucf/Haircut/samples/00226.png 34
ucf/Haircut/samples/00227.png 34
ucf/Haircut/samples/00228.png 34
ucf/Haircut/samples/00229.png 34
ucf/Haircut/samples/00230.png 34
ucf/Haircut/samples/00231.png 34
ucf/Haircut/samples/00232.png 34
ucf/Haircut/samples/00233.png 34
ucf/Haircut/samples/00234.png 34
ucf/Haircut/samples/00235.png 34
ucf/Haircut/samples/00236.png 34
ucf/Haircut/samples/00237.png 34
ucf/Haircut/samples/00238.png 34
ucf/Haircut/samples/00239.png 34
ucf/Haircut/samples/00240.png 34
ucf/Haircut/samples/00241.png 34
ucf/Haircut/samples/00242.png 34
ucf/Haircut/samples/00243.png 34
ucf/Haircut/samples/00244.png 34
ucf/Haircut/samples/00245.png 34
ucf/Haircut/samples/00246.png 34
ucf/Haircut/samples/00247.png 34
ucf/Haircut/samples/00248.png 34
ucf/Haircut/samples/00249.png 34
ucf/Haircut/samples/00250.png 34
ucf/Haircut/samples/00251.png 34
ucf/Haircut/samples/00252.png 34
ucf/Haircut/samples/00253.png 34
ucf/Haircut/samples/00254.png 34
ucf/Haircut/samples/00255.png 34
ucf/Haircut/samples/00256.png 34
ucf/Haircut/samples/00257.png 34
ucf/Haircut/samples/00258.png 34
ucf/Haircut/samples/00259.png 34
ucf/Haircut/samples/00260.png 34
ucf/Haircut/samples/00261.png 34
ucf/Haircut/samples/00262.png 34
ucf/Haircut/samples/00263.png 34
ucf/Haircut/samples/00264.png 34
ucf/Haircut/samples/00265.png 34
ucf/Haircut/samples/00266.png 34
ucf/Haircut/samples/00267.png 34
ucf/Haircut/samples/00268.png 34
ucf/Haircut/samples/00269.png 34
ucf/Haircut/samples/00270.png 34
ucf/Haircut/samples/00271.png 34
ucf/Haircut/samples/00272.png 34
ucf/Haircut/samples/00273.png 34
ucf/Haircut/samples/00274.png 34
ucf/Haircut/samples/00275.png 34
ucf/Haircut/samples/00276.png 34
ucf/Haircut/samples/00277.png 34
ucf/Haircut/samples/00278.png 34
ucf/Haircut/samples/00279.png 34
ucf/Haircut/samples/00280.png 34
ucf/Haircut/samples/00281.png 34
ucf/Haircut/samples/00282.png 34
ucf/Haircut/samples/00283.png 34
ucf/Haircut/samples/00284.png 34
ucf/Haircut/samples/00285.png 34
ucf/Haircut/samples/00286.png 34
ucf/Haircut/samples/00287.png 34
ucf/Haircut/samples/00288.png 34
ucf/Haircut/samples/00289.png 34
ucf/Haircut/samples/00290.png 34
ucf/Haircut/samples/00291.png 34
ucf/Haircut/samples/00292.png 34
ucf/Haircut/samples/00293.png 34
ucf/Haircut/samples/00294.png 34
ucf/Haircut/samples/00295.png 34
ucf/Haircut/samples/00296.png 34
ucf/Haircut/samples/00297.png 34
ucf/Haircut/samples/00298.png 34
ucf/Haircut/samples/00299.png 34
ucf/Haircut/samples/00300.png 34
ucf/Haircut/samples/00301.png 34
ucf/Haircut/samples/00302.png 34
ucf/Haircut/samples/00303.png 34
ucf/Haircut/samples/00304.png 34
ucf/Haircut/samples/00305.png 34
ucf/Haircut/samples/00306.png 34
ucf/Haircut/samples/00307.png 34
ucf/Haircut/samples/00308.png 34
ucf/Haircut/samples/00309.png 34
ucf/Haircut/samples/00310.png 34
ucf/Haircut/samples/00311.png 34
ucf/Haircut/samples/00312.png 34
ucf/Haircut/samples/00313.png 34
ucf/Haircut/samples/00314.png 34
ucf/Haircut/samples/00315.png 34
ucf/Haircut/samples/00316.png 34
ucf/Haircut/samples/00317.png 34
ucf/Haircut/samples/00318.png 34
ucf/Haircut/samples/00319.png 34
ucf/Haircut/samples/00320.png 34
ucf/Haircut/samples/00321.png 34
ucf/Haircut/samples/00322.png 34
ucf/Haircut/samples/00323.png 34
ucf/Haircut/samples/00324.png 34
ucf/Haircut/samples/00325.png 34
ucf/Haircut/samples/00326.png 34
ucf/Haircut/samples/00327.png 34
ucf/Haircut/samples/00328.png 34
ucf/Haircut/samples/00329.png 34
ucf/Haircut/samples/00330.png 34
ucf/Haircut/samples/00331.png 34
ucf/Haircut/samples/00332.png 34
ucf/Haircut/samples/00333.png 34
ucf/Haircut/samples/00334.png 34
ucf/Haircut/samples/00335.png 34
ucf/Haircut/samples/00336.png 34
ucf/Haircut/samples/00337.png 34
ucf/Haircut/samples/00338.png 34
ucf/Haircut/samples/00339.png 34
ucf/Haircut/samples/00340.png 34
ucf/Haircut/samples/00341.png 34
ucf/Haircut/samples/00342.png 34
ucf/Haircut/samples/00343.png 34
ucf/Haircut/samples/00344.png 34
ucf/Haircut/samples/00345.png 34
ucf/Haircut/samples/00346.png 34
ucf/Haircut/samples/00347.png 34
ucf/Haircut/samples/00348.png 34
ucf/Haircut/samples/00349.png 34
ucf/Haircut/samples/00350.png 34
ucf/Haircut/samples/00351.png 34
ucf/Haircut/samples/00352.png 34
ucf/Haircut/samples/00353.png 34
ucf/Haircut/samples/00354.png 34
ucf/Haircut/samples/00355.png 34
ucf/Haircut/samples/00356.png 34
ucf/Haircut/samples/00357.png 34
ucf/Haircut/samples/00358.png 34
ucf/Haircut/samples/00359.png 34
ucf/Haircut/samples/00360.png 34
ucf/Haircut/samples/00361.png 34
ucf/Haircut/samples/00362.png 34
ucf/Haircut/samples/00363.png 34
ucf/Haircut/samples/00364.png 34
ucf/Haircut/samples/00365.png 34
ucf/Haircut/samples/00366.png 34
ucf/Haircut/samples/00367.png 34
ucf/Haircut/samples/00368.png 34
ucf/Haircut/samples/00369.png 34
ucf/Haircut/samples/00370.png 34
ucf/Haircut/samples/00371.png 34
ucf/Haircut/samples/00372.png 34
ucf/Haircut/samples/00373.png 34
ucf/Haircut/samples/00374.png 34
ucf/Haircut/samples/00375.png 34
ucf/Haircut/samples/00376.png 34
ucf/Haircut/samples/00377.png 34
ucf/Haircut/samples/00378.png 34
ucf/Haircut/samples/00379.png 34
ucf/Haircut/samples/00380.png 34
ucf/Haircut/samples/00381.png 34
ucf/Haircut/samples/00382.png 34
ucf/Haircut/samples/00383.png 34
ucf/Haircut/samples/00384.png 34
ucf/Haircut/samples/00385.png 34
ucf/Haircut/samples/00386.png 34
ucf/Haircut/samples/00387.png 34
ucf/Haircut/samples/00388.png 34
ucf/Haircut/samples/00389.png 34
ucf/Haircut/samples/00390.png 34
ucf/Haircut/samples/00391.png 34
ucf/Haircut/samples/00392.png 34
ucf/Haircut/samples/00393.png 34
ucf/Haircut/samples/00394.png 34
ucf/Haircut/samples/00395.png 34
ucf/Haircut/samples/00396.png 34
ucf/Haircut/samples/00397.png 34
ucf/Haircut/samples/00398.png 34
ucf/Haircut/samples/00399.png 34
ucf/Haircut/samples/00400.png 34
ucf/Haircut/samples/00401.png 34
ucf/Haircut/samples/00402.png 34
ucf/Haircut/samples/00403.png 34
ucf/Haircut/samples/00404.png 34
ucf/Haircut/samples/00405.png 34
ucf/Haircut/samples/00406.png 34
ucf/Haircut/samples/00407.png 34
ucf/Haircut/samples/00408.png 34
ucf/Haircut/samples/00409.png 34
ucf/Haircut/samples/00410.png 34
ucf/Haircut/samples/00411.png 34
ucf/Haircut/samples/00412.png 34
ucf/Haircut/samples/00413.png 34
ucf/Haircut/samples/00414.png 34
ucf/Haircut/samples/00415.png 34
ucf/Haircut/samples/00416.png 34
ucf/Haircut/samples/00417.png 34
ucf/Haircut/samples/00418.png 34
ucf/Haircut/samples/00419.png 34
ucf/Haircut/samples/00420.png 34
ucf/Haircut/samples/00421.png 34
ucf/Haircut/samples/00422.png 34
ucf/Haircut/samples/00423.png 34
ucf/Haircut/samples/00424.png 34
ucf/Haircut/samples/00425.png 34
ucf/Haircut/samples/00426.png 34
ucf/Haircut/samples/00427.png 34
ucf/Haircut/samples/00428.png 34
ucf/Haircut/samples/00429.png 34
ucf/Haircut/samples/00430.png 34
ucf/Haircut/samples/00431.png 34
ucf/Haircut/samples/00432.png 34
ucf/Haircut/samples/00433.png 34
ucf/Haircut/samples/00434.png 34
ucf/Haircut/samples/00435.png 34
ucf/Haircut/samples/00436.png 34
ucf/Haircut/samples/00437.png 34
ucf/Haircut/samples/00438.png 34
ucf/Haircut/samples/00439.png 34
ucf/Haircut/samples/00440.png 34
ucf/Haircut/samples/00441.png 34
ucf/Haircut/samples/00442.png 34
ucf/Haircut/samples/00443.png 34
ucf/Haircut/samples/00444.png 34
ucf/Haircut/samples/00445.png 34
ucf/Haircut/samples/00446.png 34
ucf/Haircut/samples/00447.png 34
ucf/Haircut/samples/00448.png 34
ucf/Haircut/samples/00449.png 34
ucf/Haircut/samples/00450.png 34
ucf/Haircut/samples/00451.png 34
ucf/Haircut/samples/00452.png 34
ucf/Haircut/samples/00453.png 34
ucf/Haircut/samples/00454.png 34
ucf/Haircut/samples/00455.png 34
ucf/Haircut/samples/00456.png 34
ucf/Haircut/samples/00457.png 34
ucf/Haircut/samples/00458.png 34
ucf/Haircut/samples/00459.png 34
ucf/Haircut/samples/00460.png 34
ucf/Haircut/samples/00461.png 34
ucf/Haircut/samples/00462.png 34
ucf/Haircut/samples/00463.png 34
ucf/Haircut/samples/00464.png 34
ucf/Haircut/samples/00465.png 34
ucf/Haircut/samples/00466.png 34
ucf/Haircut/samples/00467.png 34
ucf/Haircut/samples/00468.png 34
ucf/Haircut/samples/00469.png 34
ucf/Haircut/samples/00470.png 34
ucf/Haircut/samples/00471.png 34
ucf/Haircut/samples/00472.png 34
ucf/Haircut/samples/00473.png 34
ucf/Haircut/samples/00474.png 34
ucf/Haircut/samples/00475.png 34
ucf/Haircut/samples/00476.png 34
ucf/Haircut/samples/00477.png 34
ucf/Haircut/samples/00478.png 34
ucf/Haircut/samples/00479.png 34
ucf/Haircut/samples/00480.png 34
ucf/Haircut/samples/00481.png 34
ucf/Haircut/samples/00482.png 34
ucf/Haircut/samples/00483.png 34
ucf/Haircut/samples/00484.png 34
ucf/Haircut/samples/00485.png 34
ucf/Haircut/samples/00486.png 34
ucf/Haircut/samples/00487.png 34
ucf/Haircut/samples/00488.png 34
ucf/Haircut/samples/00489.png 34
ucf/Haircut/samples/00490.png 34
ucf/Haircut/samples/00491.png 34
ucf/Haircut/samples/00492.png 34
ucf/Haircut/samples/00493.png 34
ucf/Haircut/samples/00494.png 34
ucf/Haircut/samples/00495.png 34
ucf/Haircut/samples/00496.png 34
ucf/Haircut/samples/00497.png 34
ucf/Haircut/samples/00498.png 34
ucf/Haircut/samples/00499.png 34
ucf/Haircut/samples/00500.png 34
ucf/Haircut/samples/00501.png 34
ucf/Haircut/samples/00502.png 34
ucf/Haircut/samples/00503.png 34
ucf/Haircut/samples/00504.png 34
ucf/Haircut/samples/00505.png 34
ucf/Haircut/samples/00506.png 34
ucf/Haircut/samples/00507.png 34
ucf/Haircut/samples/00508.png 34
ucf/Haircut/samples/00509.png 34
ucf/Haircut/samples/00510.png 34
ucf/Haircut/samples/00511.png 34
ucf/Haircut/samples/00512.png 34
ucf/Haircut/samples/00513.png 34
ucf/Haircut/samples/00514.png 34
ucf/Haircut/samples/00515.png 34
ucf/Haircut/samples/00516.png 34
ucf/Haircut/samples/00517.png 34
ucf/Haircut/samples/00518.png 34
ucf/Haircut/samples/00519.png 34
ucf/Haircut/samples/00520.png 34
ucf/Haircut/samples/00521.png 34
ucf/Haircut/samples/00522.png 34
ucf/Haircut/samples/00523.png 34
ucf/Haircut/samples/00524.png 34
ucf/Haircut/samples/00525.png 34
ucf/Haircut/samples/00526.png 34
ucf/Haircut/samples/00527.png 34
ucf/Haircut/samples/00528.png 34
ucf/Haircut/samples/00529.png 34
ucf/Haircut/samples/00530.png 34
ucf/Haircut/samples/00531.png 34
ucf/Haircut/samples/00532.png 34
ucf/Haircut/samples/00533.png 34
ucf/Haircut/samples/00534.png 34
ucf/Haircut/samples/00535.png 34
ucf/Haircut/samples/00536.png 34
ucf/Haircut/samples/00537.png 34
ucf/Haircut/samples/00538.png 34
ucf/Haircut/samples/00539.png 34
ucf/Haircut/samples/00540.png 34
ucf/Haircut/samples/00541.png 34
ucf/Haircut/samples/00542.png 34
ucf/Haircut/samples/00543.png 34
ucf/Haircut/samples/00544.png 34
ucf/Haircut/samples/00545.png 34
ucf/Haircut/samples/00546.png 34
ucf/Haircut/samples/00547.png 34
ucf/Haircut/samples/00548.png 34
ucf/Haircut/samples/00549.png 34
ucf/Haircut/samples/00550.png 34
ucf/Haircut/samples/00551.png 34
ucf/Haircut/samples/00552.png 34
ucf/Haircut/samples/00553.png 34
ucf/Haircut/samples/00554.png 34
ucf/Haircut/samples/00555.png 34
ucf/Haircut/samples/00556.png 34
ucf/Haircut/samples/00557.png 34
ucf/Haircut/samples/00558.png 34
ucf/Haircut/samples/00559.png 34
ucf/Haircut/samples/00560.png 34
ucf/Haircut/samples/00561.png 34
ucf/Haircut/samples/00562.png 34
ucf/Haircut/samples/00563.png 34
ucf/Haircut/samples/00564.png 34
ucf/Haircut/samples/00565.png 34
ucf/Haircut/samples/00566.png 34
ucf/Haircut/samples/00567.png 34
ucf/Haircut/samples/00568.png 34
ucf/Haircut/samples/00569.png 34
ucf/Haircut/samples/00570.png 34
ucf/Haircut/samples/00571.png 34
ucf/Haircut/samples/00572.png 34
ucf/Haircut/samples/00573.png 34
ucf/Haircut/samples/00574.png 34
ucf/Haircut/samples/00575.png 34
ucf/Haircut/samples/00576.png 34
ucf/Haircut/samples/00577.png 34
ucf/Haircut/samples/00578.png 34
ucf/Haircut/samples/00579.png 34
ucf/Haircut/samples/00580.png 34
ucf/Haircut/samples/00581.png 34
ucf/Haircut/samples/00582.png 34
ucf/Haircut/samples/00583.png 34
ucf/Haircut/samples/00584.png 34
ucf/Haircut/samples/00585.png 34
ucf/Haircut/samples/00586.png 34
ucf/Haircut/samples/00587.png 34
ucf/Haircut/samples/00588.png 34
ucf/Haircut/samples/00589.png 34
ucf/Haircut/samples/00590.png 34
ucf/Haircut/samples/00591.png 34
ucf/Haircut/samples/00592.png 34
ucf/Haircut/samples/00593.png 34
ucf/Haircut/samples/00594.png 34
ucf/Haircut/samples/00595.png 34
ucf/Haircut/samples/00596.png 34
ucf/Haircut/samples/00597.png 34
ucf/Haircut/samples/00598.png 34
ucf/Haircut/samples/00599.png 34
ucf/Haircut/samples/00600.png 34
ucf/Haircut/samples/00601.png 34
ucf/Haircut/samples/00602.png 34
ucf/Haircut/samples/00603.png 34
ucf/Haircut/samples/00604.png 34
ucf/Haircut/samples/00605.png 34
ucf/Haircut/samples/00606.png 34
ucf/Haircut/samples/00607.png 34
ucf/Haircut/samples/00608.png 34
ucf/Haircut/samples/00609.png 34
ucf/Haircut/samples/00610.png 34
ucf/Haircut/samples/00611.png 34
ucf/Haircut/samples/00612.png 34
ucf/Haircut/samples/00613.png 34
ucf/Haircut/samples/00614.png 34
ucf/Haircut/samples/00615.png 34
ucf/Haircut/samples/00616.png 34
ucf/Haircut/samples/00617.png 34
ucf/Haircut/samples/00618.png 34
ucf/Haircut/samples/00619.png 34
ucf/Haircut/samples/00620.png 34
ucf/Haircut/samples/00621.png 34
ucf/Haircut/samples/00622.png 34
ucf/Haircut/samples/00623.png 34
ucf/Haircut/samples/00624.png 34
ucf/Haircut/samples/00625.png 34
ucf/Haircut/samples/00626.png 34
ucf/Haircut/samples/00627.png 34
ucf/Haircut/samples/00628.png 34
ucf/Haircut/samples/00629.png 34
ucf/Haircut/samples/00630.png 34
ucf/Haircut/samples/00631.png 34
ucf/Haircut/samples/00632.png 34
ucf/Haircut/samples/00633.png 34
ucf/Haircut/samples/00634.png 34
ucf/Haircut/samples/00635.png 34
ucf/Haircut/samples/00636.png 34
ucf/Haircut/samples/00637.png 34
ucf/Haircut/samples/00638.png 34
ucf/Haircut/samples/00639.png 34
ucf/Haircut/samples/00640.png 34
ucf/Haircut/samples/00641.png 34
ucf/Haircut/samples/00642.png 34
ucf/Haircut/samples/00643.png 34
ucf/Haircut/samples/00644.png 34
ucf/Haircut/samples/00645.png 34
ucf/Haircut/samples/00646.png 34
ucf/Haircut/samples/00647.png 34
ucf/Haircut/samples/00648.png 34
ucf/Haircut/samples/00649.png 34
ucf/Haircut/samples/00650.png 34
ucf/Haircut/samples/00651.png 34
ucf/Haircut/samples/00652.png 34
ucf/Haircut/samples/00653.png 34
ucf/Haircut/samples/00654.png 34
ucf/Haircut/samples/00655.png 34
ucf/Haircut/samples/00656.png 34
ucf/Haircut/samples/00657.png 34
ucf/Haircut/samples/00658.png 34
ucf/Haircut/samples/00659.png 34
ucf/Haircut/samples/00660.png 34
ucf/Haircut/samples/00661.png 34
ucf/Haircut/samples/00662.png 34
ucf/Haircut/samples/00663.png 34
ucf/Haircut/samples/00664.png 34
ucf/Haircut/samples/00665.png 34
ucf/Haircut/samples/00666.png 34
ucf/Haircut/samples/00667.png 34
ucf/Haircut/samples/00668.png 34
ucf/Haircut/samples/00669.png 34
ucf/Haircut/samples/00670.png 34
ucf/Haircut/samples/00671.png 34
ucf/Haircut/samples/00672.png 34
ucf/Haircut/samples/00673.png 34
ucf/Haircut/samples/00674.png 34
ucf/Haircut/samples/00675.png 34
ucf/Haircut/samples/00676.png 34
ucf/Haircut/samples/00677.png 34
ucf/Haircut/samples/00678.png 34
ucf/Haircut/samples/00679.png 34
ucf/Haircut/samples/00680.png 34
ucf/Haircut/samples/00681.png 34
ucf/Haircut/samples/00682.png 34
ucf/Haircut/samples/00683.png 34
ucf/Haircut/samples/00684.png 34
ucf/Haircut/samples/00685.png 34
ucf/Haircut/samples/00686.png 34
ucf/Haircut/samples/00687.png 34
ucf/Haircut/samples/00688.png 34
ucf/Haircut/samples/00689.png 34
ucf/Haircut/samples/00690.png 34
ucf/Haircut/samples/00691.png 34
ucf/Haircut/samples/00692.png 34
ucf/Haircut/samples/00693.png 34
ucf/Haircut/samples/00694.png 34
ucf/Haircut/samples/00695.png 34
ucf/Haircut/samples/00696.png 34
ucf/Haircut/samples/00697.png 34
ucf/Haircut/samples/00698.png 34
ucf/Haircut/samples/00699.png 34
ucf/Haircut/samples/00700.png 34
ucf/Haircut/samples/00701.png 34
ucf/Haircut/samples/00702.png 34
ucf/Haircut/samples/00703.png 34
ucf/Haircut/samples/00704.png 34
ucf/Haircut/samples/00705.png 34
ucf/Haircut/samples/00706.png 34
ucf/Haircut/samples/00707.png 34
ucf/Haircut/samples/00708.png 34
ucf/Haircut/samples/00709.png 34
ucf/Haircut/samples/00710.png 34
ucf/Haircut/samples/00711.png 34
ucf/Haircut/samples/00712.png 34
ucf/Haircut/samples/00713.png 34
ucf/Haircut/samples/00714.png 34
ucf/Haircut/samples/00715.png 34
ucf/Haircut/samples/00716.png 34
ucf/Haircut/samples/00717.png 34
ucf/Haircut/samples/00718.png 34
ucf/Haircut/samples/00719.png 34
ucf/Haircut/samples/00720.png 34
ucf/Haircut/samples/00721.png 34
ucf/Haircut/samples/00722.png 34
ucf/Haircut/samples/00723.png 34
ucf/Haircut/samples/00724.png 34
ucf/Haircut/samples/00725.png 34
ucf/Haircut/samples/00726.png 34
ucf/Haircut/samples/00727.png 34
ucf/Haircut/samples/00728.png 34
ucf/Haircut/samples/00729.png 34
ucf/Haircut/samples/00730.png 34
ucf/Haircut/samples/00731.png 34
ucf/Haircut/samples/00732.png 34
ucf/Haircut/samples/00733.png 34
ucf/Haircut/samples/00734.png 34
ucf/Haircut/samples/00735.png 34
ucf/Haircut/samples/00736.png 34
ucf/Haircut/samples/00737.png 34
ucf/Haircut/samples/00738.png 34
ucf/Haircut/samples/00739.png 34
ucf/Haircut/samples/00740.png 34
ucf/Haircut/samples/00741.png 34
ucf/Haircut/samples/00742.png 34
ucf/Haircut/samples/00743.png 34
ucf/Haircut/samples/00744.png 34
ucf/Haircut/samples/00745.png 34
ucf/Haircut/samples/00746.png 34
ucf/Haircut/samples/00747.png 34
ucf/Haircut/samples/00748.png 34
ucf/Haircut/samples/00749.png 34
ucf/Haircut/samples/00750.png 34
ucf/Haircut/samples/00751.png 34
ucf/Haircut/samples/00752.png 34
ucf/Haircut/samples/00753.png 34
ucf/Haircut/samples/00754.png 34
ucf/Haircut/samples/00755.png 34
ucf/Haircut/samples/00756.png 34
ucf/Haircut/samples/00757.png 34
ucf/Haircut/samples/00758.png 34
ucf/Haircut/samples/00759.png 34
ucf/Haircut/samples/00760.png 34
ucf/Haircut/samples/00761.png 34
ucf/Haircut/samples/00762.png 34
ucf/Haircut/samples/00763.png 34
ucf/Haircut/samples/00764.png 34
ucf/Haircut/samples/00765.png 34
ucf/Haircut/samples/00766.png 34
ucf/Haircut/samples/00767.png 34
ucf/Haircut/samples/00768.png 34
ucf/Haircut/samples/00769.png 34
ucf/Haircut/samples/00770.png 34
ucf/Haircut/samples/00771.png 34
ucf/Haircut/samples/00772.png 34
ucf/Haircut/samples/00773.png 34
ucf/Haircut/samples/00774.png 34
ucf/Haircut/samples/00775.png 34
ucf/Haircut/samples/00776.png 34
ucf/Haircut/samples/00777.png 34
ucf/Haircut/samples/00778.png 34
ucf/Haircut/samples/00779.png 34
ucf/Haircut/samples/00780.png 34
ucf/Haircut/samples/00781.png 34
ucf/Haircut/samples/00782.png 34
ucf/Haircut/samples/00783.png 34
ucf/Haircut/samples/00784.png 34
ucf/Haircut/samples/00785.png 34
ucf/Haircut/samples/00786.png 34
ucf/Haircut/samples/00787.png 34
ucf/Haircut/samples/00788.png 34
ucf/Haircut/samples/00789.png 34
ucf/Haircut/samples/00790.png 34
ucf/Haircut/samples/00791.png 34
ucf/Haircut/samples/00792.png 34
ucf/Haircut/samples/00793.png 34
ucf/Haircut/samples/00794.png 34
ucf/Haircut/samples/00795.png 34
ucf/Haircut/samples/00796.png 34
ucf/Haircut/samples/00797.png 34
ucf/Haircut/samples/00798.png 34
ucf/Haircut/samples/00799.png 34
ucf/Haircut/samples/00800.png 34
ucf/Haircut/samples/00801.png 34
ucf/Haircut/samples/00802.png 34
ucf/Haircut/samples/00803.png 34
ucf/Haircut/samples/00804.png 34
ucf/Haircut/samples/00805.png 34
ucf/Haircut/samples/00806.png 34
ucf/Haircut/samples/00807.png 34
ucf/Haircut/samples/00808.png 34
ucf/Haircut/samples/00809.png 34
ucf/Haircut/samples/00810.png 34
ucf/Haircut/samples/00811.png 34
ucf/Haircut/samples/00812.png 34
ucf/Haircut/samples/00813.png 34
ucf/Haircut/samples/00814.png 34
ucf/Haircut/samples/00815.png 34
ucf/Haircut/samples/00816.png 34
ucf/Haircut/samples/00817.png 34
ucf/Haircut/samples/00818.png 34
ucf/Haircut/samples/00819.png 34
ucf/Haircut/samples/00820.png 34
ucf/Haircut/samples/00821.png 34
ucf/Haircut/samples/00822.png 34
ucf/Haircut/samples/00823.png 34
ucf/Haircut/samples/00824.png 34
ucf/Haircut/samples/00825.png 34
ucf/Haircut/samples/00826.png 34
ucf/Haircut/samples/00827.png 34
ucf/Haircut/samples/00828.png 34
ucf/Haircut/samples/00829.png 34
ucf/Haircut/samples/00830.png 34
ucf/Haircut/samples/00831.png 34
ucf/Haircut/samples/00832.png 34
ucf/Haircut/samples/00833.png 34
ucf/Haircut/samples/00834.png 34
ucf/Haircut/samples/00835.png 34
ucf/Haircut/samples/00836.png 34
ucf/Haircut/samples/00837.png 34
ucf/Haircut/samples/00838.png 34
ucf/Haircut/samples/00839.png 34
ucf/Haircut/samples/00840.png 34
ucf/Haircut/samples/00841.png 34
ucf/Haircut/samples/00842.png 34
ucf/Haircut/samples/00843.png 34
ucf/Haircut/samples/00844.png 34
ucf/Haircut/samples/00845.png 34
ucf/Haircut/samples/00846.png 34
ucf/Haircut/samples/00847.png 34
ucf/Haircut/samples/00848.png 34
ucf/Haircut/samples/00849.png 34
ucf/Haircut/samples/00850.png 34
ucf/Haircut/samples/00851.png 34
ucf/Haircut/samples/00852.png 34
ucf/Haircut/samples/00853.png 34
ucf/Haircut/samples/00854.png 34
ucf/Haircut/samples/00855.png 34
ucf/Haircut/samples/00856.png 34
ucf/Haircut/samples/00857.png 34
ucf/Haircut/samples/00858.png 34
ucf/Haircut/samples/00859.png 34
ucf/Haircut/samples/00860.png 34
ucf/Haircut/samples/00861.png 34
ucf/Haircut/samples/00862.png 34
ucf/Haircut/samples/00863.png 34
ucf/Haircut/samples/00864.png 34
ucf/Haircut/samples/00865.png 34
ucf/Haircut/samples/00866.png 34
ucf/Haircut/samples/00867.png 34
ucf/Haircut/samples/00868.png 34
ucf/Haircut/samples/00869.png 34
ucf/Haircut/samples/00870.png 34
ucf/Haircut/samples/00871.png 34
ucf/Haircut/samples/00872.png 34
ucf/Haircut/samples/00873.png 34
ucf/Haircut/samples/00874.png 34
ucf/Haircut/samples/00875.png 34
ucf/Haircut/samples/00876.png 34
ucf/Haircut/samples/00877.png 34
ucf/Haircut/samples/00878.png 34
ucf/Haircut/samples/00879.png 34
ucf/Haircut/samples/00880.png 34
ucf/Haircut/samples/00881.png 34
ucf/Haircut/samples/00882.png 34
ucf/Haircut/samples/00883.png 34
ucf/Haircut/samples/00884.png 34
ucf/Haircut/samples/00885.png 34
ucf/Haircut/samples/00886.png 34
ucf/Haircut/samples/00887.png 34
ucf/Haircut/samples/00888.png 34
ucf/Haircut/samples/00889.png 34
ucf/Haircut/samples/00890.png 34
ucf/Haircut/samples/00891.png 34
ucf/Haircut/samples/00892.png 34
ucf/Haircut/samples/00893.png 34
ucf/Haircut/samples/00894.png 34
ucf/Haircut/samples/00895.png 34
ucf/Haircut/samples/00896.png 34
ucf/Haircut/samples/00897.png 34
ucf/Haircut/samples/00898.png 34
ucf/Haircut/samples/00899.png 34
ucf/Haircut/samples/00900.png 34
ucf/Haircut/samples/00901.png 34
ucf/Haircut/samples/00902.png 34
ucf/Haircut/samples/00903.png 34
ucf/Haircut/samples/00904.png 34
ucf/Haircut/samples/00905.png 34
ucf/Haircut/samples/00906.png 34
ucf/Haircut/samples/00907.png 34
ucf/Haircut/samples/00908.png 34
ucf/Haircut/samples/00909.png 34
ucf/Haircut/samples/00910.png 34
ucf/Haircut/samples/00911.png 34
ucf/Haircut/samples/00912.png 34
ucf/Haircut/samples/00913.png 34
ucf/Haircut/samples/00914.png 34
ucf/Haircut/samples/00915.png 34
ucf/Haircut/samples/00916.png 34
ucf/Haircut/samples/00917.png 34
ucf/Haircut/samples/00918.png 34
ucf/Haircut/samples/00919.png 34
ucf/Haircut/samples/00920.png 34
ucf/Haircut/samples/00921.png 34
ucf/Haircut/samples/00922.png 34
ucf/Haircut/samples/00923.png 34
ucf/Haircut/samples/00924.png 34
ucf/Haircut/samples/00925.png 34
ucf/Haircut/samples/00926.png 34
ucf/Haircut/samples/00927.png 34
ucf/Haircut/samples/00928.png 34
ucf/Haircut/samples/00929.png 34
ucf/Haircut/samples/00930.png 34
ucf/Haircut/samples/00931.png 34
ucf/Haircut/samples/00932.png 34
ucf/Haircut/samples/00933.png 34
ucf/Haircut/samples/00934.png 34
ucf/Haircut/samples/00935.png 34
ucf/Haircut/samples/00936.png 34
ucf/Haircut/samples/00937.png 34
ucf/Haircut/samples/00938.png 34
ucf/Haircut/samples/00939.png 34
ucf/Haircut/samples/00940.png 34
ucf/Haircut/samples/00941.png 34
ucf/Haircut/samples/00942.png 34
ucf/Haircut/samples/00943.png 34
ucf/Haircut/samples/00944.png 34
ucf/Haircut/samples/00945.png 34
ucf/Haircut/samples/00946.png 34
ucf/Haircut/samples/00947.png 34
ucf/Haircut/samples/00948.png 34
ucf/Haircut/samples/00949.png 34
ucf/Haircut/samples/00950.png 34
ucf/Haircut/samples/00951.png 34
ucf/Haircut/samples/00952.png 34
ucf/Haircut/samples/00953.png 34
ucf/Haircut/samples/00954.png 34
ucf/Haircut/samples/00955.png 34
ucf/Haircut/samples/00956.png 34
ucf/Haircut/samples/00957.png 34
ucf/Haircut/samples/00958.png 34
ucf/Haircut/samples/00959.png 34
ucf/Haircut/samples/00960.png 34
ucf/Haircut/samples/00961.png 34
ucf/Haircut/samples/00962.png 34
ucf/Haircut/samples/00963.png 34
ucf/Haircut/samples/00964.png 34
ucf/Haircut/samples/00965.png 34
ucf/Haircut/samples/00966.png 34
ucf/Haircut/samples/00967.png 34
ucf/Haircut/samples/00968.png 34
ucf/Haircut/samples/00969.png 34
ucf/Haircut/samples/00970.png 34
ucf/Haircut/samples/00971.png 34
ucf/Haircut/samples/00972.png 34
ucf/Haircut/samples/00973.png 34
ucf/Haircut/samples/00974.png 34
ucf/Haircut/samples/00975.png 34
ucf/Haircut/samples/00976.png 34
ucf/Haircut/samples/00977.png 34
ucf/Haircut/samples/00978.png 34
ucf/Haircut/samples/00979.png 34
ucf/Haircut/samples/00980.png 34
ucf/Haircut/samples/00981.png 34
ucf/Haircut/samples/00982.png 34
ucf/Haircut/samples/00983.png 34
ucf/Haircut/samples/00984.png 34
ucf/Haircut/samples/00985.png 34
ucf/Haircut/samples/00986.png 34
ucf/Haircut/samples/00987.png 34
ucf/Haircut/samples/00988.png 34
ucf/Haircut/samples/00989.png 34
ucf/Haircut/samples/00990.png 34
ucf/Haircut/samples/00991.png 34
ucf/Haircut/samples/00992.png 34
ucf/Haircut/samples/00993.png 34
ucf/Haircut/samples/00994.png 34
ucf/Haircut/samples/00995.png 34
ucf/Haircut/samples/00996.png 34
ucf/Haircut/samples/00997.png 34
ucf/Haircut/samples/00998.png 34
ucf/Haircut/samples/00999.png 34
ucf/RopeClimbing/samples/00000.png 75
ucf/RopeClimbing/samples/00001.png 75
ucf/RopeClimbing/samples/00002.png 75
ucf/RopeClimbing/samples/00003.png 75
ucf/RopeClimbing/samples/00004.png 75
ucf/RopeClimbing/samples/00005.png 75
ucf/RopeClimbing/samples/00006.png 75
ucf/RopeClimbing/samples/00007.png 75
ucf/RopeClimbing/samples/00008.png 75
ucf/RopeClimbing/samples/00009.png 75
ucf/RopeClimbing/samples/00010.png 75
ucf/RopeClimbing/samples/00011.png 75
ucf/RopeClimbing/samples/00012.png 75
ucf/RopeClimbing/samples/00013.png 75
ucf/RopeClimbing/samples/00014.png 75
ucf/RopeClimbing/samples/00015.png 75
ucf/RopeClimbing/samples/00016.png 75
ucf/RopeClimbing/samples/00017.png 75
ucf/RopeClimbing/samples/00018.png 75
ucf/RopeClimbing/samples/00019.png 75
ucf/RopeClimbing/samples/00020.png 75
ucf/RopeClimbing/samples/00021.png 75
ucf/RopeClimbing/samples/00022.png 75
ucf/RopeClimbing/samples/00023.png 75
ucf/RopeClimbing/samples/00024.png 75
ucf/RopeClimbing/samples/00025.png 75
ucf/RopeClimbing/samples/00026.png 75
ucf/RopeClimbing/samples/00027.png 75
ucf/RopeClimbing/samples/00028.png 75
ucf/RopeClimbing/samples/00029.png 75
ucf/RopeClimbing/samples/00030.png 75
ucf/RopeClimbing/samples/00031.png 75
ucf/RopeClimbing/samples/00032.png 75
ucf/RopeClimbing/samples/00033.png 75
ucf/RopeClimbing/samples/00034.png 75
ucf/RopeClimbing/samples/00035.png 75
ucf/RopeClimbing/samples/00036.png 75
ucf/RopeClimbing/samples/00037.png 75
ucf/RopeClimbing/samples/00038.png 75
ucf/RopeClimbing/samples/00039.png 75
ucf/RopeClimbing/samples/00040.png 75
ucf/RopeClimbing/samples/00041.png 75
ucf/RopeClimbing/samples/00042.png 75
ucf/RopeClimbing/samples/00043.png 75
ucf/RopeClimbing/samples/00044.png 75
ucf/RopeClimbing/samples/00045.png 75
ucf/RopeClimbing/samples/00046.png 75
ucf/RopeClimbing/samples/00047.png 75
ucf/RopeClimbing/samples/00048.png 75
ucf/RopeClimbing/samples/00049.png 75
ucf/RopeClimbing/samples/00050.png 75
ucf/RopeClimbing/samples/00051.png 75
ucf/RopeClimbing/samples/00052.png 75
ucf/RopeClimbing/samples/00053.png 75
ucf/RopeClimbing/samples/00054.png 75
ucf/RopeClimbing/samples/00055.png 75
ucf/RopeClimbing/samples/00056.png 75
ucf/RopeClimbing/samples/00057.png 75
ucf/RopeClimbing/samples/00058.png 75
ucf/RopeClimbing/samples/00059.png 75
ucf/RopeClimbing/samples/00060.png 75
ucf/RopeClimbing/samples/00061.png 75
ucf/RopeClimbing/samples/00062.png 75
ucf/RopeClimbing/samples/00063.png 75
ucf/RopeClimbing/samples/00064.png 75
ucf/RopeClimbing/samples/00065.png 75
ucf/RopeClimbing/samples/00066.png 75
ucf/RopeClimbing/samples/00067.png 75
ucf/RopeClimbing/samples/00068.png 75
ucf/RopeClimbing/samples/00069.png 75
ucf/RopeClimbing/samples/00070.png 75
ucf/RopeClimbing/samples/00071.png 75
ucf/RopeClimbing/samples/00072.png 75
ucf/RopeClimbing/samples/00073.png 75
ucf/RopeClimbing/samples/00074.png 75
ucf/RopeClimbing/samples/00075.png 75
ucf/RopeClimbing/samples/00076.png 75
ucf/RopeClimbing/samples/00077.png 75
ucf/RopeClimbing/samples/00078.png 75
ucf/RopeClimbing/samples/00079.png 75
ucf/RopeClimbing/samples/00080.png 75
ucf/RopeClimbing/samples/00081.png 75
ucf/RopeClimbing/samples/00082.png 75
ucf/RopeClimbing/samples/00083.png 75
ucf/RopeClimbing/samples/00084.png 75
ucf/RopeClimbing/samples/00085.png 75
ucf/RopeClimbing/samples/00086.png 75
ucf/RopeClimbing/samples/00087.png 75
ucf/RopeClimbing/samples/00088.png 75
ucf/RopeClimbing/samples/00089.png 75
ucf/RopeClimbing/samples/00090.png 75
ucf/RopeClimbing/samples/00091.png 75
ucf/RopeClimbing/samples/00092.png 75
ucf/RopeClimbing/samples/00093.png 75
ucf/RopeClimbing/samples/00094.png 75
ucf/RopeClimbing/samples/00095.png 75
ucf/RopeClimbing/samples/00096.png 75
ucf/RopeClimbing/samples/00097.png 75
ucf/RopeClimbing/samples/00098.png 75
ucf/RopeClimbing/samples/00099.png 75
ucf/RopeClimbing/samples/00100.png 75
ucf/RopeClimbing/samples/00101.png 75
ucf/RopeClimbing/samples/00102.png 75
ucf/RopeClimbing/samples/00103.png 75
ucf/RopeClimbing/samples/00104.png 75
ucf/RopeClimbing/samples/00105.png 75
ucf/RopeClimbing/samples/00106.png 75
ucf/RopeClimbing/samples/00107.png 75
ucf/RopeClimbing/samples/00108.png 75
ucf/RopeClimbing/samples/00109.png 75
ucf/RopeClimbing/samples/00110.png 75
ucf/RopeClimbing/samples/00111.png 75
ucf/RopeClimbing/samples/00112.png 75
ucf/RopeClimbing/samples/00113.png 75
ucf/RopeClimbing/samples/00114.png 75
ucf/RopeClimbing/samples/00115.png 75
ucf/RopeClimbing/samples/00116.png 75
ucf/RopeClimbing/samples/00117.png 75
ucf/RopeClimbing/samples/00118.png 75
ucf/RopeClimbing/samples/00119.png 75
ucf/RopeClimbing/samples/00120.png 75
ucf/RopeClimbing/samples/00121.png 75
ucf/RopeClimbing/samples/00122.png 75
ucf/RopeClimbing/samples/00123.png 75
ucf/RopeClimbing/samples/00124.png 75
ucf/RopeClimbing/samples/00125.png 75
ucf/RopeClimbing/samples/00126.png 75
ucf/RopeClimbing/samples/00127.png 75
ucf/RopeClimbing/samples/00128.png 75
ucf/RopeClimbing/samples/00129.png 75
ucf/RopeClimbing/samples/00130.png 75
ucf/RopeClimbing/samples/00131.png 75
ucf/RopeClimbing/samples/00132.png 75
ucf/RopeClimbing/samples/00133.png 75
ucf/RopeClimbing/samples/00134.png 75
ucf/RopeClimbing/samples/00135.png 75
ucf/RopeClimbing/samples/00136.png 75
ucf/RopeClimbing/samples/00137.png 75
ucf/RopeClimbing/samples/00138.png 75
ucf/RopeClimbing/samples/00139.png 75
ucf/RopeClimbing/samples/00140.png 75
ucf/RopeClimbing/samples/00141.png 75
ucf/RopeClimbing/samples/00142.png 75
ucf/RopeClimbing/samples/00143.png 75
ucf/RopeClimbing/samples/00144.png 75
ucf/RopeClimbing/samples/00145.png 75
ucf/RopeClimbing/samples/00146.png 75
ucf/RopeClimbing/samples/00147.png 75
ucf/RopeClimbing/samples/00148.png 75
ucf/RopeClimbing/samples/00149.png 75
ucf/RopeClimbing/samples/00150.png 75
ucf/RopeClimbing/samples/00151.png 75
ucf/RopeClimbing/samples/00152.png 75
ucf/RopeClimbing/samples/00153.png 75
ucf/RopeClimbing/samples/00154.png 75
ucf/RopeClimbing/samples/00155.png 75
ucf/RopeClimbing/samples/00156.png 75
ucf/RopeClimbing/samples/00157.png 75
ucf/RopeClimbing/samples/00158.png 75
ucf/RopeClimbing/samples/00159.png 75
ucf/RopeClimbing/samples/00160.png 75
ucf/RopeClimbing/samples/00161.png 75
ucf/RopeClimbing/samples/00162.png 75
ucf/RopeClimbing/samples/00163.png 75
ucf/RopeClimbing/samples/00164.png 75
ucf/RopeClimbing/samples/00165.png 75
ucf/RopeClimbing/samples/00166.png 75
ucf/RopeClimbing/samples/00167.png 75
ucf/RopeClimbing/samples/00168.png 75
ucf/RopeClimbing/samples/00169.png 75
ucf/RopeClimbing/samples/00170.png 75
ucf/RopeClimbing/samples/00171.png 75
ucf/RopeClimbing/samples/00172.png 75
ucf/RopeClimbing/samples/00173.png 75
ucf/RopeClimbing/samples/00174.png 75
ucf/RopeClimbing/samples/00175.png 75
ucf/RopeClimbing/samples/00176.png 75
ucf/RopeClimbing/samples/00177.png 75
ucf/RopeClimbing/samples/00178.png 75
ucf/RopeClimbing/samples/00179.png 75
ucf/RopeClimbing/samples/00180.png 75
ucf/RopeClimbing/samples/00181.png 75
ucf/RopeClimbing/samples/00182.png 75
ucf/RopeClimbing/samples/00183.png 75
ucf/RopeClimbing/samples/00184.png 75
ucf/RopeClimbing/samples/00185.png 75
ucf/RopeClimbing/samples/00186.png 75
ucf/RopeClimbing/samples/00187.png 75
ucf/RopeClimbing/samples/00188.png 75
ucf/RopeClimbing/samples/00189.png 75
ucf/RopeClimbing/samples/00190.png 75
ucf/RopeClimbing/samples/00191.png 75
ucf/RopeClimbing/samples/00192.png 75
ucf/RopeClimbing/samples/00193.png 75
ucf/RopeClimbing/samples/00194.png 75
ucf/RopeClimbing/samples/00195.png 75
ucf/RopeClimbing/samples/00196.png 75
ucf/RopeClimbing/samples/00197.png 75
ucf/RopeClimbing/samples/00198.png 75
ucf/RopeClimbing/samples/00199.png 75
ucf/RopeClimbing/samples/00200.png 75
ucf/RopeClimbing/samples/00201.png 75
ucf/RopeClimbing/samples/00202.png 75
ucf/RopeClimbing/samples/00203.png 75
ucf/RopeClimbing/samples/00204.png 75
ucf/RopeClimbing/samples/00205.png 75
ucf/RopeClimbing/samples/00206.png 75
ucf/RopeClimbing/samples/00207.png 75
ucf/RopeClimbing/samples/00208.png 75
ucf/RopeClimbing/samples/00209.png 75
ucf/RopeClimbing/samples/00210.png 75
ucf/RopeClimbing/samples/00211.png 75
ucf/RopeClimbing/samples/00212.png 75
ucf/RopeClimbing/samples/00213.png 75
ucf/RopeClimbing/samples/00214.png 75
ucf/RopeClimbing/samples/00215.png 75
ucf/RopeClimbing/samples/00216.png 75
ucf/RopeClimbing/samples/00217.png 75
ucf/RopeClimbing/samples/00218.png 75
ucf/RopeClimbing/samples/00219.png 75
ucf/RopeClimbing/samples/00220.png 75
ucf/RopeClimbing/samples/00221.png 75
ucf/RopeClimbing/samples/00222.png 75
ucf/RopeClimbing/samples/00223.png 75
ucf/RopeClimbing/samples/00224.png 75
ucf/RopeClimbing/samples/00225.png 75
ucf/RopeClimbing/samples/00226.png 75
ucf/RopeClimbing/samples/00227.png 75
ucf/RopeClimbing/samples/00228.png 75
ucf/RopeClimbing/samples/00229.png 75
ucf/RopeClimbing/samples/00230.png 75
ucf/RopeClimbing/samples/00231.png 75
ucf/RopeClimbing/samples/00232.png 75
ucf/RopeClimbing/samples/00233.png 75
ucf/RopeClimbing/samples/00234.png 75
ucf/RopeClimbing/samples/00235.png 75
ucf/RopeClimbing/samples/00236.png 75
ucf/RopeClimbing/samples/00237.png 75
ucf/RopeClimbing/samples/00238.png 75
ucf/RopeClimbing/samples/00239.png 75
ucf/RopeClimbing/samples/00240.png 75
ucf/RopeClimbing/samples/00241.png 75
ucf/RopeClimbing/samples/00242.png 75
ucf/RopeClimbing/samples/00243.png 75
ucf/RopeClimbing/samples/00244.png 75
ucf/RopeClimbing/samples/00245.png 75
ucf/RopeClimbing/samples/00246.png 75
ucf/RopeClimbing/samples/00247.png 75
ucf/RopeClimbing/samples/00248.png 75
ucf/RopeClimbing/samples/00249.png 75
ucf/RopeClimbing/samples/00250.png 75
ucf/RopeClimbing/samples/00251.png 75
ucf/RopeClimbing/samples/00252.png 75
ucf/RopeClimbing/samples/00253.png 75
ucf/RopeClimbing/samples/00254.png 75
ucf/RopeClimbing/samples/00255.png 75
ucf/RopeClimbing/samples/00256.png 75
ucf/RopeClimbing/samples/00257.png 75
ucf/RopeClimbing/samples/00258.png 75
ucf/RopeClimbing/samples/00259.png 75
ucf/RopeClimbing/samples/00260.png 75
ucf/RopeClimbing/samples/00261.png 75
ucf/RopeClimbing/samples/00262.png 75
ucf/RopeClimbing/samples/00263.png 75
ucf/RopeClimbing/samples/00264.png 75
ucf/RopeClimbing/samples/00265.png 75
ucf/RopeClimbing/samples/00266.png 75
ucf/RopeClimbing/samples/00267.png 75
ucf/RopeClimbing/samples/00268.png 75
ucf/RopeClimbing/samples/00269.png 75
ucf/RopeClimbing/samples/00270.png 75
ucf/RopeClimbing/samples/00271.png 75
ucf/RopeClimbing/samples/00272.png 75
ucf/RopeClimbing/samples/00273.png 75
ucf/RopeClimbing/samples/00274.png 75
ucf/RopeClimbing/samples/00275.png 75
ucf/RopeClimbing/samples/00276.png 75
ucf/RopeClimbing/samples/00277.png 75
ucf/RopeClimbing/samples/00278.png 75
ucf/RopeClimbing/samples/00279.png 75
ucf/RopeClimbing/samples/00280.png 75
ucf/RopeClimbing/samples/00281.png 75
ucf/RopeClimbing/samples/00282.png 75
ucf/RopeClimbing/samples/00283.png 75
ucf/RopeClimbing/samples/00284.png 75
ucf/RopeClimbing/samples/00285.png 75
ucf/RopeClimbing/samples/00286.png 75
ucf/RopeClimbing/samples/00287.png 75
ucf/RopeClimbing/samples/00288.png 75
ucf/RopeClimbing/samples/00289.png 75
ucf/RopeClimbing/samples/00290.png 75
ucf/RopeClimbing/samples/00291.png 75
ucf/RopeClimbing/samples/00292.png 75
ucf/RopeClimbing/samples/00293.png 75
ucf/RopeClimbing/samples/00294.png 75
ucf/RopeClimbing/samples/00295.png 75
ucf/RopeClimbing/samples/00296.png 75
ucf/RopeClimbing/samples/00297.png 75
ucf/RopeClimbing/samples/00298.png 75
ucf/RopeClimbing/samples/00299.png 75
ucf/RopeClimbing/samples/00300.png 75
ucf/RopeClimbing/samples/00301.png 75
ucf/RopeClimbing/samples/00302.png 75
ucf/RopeClimbing/samples/00303.png 75
ucf/RopeClimbing/samples/00304.png 75
ucf/RopeClimbing/samples/00305.png 75
ucf/RopeClimbing/samples/00306.png 75
ucf/RopeClimbing/samples/00307.png 75
ucf/RopeClimbing/samples/00308.png 75
ucf/RopeClimbing/samples/00309.png 75
ucf/RopeClimbing/samples/00310.png 75
ucf/RopeClimbing/samples/00311.png 75
ucf/RopeClimbing/samples/00312.png 75
ucf/RopeClimbing/samples/00313.png 75
ucf/RopeClimbing/samples/00314.png 75
ucf/RopeClimbing/samples/00315.png 75
ucf/RopeClimbing/samples/00316.png 75
ucf/RopeClimbing/samples/00317.png 75
ucf/RopeClimbing/samples/00318.png 75
ucf/RopeClimbing/samples/00319.png 75
ucf/RopeClimbing/samples/00320.png 75
ucf/RopeClimbing/samples/00321.png 75
ucf/RopeClimbing/samples/00322.png 75
ucf/RopeClimbing/samples/00323.png 75
ucf/RopeClimbing/samples/00324.png 75
ucf/RopeClimbing/samples/00325.png 75
ucf/RopeClimbing/samples/00326.png 75
ucf/RopeClimbing/samples/00327.png 75
ucf/RopeClimbing/samples/00328.png 75
ucf/RopeClimbing/samples/00329.png 75
ucf/RopeClimbing/samples/00330.png 75
ucf/RopeClimbing/samples/00331.png 75
ucf/RopeClimbing/samples/00332.png 75
ucf/RopeClimbing/samples/00333.png 75
ucf/RopeClimbing/samples/00334.png 75
ucf/RopeClimbing/samples/00335.png 75
ucf/RopeClimbing/samples/00336.png 75
ucf/RopeClimbing/samples/00337.png 75
ucf/RopeClimbing/samples/00338.png 75
ucf/RopeClimbing/samples/00339.png 75
ucf/RopeClimbing/samples/00340.png 75
ucf/RopeClimbing/samples/00341.png 75
ucf/RopeClimbing/samples/00342.png 75
ucf/RopeClimbing/samples/00343.png 75
ucf/RopeClimbing/samples/00344.png 75
ucf/RopeClimbing/samples/00345.png 75
ucf/RopeClimbing/samples/00346.png 75
ucf/RopeClimbing/samples/00347.png 75
ucf/RopeClimbing/samples/00348.png 75
ucf/RopeClimbing/samples/00349.png 75
ucf/RopeClimbing/samples/00350.png 75
ucf/RopeClimbing/samples/00351.png 75
ucf/RopeClimbing/samples/00352.png 75
ucf/RopeClimbing/samples/00353.png 75
ucf/RopeClimbing/samples/00354.png 75
ucf/RopeClimbing/samples/00355.png 75
ucf/RopeClimbing/samples/00356.png 75
ucf/RopeClimbing/samples/00357.png 75
ucf/RopeClimbing/samples/00358.png 75
ucf/RopeClimbing/samples/00359.png 75
ucf/RopeClimbing/samples/00360.png 75
ucf/RopeClimbing/samples/00361.png 75
ucf/RopeClimbing/samples/00362.png 75
ucf/RopeClimbing/samples/00363.png 75
ucf/RopeClimbing/samples/00364.png 75
ucf/RopeClimbing/samples/00365.png 75
ucf/RopeClimbing/samples/00366.png 75
ucf/RopeClimbing/samples/00367.png 75
ucf/RopeClimbing/samples/00368.png 75
ucf/RopeClimbing/samples/00369.png 75
ucf/RopeClimbing/samples/00370.png 75
ucf/RopeClimbing/samples/00371.png 75
ucf/RopeClimbing/samples/00372.png 75
ucf/RopeClimbing/samples/00373.png 75
ucf/RopeClimbing/samples/00374.png 75
ucf/RopeClimbing/samples/00375.png 75
ucf/RopeClimbing/samples/00376.png 75
ucf/RopeClimbing/samples/00377.png 75
ucf/RopeClimbing/samples/00378.png 75
ucf/RopeClimbing/samples/00379.png 75
ucf/RopeClimbing/samples/00380.png 75
ucf/RopeClimbing/samples/00381.png 75
ucf/RopeClimbing/samples/00382.png 75
ucf/RopeClimbing/samples/00383.png 75
ucf/RopeClimbing/samples/00384.png 75
ucf/RopeClimbing/samples/00385.png 75
ucf/RopeClimbing/samples/00386.png 75
ucf/RopeClimbing/samples/00387.png 75
ucf/RopeClimbing/samples/00388.png 75
ucf/RopeClimbing/samples/00389.png 75
ucf/RopeClimbing/samples/00390.png 75
ucf/RopeClimbing/samples/00391.png 75
ucf/RopeClimbing/samples/00392.png 75
ucf/RopeClimbing/samples/00393.png 75
ucf/RopeClimbing/samples/00394.png 75
ucf/RopeClimbing/samples/00395.png 75
ucf/RopeClimbing/samples/00396.png 75
ucf/RopeClimbing/samples/00397.png 75
ucf/RopeClimbing/samples/00398.png 75
ucf/RopeClimbing/samples/00399.png 75
ucf/RopeClimbing/samples/00400.png 75
ucf/RopeClimbing/samples/00401.png 75
ucf/RopeClimbing/samples/00402.png 75
ucf/RopeClimbing/samples/00403.png 75
ucf/RopeClimbing/samples/00404.png 75
ucf/RopeClimbing/samples/00405.png 75
ucf/RopeClimbing/samples/00406.png 75
ucf/RopeClimbing/samples/00407.png 75
ucf/RopeClimbing/samples/00408.png 75
ucf/RopeClimbing/samples/00409.png 75
ucf/RopeClimbing/samples/00410.png 75
ucf/RopeClimbing/samples/00411.png 75
ucf/RopeClimbing/samples/00412.png 75
ucf/RopeClimbing/samples/00413.png 75
ucf/RopeClimbing/samples/00414.png 75
ucf/RopeClimbing/samples/00415.png 75
ucf/RopeClimbing/samples/00416.png 75
ucf/RopeClimbing/samples/00417.png 75
ucf/RopeClimbing/samples/00418.png 75
ucf/RopeClimbing/samples/00419.png 75
ucf/RopeClimbing/samples/00420.png 75
ucf/RopeClimbing/samples/00421.png 75
ucf/RopeClimbing/samples/00422.png 75
ucf/RopeClimbing/samples/00423.png 75
ucf/RopeClimbing/samples/00424.png 75
ucf/RopeClimbing/samples/00425.png 75
ucf/RopeClimbing/samples/00426.png 75
ucf/RopeClimbing/samples/00427.png 75
ucf/RopeClimbing/samples/00428.png 75
ucf/RopeClimbing/samples/00429.png 75
ucf/RopeClimbing/samples/00430.png 75
ucf/RopeClimbing/samples/00431.png 75
ucf/RopeClimbing/samples/00432.png 75
ucf/RopeClimbing/samples/00433.png 75
ucf/RopeClimbing/samples/00434.png 75
ucf/RopeClimbing/samples/00435.png 75
ucf/RopeClimbing/samples/00436.png 75
ucf/RopeClimbing/samples/00437.png 75
ucf/RopeClimbing/samples/00438.png 75
ucf/RopeClimbing/samples/00439.png 75
ucf/RopeClimbing/samples/00440.png 75
ucf/RopeClimbing/samples/00441.png 75
ucf/RopeClimbing/samples/00442.png 75
ucf/RopeClimbing/samples/00443.png 75
ucf/RopeClimbing/samples/00444.png 75
ucf/RopeClimbing/samples/00445.png 75
ucf/RopeClimbing/samples/00446.png 75
ucf/RopeClimbing/samples/00447.png 75
ucf/RopeClimbing/samples/00448.png 75
ucf/RopeClimbing/samples/00449.png 75
ucf/RopeClimbing/samples/00450.png 75
ucf/RopeClimbing/samples/00451.png 75
ucf/RopeClimbing/samples/00452.png 75
ucf/RopeClimbing/samples/00453.png 75
ucf/RopeClimbing/samples/00454.png 75
ucf/RopeClimbing/samples/00455.png 75
ucf/RopeClimbing/samples/00456.png 75
ucf/RopeClimbing/samples/00457.png 75
ucf/RopeClimbing/samples/00458.png 75
ucf/RopeClimbing/samples/00459.png 75
ucf/RopeClimbing/samples/00460.png 75
ucf/RopeClimbing/samples/00461.png 75
ucf/RopeClimbing/samples/00462.png 75
ucf/RopeClimbing/samples/00463.png 75
ucf/RopeClimbing/samples/00464.png 75
ucf/RopeClimbing/samples/00465.png 75
ucf/RopeClimbing/samples/00466.png 75
ucf/RopeClimbing/samples/00467.png 75
ucf/RopeClimbing/samples/00468.png 75
ucf/RopeClimbing/samples/00469.png 75
ucf/RopeClimbing/samples/00470.png 75
ucf/RopeClimbing/samples/00471.png 75
ucf/RopeClimbing/samples/00472.png 75
ucf/RopeClimbing/samples/00473.png 75
ucf/RopeClimbing/samples/00474.png 75
ucf/RopeClimbing/samples/00475.png 75
ucf/RopeClimbing/samples/00476.png 75
ucf/RopeClimbing/samples/00477.png 75
ucf/RopeClimbing/samples/00478.png 75
ucf/RopeClimbing/samples/00479.png 75
ucf/RopeClimbing/samples/00480.png 75
ucf/RopeClimbing/samples/00481.png 75
ucf/RopeClimbing/samples/00482.png 75
ucf/RopeClimbing/samples/00483.png 75
ucf/RopeClimbing/samples/00484.png 75
ucf/RopeClimbing/samples/00485.png 75
ucf/RopeClimbing/samples/00486.png 75
ucf/RopeClimbing/samples/00487.png 75
ucf/RopeClimbing/samples/00488.png 75
ucf/RopeClimbing/samples/00489.png 75
ucf/RopeClimbing/samples/00490.png 75
ucf/RopeClimbing/samples/00491.png 75
ucf/RopeClimbing/samples/00492.png 75
ucf/RopeClimbing/samples/00493.png 75
ucf/RopeClimbing/samples/00494.png 75
ucf/RopeClimbing/samples/00495.png 75
ucf/RopeClimbing/samples/00496.png 75
ucf/RopeClimbing/samples/00497.png 75
ucf/RopeClimbing/samples/00498.png 75
ucf/RopeClimbing/samples/00499.png 75
ucf/RopeClimbing/samples/00500.png 75
ucf/RopeClimbing/samples/00501.png 75
ucf/RopeClimbing/samples/00502.png 75
ucf/RopeClimbing/samples/00503.png 75
ucf/RopeClimbing/samples/00504.png 75
ucf/RopeClimbing/samples/00505.png 75
ucf/RopeClimbing/samples/00506.png 75
ucf/RopeClimbing/samples/00507.png 75
ucf/RopeClimbing/samples/00508.png 75
ucf/RopeClimbing/samples/00509.png 75
ucf/RopeClimbing/samples/00510.png 75
ucf/RopeClimbing/samples/00511.png 75
ucf/RopeClimbing/samples/00512.png 75
ucf/RopeClimbing/samples/00513.png 75
ucf/RopeClimbing/samples/00514.png 75
ucf/RopeClimbing/samples/00515.png 75
ucf/RopeClimbing/samples/00516.png 75
ucf/RopeClimbing/samples/00517.png 75
ucf/RopeClimbing/samples/00518.png 75
ucf/RopeClimbing/samples/00519.png 75
ucf/RopeClimbing/samples/00520.png 75
ucf/RopeClimbing/samples/00521.png 75
ucf/RopeClimbing/samples/00522.png 75
ucf/RopeClimbing/samples/00523.png 75
ucf/RopeClimbing/samples/00524.png 75
ucf/RopeClimbing/samples/00525.png 75
ucf/RopeClimbing/samples/00526.png 75
ucf/RopeClimbing/samples/00527.png 75
ucf/RopeClimbing/samples/00528.png 75
ucf/RopeClimbing/samples/00529.png 75
ucf/RopeClimbing/samples/00530.png 75
ucf/RopeClimbing/samples/00531.png 75
ucf/RopeClimbing/samples/00532.png 75
ucf/RopeClimbing/samples/00533.png 75
ucf/RopeClimbing/samples/00534.png 75
ucf/RopeClimbing/samples/00535.png 75
ucf/RopeClimbing/samples/00536.png 75
ucf/RopeClimbing/samples/00537.png 75
ucf/RopeClimbing/samples/00538.png 75
ucf/RopeClimbing/samples/00539.png 75
ucf/RopeClimbing/samples/00540.png 75
ucf/RopeClimbing/samples/00541.png 75
ucf/RopeClimbing/samples/00542.png 75
ucf/RopeClimbing/samples/00543.png 75
ucf/RopeClimbing/samples/00544.png 75
ucf/RopeClimbing/samples/00545.png 75
ucf/RopeClimbing/samples/00546.png 75
ucf/RopeClimbing/samples/00547.png 75
ucf/RopeClimbing/samples/00548.png 75
ucf/RopeClimbing/samples/00549.png 75
ucf/RopeClimbing/samples/00550.png 75
ucf/RopeClimbing/samples/00551.png 75
ucf/RopeClimbing/samples/00552.png 75
ucf/RopeClimbing/samples/00553.png 75
ucf/RopeClimbing/samples/00554.png 75
ucf/RopeClimbing/samples/00555.png 75
ucf/RopeClimbing/samples/00556.png 75
ucf/RopeClimbing/samples/00557.png 75
ucf/RopeClimbing/samples/00558.png 75
ucf/RopeClimbing/samples/00559.png 75
ucf/RopeClimbing/samples/00560.png 75
ucf/RopeClimbing/samples/00561.png 75
ucf/RopeClimbing/samples/00562.png 75
ucf/RopeClimbing/samples/00563.png 75
ucf/RopeClimbing/samples/00564.png 75
ucf/RopeClimbing/samples/00565.png 75
ucf/RopeClimbing/samples/00566.png 75
ucf/RopeClimbing/samples/00567.png 75
ucf/RopeClimbing/samples/00568.png 75
ucf/RopeClimbing/samples/00569.png 75
ucf/RopeClimbing/samples/00570.png 75
ucf/RopeClimbing/samples/00571.png 75
ucf/RopeClimbing/samples/00572.png 75
ucf/RopeClimbing/samples/00573.png 75
ucf/RopeClimbing/samples/00574.png 75
ucf/RopeClimbing/samples/00575.png 75
ucf/RopeClimbing/samples/00576.png 75
ucf/RopeClimbing/samples/00577.png 75
ucf/RopeClimbing/samples/00578.png 75
ucf/RopeClimbing/samples/00579.png 75
ucf/RopeClimbing/samples/00580.png 75
ucf/RopeClimbing/samples/00581.png 75
ucf/RopeClimbing/samples/00582.png 75
ucf/RopeClimbing/samples/00583.png 75
ucf/RopeClimbing/samples/00584.png 75
ucf/RopeClimbing/samples/00585.png 75
ucf/RopeClimbing/samples/00586.png 75
ucf/RopeClimbing/samples/00587.png 75
ucf/RopeClimbing/samples/00588.png 75
ucf/RopeClimbing/samples/00589.png 75
ucf/RopeClimbing/samples/00590.png 75
ucf/RopeClimbing/samples/00591.png 75
ucf/RopeClimbing/samples/00592.png 75
ucf/RopeClimbing/samples/00593.png 75
ucf/RopeClimbing/samples/00594.png 75
ucf/RopeClimbing/samples/00595.png 75
ucf/RopeClimbing/samples/00596.png 75
ucf/RopeClimbing/samples/00597.png 75
ucf/RopeClimbing/samples/00598.png 75
ucf/RopeClimbing/samples/00599.png 75
ucf/RopeClimbing/samples/00600.png 75
ucf/RopeClimbing/samples/00601.png 75
ucf/RopeClimbing/samples/00602.png 75
ucf/RopeClimbing/samples/00603.png 75
ucf/RopeClimbing/samples/00604.png 75
ucf/RopeClimbing/samples/00605.png 75
ucf/RopeClimbing/samples/00606.png 75
ucf/RopeClimbing/samples/00607.png 75
ucf/RopeClimbing/samples/00608.png 75
ucf/RopeClimbing/samples/00609.png 75
ucf/RopeClimbing/samples/00610.png 75
ucf/RopeClimbing/samples/00611.png 75
ucf/RopeClimbing/samples/00612.png 75
ucf/RopeClimbing/samples/00613.png 75
ucf/RopeClimbing/samples/00614.png 75
ucf/RopeClimbing/samples/00615.png 75
ucf/RopeClimbing/samples/00616.png 75
ucf/RopeClimbing/samples/00617.png 75
ucf/RopeClimbing/samples/00618.png 75
ucf/RopeClimbing/samples/00619.png 75
ucf/RopeClimbing/samples/00620.png 75
ucf/RopeClimbing/samples/00621.png 75
ucf/RopeClimbing/samples/00622.png 75
ucf/RopeClimbing/samples/00623.png 75
ucf/RopeClimbing/samples/00624.png 75
ucf/RopeClimbing/samples/00625.png 75
ucf/RopeClimbing/samples/00626.png 75
ucf/RopeClimbing/samples/00627.png 75
ucf/RopeClimbing/samples/00628.png 75
ucf/RopeClimbing/samples/00629.png 75
ucf/RopeClimbing/samples/00630.png 75
ucf/RopeClimbing/samples/00631.png 75
ucf/RopeClimbing/samples/00632.png 75
ucf/RopeClimbing/samples/00633.png 75
ucf/RopeClimbing/samples/00634.png 75
ucf/RopeClimbing/samples/00635.png 75
ucf/RopeClimbing/samples/00636.png 75
ucf/RopeClimbing/samples/00637.png 75
ucf/RopeClimbing/samples/00638.png 75
ucf/RopeClimbing/samples/00639.png 75
ucf/RopeClimbing/samples/00640.png 75
ucf/RopeClimbing/samples/00641.png 75
ucf/RopeClimbing/samples/00642.png 75
ucf/RopeClimbing/samples/00643.png 75
ucf/RopeClimbing/samples/00644.png 75
ucf/RopeClimbing/samples/00645.png 75
ucf/RopeClimbing/samples/00646.png 75
ucf/RopeClimbing/samples/00647.png 75
ucf/RopeClimbing/samples/00648.png 75
ucf/RopeClimbing/samples/00649.png 75
ucf/RopeClimbing/samples/00650.png 75
ucf/RopeClimbing/samples/00651.png 75
ucf/RopeClimbing/samples/00652.png 75
ucf/RopeClimbing/samples/00653.png 75
ucf/RopeClimbing/samples/00654.png 75
ucf/RopeClimbing/samples/00655.png 75
ucf/RopeClimbing/samples/00656.png 75
ucf/RopeClimbing/samples/00657.png 75
ucf/RopeClimbing/samples/00658.png 75
ucf/RopeClimbing/samples/00659.png 75
ucf/RopeClimbing/samples/00660.png 75
ucf/RopeClimbing/samples/00661.png 75
ucf/RopeClimbing/samples/00662.png 75
ucf/RopeClimbing/samples/00663.png 75
ucf/RopeClimbing/samples/00664.png 75
ucf/RopeClimbing/samples/00665.png 75
ucf/RopeClimbing/samples/00666.png 75
ucf/RopeClimbing/samples/00667.png 75
ucf/RopeClimbing/samples/00668.png 75
ucf/RopeClimbing/samples/00669.png 75
ucf/RopeClimbing/samples/00670.png 75
ucf/RopeClimbing/samples/00671.png 75
ucf/RopeClimbing/samples/00672.png 75
ucf/RopeClimbing/samples/00673.png 75
ucf/RopeClimbing/samples/00674.png 75
ucf/RopeClimbing/samples/00675.png 75
ucf/RopeClimbing/samples/00676.png 75
ucf/RopeClimbing/samples/00677.png 75
ucf/RopeClimbing/samples/00678.png 75
ucf/RopeClimbing/samples/00679.png 75
ucf/RopeClimbing/samples/00680.png 75
ucf/RopeClimbing/samples/00681.png 75
ucf/RopeClimbing/samples/00682.png 75
ucf/RopeClimbing/samples/00683.png 75
ucf/RopeClimbing/samples/00684.png 75
ucf/RopeClimbing/samples/00685.png 75
ucf/RopeClimbing/samples/00686.png 75
ucf/RopeClimbing/samples/00687.png 75
ucf/RopeClimbing/samples/00688.png 75
ucf/RopeClimbing/samples/00689.png 75
ucf/RopeClimbing/samples/00690.png 75
ucf/RopeClimbing/samples/00691.png 75
ucf/RopeClimbing/samples/00692.png 75
ucf/RopeClimbing/samples/00693.png 75
ucf/RopeClimbing/samples/00694.png 75
ucf/RopeClimbing/samples/00695.png 75
ucf/RopeClimbing/samples/00696.png 75
ucf/RopeClimbing/samples/00697.png 75
ucf/RopeClimbing/samples/00698.png 75
ucf/RopeClimbing/samples/00699.png 75
ucf/RopeClimbing/samples/00700.png 75
ucf/RopeClimbing/samples/00701.png 75
ucf/RopeClimbing/samples/00702.png 75
ucf/RopeClimbing/samples/00703.png 75
ucf/RopeClimbing/samples/00704.png 75
ucf/RopeClimbing/samples/00705.png 75
ucf/RopeClimbing/samples/00706.png 75
ucf/RopeClimbing/samples/00707.png 75
ucf/RopeClimbing/samples/00708.png 75
ucf/RopeClimbing/samples/00709.png 75
ucf/RopeClimbing/samples/00710.png 75
ucf/RopeClimbing/samples/00711.png 75
ucf/RopeClimbing/samples/00712.png 75
ucf/RopeClimbing/samples/00713.png 75
ucf/RopeClimbing/samples/00714.png 75
ucf/RopeClimbing/samples/00715.png 75
ucf/RopeClimbing/samples/00716.png 75
ucf/RopeClimbing/samples/00717.png 75
ucf/RopeClimbing/samples/00718.png 75
ucf/RopeClimbing/samples/00719.png 75
ucf/RopeClimbing/samples/00720.png 75
ucf/RopeClimbing/samples/00721.png 75
ucf/RopeClimbing/samples/00722.png 75
ucf/RopeClimbing/samples/00723.png 75
ucf/RopeClimbing/samples/00724.png 75
ucf/RopeClimbing/samples/00725.png 75
ucf/RopeClimbing/samples/00726.png 75
ucf/RopeClimbing/samples/00727.png 75
ucf/RopeClimbing/samples/00728.png 75
ucf/RopeClimbing/samples/00729.png 75
ucf/RopeClimbing/samples/00730.png 75
ucf/RopeClimbing/samples/00731.png 75
ucf/RopeClimbing/samples/00732.png 75
ucf/RopeClimbing/samples/00733.png 75
ucf/RopeClimbing/samples/00734.png 75
ucf/RopeClimbing/samples/00735.png 75
ucf/RopeClimbing/samples/00736.png 75
ucf/RopeClimbing/samples/00737.png 75
ucf/RopeClimbing/samples/00738.png 75
ucf/RopeClimbing/samples/00739.png 75
ucf/RopeClimbing/samples/00740.png 75
ucf/RopeClimbing/samples/00741.png 75
ucf/RopeClimbing/samples/00742.png 75
ucf/RopeClimbing/samples/00743.png 75
ucf/RopeClimbing/samples/00744.png 75
ucf/RopeClimbing/samples/00745.png 75
ucf/RopeClimbing/samples/00746.png 75
ucf/RopeClimbing/samples/00747.png 75
ucf/RopeClimbing/samples/00748.png 75
ucf/RopeClimbing/samples/00749.png 75
ucf/RopeClimbing/samples/00750.png 75
ucf/RopeClimbing/samples/00751.png 75
ucf/RopeClimbing/samples/00752.png 75
ucf/RopeClimbing/samples/00753.png 75
ucf/RopeClimbing/samples/00754.png 75
ucf/RopeClimbing/samples/00755.png 75
ucf/RopeClimbing/samples/00756.png 75
ucf/RopeClimbing/samples/00757.png 75
ucf/RopeClimbing/samples/00758.png 75
ucf/RopeClimbing/samples/00759.png 75
ucf/RopeClimbing/samples/00760.png 75
ucf/RopeClimbing/samples/00761.png 75
ucf/RopeClimbing/samples/00762.png 75
ucf/RopeClimbing/samples/00763.png 75
ucf/RopeClimbing/samples/00764.png 75
ucf/RopeClimbing/samples/00765.png 75
ucf/RopeClimbing/samples/00766.png 75
ucf/RopeClimbing/samples/00767.png 75
ucf/RopeClimbing/samples/00768.png 75
ucf/RopeClimbing/samples/00769.png 75
ucf/RopeClimbing/samples/00770.png 75
ucf/RopeClimbing/samples/00771.png 75
ucf/RopeClimbing/samples/00772.png 75
ucf/RopeClimbing/samples/00773.png 75
ucf/RopeClimbing/samples/00774.png 75
ucf/RopeClimbing/samples/00775.png 75
ucf/RopeClimbing/samples/00776.png 75
ucf/RopeClimbing/samples/00777.png 75
ucf/RopeClimbing/samples/00778.png 75
ucf/RopeClimbing/samples/00779.png 75
ucf/RopeClimbing/samples/00780.png 75
ucf/RopeClimbing/samples/00781.png 75
ucf/RopeClimbing/samples/00782.png 75
ucf/RopeClimbing/samples/00783.png 75
ucf/RopeClimbing/samples/00784.png 75
ucf/RopeClimbing/samples/00785.png 75
ucf/RopeClimbing/samples/00786.png 75
ucf/RopeClimbing/samples/00787.png 75
ucf/RopeClimbing/samples/00788.png 75
ucf/RopeClimbing/samples/00789.png 75
ucf/RopeClimbing/samples/00790.png 75
ucf/RopeClimbing/samples/00791.png 75
ucf/RopeClimbing/samples/00792.png 75
ucf/RopeClimbing/samples/00793.png 75
ucf/RopeClimbing/samples/00794.png 75
ucf/RopeClimbing/samples/00795.png 75
ucf/RopeClimbing/samples/00796.png 75
ucf/RopeClimbing/samples/00797.png 75
ucf/RopeClimbing/samples/00798.png 75
ucf/RopeClimbing/samples/00799.png 75
ucf/RopeClimbing/samples/00800.png 75
ucf/RopeClimbing/samples/00801.png 75
ucf/RopeClimbing/samples/00802.png 75
ucf/RopeClimbing/samples/00803.png 75
ucf/RopeClimbing/samples/00804.png 75
ucf/RopeClimbing/samples/00805.png 75
ucf/RopeClimbing/samples/00806.png 75
ucf/RopeClimbing/samples/00807.png 75
ucf/RopeClimbing/samples/00808.png 75
ucf/RopeClimbing/samples/00809.png 75
ucf/RopeClimbing/samples/00810.png 75
ucf/RopeClimbing/samples/00811.png 75
ucf/RopeClimbing/samples/00812.png 75
ucf/RopeClimbing/samples/00813.png 75
ucf/RopeClimbing/samples/00814.png 75
ucf/RopeClimbing/samples/00815.png 75
ucf/RopeClimbing/samples/00816.png 75
ucf/RopeClimbing/samples/00817.png 75
ucf/RopeClimbing/samples/00818.png 75
ucf/RopeClimbing/samples/00819.png 75
ucf/RopeClimbing/samples/00820.png 75
ucf/RopeClimbing/samples/00821.png 75
ucf/RopeClimbing/samples/00822.png 75
ucf/RopeClimbing/samples/00823.png 75
ucf/RopeClimbing/samples/00824.png 75
ucf/RopeClimbing/samples/00825.png 75
ucf/RopeClimbing/samples/00826.png 75
ucf/RopeClimbing/samples/00827.png 75
ucf/RopeClimbing/samples/00828.png 75
ucf/RopeClimbing/samples/00829.png 75
ucf/RopeClimbing/samples/00830.png 75
ucf/RopeClimbing/samples/00831.png 75
ucf/RopeClimbing/samples/00832.png 75
ucf/RopeClimbing/samples/00833.png 75
ucf/RopeClimbing/samples/00834.png 75
ucf/RopeClimbing/samples/00835.png 75
ucf/RopeClimbing/samples/00836.png 75
ucf/RopeClimbing/samples/00837.png 75
ucf/RopeClimbing/samples/00838.png 75
ucf/RopeClimbing/samples/00839.png 75
ucf/RopeClimbing/samples/00840.png 75
ucf/RopeClimbing/samples/00841.png 75
ucf/RopeClimbing/samples/00842.png 75
ucf/RopeClimbing/samples/00843.png 75
ucf/RopeClimbing/samples/00844.png 75
ucf/RopeClimbing/samples/00845.png 75
ucf/RopeClimbing/samples/00846.png 75
ucf/RopeClimbing/samples/00847.png 75
ucf/RopeClimbing/samples/00848.png 75
ucf/RopeClimbing/samples/00849.png 75
ucf/RopeClimbing/samples/00850.png 75
ucf/RopeClimbing/samples/00851.png 75
ucf/RopeClimbing/samples/00852.png 75
ucf/RopeClimbing/samples/00853.png 75
ucf/RopeClimbing/samples/00854.png 75
ucf/RopeClimbing/samples/00855.png 75
ucf/RopeClimbing/samples/00856.png 75
ucf/RopeClimbing/samples/00857.png 75
ucf/RopeClimbing/samples/00858.png 75
ucf/RopeClimbing/samples/00859.png 75
ucf/RopeClimbing/samples/00860.png 75
ucf/RopeClimbing/samples/00861.png 75
ucf/RopeClimbing/samples/00862.png 75
ucf/RopeClimbing/samples/00863.png 75
ucf/RopeClimbing/samples/00864.png 75
ucf/RopeClimbing/samples/00865.png 75
ucf/RopeClimbing/samples/00866.png 75
ucf/RopeClimbing/samples/00867.png 75
ucf/RopeClimbing/samples/00868.png 75
ucf/RopeClimbing/samples/00869.png 75
ucf/RopeClimbing/samples/00870.png 75
ucf/RopeClimbing/samples/00871.png 75
ucf/RopeClimbing/samples/00872.png 75
ucf/RopeClimbing/samples/00873.png 75
ucf/RopeClimbing/samples/00874.png 75
ucf/RopeClimbing/samples/00875.png 75
ucf/RopeClimbing/samples/00876.png 75
ucf/RopeClimbing/samples/00877.png 75
ucf/RopeClimbing/samples/00878.png 75
ucf/RopeClimbing/samples/00879.png 75
ucf/RopeClimbing/samples/00880.png 75
ucf/RopeClimbing/samples/00881.png 75
ucf/RopeClimbing/samples/00882.png 75
ucf/RopeClimbing/samples/00883.png 75
ucf/RopeClimbing/samples/00884.png 75
ucf/RopeClimbing/samples/00885.png 75
ucf/RopeClimbing/samples/00886.png 75
ucf/RopeClimbing/samples/00887.png 75
ucf/RopeClimbing/samples/00888.png 75
ucf/RopeClimbing/samples/00889.png 75
ucf/RopeClimbing/samples/00890.png 75
ucf/RopeClimbing/samples/00891.png 75
ucf/RopeClimbing/samples/00892.png 75
ucf/RopeClimbing/samples/00893.png 75
ucf/RopeClimbing/samples/00894.png 75
ucf/RopeClimbing/samples/00895.png 75
ucf/RopeClimbing/samples/00896.png 75
ucf/RopeClimbing/samples/00897.png 75
ucf/RopeClimbing/samples/00898.png 75
ucf/RopeClimbing/samples/00899.png 75
ucf/RopeClimbing/samples/00900.png 75
ucf/RopeClimbing/samples/00901.png 75
ucf/RopeClimbing/samples/00902.png 75
ucf/RopeClimbing/samples/00903.png 75
ucf/RopeClimbing/samples/00904.png 75
ucf/RopeClimbing/samples/00905.png 75
ucf/RopeClimbing/samples/00906.png 75
ucf/RopeClimbing/samples/00907.png 75
ucf/RopeClimbing/samples/00908.png 75
ucf/RopeClimbing/samples/00909.png 75
ucf/RopeClimbing/samples/00910.png 75
ucf/RopeClimbing/samples/00911.png 75
ucf/RopeClimbing/samples/00912.png 75
ucf/RopeClimbing/samples/00913.png 75
ucf/RopeClimbing/samples/00914.png 75
ucf/RopeClimbing/samples/00915.png 75
ucf/RopeClimbing/samples/00916.png 75
ucf/RopeClimbing/samples/00917.png 75
ucf/RopeClimbing/samples/00918.png 75
ucf/RopeClimbing/samples/00919.png 75
ucf/RopeClimbing/samples/00920.png 75
ucf/RopeClimbing/samples/00921.png 75
ucf/RopeClimbing/samples/00922.png 75
ucf/RopeClimbing/samples/00923.png 75
ucf/RopeClimbing/samples/00924.png 75
ucf/RopeClimbing/samples/00925.png 75
ucf/RopeClimbing/samples/00926.png 75
ucf/RopeClimbing/samples/00927.png 75
ucf/RopeClimbing/samples/00928.png 75
ucf/RopeClimbing/samples/00929.png 75
ucf/RopeClimbing/samples/00930.png 75
ucf/RopeClimbing/samples/00931.png 75
ucf/RopeClimbing/samples/00932.png 75
ucf/RopeClimbing/samples/00933.png 75
ucf/RopeClimbing/samples/00934.png 75
ucf/RopeClimbing/samples/00935.png 75
ucf/RopeClimbing/samples/00936.png 75
ucf/RopeClimbing/samples/00937.png 75
ucf/RopeClimbing/samples/00938.png 75
ucf/RopeClimbing/samples/00939.png 75
ucf/RopeClimbing/samples/00940.png 75
ucf/RopeClimbing/samples/00941.png 75
ucf/RopeClimbing/samples/00942.png 75
ucf/RopeClimbing/samples/00943.png 75
ucf/RopeClimbing/samples/00944.png 75
ucf/RopeClimbing/samples/00945.png 75
ucf/RopeClimbing/samples/00946.png 75
ucf/RopeClimbing/samples/00947.png 75
ucf/RopeClimbing/samples/00948.png 75
ucf/RopeClimbing/samples/00949.png 75
ucf/RopeClimbing/samples/00950.png 75
ucf/RopeClimbing/samples/00951.png 75
ucf/RopeClimbing/samples/00952.png 75
ucf/RopeClimbing/samples/00953.png 75
ucf/RopeClimbing/samples/00954.png 75
ucf/RopeClimbing/samples/00955.png 75
ucf/RopeClimbing/samples/00956.png 75
ucf/RopeClimbing/samples/00957.png 75
ucf/RopeClimbing/samples/00958.png 75
ucf/RopeClimbing/samples/00959.png 75
ucf/RopeClimbing/samples/00960.png 75
ucf/RopeClimbing/samples/00961.png 75
ucf/RopeClimbing/samples/00962.png 75
ucf/RopeClimbing/samples/00963.png 75
ucf/RopeClimbing/samples/00964.png 75
ucf/RopeClimbing/samples/00965.png 75
ucf/RopeClimbing/samples/00966.png 75
ucf/RopeClimbing/samples/00967.png 75
ucf/RopeClimbing/samples/00968.png 75
ucf/RopeClimbing/samples/00969.png 75
ucf/RopeClimbing/samples/00970.png 75
ucf/RopeClimbing/samples/00971.png 75
ucf/RopeClimbing/samples/00972.png 75
ucf/RopeClimbing/samples/00973.png 75
ucf/RopeClimbing/samples/00974.png 75
ucf/RopeClimbing/samples/00975.png 75
ucf/RopeClimbing/samples/00976.png 75
ucf/RopeClimbing/samples/00977.png 75
ucf/RopeClimbing/samples/00978.png 75
ucf/RopeClimbing/samples/00979.png 75
ucf/RopeClimbing/samples/00980.png 75
ucf/RopeClimbing/samples/00981.png 75
ucf/RopeClimbing/samples/00982.png 75
ucf/RopeClimbing/samples/00983.png 75
ucf/RopeClimbing/samples/00984.png 75
ucf/RopeClimbing/samples/00985.png 75
ucf/RopeClimbing/samples/00986.png 75
ucf/RopeClimbing/samples/00987.png 75
ucf/RopeClimbing/samples/00988.png 75
ucf/RopeClimbing/samples/00989.png 75
ucf/RopeClimbing/samples/00990.png 75
ucf/RopeClimbing/samples/00991.png 75
ucf/RopeClimbing/samples/00992.png 75
ucf/RopeClimbing/samples/00993.png 75
ucf/RopeClimbing/samples/00994.png 75
ucf/RopeClimbing/samples/00995.png 75
ucf/RopeClimbing/samples/00996.png 75
ucf/RopeClimbing/samples/00997.png 75
ucf/RopeClimbing/samples/00998.png 75
ucf/RopeClimbing/samples/00999.png 75
ucf/UnevenBars/samples/00000.png 96
ucf/UnevenBars/samples/00001.png 96
ucf/UnevenBars/samples/00002.png 96
ucf/UnevenBars/samples/00003.png 96
ucf/UnevenBars/samples/00004.png 96
ucf/UnevenBars/samples/00005.png 96
ucf/UnevenBars/samples/00006.png 96
ucf/UnevenBars/samples/00007.png 96
ucf/UnevenBars/samples/00008.png 96
ucf/UnevenBars/samples/00009.png 96
ucf/UnevenBars/samples/00010.png 96
ucf/UnevenBars/samples/00011.png 96
ucf/UnevenBars/samples/00012.png 96
ucf/UnevenBars/samples/00013.png 96
ucf/UnevenBars/samples/00014.png 96
ucf/UnevenBars/samples/00015.png 96
ucf/UnevenBars/samples/00016.png 96
ucf/UnevenBars/samples/00017.png 96
ucf/UnevenBars/samples/00018.png 96
ucf/UnevenBars/samples/00019.png 96
ucf/UnevenBars/samples/00020.png 96
ucf/UnevenBars/samples/00021.png 96
ucf/UnevenBars/samples/00022.png 96
ucf/UnevenBars/samples/00023.png 96
ucf/UnevenBars/samples/00024.png 96
ucf/UnevenBars/samples/00025.png 96
ucf/UnevenBars/samples/00026.png 96
ucf/UnevenBars/samples/00027.png 96
ucf/UnevenBars/samples/00028.png 96
ucf/UnevenBars/samples/00029.png 96
ucf/UnevenBars/samples/00030.png 96
ucf/UnevenBars/samples/00031.png 96
ucf/UnevenBars/samples/00032.png 96
ucf/UnevenBars/samples/00033.png 96
ucf/UnevenBars/samples/00034.png 96
ucf/UnevenBars/samples/00035.png 96
ucf/UnevenBars/samples/00036.png 96
ucf/UnevenBars/samples/00037.png 96
ucf/UnevenBars/samples/00038.png 96
ucf/UnevenBars/samples/00039.png 96
ucf/UnevenBars/samples/00040.png 96
ucf/UnevenBars/samples/00041.png 96
ucf/UnevenBars/samples/00042.png 96
ucf/UnevenBars/samples/00043.png 96
ucf/UnevenBars/samples/00044.png 96
ucf/UnevenBars/samples/00045.png 96
ucf/UnevenBars/samples/00046.png 96
ucf/UnevenBars/samples/00047.png 96
ucf/UnevenBars/samples/00048.png 96
ucf/UnevenBars/samples/00049.png 96
ucf/UnevenBars/samples/00050.png 96
ucf/UnevenBars/samples/00051.png 96
ucf/UnevenBars/samples/00052.png 96
ucf/UnevenBars/samples/00053.png 96
ucf/UnevenBars/samples/00054.png 96
ucf/UnevenBars/samples/00055.png 96
ucf/UnevenBars/samples/00056.png 96
ucf/UnevenBars/samples/00057.png 96
ucf/UnevenBars/samples/00058.png 96
ucf/UnevenBars/samples/00059.png 96
ucf/UnevenBars/samples/00060.png 96
ucf/UnevenBars/samples/00061.png 96
ucf/UnevenBars/samples/00062.png 96
ucf/UnevenBars/samples/00063.png 96
ucf/UnevenBars/samples/00064.png 96
ucf/UnevenBars/samples/00065.png 96
ucf/UnevenBars/samples/00066.png 96
ucf/UnevenBars/samples/00067.png 96
ucf/UnevenBars/samples/00068.png 96
ucf/UnevenBars/samples/00069.png 96
ucf/UnevenBars/samples/00070.png 96
ucf/UnevenBars/samples/00071.png 96
ucf/UnevenBars/samples/00072.png 96
ucf/UnevenBars/samples/00073.png 96
ucf/UnevenBars/samples/00074.png 96
ucf/UnevenBars/samples/00075.png 96
ucf/UnevenBars/samples/00076.png 96
ucf/UnevenBars/samples/00077.png 96
ucf/UnevenBars/samples/00078.png 96
ucf/UnevenBars/samples/00079.png 96
ucf/UnevenBars/samples/00080.png 96
ucf/UnevenBars/samples/00081.png 96
ucf/UnevenBars/samples/00082.png 96
ucf/UnevenBars/samples/00083.png 96
ucf/UnevenBars/samples/00084.png 96
ucf/UnevenBars/samples/00085.png 96
ucf/UnevenBars/samples/00086.png 96
ucf/UnevenBars/samples/00087.png 96
ucf/UnevenBars/samples/00088.png 96
ucf/UnevenBars/samples/00089.png 96
ucf/UnevenBars/samples/00090.png 96
ucf/UnevenBars/samples/00091.png 96
ucf/UnevenBars/samples/00092.png 96
ucf/UnevenBars/samples/00093.png 96
ucf/UnevenBars/samples/00094.png 96
ucf/UnevenBars/samples/00095.png 96
ucf/UnevenBars/samples/00096.png 96
ucf/UnevenBars/samples/00097.png 96
ucf/UnevenBars/samples/00098.png 96
ucf/UnevenBars/samples/00099.png 96
ucf/UnevenBars/samples/00100.png 96
ucf/UnevenBars/samples/00101.png 96
ucf/UnevenBars/samples/00102.png 96
ucf/UnevenBars/samples/00103.png 96
ucf/UnevenBars/samples/00104.png 96
ucf/UnevenBars/samples/00105.png 96
ucf/UnevenBars/samples/00106.png 96
ucf/UnevenBars/samples/00107.png 96
ucf/UnevenBars/samples/00108.png 96
ucf/UnevenBars/samples/00109.png 96
ucf/UnevenBars/samples/00110.png 96
ucf/UnevenBars/samples/00111.png 96
ucf/UnevenBars/samples/00112.png 96
ucf/UnevenBars/samples/00113.png 96
ucf/UnevenBars/samples/00114.png 96
ucf/UnevenBars/samples/00115.png 96
ucf/UnevenBars/samples/00116.png 96
ucf/UnevenBars/samples/00117.png 96
ucf/UnevenBars/samples/00118.png 96
ucf/UnevenBars/samples/00119.png 96
ucf/UnevenBars/samples/00120.png 96
ucf/UnevenBars/samples/00121.png 96
ucf/UnevenBars/samples/00122.png 96
ucf/UnevenBars/samples/00123.png 96
ucf/UnevenBars/samples/00124.png 96
ucf/UnevenBars/samples/00125.png 96
ucf/UnevenBars/samples/00126.png 96
ucf/UnevenBars/samples/00127.png 96
ucf/UnevenBars/samples/00128.png 96
ucf/UnevenBars/samples/00129.png 96
ucf/UnevenBars/samples/00130.png 96
ucf/UnevenBars/samples/00131.png 96
ucf/UnevenBars/samples/00132.png 96
ucf/UnevenBars/samples/00133.png 96
ucf/UnevenBars/samples/00134.png 96
ucf/UnevenBars/samples/00135.png 96
ucf/UnevenBars/samples/00136.png 96
ucf/UnevenBars/samples/00137.png 96
ucf/UnevenBars/samples/00138.png 96
ucf/UnevenBars/samples/00139.png 96
ucf/UnevenBars/samples/00140.png 96
ucf/UnevenBars/samples/00141.png 96
ucf/UnevenBars/samples/00142.png 96
ucf/UnevenBars/samples/00143.png 96
ucf/UnevenBars/samples/00144.png 96
ucf/UnevenBars/samples/00145.png 96
ucf/UnevenBars/samples/00146.png 96
ucf/UnevenBars/samples/00147.png 96
ucf/UnevenBars/samples/00148.png 96
ucf/UnevenBars/samples/00149.png 96
ucf/UnevenBars/samples/00150.png 96
ucf/UnevenBars/samples/00151.png 96
ucf/UnevenBars/samples/00152.png 96
ucf/UnevenBars/samples/00153.png 96
ucf/UnevenBars/samples/00154.png 96
ucf/UnevenBars/samples/00155.png 96
ucf/UnevenBars/samples/00156.png 96
ucf/UnevenBars/samples/00157.png 96
ucf/UnevenBars/samples/00158.png 96
ucf/UnevenBars/samples/00159.png 96
ucf/UnevenBars/samples/00160.png 96
ucf/UnevenBars/samples/00161.png 96
ucf/UnevenBars/samples/00162.png 96
ucf/UnevenBars/samples/00163.png 96
ucf/UnevenBars/samples/00164.png 96
ucf/UnevenBars/samples/00165.png 96
ucf/UnevenBars/samples/00166.png 96
ucf/UnevenBars/samples/00167.png 96
ucf/UnevenBars/samples/00168.png 96
ucf/UnevenBars/samples/00169.png 96
ucf/UnevenBars/samples/00170.png 96
ucf/UnevenBars/samples/00171.png 96
ucf/UnevenBars/samples/00172.png 96
ucf/UnevenBars/samples/00173.png 96
ucf/UnevenBars/samples/00174.png 96
ucf/UnevenBars/samples/00175.png 96
ucf/UnevenBars/samples/00176.png 96
ucf/UnevenBars/samples/00177.png 96
ucf/UnevenBars/samples/00178.png 96
ucf/UnevenBars/samples/00179.png 96
ucf/UnevenBars/samples/00180.png 96
ucf/UnevenBars/samples/00181.png 96
ucf/UnevenBars/samples/00182.png 96
ucf/UnevenBars/samples/00183.png 96
ucf/UnevenBars/samples/00184.png 96
ucf/UnevenBars/samples/00185.png 96
ucf/UnevenBars/samples/00186.png 96
ucf/UnevenBars/samples/00187.png 96
ucf/UnevenBars/samples/00188.png 96
ucf/UnevenBars/samples/00189.png 96
ucf/UnevenBars/samples/00190.png 96
ucf/UnevenBars/samples/00191.png 96
ucf/UnevenBars/samples/00192.png 96
ucf/UnevenBars/samples/00193.png 96
ucf/UnevenBars/samples/00194.png 96
ucf/UnevenBars/samples/00195.png 96
ucf/UnevenBars/samples/00196.png 96
ucf/UnevenBars/samples/00197.png 96
ucf/UnevenBars/samples/00198.png 96
ucf/UnevenBars/samples/00199.png 96
ucf/UnevenBars/samples/00200.png 96
ucf/UnevenBars/samples/00201.png 96
ucf/UnevenBars/samples/00202.png 96
ucf/UnevenBars/samples/00203.png 96
ucf/UnevenBars/samples/00204.png 96
ucf/UnevenBars/samples/00205.png 96
ucf/UnevenBars/samples/00206.png 96
ucf/UnevenBars/samples/00207.png 96
ucf/UnevenBars/samples/00208.png 96
ucf/UnevenBars/samples/00209.png 96
ucf/UnevenBars/samples/00210.png 96
ucf/UnevenBars/samples/00211.png 96
ucf/UnevenBars/samples/00212.png 96
ucf/UnevenBars/samples/00213.png 96
ucf/UnevenBars/samples/00214.png 96
ucf/UnevenBars/samples/00215.png 96
ucf/UnevenBars/samples/00216.png 96
ucf/UnevenBars/samples/00217.png 96
ucf/UnevenBars/samples/00218.png 96
ucf/UnevenBars/samples/00219.png 96
ucf/UnevenBars/samples/00220.png 96
ucf/UnevenBars/samples/00221.png 96
ucf/UnevenBars/samples/00222.png 96
ucf/UnevenBars/samples/00223.png 96
ucf/UnevenBars/samples/00224.png 96
ucf/UnevenBars/samples/00225.png 96
ucf/UnevenBars/samples/00226.png 96
ucf/UnevenBars/samples/00227.png 96
ucf/UnevenBars/samples/00228.png 96
ucf/UnevenBars/samples/00229.png 96
ucf/UnevenBars/samples/00230.png 96
ucf/UnevenBars/samples/00231.png 96
ucf/UnevenBars/samples/00232.png 96
ucf/UnevenBars/samples/00233.png 96
ucf/UnevenBars/samples/00234.png 96
ucf/UnevenBars/samples/00235.png 96
ucf/UnevenBars/samples/00236.png 96
ucf/UnevenBars/samples/00237.png 96
ucf/UnevenBars/samples/00238.png 96
ucf/UnevenBars/samples/00239.png 96
ucf/UnevenBars/samples/00240.png 96
ucf/UnevenBars/samples/00241.png 96
ucf/UnevenBars/samples/00242.png 96
ucf/UnevenBars/samples/00243.png 96
ucf/UnevenBars/samples/00244.png 96
ucf/UnevenBars/samples/00245.png 96
ucf/UnevenBars/samples/00246.png 96
ucf/UnevenBars/samples/00247.png 96
ucf/UnevenBars/samples/00248.png 96
ucf/UnevenBars/samples/00249.png 96
ucf/UnevenBars/samples/00250.png 96
ucf/UnevenBars/samples/00251.png 96
ucf/UnevenBars/samples/00252.png 96
ucf/UnevenBars/samples/00253.png 96
ucf/UnevenBars/samples/00254.png 96
ucf/UnevenBars/samples/00255.png 96
ucf/UnevenBars/samples/00256.png 96
ucf/UnevenBars/samples/00257.png 96
ucf/UnevenBars/samples/00258.png 96
ucf/UnevenBars/samples/00259.png 96
ucf/UnevenBars/samples/00260.png 96
ucf/UnevenBars/samples/00261.png 96
ucf/UnevenBars/samples/00262.png 96
ucf/UnevenBars/samples/00263.png 96
ucf/UnevenBars/samples/00264.png 96
ucf/UnevenBars/samples/00265.png 96
ucf/UnevenBars/samples/00266.png 96
ucf/UnevenBars/samples/00267.png 96
ucf/UnevenBars/samples/00268.png 96
ucf/UnevenBars/samples/00269.png 96
ucf/UnevenBars/samples/00270.png 96
ucf/UnevenBars/samples/00271.png 96
ucf/UnevenBars/samples/00272.png 96
ucf/UnevenBars/samples/00273.png 96
ucf/UnevenBars/samples/00274.png 96
ucf/UnevenBars/samples/00275.png 96
ucf/UnevenBars/samples/00276.png 96
ucf/UnevenBars/samples/00277.png 96
ucf/UnevenBars/samples/00278.png 96
ucf/UnevenBars/samples/00279.png 96
ucf/UnevenBars/samples/00280.png 96
ucf/UnevenBars/samples/00281.png 96
ucf/UnevenBars/samples/00282.png 96
ucf/UnevenBars/samples/00283.png 96
ucf/UnevenBars/samples/00284.png 96
ucf/UnevenBars/samples/00285.png 96
ucf/UnevenBars/samples/00286.png 96
ucf/UnevenBars/samples/00287.png 96
ucf/UnevenBars/samples/00288.png 96
ucf/UnevenBars/samples/00289.png 96
ucf/UnevenBars/samples/00290.png 96
ucf/UnevenBars/samples/00291.png 96
ucf/UnevenBars/samples/00292.png 96
ucf/UnevenBars/samples/00293.png 96
ucf/UnevenBars/samples/00294.png 96
ucf/UnevenBars/samples/00295.png 96
ucf/UnevenBars/samples/00296.png 96
ucf/UnevenBars/samples/00297.png 96
ucf/UnevenBars/samples/00298.png 96
ucf/UnevenBars/samples/00299.png 96
ucf/UnevenBars/samples/00300.png 96
ucf/UnevenBars/samples/00301.png 96
ucf/UnevenBars/samples/00302.png 96
ucf/UnevenBars/samples/00303.png 96
ucf/UnevenBars/samples/00304.png 96
ucf/UnevenBars/samples/00305.png 96
ucf/UnevenBars/samples/00306.png 96
ucf/UnevenBars/samples/00307.png 96
ucf/UnevenBars/samples/00308.png 96
ucf/UnevenBars/samples/00309.png 96
ucf/UnevenBars/samples/00310.png 96
ucf/UnevenBars/samples/00311.png 96
ucf/UnevenBars/samples/00312.png 96
ucf/UnevenBars/samples/00313.png 96
ucf/UnevenBars/samples/00314.png 96
ucf/UnevenBars/samples/00315.png 96
ucf/UnevenBars/samples/00316.png 96
ucf/UnevenBars/samples/00317.png 96
ucf/UnevenBars/samples/00318.png 96
ucf/UnevenBars/samples/00319.png 96
ucf/UnevenBars/samples/00320.png 96
ucf/UnevenBars/samples/00321.png 96
ucf/UnevenBars/samples/00322.png 96
ucf/UnevenBars/samples/00323.png 96
ucf/UnevenBars/samples/00324.png 96
ucf/UnevenBars/samples/00325.png 96
ucf/UnevenBars/samples/00326.png 96
ucf/UnevenBars/samples/00327.png 96
ucf/UnevenBars/samples/00328.png 96
ucf/UnevenBars/samples/00329.png 96
ucf/UnevenBars/samples/00330.png 96
ucf/UnevenBars/samples/00331.png 96
ucf/UnevenBars/samples/00332.png 96
ucf/UnevenBars/samples/00333.png 96
ucf/UnevenBars/samples/00334.png 96
ucf/UnevenBars/samples/00335.png 96
ucf/UnevenBars/samples/00336.png 96
ucf/UnevenBars/samples/00337.png 96
ucf/UnevenBars/samples/00338.png 96
ucf/UnevenBars/samples/00339.png 96
ucf/UnevenBars/samples/00340.png 96
ucf/UnevenBars/samples/00341.png 96
ucf/UnevenBars/samples/00342.png 96
ucf/UnevenBars/samples/00343.png 96
ucf/UnevenBars/samples/00344.png 96
ucf/UnevenBars/samples/00345.png 96
ucf/UnevenBars/samples/00346.png 96
ucf/UnevenBars/samples/00347.png 96
ucf/UnevenBars/samples/00348.png 96
ucf/UnevenBars/samples/00349.png 96
ucf/UnevenBars/samples/00350.png 96
ucf/UnevenBars/samples/00351.png 96
ucf/UnevenBars/samples/00352.png 96
ucf/UnevenBars/samples/00353.png 96
ucf/UnevenBars/samples/00354.png 96
ucf/UnevenBars/samples/00355.png 96
ucf/UnevenBars/samples/00356.png 96
ucf/UnevenBars/samples/00357.png 96
ucf/UnevenBars/samples/00358.png 96
ucf/UnevenBars/samples/00359.png 96
ucf/UnevenBars/samples/00360.png 96
ucf/UnevenBars/samples/00361.png 96
ucf/UnevenBars/samples/00362.png 96
ucf/UnevenBars/samples/00363.png 96
ucf/UnevenBars/samples/00364.png 96
ucf/UnevenBars/samples/00365.png 96
ucf/UnevenBars/samples/00366.png 96
ucf/UnevenBars/samples/00367.png 96
ucf/UnevenBars/samples/00368.png 96
ucf/UnevenBars/samples/00369.png 96
ucf/UnevenBars/samples/00370.png 96
ucf/UnevenBars/samples/00371.png 96
ucf/UnevenBars/samples/00372.png 96
ucf/UnevenBars/samples/00373.png 96
ucf/UnevenBars/samples/00374.png 96
ucf/UnevenBars/samples/00375.png 96
ucf/UnevenBars/samples/00376.png 96
ucf/UnevenBars/samples/00377.png 96
ucf/UnevenBars/samples/00378.png 96
ucf/UnevenBars/samples/00379.png 96
ucf/UnevenBars/samples/00380.png 96
ucf/UnevenBars/samples/00381.png 96
ucf/UnevenBars/samples/00382.png 96
ucf/UnevenBars/samples/00383.png 96
ucf/UnevenBars/samples/00384.png 96
ucf/UnevenBars/samples/00385.png 96
ucf/UnevenBars/samples/00386.png 96
ucf/UnevenBars/samples/00387.png 96
ucf/UnevenBars/samples/00388.png 96
ucf/UnevenBars/samples/00389.png 96
ucf/UnevenBars/samples/00390.png 96
ucf/UnevenBars/samples/00391.png 96
ucf/UnevenBars/samples/00392.png 96
ucf/UnevenBars/samples/00393.png 96
ucf/UnevenBars/samples/00394.png 96
ucf/UnevenBars/samples/00395.png 96
ucf/UnevenBars/samples/00396.png 96
ucf/UnevenBars/samples/00397.png 96
ucf/UnevenBars/samples/00398.png 96
ucf/UnevenBars/samples/00399.png 96
ucf/UnevenBars/samples/00400.png 96
ucf/UnevenBars/samples/00401.png 96
ucf/UnevenBars/samples/00402.png 96
ucf/UnevenBars/samples/00403.png 96
ucf/UnevenBars/samples/00404.png 96
ucf/UnevenBars/samples/00405.png 96
ucf/UnevenBars/samples/00406.png 96
ucf/UnevenBars/samples/00407.png 96
ucf/UnevenBars/samples/00408.png 96
ucf/UnevenBars/samples/00409.png 96
ucf/UnevenBars/samples/00410.png 96
ucf/UnevenBars/samples/00411.png 96
ucf/UnevenBars/samples/00412.png 96
ucf/UnevenBars/samples/00413.png 96
ucf/UnevenBars/samples/00414.png 96
ucf/UnevenBars/samples/00415.png 96
ucf/UnevenBars/samples/00416.png 96
ucf/UnevenBars/samples/00417.png 96
ucf/UnevenBars/samples/00418.png 96
ucf/UnevenBars/samples/00419.png 96
ucf/UnevenBars/samples/00420.png 96
ucf/UnevenBars/samples/00421.png 96
ucf/UnevenBars/samples/00422.png 96
ucf/UnevenBars/samples/00423.png 96
ucf/UnevenBars/samples/00424.png 96
ucf/UnevenBars/samples/00425.png 96
ucf/UnevenBars/samples/00426.png 96
ucf/UnevenBars/samples/00427.png 96
ucf/UnevenBars/samples/00428.png 96
ucf/UnevenBars/samples/00429.png 96
ucf/UnevenBars/samples/00430.png 96
ucf/UnevenBars/samples/00431.png 96
ucf/UnevenBars/samples/00432.png 96
ucf/UnevenBars/samples/00433.png 96
ucf/UnevenBars/samples/00434.png 96
ucf/UnevenBars/samples/00435.png 96
ucf/UnevenBars/samples/00436.png 96
ucf/UnevenBars/samples/00437.png 96
ucf/UnevenBars/samples/00438.png 96
ucf/UnevenBars/samples/00439.png 96
ucf/UnevenBars/samples/00440.png 96
ucf/UnevenBars/samples/00441.png 96
ucf/UnevenBars/samples/00442.png 96
ucf/UnevenBars/samples/00443.png 96
ucf/UnevenBars/samples/00444.png 96
ucf/UnevenBars/samples/00445.png 96
ucf/UnevenBars/samples/00446.png 96
ucf/UnevenBars/samples/00447.png 96
ucf/UnevenBars/samples/00448.png 96
ucf/UnevenBars/samples/00449.png 96
ucf/UnevenBars/samples/00450.png 96
ucf/UnevenBars/samples/00451.png 96
ucf/UnevenBars/samples/00452.png 96
ucf/UnevenBars/samples/00453.png 96
ucf/UnevenBars/samples/00454.png 96
ucf/UnevenBars/samples/00455.png 96
ucf/UnevenBars/samples/00456.png 96
ucf/UnevenBars/samples/00457.png 96
ucf/UnevenBars/samples/00458.png 96
ucf/UnevenBars/samples/00459.png 96
ucf/UnevenBars/samples/00460.png 96
ucf/UnevenBars/samples/00461.png 96
ucf/UnevenBars/samples/00462.png 96
ucf/UnevenBars/samples/00463.png 96
ucf/UnevenBars/samples/00464.png 96
ucf/UnevenBars/samples/00465.png 96
ucf/UnevenBars/samples/00466.png 96
ucf/UnevenBars/samples/00467.png 96
ucf/UnevenBars/samples/00468.png 96
ucf/UnevenBars/samples/00469.png 96
ucf/UnevenBars/samples/00470.png 96
ucf/UnevenBars/samples/00471.png 96
ucf/UnevenBars/samples/00472.png 96
ucf/UnevenBars/samples/00473.png 96
ucf/UnevenBars/samples/00474.png 96
ucf/UnevenBars/samples/00475.png 96
ucf/UnevenBars/samples/00476.png 96
ucf/UnevenBars/samples/00477.png 96
ucf/UnevenBars/samples/00478.png 96
ucf/UnevenBars/samples/00479.png 96
ucf/UnevenBars/samples/00480.png 96
ucf/UnevenBars/samples/00481.png 96
ucf/UnevenBars/samples/00482.png 96
ucf/UnevenBars/samples/00483.png 96
ucf/UnevenBars/samples/00484.png 96
ucf/UnevenBars/samples/00485.png 96
ucf/UnevenBars/samples/00486.png 96
ucf/UnevenBars/samples/00487.png 96
ucf/UnevenBars/samples/00488.png 96
ucf/UnevenBars/samples/00489.png 96
ucf/UnevenBars/samples/00490.png 96
ucf/UnevenBars/samples/00491.png 96
ucf/UnevenBars/samples/00492.png 96
ucf/UnevenBars/samples/00493.png 96
ucf/UnevenBars/samples/00494.png 96
ucf/UnevenBars/samples/00495.png 96
ucf/UnevenBars/samples/00496.png 96
ucf/UnevenBars/samples/00497.png 96
ucf/UnevenBars/samples/00498.png 96
ucf/UnevenBars/samples/00499.png 96
ucf/UnevenBars/samples/00500.png 96
ucf/UnevenBars/samples/00501.png 96
ucf/UnevenBars/samples/00502.png 96
ucf/UnevenBars/samples/00503.png 96
ucf/UnevenBars/samples/00504.png 96
ucf/UnevenBars/samples/00505.png 96
ucf/UnevenBars/samples/00506.png 96
ucf/UnevenBars/samples/00507.png 96
ucf/UnevenBars/samples/00508.png 96
ucf/UnevenBars/samples/00509.png 96
ucf/UnevenBars/samples/00510.png 96
ucf/UnevenBars/samples/00511.png 96
ucf/UnevenBars/samples/00512.png 96
ucf/UnevenBars/samples/00513.png 96
ucf/UnevenBars/samples/00514.png 96
ucf/UnevenBars/samples/00515.png 96
ucf/UnevenBars/samples/00516.png 96
ucf/UnevenBars/samples/00517.png 96
ucf/UnevenBars/samples/00518.png 96
ucf/UnevenBars/samples/00519.png 96
ucf/UnevenBars/samples/00520.png 96
ucf/UnevenBars/samples/00521.png 96
ucf/UnevenBars/samples/00522.png 96
ucf/UnevenBars/samples/00523.png 96
ucf/UnevenBars/samples/00524.png 96
ucf/UnevenBars/samples/00525.png 96
ucf/UnevenBars/samples/00526.png 96
ucf/UnevenBars/samples/00527.png 96
ucf/UnevenBars/samples/00528.png 96
ucf/UnevenBars/samples/00529.png 96
ucf/UnevenBars/samples/00530.png 96
ucf/UnevenBars/samples/00531.png 96
ucf/UnevenBars/samples/00532.png 96
ucf/UnevenBars/samples/00533.png 96
ucf/UnevenBars/samples/00534.png 96
ucf/UnevenBars/samples/00535.png 96
ucf/UnevenBars/samples/00536.png 96
ucf/UnevenBars/samples/00537.png 96
ucf/UnevenBars/samples/00538.png 96
ucf/UnevenBars/samples/00539.png 96
ucf/UnevenBars/samples/00540.png 96
ucf/UnevenBars/samples/00541.png 96
ucf/UnevenBars/samples/00542.png 96
ucf/UnevenBars/samples/00543.png 96
ucf/UnevenBars/samples/00544.png 96
ucf/UnevenBars/samples/00545.png 96
ucf/UnevenBars/samples/00546.png 96
ucf/UnevenBars/samples/00547.png 96
ucf/UnevenBars/samples/00548.png 96
ucf/UnevenBars/samples/00549.png 96
ucf/UnevenBars/samples/00550.png 96
ucf/UnevenBars/samples/00551.png 96
ucf/UnevenBars/samples/00552.png 96
ucf/UnevenBars/samples/00553.png 96
ucf/UnevenBars/samples/00554.png 96
ucf/UnevenBars/samples/00555.png 96
ucf/UnevenBars/samples/00556.png 96
ucf/UnevenBars/samples/00557.png 96
ucf/UnevenBars/samples/00558.png 96
ucf/UnevenBars/samples/00559.png 96
ucf/UnevenBars/samples/00560.png 96
ucf/UnevenBars/samples/00561.png 96
ucf/UnevenBars/samples/00562.png 96
ucf/UnevenBars/samples/00563.png 96
ucf/UnevenBars/samples/00564.png 96
ucf/UnevenBars/samples/00565.png 96
ucf/UnevenBars/samples/00566.png 96
ucf/UnevenBars/samples/00567.png 96
ucf/UnevenBars/samples/00568.png 96
ucf/UnevenBars/samples/00569.png 96
ucf/UnevenBars/samples/00570.png 96
ucf/UnevenBars/samples/00571.png 96
ucf/UnevenBars/samples/00572.png 96
ucf/UnevenBars/samples/00573.png 96
ucf/UnevenBars/samples/00574.png 96
ucf/UnevenBars/samples/00575.png 96
ucf/UnevenBars/samples/00576.png 96
ucf/UnevenBars/samples/00577.png 96
ucf/UnevenBars/samples/00578.png 96
ucf/UnevenBars/samples/00579.png 96
ucf/UnevenBars/samples/00580.png 96
ucf/UnevenBars/samples/00581.png 96
ucf/UnevenBars/samples/00582.png 96
ucf/UnevenBars/samples/00583.png 96
ucf/UnevenBars/samples/00584.png 96
ucf/UnevenBars/samples/00585.png 96
ucf/UnevenBars/samples/00586.png 96
ucf/UnevenBars/samples/00587.png 96
ucf/UnevenBars/samples/00588.png 96
ucf/UnevenBars/samples/00589.png 96
ucf/UnevenBars/samples/00590.png 96
ucf/UnevenBars/samples/00591.png 96
ucf/UnevenBars/samples/00592.png 96
ucf/UnevenBars/samples/00593.png 96
ucf/UnevenBars/samples/00594.png 96
ucf/UnevenBars/samples/00595.png 96
ucf/UnevenBars/samples/00596.png 96
ucf/UnevenBars/samples/00597.png 96
ucf/UnevenBars/samples/00598.png 96
ucf/UnevenBars/samples/00599.png 96
ucf/UnevenBars/samples/00600.png 96
ucf/UnevenBars/samples/00601.png 96
ucf/UnevenBars/samples/00602.png 96
ucf/UnevenBars/samples/00603.png 96
ucf/UnevenBars/samples/00604.png 96
ucf/UnevenBars/samples/00605.png 96
ucf/UnevenBars/samples/00606.png 96
ucf/UnevenBars/samples/00607.png 96
ucf/UnevenBars/samples/00608.png 96
ucf/UnevenBars/samples/00609.png 96
ucf/UnevenBars/samples/00610.png 96
ucf/UnevenBars/samples/00611.png 96
ucf/UnevenBars/samples/00612.png 96
ucf/UnevenBars/samples/00613.png 96
ucf/UnevenBars/samples/00614.png 96
ucf/UnevenBars/samples/00615.png 96
ucf/UnevenBars/samples/00616.png 96
ucf/UnevenBars/samples/00617.png 96
ucf/UnevenBars/samples/00618.png 96
ucf/UnevenBars/samples/00619.png 96
ucf/UnevenBars/samples/00620.png 96
ucf/UnevenBars/samples/00621.png 96
ucf/UnevenBars/samples/00622.png 96
ucf/UnevenBars/samples/00623.png 96
ucf/UnevenBars/samples/00624.png 96
ucf/UnevenBars/samples/00625.png 96
ucf/UnevenBars/samples/00626.png 96
ucf/UnevenBars/samples/00627.png 96
ucf/UnevenBars/samples/00628.png 96
ucf/UnevenBars/samples/00629.png 96
ucf/UnevenBars/samples/00630.png 96
ucf/UnevenBars/samples/00631.png 96
ucf/UnevenBars/samples/00632.png 96
ucf/UnevenBars/samples/00633.png 96
ucf/UnevenBars/samples/00634.png 96
ucf/UnevenBars/samples/00635.png 96
ucf/UnevenBars/samples/00636.png 96
ucf/UnevenBars/samples/00637.png 96
ucf/UnevenBars/samples/00638.png 96
ucf/UnevenBars/samples/00639.png 96
ucf/UnevenBars/samples/00640.png 96
ucf/UnevenBars/samples/00641.png 96
ucf/UnevenBars/samples/00642.png 96
ucf/UnevenBars/samples/00643.png 96
ucf/UnevenBars/samples/00644.png 96
ucf/UnevenBars/samples/00645.png 96
ucf/UnevenBars/samples/00646.png 96
ucf/UnevenBars/samples/00647.png 96
ucf/UnevenBars/samples/00648.png 96
ucf/UnevenBars/samples/00649.png 96
ucf/UnevenBars/samples/00650.png 96
ucf/UnevenBars/samples/00651.png 96
ucf/UnevenBars/samples/00652.png 96
ucf/UnevenBars/samples/00653.png 96
ucf/UnevenBars/samples/00654.png 96
ucf/UnevenBars/samples/00655.png 96
ucf/UnevenBars/samples/00656.png 96
ucf/UnevenBars/samples/00657.png 96
ucf/UnevenBars/samples/00658.png 96
ucf/UnevenBars/samples/00659.png 96
ucf/UnevenBars/samples/00660.png 96
ucf/UnevenBars/samples/00661.png 96
ucf/UnevenBars/samples/00662.png 96
ucf/UnevenBars/samples/00663.png 96
ucf/UnevenBars/samples/00664.png 96
ucf/UnevenBars/samples/00665.png 96
ucf/UnevenBars/samples/00666.png 96
ucf/UnevenBars/samples/00667.png 96
ucf/UnevenBars/samples/00668.png 96
ucf/UnevenBars/samples/00669.png 96
ucf/UnevenBars/samples/00670.png 96
ucf/UnevenBars/samples/00671.png 96
ucf/UnevenBars/samples/00672.png 96
ucf/UnevenBars/samples/00673.png 96
ucf/UnevenBars/samples/00674.png 96
ucf/UnevenBars/samples/00675.png 96
ucf/UnevenBars/samples/00676.png 96
ucf/UnevenBars/samples/00677.png 96
ucf/UnevenBars/samples/00678.png 96
ucf/UnevenBars/samples/00679.png 96
ucf/UnevenBars/samples/00680.png 96
ucf/UnevenBars/samples/00681.png 96
ucf/UnevenBars/samples/00682.png 96
ucf/UnevenBars/samples/00683.png 96
ucf/UnevenBars/samples/00684.png 96
ucf/UnevenBars/samples/00685.png 96
ucf/UnevenBars/samples/00686.png 96
ucf/UnevenBars/samples/00687.png 96
ucf/UnevenBars/samples/00688.png 96
ucf/UnevenBars/samples/00689.png 96
ucf/UnevenBars/samples/00690.png 96
ucf/UnevenBars/samples/00691.png 96
ucf/UnevenBars/samples/00692.png 96
ucf/UnevenBars/samples/00693.png 96
ucf/UnevenBars/samples/00694.png 96
ucf/UnevenBars/samples/00695.png 96
ucf/UnevenBars/samples/00696.png 96
ucf/UnevenBars/samples/00697.png 96
ucf/UnevenBars/samples/00698.png 96
ucf/UnevenBars/samples/00699.png 96
ucf/UnevenBars/samples/00700.png 96
ucf/UnevenBars/samples/00701.png 96
ucf/UnevenBars/samples/00702.png 96
ucf/UnevenBars/samples/00703.png 96
ucf/UnevenBars/samples/00704.png 96
ucf/UnevenBars/samples/00705.png 96
ucf/UnevenBars/samples/00706.png 96
ucf/UnevenBars/samples/00707.png 96
ucf/UnevenBars/samples/00708.png 96
ucf/UnevenBars/samples/00709.png 96
ucf/UnevenBars/samples/00710.png 96
ucf/UnevenBars/samples/00711.png 96
ucf/UnevenBars/samples/00712.png 96
ucf/UnevenBars/samples/00713.png 96
ucf/UnevenBars/samples/00714.png 96
ucf/UnevenBars/samples/00715.png 96
ucf/UnevenBars/samples/00716.png 96
ucf/UnevenBars/samples/00717.png 96
ucf/UnevenBars/samples/00718.png 96
ucf/UnevenBars/samples/00719.png 96
ucf/UnevenBars/samples/00720.png 96
ucf/UnevenBars/samples/00721.png 96
ucf/UnevenBars/samples/00722.png 96
ucf/UnevenBars/samples/00723.png 96
ucf/UnevenBars/samples/00724.png 96
ucf/UnevenBars/samples/00725.png 96
ucf/UnevenBars/samples/00726.png 96
ucf/UnevenBars/samples/00727.png 96
ucf/UnevenBars/samples/00728.png 96
ucf/UnevenBars/samples/00729.png 96
ucf/UnevenBars/samples/00730.png 96
ucf/UnevenBars/samples/00731.png 96
ucf/UnevenBars/samples/00732.png 96
ucf/UnevenBars/samples/00733.png 96
ucf/UnevenBars/samples/00734.png 96
ucf/UnevenBars/samples/00735.png 96
ucf/UnevenBars/samples/00736.png 96
ucf/UnevenBars/samples/00737.png 96
ucf/UnevenBars/samples/00738.png 96
ucf/UnevenBars/samples/00739.png 96
ucf/UnevenBars/samples/00740.png 96
ucf/UnevenBars/samples/00741.png 96
ucf/UnevenBars/samples/00742.png 96
ucf/UnevenBars/samples/00743.png 96
ucf/UnevenBars/samples/00744.png 96
ucf/UnevenBars/samples/00745.png 96
ucf/UnevenBars/samples/00746.png 96
ucf/UnevenBars/samples/00747.png 96
ucf/UnevenBars/samples/00748.png 96
ucf/UnevenBars/samples/00749.png 96
ucf/UnevenBars/samples/00750.png 96
ucf/UnevenBars/samples/00751.png 96
ucf/UnevenBars/samples/00752.png 96
ucf/UnevenBars/samples/00753.png 96
ucf/UnevenBars/samples/00754.png 96
ucf/UnevenBars/samples/00755.png 96
ucf/UnevenBars/samples/00756.png 96
ucf/UnevenBars/samples/00757.png 96
ucf/UnevenBars/samples/00758.png 96
ucf/UnevenBars/samples/00759.png 96
ucf/UnevenBars/samples/00760.png 96
ucf/UnevenBars/samples/00761.png 96
ucf/UnevenBars/samples/00762.png 96
ucf/UnevenBars/samples/00763.png 96
ucf/UnevenBars/samples/00764.png 96
ucf/UnevenBars/samples/00765.png 96
ucf/UnevenBars/samples/00766.png 96
ucf/UnevenBars/samples/00767.png 96
ucf/UnevenBars/samples/00768.png 96
ucf/UnevenBars/samples/00769.png 96
ucf/UnevenBars/samples/00770.png 96
ucf/UnevenBars/samples/00771.png 96
ucf/UnevenBars/samples/00772.png 96
ucf/UnevenBars/samples/00773.png 96
ucf/UnevenBars/samples/00774.png 96
ucf/UnevenBars/samples/00775.png 96
ucf/UnevenBars/samples/00776.png 96
ucf/UnevenBars/samples/00777.png 96
ucf/UnevenBars/samples/00778.png 96
ucf/UnevenBars/samples/00779.png 96
ucf/UnevenBars/samples/00780.png 96
ucf/UnevenBars/samples/00781.png 96
ucf/UnevenBars/samples/00782.png 96
ucf/UnevenBars/samples/00783.png 96
ucf/UnevenBars/samples/00784.png 96
ucf/UnevenBars/samples/00785.png 96
ucf/UnevenBars/samples/00786.png 96
ucf/UnevenBars/samples/00787.png 96
ucf/UnevenBars/samples/00788.png 96
ucf/UnevenBars/samples/00789.png 96
ucf/UnevenBars/samples/00790.png 96
ucf/UnevenBars/samples/00791.png 96
ucf/UnevenBars/samples/00792.png 96
ucf/UnevenBars/samples/00793.png 96
ucf/UnevenBars/samples/00794.png 96
ucf/UnevenBars/samples/00795.png 96
ucf/UnevenBars/samples/00796.png 96
ucf/UnevenBars/samples/00797.png 96
ucf/UnevenBars/samples/00798.png 96
ucf/UnevenBars/samples/00799.png 96
ucf/UnevenBars/samples/00800.png 96
ucf/UnevenBars/samples/00801.png 96
ucf/UnevenBars/samples/00802.png 96
ucf/UnevenBars/samples/00803.png 96
ucf/UnevenBars/samples/00804.png 96
ucf/UnevenBars/samples/00805.png 96
ucf/UnevenBars/samples/00806.png 96
ucf/UnevenBars/samples/00807.png 96
ucf/UnevenBars/samples/00808.png 96
ucf/UnevenBars/samples/00809.png 96
ucf/UnevenBars/samples/00810.png 96
ucf/UnevenBars/samples/00811.png 96
ucf/UnevenBars/samples/00812.png 96
ucf/UnevenBars/samples/00813.png 96
ucf/UnevenBars/samples/00814.png 96
ucf/UnevenBars/samples/00815.png 96
ucf/UnevenBars/samples/00816.png 96
ucf/UnevenBars/samples/00817.png 96
ucf/UnevenBars/samples/00818.png 96
ucf/UnevenBars/samples/00819.png 96
ucf/UnevenBars/samples/00820.png 96
ucf/UnevenBars/samples/00821.png 96
ucf/UnevenBars/samples/00822.png 96
ucf/UnevenBars/samples/00823.png 96
ucf/UnevenBars/samples/00824.png 96
ucf/UnevenBars/samples/00825.png 96
ucf/UnevenBars/samples/00826.png 96
ucf/UnevenBars/samples/00827.png 96
ucf/UnevenBars/samples/00828.png 96
ucf/UnevenBars/samples/00829.png 96
ucf/UnevenBars/samples/00830.png 96
ucf/UnevenBars/samples/00831.png 96
ucf/UnevenBars/samples/00832.png 96
ucf/UnevenBars/samples/00833.png 96
ucf/UnevenBars/samples/00834.png 96
ucf/UnevenBars/samples/00835.png 96
ucf/UnevenBars/samples/00836.png 96
ucf/UnevenBars/samples/00837.png 96
ucf/UnevenBars/samples/00838.png 96
ucf/UnevenBars/samples/00839.png 96
ucf/UnevenBars/samples/00840.png 96
ucf/UnevenBars/samples/00841.png 96
ucf/UnevenBars/samples/00842.png 96
ucf/UnevenBars/samples/00843.png 96
ucf/UnevenBars/samples/00844.png 96
ucf/UnevenBars/samples/00845.png 96
ucf/UnevenBars/samples/00846.png 96
ucf/UnevenBars/samples/00847.png 96
ucf/UnevenBars/samples/00848.png 96
ucf/UnevenBars/samples/00849.png 96
ucf/UnevenBars/samples/00850.png 96
ucf/UnevenBars/samples/00851.png 96
ucf/UnevenBars/samples/00852.png 96
ucf/UnevenBars/samples/00853.png 96
ucf/UnevenBars/samples/00854.png 96
ucf/UnevenBars/samples/00855.png 96
ucf/UnevenBars/samples/00856.png 96
ucf/UnevenBars/samples/00857.png 96
ucf/UnevenBars/samples/00858.png 96
ucf/UnevenBars/samples/00859.png 96
ucf/UnevenBars/samples/00860.png 96
ucf/UnevenBars/samples/00861.png 96
ucf/UnevenBars/samples/00862.png 96
ucf/UnevenBars/samples/00863.png 96
ucf/UnevenBars/samples/00864.png 96
ucf/UnevenBars/samples/00865.png 96
ucf/UnevenBars/samples/00866.png 96
ucf/UnevenBars/samples/00867.png 96
ucf/UnevenBars/samples/00868.png 96
ucf/UnevenBars/samples/00869.png 96
ucf/UnevenBars/samples/00870.png 96
ucf/UnevenBars/samples/00871.png 96
ucf/UnevenBars/samples/00872.png 96
ucf/UnevenBars/samples/00873.png 96
ucf/UnevenBars/samples/00874.png 96
ucf/UnevenBars/samples/00875.png 96
ucf/UnevenBars/samples/00876.png 96
ucf/UnevenBars/samples/00877.png 96
ucf/UnevenBars/samples/00878.png 96
ucf/UnevenBars/samples/00879.png 96
ucf/UnevenBars/samples/00880.png 96
ucf/UnevenBars/samples/00881.png 96
ucf/UnevenBars/samples/00882.png 96
ucf/UnevenBars/samples/00883.png 96
ucf/UnevenBars/samples/00884.png 96
ucf/UnevenBars/samples/00885.png 96
ucf/UnevenBars/samples/00886.png 96
ucf/UnevenBars/samples/00887.png 96
ucf/UnevenBars/samples/00888.png 96
ucf/UnevenBars/samples/00889.png 96
ucf/UnevenBars/samples/00890.png 96
ucf/UnevenBars/samples/00891.png 96
ucf/UnevenBars/samples/00892.png 96
ucf/UnevenBars/samples/00893.png 96
ucf/UnevenBars/samples/00894.png 96
ucf/UnevenBars/samples/00895.png 96
ucf/UnevenBars/samples/00896.png 96
ucf/UnevenBars/samples/00897.png 96
ucf/UnevenBars/samples/00898.png 96
ucf/UnevenBars/samples/00899.png 96
ucf/UnevenBars/samples/00900.png 96
ucf/UnevenBars/samples/00901.png 96
ucf/UnevenBars/samples/00902.png 96
ucf/UnevenBars/samples/00903.png 96
ucf/UnevenBars/samples/00904.png 96
ucf/UnevenBars/samples/00905.png 96
ucf/UnevenBars/samples/00906.png 96
ucf/UnevenBars/samples/00907.png 96
ucf/UnevenBars/samples/00908.png 96
ucf/UnevenBars/samples/00909.png 96
ucf/UnevenBars/samples/00910.png 96
ucf/UnevenBars/samples/00911.png 96
ucf/UnevenBars/samples/00912.png 96
ucf/UnevenBars/samples/00913.png 96
ucf/UnevenBars/samples/00914.png 96
ucf/UnevenBars/samples/00915.png 96
ucf/UnevenBars/samples/00916.png 96
ucf/UnevenBars/samples/00917.png 96
ucf/UnevenBars/samples/00918.png 96
ucf/UnevenBars/samples/00919.png 96
ucf/UnevenBars/samples/00920.png 96
ucf/UnevenBars/samples/00921.png 96
ucf/UnevenBars/samples/00922.png 96
ucf/UnevenBars/samples/00923.png 96
ucf/UnevenBars/samples/00924.png 96
ucf/UnevenBars/samples/00925.png 96
ucf/UnevenBars/samples/00926.png 96
ucf/UnevenBars/samples/00927.png 96
ucf/UnevenBars/samples/00928.png 96
ucf/UnevenBars/samples/00929.png 96
ucf/UnevenBars/samples/00930.png 96
ucf/UnevenBars/samples/00931.png 96
ucf/UnevenBars/samples/00932.png 96
ucf/UnevenBars/samples/00933.png 96
ucf/UnevenBars/samples/00934.png 96
ucf/UnevenBars/samples/00935.png 96
ucf/UnevenBars/samples/00936.png 96
ucf/UnevenBars/samples/00937.png 96
ucf/UnevenBars/samples/00938.png 96
ucf/UnevenBars/samples/00939.png 96
ucf/UnevenBars/samples/00940.png 96
ucf/UnevenBars/samples/00941.png 96
ucf/UnevenBars/samples/00942.png 96
ucf/UnevenBars/samples/00943.png 96
ucf/UnevenBars/samples/00944.png 96
ucf/UnevenBars/samples/00945.png 96
ucf/UnevenBars/samples/00946.png 96
ucf/UnevenBars/samples/00947.png 96
ucf/UnevenBars/samples/00948.png 96
ucf/UnevenBars/samples/00949.png 96
ucf/UnevenBars/samples/00950.png 96
ucf/UnevenBars/samples/00951.png 96
ucf/UnevenBars/samples/00952.png 96
ucf/UnevenBars/samples/00953.png 96
ucf/UnevenBars/samples/00954.png 96
ucf/UnevenBars/samples/00955.png 96
ucf/UnevenBars/samples/00956.png 96
ucf/UnevenBars/samples/00957.png 96
ucf/UnevenBars/samples/00958.png 96
ucf/UnevenBars/samples/00959.png 96
ucf/UnevenBars/samples/00960.png 96
ucf/UnevenBars/samples/00961.png 96
ucf/UnevenBars/samples/00962.png 96
ucf/UnevenBars/samples/00963.png 96
ucf/UnevenBars/samples/00964.png 96
ucf/UnevenBars/samples/00965.png 96
ucf/UnevenBars/samples/00966.png 96
ucf/UnevenBars/samples/00967.png 96
ucf/UnevenBars/samples/00968.png 96
ucf/UnevenBars/samples/00969.png 96
ucf/UnevenBars/samples/00970.png 96
ucf/UnevenBars/samples/00971.png 96
ucf/UnevenBars/samples/00972.png 96
ucf/UnevenBars/samples/00973.png 96
ucf/UnevenBars/samples/00974.png 96
ucf/UnevenBars/samples/00975.png 96
ucf/UnevenBars/samples/00976.png 96
ucf/UnevenBars/samples/00977.png 96
ucf/UnevenBars/samples/00978.png 96
ucf/UnevenBars/samples/00979.png 96
ucf/UnevenBars/samples/00980.png 96
ucf/UnevenBars/samples/00981.png 96
ucf/UnevenBars/samples/00982.png 96
ucf/UnevenBars/samples/00983.png 96
ucf/UnevenBars/samples/00984.png 96
ucf/UnevenBars/samples/00985.png 96
ucf/UnevenBars/samples/00986.png 96
ucf/UnevenBars/samples/00987.png 96
ucf/UnevenBars/samples/00988.png 96
ucf/UnevenBars/samples/00989.png 96
ucf/UnevenBars/samples/00990.png 96
ucf/UnevenBars/samples/00991.png 96
ucf/UnevenBars/samples/00992.png 96
ucf/UnevenBars/samples/00993.png 96
ucf/UnevenBars/samples/00994.png 96
ucf/UnevenBars/samples/00995.png 96
ucf/UnevenBars/samples/00996.png 96
ucf/UnevenBars/samples/00997.png 96
ucf/UnevenBars/samples/00998.png 96
ucf/UnevenBars/samples/00999.png 96
ucf/HorseRace/samples/00000.png 41
ucf/HorseRace/samples/00001.png 41
ucf/HorseRace/samples/00002.png 41
ucf/HorseRace/samples/00003.png 41
ucf/HorseRace/samples/00004.png 41
ucf/HorseRace/samples/00005.png 41
ucf/HorseRace/samples/00006.png 41
ucf/HorseRace/samples/00007.png 41
ucf/HorseRace/samples/00008.png 41
ucf/HorseRace/samples/00009.png 41
ucf/HorseRace/samples/00010.png 41
ucf/HorseRace/samples/00011.png 41
ucf/HorseRace/samples/00012.png 41
ucf/HorseRace/samples/00013.png 41
ucf/HorseRace/samples/00014.png 41
ucf/HorseRace/samples/00015.png 41
ucf/HorseRace/samples/00016.png 41
ucf/HorseRace/samples/00017.png 41
ucf/HorseRace/samples/00018.png 41
ucf/HorseRace/samples/00019.png 41
ucf/HorseRace/samples/00020.png 41
ucf/HorseRace/samples/00021.png 41
ucf/HorseRace/samples/00022.png 41
ucf/HorseRace/samples/00023.png 41
ucf/HorseRace/samples/00024.png 41
ucf/HorseRace/samples/00025.png 41
ucf/HorseRace/samples/00026.png 41
ucf/HorseRace/samples/00027.png 41
ucf/HorseRace/samples/00028.png 41
ucf/HorseRace/samples/00029.png 41
ucf/HorseRace/samples/00030.png 41
ucf/HorseRace/samples/00031.png 41
ucf/HorseRace/samples/00032.png 41
ucf/HorseRace/samples/00033.png 41
ucf/HorseRace/samples/00034.png 41
ucf/HorseRace/samples/00035.png 41
ucf/HorseRace/samples/00036.png 41
ucf/HorseRace/samples/00037.png 41
ucf/HorseRace/samples/00038.png 41
ucf/HorseRace/samples/00039.png 41
ucf/HorseRace/samples/00040.png 41
ucf/HorseRace/samples/00041.png 41
ucf/HorseRace/samples/00042.png 41
ucf/HorseRace/samples/00043.png 41
ucf/HorseRace/samples/00044.png 41
ucf/HorseRace/samples/00045.png 41
ucf/HorseRace/samples/00046.png 41
ucf/HorseRace/samples/00047.png 41
ucf/HorseRace/samples/00048.png 41
ucf/HorseRace/samples/00049.png 41
ucf/HorseRace/samples/00050.png 41
ucf/HorseRace/samples/00051.png 41
ucf/HorseRace/samples/00052.png 41
ucf/HorseRace/samples/00053.png 41
ucf/HorseRace/samples/00054.png 41
ucf/HorseRace/samples/00055.png 41
ucf/HorseRace/samples/00056.png 41
ucf/HorseRace/samples/00057.png 41
ucf/HorseRace/samples/00058.png 41
ucf/HorseRace/samples/00059.png 41
ucf/HorseRace/samples/00060.png 41
ucf/HorseRace/samples/00061.png 41
ucf/HorseRace/samples/00062.png 41
ucf/HorseRace/samples/00063.png 41
ucf/HorseRace/samples/00064.png 41
ucf/HorseRace/samples/00065.png 41
ucf/HorseRace/samples/00066.png 41
ucf/HorseRace/samples/00067.png 41
ucf/HorseRace/samples/00068.png 41
ucf/HorseRace/samples/00069.png 41
ucf/HorseRace/samples/00070.png 41
ucf/HorseRace/samples/00071.png 41
ucf/HorseRace/samples/00072.png 41
ucf/HorseRace/samples/00073.png 41
ucf/HorseRace/samples/00074.png 41
ucf/HorseRace/samples/00075.png 41
ucf/HorseRace/samples/00076.png 41
ucf/HorseRace/samples/00077.png 41
ucf/HorseRace/samples/00078.png 41
ucf/HorseRace/samples/00079.png 41
ucf/HorseRace/samples/00080.png 41
ucf/HorseRace/samples/00081.png 41
ucf/HorseRace/samples/00082.png 41
ucf/HorseRace/samples/00083.png 41
ucf/HorseRace/samples/00084.png 41
ucf/HorseRace/samples/00085.png 41
ucf/HorseRace/samples/00086.png 41
ucf/HorseRace/samples/00087.png 41
ucf/HorseRace/samples/00088.png 41
ucf/HorseRace/samples/00089.png 41
ucf/HorseRace/samples/00090.png 41
ucf/HorseRace/samples/00091.png 41
ucf/HorseRace/samples/00092.png 41
ucf/HorseRace/samples/00093.png 41
ucf/HorseRace/samples/00094.png 41
ucf/HorseRace/samples/00095.png 41
ucf/HorseRace/samples/00096.png 41
ucf/HorseRace/samples/00097.png 41
ucf/HorseRace/samples/00098.png 41
ucf/HorseRace/samples/00099.png 41
ucf/HorseRace/samples/00100.png 41
ucf/HorseRace/samples/00101.png 41
ucf/HorseRace/samples/00102.png 41
ucf/HorseRace/samples/00103.png 41
ucf/HorseRace/samples/00104.png 41
ucf/HorseRace/samples/00105.png 41
ucf/HorseRace/samples/00106.png 41
ucf/HorseRace/samples/00107.png 41
ucf/HorseRace/samples/00108.png 41
ucf/HorseRace/samples/00109.png 41
ucf/HorseRace/samples/00110.png 41
ucf/HorseRace/samples/00111.png 41
ucf/HorseRace/samples/00112.png 41
ucf/HorseRace/samples/00113.png 41
ucf/HorseRace/samples/00114.png 41
ucf/HorseRace/samples/00115.png 41
ucf/HorseRace/samples/00116.png 41
ucf/HorseRace/samples/00117.png 41
ucf/HorseRace/samples/00118.png 41
ucf/HorseRace/samples/00119.png 41
ucf/HorseRace/samples/00120.png 41
ucf/HorseRace/samples/00121.png 41
ucf/HorseRace/samples/00122.png 41
ucf/HorseRace/samples/00123.png 41
ucf/HorseRace/samples/00124.png 41
ucf/HorseRace/samples/00125.png 41
ucf/HorseRace/samples/00126.png 41
ucf/HorseRace/samples/00127.png 41
ucf/HorseRace/samples/00128.png 41
ucf/HorseRace/samples/00129.png 41
ucf/HorseRace/samples/00130.png 41
ucf/HorseRace/samples/00131.png 41
ucf/HorseRace/samples/00132.png 41
ucf/HorseRace/samples/00133.png 41
ucf/HorseRace/samples/00134.png 41
ucf/HorseRace/samples/00135.png 41
ucf/HorseRace/samples/00136.png 41
ucf/HorseRace/samples/00137.png 41
ucf/HorseRace/samples/00138.png 41
ucf/HorseRace/samples/00139.png 41
ucf/HorseRace/samples/00140.png 41
ucf/HorseRace/samples/00141.png 41
ucf/HorseRace/samples/00142.png 41
ucf/HorseRace/samples/00143.png 41
ucf/HorseRace/samples/00144.png 41
ucf/HorseRace/samples/00145.png 41
ucf/HorseRace/samples/00146.png 41
ucf/HorseRace/samples/00147.png 41
ucf/HorseRace/samples/00148.png 41
ucf/HorseRace/samples/00149.png 41
ucf/HorseRace/samples/00150.png 41
ucf/HorseRace/samples/00151.png 41
ucf/HorseRace/samples/00152.png 41
ucf/HorseRace/samples/00153.png 41
ucf/HorseRace/samples/00154.png 41
ucf/HorseRace/samples/00155.png 41
ucf/HorseRace/samples/00156.png 41
ucf/HorseRace/samples/00157.png 41
ucf/HorseRace/samples/00158.png 41
ucf/HorseRace/samples/00159.png 41
ucf/HorseRace/samples/00160.png 41
ucf/HorseRace/samples/00161.png 41
ucf/HorseRace/samples/00162.png 41
ucf/HorseRace/samples/00163.png 41
ucf/HorseRace/samples/00164.png 41
ucf/HorseRace/samples/00165.png 41
ucf/HorseRace/samples/00166.png 41
ucf/HorseRace/samples/00167.png 41
ucf/HorseRace/samples/00168.png 41
ucf/HorseRace/samples/00169.png 41
ucf/HorseRace/samples/00170.png 41
ucf/HorseRace/samples/00171.png 41
ucf/HorseRace/samples/00172.png 41
ucf/HorseRace/samples/00173.png 41
ucf/HorseRace/samples/00174.png 41
ucf/HorseRace/samples/00175.png 41
ucf/HorseRace/samples/00176.png 41
ucf/HorseRace/samples/00177.png 41
ucf/HorseRace/samples/00178.png 41
ucf/HorseRace/samples/00179.png 41
ucf/HorseRace/samples/00180.png 41
ucf/HorseRace/samples/00181.png 41
ucf/HorseRace/samples/00182.png 41
ucf/HorseRace/samples/00183.png 41
ucf/HorseRace/samples/00184.png 41
ucf/HorseRace/samples/00185.png 41
ucf/HorseRace/samples/00186.png 41
ucf/HorseRace/samples/00187.png 41
ucf/HorseRace/samples/00188.png 41
ucf/HorseRace/samples/00189.png 41
ucf/HorseRace/samples/00190.png 41
ucf/HorseRace/samples/00191.png 41
ucf/HorseRace/samples/00192.png 41
ucf/HorseRace/samples/00193.png 41
ucf/HorseRace/samples/00194.png 41
ucf/HorseRace/samples/00195.png 41
ucf/HorseRace/samples/00196.png 41
ucf/HorseRace/samples/00197.png 41
ucf/HorseRace/samples/00198.png 41
ucf/HorseRace/samples/00199.png 41
ucf/HorseRace/samples/00200.png 41
ucf/HorseRace/samples/00201.png 41
ucf/HorseRace/samples/00202.png 41
ucf/HorseRace/samples/00203.png 41
ucf/HorseRace/samples/00204.png 41
ucf/HorseRace/samples/00205.png 41
ucf/HorseRace/samples/00206.png 41
ucf/HorseRace/samples/00207.png 41
ucf/HorseRace/samples/00208.png 41
ucf/HorseRace/samples/00209.png 41
ucf/HorseRace/samples/00210.png 41
ucf/HorseRace/samples/00211.png 41
ucf/HorseRace/samples/00212.png 41
ucf/HorseRace/samples/00213.png 41
ucf/HorseRace/samples/00214.png 41
ucf/HorseRace/samples/00215.png 41
ucf/HorseRace/samples/00216.png 41
ucf/HorseRace/samples/00217.png 41
ucf/HorseRace/samples/00218.png 41
ucf/HorseRace/samples/00219.png 41
ucf/HorseRace/samples/00220.png 41
ucf/HorseRace/samples/00221.png 41
ucf/HorseRace/samples/00222.png 41
ucf/HorseRace/samples/00223.png 41
ucf/HorseRace/samples/00224.png 41
ucf/HorseRace/samples/00225.png 41
ucf/HorseRace/samples/00226.png 41
ucf/HorseRace/samples/00227.png 41
ucf/HorseRace/samples/00228.png 41
ucf/HorseRace/samples/00229.png 41
ucf/HorseRace/samples/00230.png 41
ucf/HorseRace/samples/00231.png 41
ucf/HorseRace/samples/00232.png 41
ucf/HorseRace/samples/00233.png 41
ucf/HorseRace/samples/00234.png 41
ucf/HorseRace/samples/00235.png 41
ucf/HorseRace/samples/00236.png 41
ucf/HorseRace/samples/00237.png 41
ucf/HorseRace/samples/00238.png 41
ucf/HorseRace/samples/00239.png 41
ucf/HorseRace/samples/00240.png 41
ucf/HorseRace/samples/00241.png 41
ucf/HorseRace/samples/00242.png 41
ucf/HorseRace/samples/00243.png 41
ucf/HorseRace/samples/00244.png 41
ucf/HorseRace/samples/00245.png 41
ucf/HorseRace/samples/00246.png 41
ucf/HorseRace/samples/00247.png 41
ucf/HorseRace/samples/00248.png 41
ucf/HorseRace/samples/00249.png 41
ucf/HorseRace/samples/00250.png 41
ucf/HorseRace/samples/00251.png 41
ucf/HorseRace/samples/00252.png 41
ucf/HorseRace/samples/00253.png 41
ucf/HorseRace/samples/00254.png 41
ucf/HorseRace/samples/00255.png 41
ucf/HorseRace/samples/00256.png 41
ucf/HorseRace/samples/00257.png 41
ucf/HorseRace/samples/00258.png 41
ucf/HorseRace/samples/00259.png 41
ucf/HorseRace/samples/00260.png 41
ucf/HorseRace/samples/00261.png 41
ucf/HorseRace/samples/00262.png 41
ucf/HorseRace/samples/00263.png 41
ucf/HorseRace/samples/00264.png 41
ucf/HorseRace/samples/00265.png 41
ucf/HorseRace/samples/00266.png 41
ucf/HorseRace/samples/00267.png 41
ucf/HorseRace/samples/00268.png 41
ucf/HorseRace/samples/00269.png 41
ucf/HorseRace/samples/00270.png 41
ucf/HorseRace/samples/00271.png 41
ucf/HorseRace/samples/00272.png 41
ucf/HorseRace/samples/00273.png 41
ucf/HorseRace/samples/00274.png 41
ucf/HorseRace/samples/00275.png 41
ucf/HorseRace/samples/00276.png 41
ucf/HorseRace/samples/00277.png 41
ucf/HorseRace/samples/00278.png 41
ucf/HorseRace/samples/00279.png 41
ucf/HorseRace/samples/00280.png 41
ucf/HorseRace/samples/00281.png 41
ucf/HorseRace/samples/00282.png 41
ucf/HorseRace/samples/00283.png 41
ucf/HorseRace/samples/00284.png 41
ucf/HorseRace/samples/00285.png 41
ucf/HorseRace/samples/00286.png 41
ucf/HorseRace/samples/00287.png 41
ucf/HorseRace/samples/00288.png 41
ucf/HorseRace/samples/00289.png 41
ucf/HorseRace/samples/00290.png 41
ucf/HorseRace/samples/00291.png 41
ucf/HorseRace/samples/00292.png 41
ucf/HorseRace/samples/00293.png 41
ucf/HorseRace/samples/00294.png 41
ucf/HorseRace/samples/00295.png 41
ucf/HorseRace/samples/00296.png 41
ucf/HorseRace/samples/00297.png 41
ucf/HorseRace/samples/00298.png 41
ucf/HorseRace/samples/00299.png 41
ucf/HorseRace/samples/00300.png 41
ucf/HorseRace/samples/00301.png 41
ucf/HorseRace/samples/00302.png 41
ucf/HorseRace/samples/00303.png 41
ucf/HorseRace/samples/00304.png 41
ucf/HorseRace/samples/00305.png 41
ucf/HorseRace/samples/00306.png 41
ucf/HorseRace/samples/00307.png 41
ucf/HorseRace/samples/00308.png 41
ucf/HorseRace/samples/00309.png 41
ucf/HorseRace/samples/00310.png 41
ucf/HorseRace/samples/00311.png 41
ucf/HorseRace/samples/00312.png 41
ucf/HorseRace/samples/00313.png 41
ucf/HorseRace/samples/00314.png 41
ucf/HorseRace/samples/00315.png 41
ucf/HorseRace/samples/00316.png 41
ucf/HorseRace/samples/00317.png 41
ucf/HorseRace/samples/00318.png 41
ucf/HorseRace/samples/00319.png 41
ucf/HorseRace/samples/00320.png 41
ucf/HorseRace/samples/00321.png 41
ucf/HorseRace/samples/00322.png 41
ucf/HorseRace/samples/00323.png 41
ucf/HorseRace/samples/00324.png 41
ucf/HorseRace/samples/00325.png 41
ucf/HorseRace/samples/00326.png 41
ucf/HorseRace/samples/00327.png 41
ucf/HorseRace/samples/00328.png 41
ucf/HorseRace/samples/00329.png 41
ucf/HorseRace/samples/00330.png 41
ucf/HorseRace/samples/00331.png 41
ucf/HorseRace/samples/00332.png 41
ucf/HorseRace/samples/00333.png 41
ucf/HorseRace/samples/00334.png 41
ucf/HorseRace/samples/00335.png 41
ucf/HorseRace/samples/00336.png 41
ucf/HorseRace/samples/00337.png 41
ucf/HorseRace/samples/00338.png 41
ucf/HorseRace/samples/00339.png 41
ucf/HorseRace/samples/00340.png 41
ucf/HorseRace/samples/00341.png 41
ucf/HorseRace/samples/00342.png 41
ucf/HorseRace/samples/00343.png 41
ucf/HorseRace/samples/00344.png 41
ucf/HorseRace/samples/00345.png 41
ucf/HorseRace/samples/00346.png 41
ucf/HorseRace/samples/00347.png 41
ucf/HorseRace/samples/00348.png 41
ucf/HorseRace/samples/00349.png 41
ucf/HorseRace/samples/00350.png 41
ucf/HorseRace/samples/00351.png 41
ucf/HorseRace/samples/00352.png 41
ucf/HorseRace/samples/00353.png 41
ucf/HorseRace/samples/00354.png 41
ucf/HorseRace/samples/00355.png 41
ucf/HorseRace/samples/00356.png 41
ucf/HorseRace/samples/00357.png 41
ucf/HorseRace/samples/00358.png 41
ucf/HorseRace/samples/00359.png 41
ucf/HorseRace/samples/00360.png 41
ucf/HorseRace/samples/00361.png 41
ucf/HorseRace/samples/00362.png 41
ucf/HorseRace/samples/00363.png 41
ucf/HorseRace/samples/00364.png 41
ucf/HorseRace/samples/00365.png 41
ucf/HorseRace/samples/00366.png 41
ucf/HorseRace/samples/00367.png 41
ucf/HorseRace/samples/00368.png 41
ucf/HorseRace/samples/00369.png 41
ucf/HorseRace/samples/00370.png 41
ucf/HorseRace/samples/00371.png 41
ucf/HorseRace/samples/00372.png 41
ucf/HorseRace/samples/00373.png 41
ucf/HorseRace/samples/00374.png 41
ucf/HorseRace/samples/00375.png 41
ucf/HorseRace/samples/00376.png 41
ucf/HorseRace/samples/00377.png 41
ucf/HorseRace/samples/00378.png 41
ucf/HorseRace/samples/00379.png 41
ucf/HorseRace/samples/00380.png 41
ucf/HorseRace/samples/00381.png 41
ucf/HorseRace/samples/00382.png 41
ucf/HorseRace/samples/00383.png 41
ucf/HorseRace/samples/00384.png 41
ucf/HorseRace/samples/00385.png 41
ucf/HorseRace/samples/00386.png 41
ucf/HorseRace/samples/00387.png 41
ucf/HorseRace/samples/00388.png 41
ucf/HorseRace/samples/00389.png 41
ucf/HorseRace/samples/00390.png 41
ucf/HorseRace/samples/00391.png 41
ucf/HorseRace/samples/00392.png 41
ucf/HorseRace/samples/00393.png 41
ucf/HorseRace/samples/00394.png 41
ucf/HorseRace/samples/00395.png 41
ucf/HorseRace/samples/00396.png 41
ucf/HorseRace/samples/00397.png 41
ucf/HorseRace/samples/00398.png 41
ucf/HorseRace/samples/00399.png 41
ucf/HorseRace/samples/00400.png 41
ucf/HorseRace/samples/00401.png 41
ucf/HorseRace/samples/00402.png 41
ucf/HorseRace/samples/00403.png 41
ucf/HorseRace/samples/00404.png 41
ucf/HorseRace/samples/00405.png 41
ucf/HorseRace/samples/00406.png 41
ucf/HorseRace/samples/00407.png 41
ucf/HorseRace/samples/00408.png 41
ucf/HorseRace/samples/00409.png 41
ucf/HorseRace/samples/00410.png 41
ucf/HorseRace/samples/00411.png 41
ucf/HorseRace/samples/00412.png 41
ucf/HorseRace/samples/00413.png 41
ucf/HorseRace/samples/00414.png 41
ucf/HorseRace/samples/00415.png 41
ucf/HorseRace/samples/00416.png 41
ucf/HorseRace/samples/00417.png 41
ucf/HorseRace/samples/00418.png 41
ucf/HorseRace/samples/00419.png 41
ucf/HorseRace/samples/00420.png 41
ucf/HorseRace/samples/00421.png 41
ucf/HorseRace/samples/00422.png 41
ucf/HorseRace/samples/00423.png 41
ucf/HorseRace/samples/00424.png 41
ucf/HorseRace/samples/00425.png 41
ucf/HorseRace/samples/00426.png 41
ucf/HorseRace/samples/00427.png 41
ucf/HorseRace/samples/00428.png 41
ucf/HorseRace/samples/00429.png 41
ucf/HorseRace/samples/00430.png 41
ucf/HorseRace/samples/00431.png 41
ucf/HorseRace/samples/00432.png 41
ucf/HorseRace/samples/00433.png 41
ucf/HorseRace/samples/00434.png 41
ucf/HorseRace/samples/00435.png 41
ucf/HorseRace/samples/00436.png 41
ucf/HorseRace/samples/00437.png 41
ucf/HorseRace/samples/00438.png 41
ucf/HorseRace/samples/00439.png 41
ucf/HorseRace/samples/00440.png 41
ucf/HorseRace/samples/00441.png 41
ucf/HorseRace/samples/00442.png 41
ucf/HorseRace/samples/00443.png 41
ucf/HorseRace/samples/00444.png 41
ucf/HorseRace/samples/00445.png 41
ucf/HorseRace/samples/00446.png 41
ucf/HorseRace/samples/00447.png 41
ucf/HorseRace/samples/00448.png 41
ucf/HorseRace/samples/00449.png 41
ucf/HorseRace/samples/00450.png 41
ucf/HorseRace/samples/00451.png 41
ucf/HorseRace/samples/00452.png 41
ucf/HorseRace/samples/00453.png 41
ucf/HorseRace/samples/00454.png 41
ucf/HorseRace/samples/00455.png 41
ucf/HorseRace/samples/00456.png 41
ucf/HorseRace/samples/00457.png 41
ucf/HorseRace/samples/00458.png 41
ucf/HorseRace/samples/00459.png 41
ucf/HorseRace/samples/00460.png 41
ucf/HorseRace/samples/00461.png 41
ucf/HorseRace/samples/00462.png 41
ucf/HorseRace/samples/00463.png 41
ucf/HorseRace/samples/00464.png 41
ucf/HorseRace/samples/00465.png 41
ucf/HorseRace/samples/00466.png 41
ucf/HorseRace/samples/00467.png 41
ucf/HorseRace/samples/00468.png 41
ucf/HorseRace/samples/00469.png 41
ucf/HorseRace/samples/00470.png 41
ucf/HorseRace/samples/00471.png 41
ucf/HorseRace/samples/00472.png 41
ucf/HorseRace/samples/00473.png 41
ucf/HorseRace/samples/00474.png 41
ucf/HorseRace/samples/00475.png 41
ucf/HorseRace/samples/00476.png 41
ucf/HorseRace/samples/00477.png 41
ucf/HorseRace/samples/00478.png 41
ucf/HorseRace/samples/00479.png 41
ucf/HorseRace/samples/00480.png 41
ucf/HorseRace/samples/00481.png 41
ucf/HorseRace/samples/00482.png 41
ucf/HorseRace/samples/00483.png 41
ucf/HorseRace/samples/00484.png 41
ucf/HorseRace/samples/00485.png 41
ucf/HorseRace/samples/00486.png 41
ucf/HorseRace/samples/00487.png 41
ucf/HorseRace/samples/00488.png 41
ucf/HorseRace/samples/00489.png 41
ucf/HorseRace/samples/00490.png 41
ucf/HorseRace/samples/00491.png 41
ucf/HorseRace/samples/00492.png 41
ucf/HorseRace/samples/00493.png 41
ucf/HorseRace/samples/00494.png 41
ucf/HorseRace/samples/00495.png 41
ucf/HorseRace/samples/00496.png 41
ucf/HorseRace/samples/00497.png 41
ucf/HorseRace/samples/00498.png 41
ucf/HorseRace/samples/00499.png 41
ucf/HorseRace/samples/00500.png 41
ucf/HorseRace/samples/00501.png 41
ucf/HorseRace/samples/00502.png 41
ucf/HorseRace/samples/00503.png 41
ucf/HorseRace/samples/00504.png 41
ucf/HorseRace/samples/00505.png 41
ucf/HorseRace/samples/00506.png 41
ucf/HorseRace/samples/00507.png 41
ucf/HorseRace/samples/00508.png 41
ucf/HorseRace/samples/00509.png 41
ucf/HorseRace/samples/00510.png 41
ucf/HorseRace/samples/00511.png 41
ucf/HorseRace/samples/00512.png 41
ucf/HorseRace/samples/00513.png 41
ucf/HorseRace/samples/00514.png 41
ucf/HorseRace/samples/00515.png 41
ucf/HorseRace/samples/00516.png 41
ucf/HorseRace/samples/00517.png 41
ucf/HorseRace/samples/00518.png 41
ucf/HorseRace/samples/00519.png 41
ucf/HorseRace/samples/00520.png 41
ucf/HorseRace/samples/00521.png 41
ucf/HorseRace/samples/00522.png 41
ucf/HorseRace/samples/00523.png 41
ucf/HorseRace/samples/00524.png 41
ucf/HorseRace/samples/00525.png 41
ucf/HorseRace/samples/00526.png 41
ucf/HorseRace/samples/00527.png 41
ucf/HorseRace/samples/00528.png 41
ucf/HorseRace/samples/00529.png 41
ucf/HorseRace/samples/00530.png 41
ucf/HorseRace/samples/00531.png 41
ucf/HorseRace/samples/00532.png 41
ucf/HorseRace/samples/00533.png 41
ucf/HorseRace/samples/00534.png 41
ucf/HorseRace/samples/00535.png 41
ucf/HorseRace/samples/00536.png 41
ucf/HorseRace/samples/00537.png 41
ucf/HorseRace/samples/00538.png 41
ucf/HorseRace/samples/00539.png 41
ucf/HorseRace/samples/00540.png 41
ucf/HorseRace/samples/00541.png 41
ucf/HorseRace/samples/00542.png 41
ucf/HorseRace/samples/00543.png 41
ucf/HorseRace/samples/00544.png 41
ucf/HorseRace/samples/00545.png 41
ucf/HorseRace/samples/00546.png 41
ucf/HorseRace/samples/00547.png 41
ucf/HorseRace/samples/00548.png 41
ucf/HorseRace/samples/00549.png 41
ucf/HorseRace/samples/00550.png 41
ucf/HorseRace/samples/00551.png 41
ucf/HorseRace/samples/00552.png 41
ucf/HorseRace/samples/00553.png 41
ucf/HorseRace/samples/00554.png 41
ucf/HorseRace/samples/00555.png 41
ucf/HorseRace/samples/00556.png 41
ucf/HorseRace/samples/00557.png 41
ucf/HorseRace/samples/00558.png 41
ucf/HorseRace/samples/00559.png 41
ucf/HorseRace/samples/00560.png 41
ucf/HorseRace/samples/00561.png 41
ucf/HorseRace/samples/00562.png 41
ucf/HorseRace/samples/00563.png 41
ucf/HorseRace/samples/00564.png 41
ucf/HorseRace/samples/00565.png 41
ucf/HorseRace/samples/00566.png 41
ucf/HorseRace/samples/00567.png 41
ucf/HorseRace/samples/00568.png 41
ucf/HorseRace/samples/00569.png 41
ucf/HorseRace/samples/00570.png 41
ucf/HorseRace/samples/00571.png 41
ucf/HorseRace/samples/00572.png 41
ucf/HorseRace/samples/00573.png 41
ucf/HorseRace/samples/00574.png 41
ucf/HorseRace/samples/00575.png 41
ucf/HorseRace/samples/00576.png 41
ucf/HorseRace/samples/00577.png 41
ucf/HorseRace/samples/00578.png 41
ucf/HorseRace/samples/00579.png 41
ucf/HorseRace/samples/00580.png 41
ucf/HorseRace/samples/00581.png 41
ucf/HorseRace/samples/00582.png 41
ucf/HorseRace/samples/00583.png 41
ucf/HorseRace/samples/00584.png 41
ucf/HorseRace/samples/00585.png 41
ucf/HorseRace/samples/00586.png 41
ucf/HorseRace/samples/00587.png 41
ucf/HorseRace/samples/00588.png 41
ucf/HorseRace/samples/00589.png 41
ucf/HorseRace/samples/00590.png 41
ucf/HorseRace/samples/00591.png 41
ucf/HorseRace/samples/00592.png 41
ucf/HorseRace/samples/00593.png 41
ucf/HorseRace/samples/00594.png 41
ucf/HorseRace/samples/00595.png 41
ucf/HorseRace/samples/00596.png 41
ucf/HorseRace/samples/00597.png 41
ucf/HorseRace/samples/00598.png 41
ucf/HorseRace/samples/00599.png 41
ucf/HorseRace/samples/00600.png 41
ucf/HorseRace/samples/00601.png 41
ucf/HorseRace/samples/00602.png 41
ucf/HorseRace/samples/00603.png 41
ucf/HorseRace/samples/00604.png 41
ucf/HorseRace/samples/00605.png 41
ucf/HorseRace/samples/00606.png 41
ucf/HorseRace/samples/00607.png 41
ucf/HorseRace/samples/00608.png 41
ucf/HorseRace/samples/00609.png 41
ucf/HorseRace/samples/00610.png 41
ucf/HorseRace/samples/00611.png 41
ucf/HorseRace/samples/00612.png 41
ucf/HorseRace/samples/00613.png 41
ucf/HorseRace/samples/00614.png 41
ucf/HorseRace/samples/00615.png 41
ucf/HorseRace/samples/00616.png 41
ucf/HorseRace/samples/00617.png 41
ucf/HorseRace/samples/00618.png 41
ucf/HorseRace/samples/00619.png 41
ucf/HorseRace/samples/00620.png 41
ucf/HorseRace/samples/00621.png 41
ucf/HorseRace/samples/00622.png 41
ucf/HorseRace/samples/00623.png 41
ucf/HorseRace/samples/00624.png 41
ucf/HorseRace/samples/00625.png 41
ucf/HorseRace/samples/00626.png 41
ucf/HorseRace/samples/00627.png 41
ucf/HorseRace/samples/00628.png 41
ucf/HorseRace/samples/00629.png 41
ucf/HorseRace/samples/00630.png 41
ucf/HorseRace/samples/00631.png 41
ucf/HorseRace/samples/00632.png 41
ucf/HorseRace/samples/00633.png 41
ucf/HorseRace/samples/00634.png 41
ucf/HorseRace/samples/00635.png 41
ucf/HorseRace/samples/00636.png 41
ucf/HorseRace/samples/00637.png 41
ucf/HorseRace/samples/00638.png 41
ucf/HorseRace/samples/00639.png 41
ucf/HorseRace/samples/00640.png 41
ucf/HorseRace/samples/00641.png 41
ucf/HorseRace/samples/00642.png 41
ucf/HorseRace/samples/00643.png 41
ucf/HorseRace/samples/00644.png 41
ucf/HorseRace/samples/00645.png 41
ucf/HorseRace/samples/00646.png 41
ucf/HorseRace/samples/00647.png 41
ucf/HorseRace/samples/00648.png 41
ucf/HorseRace/samples/00649.png 41
ucf/HorseRace/samples/00650.png 41
ucf/HorseRace/samples/00651.png 41
ucf/HorseRace/samples/00652.png 41
ucf/HorseRace/samples/00653.png 41
ucf/HorseRace/samples/00654.png 41
ucf/HorseRace/samples/00655.png 41
ucf/HorseRace/samples/00656.png 41
ucf/HorseRace/samples/00657.png 41
ucf/HorseRace/samples/00658.png 41
ucf/HorseRace/samples/00659.png 41
ucf/HorseRace/samples/00660.png 41
ucf/HorseRace/samples/00661.png 41
ucf/HorseRace/samples/00662.png 41
ucf/HorseRace/samples/00663.png 41
ucf/HorseRace/samples/00664.png 41
ucf/HorseRace/samples/00665.png 41
ucf/HorseRace/samples/00666.png 41
ucf/HorseRace/samples/00667.png 41
ucf/HorseRace/samples/00668.png 41
ucf/HorseRace/samples/00669.png 41
ucf/HorseRace/samples/00670.png 41
ucf/HorseRace/samples/00671.png 41
ucf/HorseRace/samples/00672.png 41
ucf/HorseRace/samples/00673.png 41
ucf/HorseRace/samples/00674.png 41
ucf/HorseRace/samples/00675.png 41
ucf/HorseRace/samples/00676.png 41
ucf/HorseRace/samples/00677.png 41
ucf/HorseRace/samples/00678.png 41
ucf/HorseRace/samples/00679.png 41
ucf/HorseRace/samples/00680.png 41
ucf/HorseRace/samples/00681.png 41
ucf/HorseRace/samples/00682.png 41
ucf/HorseRace/samples/00683.png 41
ucf/HorseRace/samples/00684.png 41
ucf/HorseRace/samples/00685.png 41
ucf/HorseRace/samples/00686.png 41
ucf/HorseRace/samples/00687.png 41
ucf/HorseRace/samples/00688.png 41
ucf/HorseRace/samples/00689.png 41
ucf/HorseRace/samples/00690.png 41
ucf/HorseRace/samples/00691.png 41
ucf/HorseRace/samples/00692.png 41
ucf/HorseRace/samples/00693.png 41
ucf/HorseRace/samples/00694.png 41
ucf/HorseRace/samples/00695.png 41
ucf/HorseRace/samples/00696.png 41
ucf/HorseRace/samples/00697.png 41
ucf/HorseRace/samples/00698.png 41
ucf/HorseRace/samples/00699.png 41
ucf/HorseRace/samples/00700.png 41
ucf/HorseRace/samples/00701.png 41
ucf/HorseRace/samples/00702.png 41
ucf/HorseRace/samples/00703.png 41
ucf/HorseRace/samples/00704.png 41
ucf/HorseRace/samples/00705.png 41
ucf/HorseRace/samples/00706.png 41
ucf/HorseRace/samples/00707.png 41
ucf/HorseRace/samples/00708.png 41
ucf/HorseRace/samples/00709.png 41
ucf/HorseRace/samples/00710.png 41
ucf/HorseRace/samples/00711.png 41
ucf/HorseRace/samples/00712.png 41
ucf/HorseRace/samples/00713.png 41
ucf/HorseRace/samples/00714.png 41
ucf/HorseRace/samples/00715.png 41
ucf/HorseRace/samples/00716.png 41
ucf/HorseRace/samples/00717.png 41
ucf/HorseRace/samples/00718.png 41
ucf/HorseRace/samples/00719.png 41
ucf/HorseRace/samples/00720.png 41
ucf/HorseRace/samples/00721.png 41
ucf/HorseRace/samples/00722.png 41
ucf/HorseRace/samples/00723.png 41
ucf/HorseRace/samples/00724.png 41
ucf/HorseRace/samples/00725.png 41
ucf/HorseRace/samples/00726.png 41
ucf/HorseRace/samples/00727.png 41
ucf/HorseRace/samples/00728.png 41
ucf/HorseRace/samples/00729.png 41
ucf/HorseRace/samples/00730.png 41
ucf/HorseRace/samples/00731.png 41
ucf/HorseRace/samples/00732.png 41
ucf/HorseRace/samples/00733.png 41
ucf/HorseRace/samples/00734.png 41
ucf/HorseRace/samples/00735.png 41
ucf/HorseRace/samples/00736.png 41
ucf/HorseRace/samples/00737.png 41
ucf/HorseRace/samples/00738.png 41
ucf/HorseRace/samples/00739.png 41
ucf/HorseRace/samples/00740.png 41
ucf/HorseRace/samples/00741.png 41
ucf/HorseRace/samples/00742.png 41
ucf/HorseRace/samples/00743.png 41
ucf/HorseRace/samples/00744.png 41
ucf/HorseRace/samples/00745.png 41
ucf/HorseRace/samples/00746.png 41
ucf/HorseRace/samples/00747.png 41
ucf/HorseRace/samples/00748.png 41
ucf/HorseRace/samples/00749.png 41
ucf/HorseRace/samples/00750.png 41
ucf/HorseRace/samples/00751.png 41
ucf/HorseRace/samples/00752.png 41
ucf/HorseRace/samples/00753.png 41
ucf/HorseRace/samples/00754.png 41
ucf/HorseRace/samples/00755.png 41
ucf/HorseRace/samples/00756.png 41
ucf/HorseRace/samples/00757.png 41
ucf/HorseRace/samples/00758.png 41
ucf/HorseRace/samples/00759.png 41
ucf/HorseRace/samples/00760.png 41
ucf/HorseRace/samples/00761.png 41
ucf/HorseRace/samples/00762.png 41
ucf/HorseRace/samples/00763.png 41
ucf/HorseRace/samples/00764.png 41
ucf/HorseRace/samples/00765.png 41
ucf/HorseRace/samples/00766.png 41
ucf/HorseRace/samples/00767.png 41
ucf/HorseRace/samples/00768.png 41
ucf/HorseRace/samples/00769.png 41
ucf/HorseRace/samples/00770.png 41
ucf/HorseRace/samples/00771.png 41
ucf/HorseRace/samples/00772.png 41
ucf/HorseRace/samples/00773.png 41
ucf/HorseRace/samples/00774.png 41
ucf/HorseRace/samples/00775.png 41
ucf/HorseRace/samples/00776.png 41
ucf/HorseRace/samples/00777.png 41
ucf/HorseRace/samples/00778.png 41
ucf/HorseRace/samples/00779.png 41
ucf/HorseRace/samples/00780.png 41
ucf/HorseRace/samples/00781.png 41
ucf/HorseRace/samples/00782.png 41
ucf/HorseRace/samples/00783.png 41
ucf/HorseRace/samples/00784.png 41
ucf/HorseRace/samples/00785.png 41
ucf/HorseRace/samples/00786.png 41
ucf/HorseRace/samples/00787.png 41
ucf/HorseRace/samples/00788.png 41
ucf/HorseRace/samples/00789.png 41
ucf/HorseRace/samples/00790.png 41
ucf/HorseRace/samples/00791.png 41
ucf/HorseRace/samples/00792.png 41
ucf/HorseRace/samples/00793.png 41
ucf/HorseRace/samples/00794.png 41
ucf/HorseRace/samples/00795.png 41
ucf/HorseRace/samples/00796.png 41
ucf/HorseRace/samples/00797.png 41
ucf/HorseRace/samples/00798.png 41
ucf/HorseRace/samples/00799.png 41
ucf/HorseRace/samples/00800.png 41
ucf/HorseRace/samples/00801.png 41
ucf/HorseRace/samples/00802.png 41
ucf/HorseRace/samples/00803.png 41
ucf/HorseRace/samples/00804.png 41
ucf/HorseRace/samples/00805.png 41
ucf/HorseRace/samples/00806.png 41
ucf/HorseRace/samples/00807.png 41
ucf/HorseRace/samples/00808.png 41
ucf/HorseRace/samples/00809.png 41
ucf/HorseRace/samples/00810.png 41
ucf/HorseRace/samples/00811.png 41
ucf/HorseRace/samples/00812.png 41
ucf/HorseRace/samples/00813.png 41
ucf/HorseRace/samples/00814.png 41
ucf/HorseRace/samples/00815.png 41
ucf/HorseRace/samples/00816.png 41
ucf/HorseRace/samples/00817.png 41
ucf/HorseRace/samples/00818.png 41
ucf/HorseRace/samples/00819.png 41
ucf/HorseRace/samples/00820.png 41
ucf/HorseRace/samples/00821.png 41
ucf/HorseRace/samples/00822.png 41
ucf/HorseRace/samples/00823.png 41
ucf/HorseRace/samples/00824.png 41
ucf/HorseRace/samples/00825.png 41
ucf/HorseRace/samples/00826.png 41
ucf/HorseRace/samples/00827.png 41
ucf/HorseRace/samples/00828.png 41
ucf/HorseRace/samples/00829.png 41
ucf/HorseRace/samples/00830.png 41
ucf/HorseRace/samples/00831.png 41
ucf/HorseRace/samples/00832.png 41
ucf/HorseRace/samples/00833.png 41
ucf/HorseRace/samples/00834.png 41
ucf/HorseRace/samples/00835.png 41
ucf/HorseRace/samples/00836.png 41
ucf/HorseRace/samples/00837.png 41
ucf/HorseRace/samples/00838.png 41
ucf/HorseRace/samples/00839.png 41
ucf/HorseRace/samples/00840.png 41
ucf/HorseRace/samples/00841.png 41
ucf/HorseRace/samples/00842.png 41
ucf/HorseRace/samples/00843.png 41
ucf/HorseRace/samples/00844.png 41
ucf/HorseRace/samples/00845.png 41
ucf/HorseRace/samples/00846.png 41
ucf/HorseRace/samples/00847.png 41
ucf/HorseRace/samples/00848.png 41
ucf/HorseRace/samples/00849.png 41
ucf/HorseRace/samples/00850.png 41
ucf/HorseRace/samples/00851.png 41
ucf/HorseRace/samples/00852.png 41
ucf/HorseRace/samples/00853.png 41
ucf/HorseRace/samples/00854.png 41
ucf/HorseRace/samples/00855.png 41
ucf/HorseRace/samples/00856.png 41
ucf/HorseRace/samples/00857.png 41
ucf/HorseRace/samples/00858.png 41
ucf/HorseRace/samples/00859.png 41
ucf/HorseRace/samples/00860.png 41
ucf/HorseRace/samples/00861.png 41
ucf/HorseRace/samples/00862.png 41
ucf/HorseRace/samples/00863.png 41
ucf/HorseRace/samples/00864.png 41
ucf/HorseRace/samples/00865.png 41
ucf/HorseRace/samples/00866.png 41
ucf/HorseRace/samples/00867.png 41
ucf/HorseRace/samples/00868.png 41
ucf/HorseRace/samples/00869.png 41
ucf/HorseRace/samples/00870.png 41
ucf/HorseRace/samples/00871.png 41
ucf/HorseRace/samples/00872.png 41
ucf/HorseRace/samples/00873.png 41
ucf/HorseRace/samples/00874.png 41
ucf/HorseRace/samples/00875.png 41
ucf/HorseRace/samples/00876.png 41
ucf/HorseRace/samples/00877.png 41
ucf/HorseRace/samples/00878.png 41
ucf/HorseRace/samples/00879.png 41
ucf/HorseRace/samples/00880.png 41
ucf/HorseRace/samples/00881.png 41
ucf/HorseRace/samples/00882.png 41
ucf/HorseRace/samples/00883.png 41
ucf/HorseRace/samples/00884.png 41
ucf/HorseRace/samples/00885.png 41
ucf/HorseRace/samples/00886.png 41
ucf/HorseRace/samples/00887.png 41
ucf/HorseRace/samples/00888.png 41
ucf/HorseRace/samples/00889.png 41
ucf/HorseRace/samples/00890.png 41
ucf/HorseRace/samples/00891.png 41
ucf/HorseRace/samples/00892.png 41
ucf/HorseRace/samples/00893.png 41
ucf/HorseRace/samples/00894.png 41
ucf/HorseRace/samples/00895.png 41
ucf/HorseRace/samples/00896.png 41
ucf/HorseRace/samples/00897.png 41
ucf/HorseRace/samples/00898.png 41
ucf/HorseRace/samples/00899.png 41
ucf/HorseRace/samples/00900.png 41
ucf/HorseRace/samples/00901.png 41
ucf/HorseRace/samples/00902.png 41
ucf/HorseRace/samples/00903.png 41
ucf/HorseRace/samples/00904.png 41
ucf/HorseRace/samples/00905.png 41
ucf/HorseRace/samples/00906.png 41
ucf/HorseRace/samples/00907.png 41
ucf/HorseRace/samples/00908.png 41
ucf/HorseRace/samples/00909.png 41
ucf/HorseRace/samples/00910.png 41
ucf/HorseRace/samples/00911.png 41
ucf/HorseRace/samples/00912.png 41
ucf/HorseRace/samples/00913.png 41
ucf/HorseRace/samples/00914.png 41
ucf/HorseRace/samples/00915.png 41
ucf/HorseRace/samples/00916.png 41
ucf/HorseRace/samples/00917.png 41
ucf/HorseRace/samples/00918.png 41
ucf/HorseRace/samples/00919.png 41
ucf/HorseRace/samples/00920.png 41
ucf/HorseRace/samples/00921.png 41
ucf/HorseRace/samples/00922.png 41
ucf/HorseRace/samples/00923.png 41
ucf/HorseRace/samples/00924.png 41
ucf/HorseRace/samples/00925.png 41
ucf/HorseRace/samples/00926.png 41
ucf/HorseRace/samples/00927.png 41
ucf/HorseRace/samples/00928.png 41
ucf/HorseRace/samples/00929.png 41
ucf/HorseRace/samples/00930.png 41
ucf/HorseRace/samples/00931.png 41
ucf/HorseRace/samples/00932.png 41
ucf/HorseRace/samples/00933.png 41
ucf/HorseRace/samples/00934.png 41
ucf/HorseRace/samples/00935.png 41
ucf/HorseRace/samples/00936.png 41
ucf/HorseRace/samples/00937.png 41
ucf/HorseRace/samples/00938.png 41
ucf/HorseRace/samples/00939.png 41
ucf/HorseRace/samples/00940.png 41
ucf/HorseRace/samples/00941.png 41
ucf/HorseRace/samples/00942.png 41
ucf/HorseRace/samples/00943.png 41
ucf/HorseRace/samples/00944.png 41
ucf/HorseRace/samples/00945.png 41
ucf/HorseRace/samples/00946.png 41
ucf/HorseRace/samples/00947.png 41
ucf/HorseRace/samples/00948.png 41
ucf/HorseRace/samples/00949.png 41
ucf/HorseRace/samples/00950.png 41
ucf/HorseRace/samples/00951.png 41
ucf/HorseRace/samples/00952.png 41
ucf/HorseRace/samples/00953.png 41
ucf/HorseRace/samples/00954.png 41
ucf/HorseRace/samples/00955.png 41
ucf/HorseRace/samples/00956.png 41
ucf/HorseRace/samples/00957.png 41
ucf/HorseRace/samples/00958.png 41
ucf/HorseRace/samples/00959.png 41
ucf/HorseRace/samples/00960.png 41
ucf/HorseRace/samples/00961.png 41
ucf/HorseRace/samples/00962.png 41
ucf/HorseRace/samples/00963.png 41
ucf/HorseRace/samples/00964.png 41
ucf/HorseRace/samples/00965.png 41
ucf/HorseRace/samples/00966.png 41
ucf/HorseRace/samples/00967.png 41
ucf/HorseRace/samples/00968.png 41
ucf/HorseRace/samples/00969.png 41
ucf/HorseRace/samples/00970.png 41
ucf/HorseRace/samples/00971.png 41
ucf/HorseRace/samples/00972.png 41
ucf/HorseRace/samples/00973.png 41
ucf/HorseRace/samples/00974.png 41
ucf/HorseRace/samples/00975.png 41
ucf/HorseRace/samples/00976.png 41
ucf/HorseRace/samples/00977.png 41
ucf/HorseRace/samples/00978.png 41
ucf/HorseRace/samples/00979.png 41
ucf/HorseRace/samples/00980.png 41
ucf/HorseRace/samples/00981.png 41
ucf/HorseRace/samples/00982.png 41
ucf/HorseRace/samples/00983.png 41
ucf/HorseRace/samples/00984.png 41
ucf/HorseRace/samples/00985.png 41
ucf/HorseRace/samples/00986.png 41
ucf/HorseRace/samples/00987.png 41
ucf/HorseRace/samples/00988.png 41
ucf/HorseRace/samples/00989.png 41
ucf/HorseRace/samples/00990.png 41
ucf/HorseRace/samples/00991.png 41
ucf/HorseRace/samples/00992.png 41
ucf/HorseRace/samples/00993.png 41
ucf/HorseRace/samples/00994.png 41
ucf/HorseRace/samples/00995.png 41
ucf/HorseRace/samples/00996.png 41
ucf/HorseRace/samples/00997.png 41
ucf/HorseRace/samples/00998.png 41
ucf/HorseRace/samples/00999.png 41
ucf/YoYo/samples/00000.png 101
ucf/YoYo/samples/00001.png 101
ucf/YoYo/samples/00002.png 101
ucf/YoYo/samples/00003.png 101
ucf/YoYo/samples/00004.png 101
ucf/YoYo/samples/00005.png 101
ucf/YoYo/samples/00006.png 101
ucf/YoYo/samples/00007.png 101
ucf/YoYo/samples/00008.png 101
ucf/YoYo/samples/00009.png 101
ucf/YoYo/samples/00010.png 101
ucf/YoYo/samples/00011.png 101
ucf/YoYo/samples/00012.png 101
ucf/YoYo/samples/00013.png 101
ucf/YoYo/samples/00014.png 101
ucf/YoYo/samples/00015.png 101
ucf/YoYo/samples/00016.png 101
ucf/YoYo/samples/00017.png 101
ucf/YoYo/samples/00018.png 101
ucf/YoYo/samples/00019.png 101
ucf/YoYo/samples/00020.png 101
ucf/YoYo/samples/00021.png 101
ucf/YoYo/samples/00022.png 101
ucf/YoYo/samples/00023.png 101
ucf/YoYo/samples/00024.png 101
ucf/YoYo/samples/00025.png 101
ucf/YoYo/samples/00026.png 101
ucf/YoYo/samples/00027.png 101
ucf/YoYo/samples/00028.png 101
ucf/YoYo/samples/00029.png 101
ucf/YoYo/samples/00030.png 101
ucf/YoYo/samples/00031.png 101
ucf/YoYo/samples/00032.png 101
ucf/YoYo/samples/00033.png 101
ucf/YoYo/samples/00034.png 101
ucf/YoYo/samples/00035.png 101
ucf/YoYo/samples/00036.png 101
ucf/YoYo/samples/00037.png 101
ucf/YoYo/samples/00038.png 101
ucf/YoYo/samples/00039.png 101
ucf/YoYo/samples/00040.png 101
ucf/YoYo/samples/00041.png 101
ucf/YoYo/samples/00042.png 101
ucf/YoYo/samples/00043.png 101
ucf/YoYo/samples/00044.png 101
ucf/YoYo/samples/00045.png 101
ucf/YoYo/samples/00046.png 101
ucf/YoYo/samples/00047.png 101
ucf/YoYo/samples/00048.png 101
ucf/YoYo/samples/00049.png 101
ucf/YoYo/samples/00050.png 101
ucf/YoYo/samples/00051.png 101
ucf/YoYo/samples/00052.png 101
ucf/YoYo/samples/00053.png 101
ucf/YoYo/samples/00054.png 101
ucf/YoYo/samples/00055.png 101
ucf/YoYo/samples/00056.png 101
ucf/YoYo/samples/00057.png 101
ucf/YoYo/samples/00058.png 101
ucf/YoYo/samples/00059.png 101
ucf/YoYo/samples/00060.png 101
ucf/YoYo/samples/00061.png 101
ucf/YoYo/samples/00062.png 101
ucf/YoYo/samples/00063.png 101
ucf/YoYo/samples/00064.png 101
ucf/YoYo/samples/00065.png 101
ucf/YoYo/samples/00066.png 101
ucf/YoYo/samples/00067.png 101
ucf/YoYo/samples/00068.png 101
ucf/YoYo/samples/00069.png 101
ucf/YoYo/samples/00070.png 101
ucf/YoYo/samples/00071.png 101
ucf/YoYo/samples/00072.png 101
ucf/YoYo/samples/00073.png 101
ucf/YoYo/samples/00074.png 101
ucf/YoYo/samples/00075.png 101
ucf/YoYo/samples/00076.png 101
ucf/YoYo/samples/00077.png 101
ucf/YoYo/samples/00078.png 101
ucf/YoYo/samples/00079.png 101
ucf/YoYo/samples/00080.png 101
ucf/YoYo/samples/00081.png 101
ucf/YoYo/samples/00082.png 101
ucf/YoYo/samples/00083.png 101
ucf/YoYo/samples/00084.png 101
ucf/YoYo/samples/00085.png 101
ucf/YoYo/samples/00086.png 101
ucf/YoYo/samples/00087.png 101
ucf/YoYo/samples/00088.png 101
ucf/YoYo/samples/00089.png 101
ucf/YoYo/samples/00090.png 101
ucf/YoYo/samples/00091.png 101
ucf/YoYo/samples/00092.png 101
ucf/YoYo/samples/00093.png 101
ucf/YoYo/samples/00094.png 101
ucf/YoYo/samples/00095.png 101
ucf/YoYo/samples/00096.png 101
ucf/YoYo/samples/00097.png 101
ucf/YoYo/samples/00098.png 101
ucf/YoYo/samples/00099.png 101
ucf/YoYo/samples/00100.png 101
ucf/YoYo/samples/00101.png 101
ucf/YoYo/samples/00102.png 101
ucf/YoYo/samples/00103.png 101
ucf/YoYo/samples/00104.png 101
ucf/YoYo/samples/00105.png 101
ucf/YoYo/samples/00106.png 101
ucf/YoYo/samples/00107.png 101
ucf/YoYo/samples/00108.png 101
ucf/YoYo/samples/00109.png 101
ucf/YoYo/samples/00110.png 101
ucf/YoYo/samples/00111.png 101
ucf/YoYo/samples/00112.png 101
ucf/YoYo/samples/00113.png 101
ucf/YoYo/samples/00114.png 101
ucf/YoYo/samples/00115.png 101
ucf/YoYo/samples/00116.png 101
ucf/YoYo/samples/00117.png 101
ucf/YoYo/samples/00118.png 101
ucf/YoYo/samples/00119.png 101
ucf/YoYo/samples/00120.png 101
ucf/YoYo/samples/00121.png 101
ucf/YoYo/samples/00122.png 101
ucf/YoYo/samples/00123.png 101
ucf/YoYo/samples/00124.png 101
ucf/YoYo/samples/00125.png 101
ucf/YoYo/samples/00126.png 101
ucf/YoYo/samples/00127.png 101
ucf/YoYo/samples/00128.png 101
ucf/YoYo/samples/00129.png 101
ucf/YoYo/samples/00130.png 101
ucf/YoYo/samples/00131.png 101
ucf/YoYo/samples/00132.png 101
ucf/YoYo/samples/00133.png 101
ucf/YoYo/samples/00134.png 101
ucf/YoYo/samples/00135.png 101
ucf/YoYo/samples/00136.png 101
ucf/YoYo/samples/00137.png 101
ucf/YoYo/samples/00138.png 101
ucf/YoYo/samples/00139.png 101
ucf/YoYo/samples/00140.png 101
ucf/YoYo/samples/00141.png 101
ucf/YoYo/samples/00142.png 101
ucf/YoYo/samples/00143.png 101
ucf/YoYo/samples/00144.png 101
ucf/YoYo/samples/00145.png 101
ucf/YoYo/samples/00146.png 101
ucf/YoYo/samples/00147.png 101
ucf/YoYo/samples/00148.png 101
ucf/YoYo/samples/00149.png 101
ucf/YoYo/samples/00150.png 101
ucf/YoYo/samples/00151.png 101
ucf/YoYo/samples/00152.png 101
ucf/YoYo/samples/00153.png 101
ucf/YoYo/samples/00154.png 101
ucf/YoYo/samples/00155.png 101
ucf/YoYo/samples/00156.png 101
ucf/YoYo/samples/00157.png 101
ucf/YoYo/samples/00158.png 101
ucf/YoYo/samples/00159.png 101
ucf/YoYo/samples/00160.png 101
ucf/YoYo/samples/00161.png 101
ucf/YoYo/samples/00162.png 101
ucf/YoYo/samples/00163.png 101
ucf/YoYo/samples/00164.png 101
ucf/YoYo/samples/00165.png 101
ucf/YoYo/samples/00166.png 101
ucf/YoYo/samples/00167.png 101
ucf/YoYo/samples/00168.png 101
ucf/YoYo/samples/00169.png 101
ucf/YoYo/samples/00170.png 101
ucf/YoYo/samples/00171.png 101
ucf/YoYo/samples/00172.png 101
ucf/YoYo/samples/00173.png 101
ucf/YoYo/samples/00174.png 101
ucf/YoYo/samples/00175.png 101
ucf/YoYo/samples/00176.png 101
ucf/YoYo/samples/00177.png 101
ucf/YoYo/samples/00178.png 101
ucf/YoYo/samples/00179.png 101
ucf/YoYo/samples/00180.png 101
ucf/YoYo/samples/00181.png 101
ucf/YoYo/samples/00182.png 101
ucf/YoYo/samples/00183.png 101
ucf/YoYo/samples/00184.png 101
ucf/YoYo/samples/00185.png 101
ucf/YoYo/samples/00186.png 101
ucf/YoYo/samples/00187.png 101
ucf/YoYo/samples/00188.png 101
ucf/YoYo/samples/00189.png 101
ucf/YoYo/samples/00190.png 101
ucf/YoYo/samples/00191.png 101
ucf/YoYo/samples/00192.png 101
ucf/YoYo/samples/00193.png 101
ucf/YoYo/samples/00194.png 101
ucf/YoYo/samples/00195.png 101
ucf/YoYo/samples/00196.png 101
ucf/YoYo/samples/00197.png 101
ucf/YoYo/samples/00198.png 101
ucf/YoYo/samples/00199.png 101
ucf/YoYo/samples/00200.png 101
ucf/YoYo/samples/00201.png 101
ucf/YoYo/samples/00202.png 101
ucf/YoYo/samples/00203.png 101
ucf/YoYo/samples/00204.png 101
ucf/YoYo/samples/00205.png 101
ucf/YoYo/samples/00206.png 101
ucf/YoYo/samples/00207.png 101
ucf/YoYo/samples/00208.png 101
ucf/YoYo/samples/00209.png 101
ucf/YoYo/samples/00210.png 101
ucf/YoYo/samples/00211.png 101
ucf/YoYo/samples/00212.png 101
ucf/YoYo/samples/00213.png 101
ucf/YoYo/samples/00214.png 101
ucf/YoYo/samples/00215.png 101
ucf/YoYo/samples/00216.png 101
ucf/YoYo/samples/00217.png 101
ucf/YoYo/samples/00218.png 101
ucf/YoYo/samples/00219.png 101
ucf/YoYo/samples/00220.png 101
ucf/YoYo/samples/00221.png 101
ucf/YoYo/samples/00222.png 101
ucf/YoYo/samples/00223.png 101
ucf/YoYo/samples/00224.png 101
ucf/YoYo/samples/00225.png 101
ucf/YoYo/samples/00226.png 101
ucf/YoYo/samples/00227.png 101
ucf/YoYo/samples/00228.png 101
ucf/YoYo/samples/00229.png 101
ucf/YoYo/samples/00230.png 101
ucf/YoYo/samples/00231.png 101
ucf/YoYo/samples/00232.png 101
ucf/YoYo/samples/00233.png 101
ucf/YoYo/samples/00234.png 101
ucf/YoYo/samples/00235.png 101
ucf/YoYo/samples/00236.png 101
ucf/YoYo/samples/00237.png 101
ucf/YoYo/samples/00238.png 101
ucf/YoYo/samples/00239.png 101
ucf/YoYo/samples/00240.png 101
ucf/YoYo/samples/00241.png 101
ucf/YoYo/samples/00242.png 101
ucf/YoYo/samples/00243.png 101
ucf/YoYo/samples/00244.png 101
ucf/YoYo/samples/00245.png 101
ucf/YoYo/samples/00246.png 101
ucf/YoYo/samples/00247.png 101
ucf/YoYo/samples/00248.png 101
ucf/YoYo/samples/00249.png 101
ucf/YoYo/samples/00250.png 101
ucf/YoYo/samples/00251.png 101
ucf/YoYo/samples/00252.png 101
ucf/YoYo/samples/00253.png 101
ucf/YoYo/samples/00254.png 101
ucf/YoYo/samples/00255.png 101
ucf/YoYo/samples/00256.png 101
ucf/YoYo/samples/00257.png 101
ucf/YoYo/samples/00258.png 101
ucf/YoYo/samples/00259.png 101
ucf/YoYo/samples/00260.png 101
ucf/YoYo/samples/00261.png 101
ucf/YoYo/samples/00262.png 101
ucf/YoYo/samples/00263.png 101
ucf/YoYo/samples/00264.png 101
ucf/YoYo/samples/00265.png 101
ucf/YoYo/samples/00266.png 101
ucf/YoYo/samples/00267.png 101
ucf/YoYo/samples/00268.png 101
ucf/YoYo/samples/00269.png 101
ucf/YoYo/samples/00270.png 101
ucf/YoYo/samples/00271.png 101
ucf/YoYo/samples/00272.png 101
ucf/YoYo/samples/00273.png 101
ucf/YoYo/samples/00274.png 101
ucf/YoYo/samples/00275.png 101
ucf/YoYo/samples/00276.png 101
ucf/YoYo/samples/00277.png 101
ucf/YoYo/samples/00278.png 101
ucf/YoYo/samples/00279.png 101
ucf/YoYo/samples/00280.png 101
ucf/YoYo/samples/00281.png 101
ucf/YoYo/samples/00282.png 101
ucf/YoYo/samples/00283.png 101
ucf/YoYo/samples/00284.png 101
ucf/YoYo/samples/00285.png 101
ucf/YoYo/samples/00286.png 101
ucf/YoYo/samples/00287.png 101
ucf/YoYo/samples/00288.png 101
ucf/YoYo/samples/00289.png 101
ucf/YoYo/samples/00290.png 101
ucf/YoYo/samples/00291.png 101
ucf/YoYo/samples/00292.png 101
ucf/YoYo/samples/00293.png 101
ucf/YoYo/samples/00294.png 101
ucf/YoYo/samples/00295.png 101
ucf/YoYo/samples/00296.png 101
ucf/YoYo/samples/00297.png 101
ucf/YoYo/samples/00298.png 101
ucf/YoYo/samples/00299.png 101
ucf/YoYo/samples/00300.png 101
ucf/YoYo/samples/00301.png 101
ucf/YoYo/samples/00302.png 101
ucf/YoYo/samples/00303.png 101
ucf/YoYo/samples/00304.png 101
ucf/YoYo/samples/00305.png 101
ucf/YoYo/samples/00306.png 101
ucf/YoYo/samples/00307.png 101
ucf/YoYo/samples/00308.png 101
ucf/YoYo/samples/00309.png 101
ucf/YoYo/samples/00310.png 101
ucf/YoYo/samples/00311.png 101
ucf/YoYo/samples/00312.png 101
ucf/YoYo/samples/00313.png 101
ucf/YoYo/samples/00314.png 101
ucf/YoYo/samples/00315.png 101
ucf/YoYo/samples/00316.png 101
ucf/YoYo/samples/00317.png 101
ucf/YoYo/samples/00318.png 101
ucf/YoYo/samples/00319.png 101
ucf/YoYo/samples/00320.png 101
ucf/YoYo/samples/00321.png 101
ucf/YoYo/samples/00322.png 101
ucf/YoYo/samples/00323.png 101
ucf/YoYo/samples/00324.png 101
ucf/YoYo/samples/00325.png 101
ucf/YoYo/samples/00326.png 101
ucf/YoYo/samples/00327.png 101
ucf/YoYo/samples/00328.png 101
ucf/YoYo/samples/00329.png 101
ucf/YoYo/samples/00330.png 101
ucf/YoYo/samples/00331.png 101
ucf/YoYo/samples/00332.png 101
ucf/YoYo/samples/00333.png 101
ucf/YoYo/samples/00334.png 101
ucf/YoYo/samples/00335.png 101
ucf/YoYo/samples/00336.png 101
ucf/YoYo/samples/00337.png 101
ucf/YoYo/samples/00338.png 101
ucf/YoYo/samples/00339.png 101
ucf/YoYo/samples/00340.png 101
ucf/YoYo/samples/00341.png 101
ucf/YoYo/samples/00342.png 101
ucf/YoYo/samples/00343.png 101
ucf/YoYo/samples/00344.png 101
ucf/YoYo/samples/00345.png 101
ucf/YoYo/samples/00346.png 101
ucf/YoYo/samples/00347.png 101
ucf/YoYo/samples/00348.png 101
ucf/YoYo/samples/00349.png 101
ucf/YoYo/samples/00350.png 101
ucf/YoYo/samples/00351.png 101
ucf/YoYo/samples/00352.png 101
ucf/YoYo/samples/00353.png 101
ucf/YoYo/samples/00354.png 101
ucf/YoYo/samples/00355.png 101
ucf/YoYo/samples/00356.png 101
ucf/YoYo/samples/00357.png 101
ucf/YoYo/samples/00358.png 101
ucf/YoYo/samples/00359.png 101
ucf/YoYo/samples/00360.png 101
ucf/YoYo/samples/00361.png 101
ucf/YoYo/samples/00362.png 101
ucf/YoYo/samples/00363.png 101
ucf/YoYo/samples/00364.png 101
ucf/YoYo/samples/00365.png 101
ucf/YoYo/samples/00366.png 101
ucf/YoYo/samples/00367.png 101
ucf/YoYo/samples/00368.png 101
ucf/YoYo/samples/00369.png 101
ucf/YoYo/samples/00370.png 101
ucf/YoYo/samples/00371.png 101
ucf/YoYo/samples/00372.png 101
ucf/YoYo/samples/00373.png 101
ucf/YoYo/samples/00374.png 101
ucf/YoYo/samples/00375.png 101
ucf/YoYo/samples/00376.png 101
ucf/YoYo/samples/00377.png 101
ucf/YoYo/samples/00378.png 101
ucf/YoYo/samples/00379.png 101
ucf/YoYo/samples/00380.png 101
ucf/YoYo/samples/00381.png 101
ucf/YoYo/samples/00382.png 101
ucf/YoYo/samples/00383.png 101
ucf/YoYo/samples/00384.png 101
ucf/YoYo/samples/00385.png 101
ucf/YoYo/samples/00386.png 101
ucf/YoYo/samples/00387.png 101
ucf/YoYo/samples/00388.png 101
ucf/YoYo/samples/00389.png 101
ucf/YoYo/samples/00390.png 101
ucf/YoYo/samples/00391.png 101
ucf/YoYo/samples/00392.png 101
ucf/YoYo/samples/00393.png 101
ucf/YoYo/samples/00394.png 101
ucf/YoYo/samples/00395.png 101
ucf/YoYo/samples/00396.png 101
ucf/YoYo/samples/00397.png 101
ucf/YoYo/samples/00398.png 101
ucf/YoYo/samples/00399.png 101
ucf/YoYo/samples/00400.png 101
ucf/YoYo/samples/00401.png 101
ucf/YoYo/samples/00402.png 101
ucf/YoYo/samples/00403.png 101
ucf/YoYo/samples/00404.png 101
ucf/YoYo/samples/00405.png 101
ucf/YoYo/samples/00406.png 101
ucf/YoYo/samples/00407.png 101
ucf/YoYo/samples/00408.png 101
ucf/YoYo/samples/00409.png 101
ucf/YoYo/samples/00410.png 101
ucf/YoYo/samples/00411.png 101
ucf/YoYo/samples/00412.png 101
ucf/YoYo/samples/00413.png 101
ucf/YoYo/samples/00414.png 101
ucf/YoYo/samples/00415.png 101
ucf/YoYo/samples/00416.png 101
ucf/YoYo/samples/00417.png 101
ucf/YoYo/samples/00418.png 101
ucf/YoYo/samples/00419.png 101
ucf/YoYo/samples/00420.png 101
ucf/YoYo/samples/00421.png 101
ucf/YoYo/samples/00422.png 101
ucf/YoYo/samples/00423.png 101
ucf/YoYo/samples/00424.png 101
ucf/YoYo/samples/00425.png 101
ucf/YoYo/samples/00426.png 101
ucf/YoYo/samples/00427.png 101
ucf/YoYo/samples/00428.png 101
ucf/YoYo/samples/00429.png 101
ucf/YoYo/samples/00430.png 101
ucf/YoYo/samples/00431.png 101
ucf/YoYo/samples/00432.png 101
ucf/YoYo/samples/00433.png 101
ucf/YoYo/samples/00434.png 101
ucf/YoYo/samples/00435.png 101
ucf/YoYo/samples/00436.png 101
ucf/YoYo/samples/00437.png 101
ucf/YoYo/samples/00438.png 101
ucf/YoYo/samples/00439.png 101
ucf/YoYo/samples/00440.png 101
ucf/YoYo/samples/00441.png 101
ucf/YoYo/samples/00442.png 101
ucf/YoYo/samples/00443.png 101
ucf/YoYo/samples/00444.png 101
ucf/YoYo/samples/00445.png 101
ucf/YoYo/samples/00446.png 101
ucf/YoYo/samples/00447.png 101
ucf/YoYo/samples/00448.png 101
ucf/YoYo/samples/00449.png 101
ucf/YoYo/samples/00450.png 101
ucf/YoYo/samples/00451.png 101
ucf/YoYo/samples/00452.png 101
ucf/YoYo/samples/00453.png 101
ucf/YoYo/samples/00454.png 101
ucf/YoYo/samples/00455.png 101
ucf/YoYo/samples/00456.png 101
ucf/YoYo/samples/00457.png 101
ucf/YoYo/samples/00458.png 101
ucf/YoYo/samples/00459.png 101
ucf/YoYo/samples/00460.png 101
ucf/YoYo/samples/00461.png 101
ucf/YoYo/samples/00462.png 101
ucf/YoYo/samples/00463.png 101
ucf/YoYo/samples/00464.png 101
ucf/YoYo/samples/00465.png 101
ucf/YoYo/samples/00466.png 101
ucf/YoYo/samples/00467.png 101
ucf/YoYo/samples/00468.png 101
ucf/YoYo/samples/00469.png 101
ucf/YoYo/samples/00470.png 101
ucf/YoYo/samples/00471.png 101
ucf/YoYo/samples/00472.png 101
ucf/YoYo/samples/00473.png 101
ucf/YoYo/samples/00474.png 101
ucf/YoYo/samples/00475.png 101
ucf/YoYo/samples/00476.png 101
ucf/YoYo/samples/00477.png 101
ucf/YoYo/samples/00478.png 101
ucf/YoYo/samples/00479.png 101
ucf/YoYo/samples/00480.png 101
ucf/YoYo/samples/00481.png 101
ucf/YoYo/samples/00482.png 101
ucf/YoYo/samples/00483.png 101
ucf/YoYo/samples/00484.png 101
ucf/YoYo/samples/00485.png 101
ucf/YoYo/samples/00486.png 101
ucf/YoYo/samples/00487.png 101
ucf/YoYo/samples/00488.png 101
ucf/YoYo/samples/00489.png 101
ucf/YoYo/samples/00490.png 101
ucf/YoYo/samples/00491.png 101
ucf/YoYo/samples/00492.png 101
ucf/YoYo/samples/00493.png 101
ucf/YoYo/samples/00494.png 101
ucf/YoYo/samples/00495.png 101
ucf/YoYo/samples/00496.png 101
ucf/YoYo/samples/00497.png 101
ucf/YoYo/samples/00498.png 101
ucf/YoYo/samples/00499.png 101
ucf/YoYo/samples/00500.png 101
ucf/YoYo/samples/00501.png 101
ucf/YoYo/samples/00502.png 101
ucf/YoYo/samples/00503.png 101
ucf/YoYo/samples/00504.png 101
ucf/YoYo/samples/00505.png 101
ucf/YoYo/samples/00506.png 101
ucf/YoYo/samples/00507.png 101
ucf/YoYo/samples/00508.png 101
ucf/YoYo/samples/00509.png 101
ucf/YoYo/samples/00510.png 101
ucf/YoYo/samples/00511.png 101
ucf/YoYo/samples/00512.png 101
ucf/YoYo/samples/00513.png 101
ucf/YoYo/samples/00514.png 101
ucf/YoYo/samples/00515.png 101
ucf/YoYo/samples/00516.png 101
ucf/YoYo/samples/00517.png 101
ucf/YoYo/samples/00518.png 101
ucf/YoYo/samples/00519.png 101
ucf/YoYo/samples/00520.png 101
ucf/YoYo/samples/00521.png 101
ucf/YoYo/samples/00522.png 101
ucf/YoYo/samples/00523.png 101
ucf/YoYo/samples/00524.png 101
ucf/YoYo/samples/00525.png 101
ucf/YoYo/samples/00526.png 101
ucf/YoYo/samples/00527.png 101
ucf/YoYo/samples/00528.png 101
ucf/YoYo/samples/00529.png 101
ucf/YoYo/samples/00530.png 101
ucf/YoYo/samples/00531.png 101
ucf/YoYo/samples/00532.png 101
ucf/YoYo/samples/00533.png 101
ucf/YoYo/samples/00534.png 101
ucf/YoYo/samples/00535.png 101
ucf/YoYo/samples/00536.png 101
ucf/YoYo/samples/00537.png 101
ucf/YoYo/samples/00538.png 101
ucf/YoYo/samples/00539.png 101
ucf/YoYo/samples/00540.png 101
ucf/YoYo/samples/00541.png 101
ucf/YoYo/samples/00542.png 101
ucf/YoYo/samples/00543.png 101
ucf/YoYo/samples/00544.png 101
ucf/YoYo/samples/00545.png 101
ucf/YoYo/samples/00546.png 101
ucf/YoYo/samples/00547.png 101
ucf/YoYo/samples/00548.png 101
ucf/YoYo/samples/00549.png 101
ucf/YoYo/samples/00550.png 101
ucf/YoYo/samples/00551.png 101
ucf/YoYo/samples/00552.png 101
ucf/YoYo/samples/00553.png 101
ucf/YoYo/samples/00554.png 101
ucf/YoYo/samples/00555.png 101
ucf/YoYo/samples/00556.png 101
ucf/YoYo/samples/00557.png 101
ucf/YoYo/samples/00558.png 101
ucf/YoYo/samples/00559.png 101
ucf/YoYo/samples/00560.png 101
ucf/YoYo/samples/00561.png 101
ucf/YoYo/samples/00562.png 101
ucf/YoYo/samples/00563.png 101
ucf/YoYo/samples/00564.png 101
ucf/YoYo/samples/00565.png 101
ucf/YoYo/samples/00566.png 101
ucf/YoYo/samples/00567.png 101
ucf/YoYo/samples/00568.png 101
ucf/YoYo/samples/00569.png 101
ucf/YoYo/samples/00570.png 101
ucf/YoYo/samples/00571.png 101
ucf/YoYo/samples/00572.png 101
ucf/YoYo/samples/00573.png 101
ucf/YoYo/samples/00574.png 101
ucf/YoYo/samples/00575.png 101
ucf/YoYo/samples/00576.png 101
ucf/YoYo/samples/00577.png 101
ucf/YoYo/samples/00578.png 101
ucf/YoYo/samples/00579.png 101
ucf/YoYo/samples/00580.png 101
ucf/YoYo/samples/00581.png 101
ucf/YoYo/samples/00582.png 101
ucf/YoYo/samples/00583.png 101
ucf/YoYo/samples/00584.png 101
ucf/YoYo/samples/00585.png 101
ucf/YoYo/samples/00586.png 101
ucf/YoYo/samples/00587.png 101
ucf/YoYo/samples/00588.png 101
ucf/YoYo/samples/00589.png 101
ucf/YoYo/samples/00590.png 101
ucf/YoYo/samples/00591.png 101
ucf/YoYo/samples/00592.png 101
ucf/YoYo/samples/00593.png 101
ucf/YoYo/samples/00594.png 101
ucf/YoYo/samples/00595.png 101
ucf/YoYo/samples/00596.png 101
ucf/YoYo/samples/00597.png 101
ucf/YoYo/samples/00598.png 101
ucf/YoYo/samples/00599.png 101
ucf/YoYo/samples/00600.png 101
ucf/YoYo/samples/00601.png 101
ucf/YoYo/samples/00602.png 101
ucf/YoYo/samples/00603.png 101
ucf/YoYo/samples/00604.png 101
ucf/YoYo/samples/00605.png 101
ucf/YoYo/samples/00606.png 101
ucf/YoYo/samples/00607.png 101
ucf/YoYo/samples/00608.png 101
ucf/YoYo/samples/00609.png 101
ucf/YoYo/samples/00610.png 101
ucf/YoYo/samples/00611.png 101
ucf/YoYo/samples/00612.png 101
ucf/YoYo/samples/00613.png 101
ucf/YoYo/samples/00614.png 101
ucf/YoYo/samples/00615.png 101
ucf/YoYo/samples/00616.png 101
ucf/YoYo/samples/00617.png 101
ucf/YoYo/samples/00618.png 101
ucf/YoYo/samples/00619.png 101
ucf/YoYo/samples/00620.png 101
ucf/YoYo/samples/00621.png 101
ucf/YoYo/samples/00622.png 101
ucf/YoYo/samples/00623.png 101
ucf/YoYo/samples/00624.png 101
ucf/YoYo/samples/00625.png 101
ucf/YoYo/samples/00626.png 101
ucf/YoYo/samples/00627.png 101
ucf/YoYo/samples/00628.png 101
ucf/YoYo/samples/00629.png 101
ucf/YoYo/samples/00630.png 101
ucf/YoYo/samples/00631.png 101
ucf/YoYo/samples/00632.png 101
ucf/YoYo/samples/00633.png 101
ucf/YoYo/samples/00634.png 101
ucf/YoYo/samples/00635.png 101
ucf/YoYo/samples/00636.png 101
ucf/YoYo/samples/00637.png 101
ucf/YoYo/samples/00638.png 101
ucf/YoYo/samples/00639.png 101
ucf/YoYo/samples/00640.png 101
ucf/YoYo/samples/00641.png 101
ucf/YoYo/samples/00642.png 101
ucf/YoYo/samples/00643.png 101
ucf/YoYo/samples/00644.png 101
ucf/YoYo/samples/00645.png 101
ucf/YoYo/samples/00646.png 101
ucf/YoYo/samples/00647.png 101
ucf/YoYo/samples/00648.png 101
ucf/YoYo/samples/00649.png 101
ucf/YoYo/samples/00650.png 101
ucf/YoYo/samples/00651.png 101
ucf/YoYo/samples/00652.png 101
ucf/YoYo/samples/00653.png 101
ucf/YoYo/samples/00654.png 101
ucf/YoYo/samples/00655.png 101
ucf/YoYo/samples/00656.png 101
ucf/YoYo/samples/00657.png 101
ucf/YoYo/samples/00658.png 101
ucf/YoYo/samples/00659.png 101
ucf/YoYo/samples/00660.png 101
ucf/YoYo/samples/00661.png 101
ucf/YoYo/samples/00662.png 101
ucf/YoYo/samples/00663.png 101
ucf/YoYo/samples/00664.png 101
ucf/YoYo/samples/00665.png 101
ucf/YoYo/samples/00666.png 101
ucf/YoYo/samples/00667.png 101
ucf/YoYo/samples/00668.png 101
ucf/YoYo/samples/00669.png 101
ucf/YoYo/samples/00670.png 101
ucf/YoYo/samples/00671.png 101
ucf/YoYo/samples/00672.png 101
ucf/YoYo/samples/00673.png 101
ucf/YoYo/samples/00674.png 101
ucf/YoYo/samples/00675.png 101
ucf/YoYo/samples/00676.png 101
ucf/YoYo/samples/00677.png 101
ucf/YoYo/samples/00678.png 101
ucf/YoYo/samples/00679.png 101
ucf/YoYo/samples/00680.png 101
ucf/YoYo/samples/00681.png 101
ucf/YoYo/samples/00682.png 101
ucf/YoYo/samples/00683.png 101
ucf/YoYo/samples/00684.png 101
ucf/YoYo/samples/00685.png 101
ucf/YoYo/samples/00686.png 101
ucf/YoYo/samples/00687.png 101
ucf/YoYo/samples/00688.png 101
ucf/YoYo/samples/00689.png 101
ucf/YoYo/samples/00690.png 101
ucf/YoYo/samples/00691.png 101
ucf/YoYo/samples/00692.png 101
ucf/YoYo/samples/00693.png 101
ucf/YoYo/samples/00694.png 101
ucf/YoYo/samples/00695.png 101
ucf/YoYo/samples/00696.png 101
ucf/YoYo/samples/00697.png 101
ucf/YoYo/samples/00698.png 101
ucf/YoYo/samples/00699.png 101
ucf/YoYo/samples/00700.png 101
ucf/YoYo/samples/00701.png 101
ucf/YoYo/samples/00702.png 101
ucf/YoYo/samples/00703.png 101
ucf/YoYo/samples/00704.png 101
ucf/YoYo/samples/00705.png 101
ucf/YoYo/samples/00706.png 101
ucf/YoYo/samples/00707.png 101
ucf/YoYo/samples/00708.png 101
ucf/YoYo/samples/00709.png 101
ucf/YoYo/samples/00710.png 101
ucf/YoYo/samples/00711.png 101
ucf/YoYo/samples/00712.png 101
ucf/YoYo/samples/00713.png 101
ucf/YoYo/samples/00714.png 101
ucf/YoYo/samples/00715.png 101
ucf/YoYo/samples/00716.png 101
ucf/YoYo/samples/00717.png 101
ucf/YoYo/samples/00718.png 101
ucf/YoYo/samples/00719.png 101
ucf/YoYo/samples/00720.png 101
ucf/YoYo/samples/00721.png 101
ucf/YoYo/samples/00722.png 101
ucf/YoYo/samples/00723.png 101
ucf/YoYo/samples/00724.png 101
ucf/YoYo/samples/00725.png 101
ucf/YoYo/samples/00726.png 101
ucf/YoYo/samples/00727.png 101
ucf/YoYo/samples/00728.png 101
ucf/YoYo/samples/00729.png 101
ucf/YoYo/samples/00730.png 101
ucf/YoYo/samples/00731.png 101
ucf/YoYo/samples/00732.png 101
ucf/YoYo/samples/00733.png 101
ucf/YoYo/samples/00734.png 101
ucf/YoYo/samples/00735.png 101
ucf/YoYo/samples/00736.png 101
ucf/YoYo/samples/00737.png 101
ucf/YoYo/samples/00738.png 101
ucf/YoYo/samples/00739.png 101
ucf/YoYo/samples/00740.png 101
ucf/YoYo/samples/00741.png 101
ucf/YoYo/samples/00742.png 101
ucf/YoYo/samples/00743.png 101
ucf/YoYo/samples/00744.png 101
ucf/YoYo/samples/00745.png 101
ucf/YoYo/samples/00746.png 101
ucf/YoYo/samples/00747.png 101
ucf/YoYo/samples/00748.png 101
ucf/YoYo/samples/00749.png 101
ucf/YoYo/samples/00750.png 101
ucf/YoYo/samples/00751.png 101
ucf/YoYo/samples/00752.png 101
ucf/YoYo/samples/00753.png 101
ucf/YoYo/samples/00754.png 101
ucf/YoYo/samples/00755.png 101
ucf/YoYo/samples/00756.png 101
ucf/YoYo/samples/00757.png 101
ucf/YoYo/samples/00758.png 101
ucf/YoYo/samples/00759.png 101
ucf/YoYo/samples/00760.png 101
ucf/YoYo/samples/00761.png 101
ucf/YoYo/samples/00762.png 101
ucf/YoYo/samples/00763.png 101
ucf/YoYo/samples/00764.png 101
ucf/YoYo/samples/00765.png 101
ucf/YoYo/samples/00766.png 101
ucf/YoYo/samples/00767.png 101
ucf/YoYo/samples/00768.png 101
ucf/YoYo/samples/00769.png 101
ucf/YoYo/samples/00770.png 101
ucf/YoYo/samples/00771.png 101
ucf/YoYo/samples/00772.png 101
ucf/YoYo/samples/00773.png 101
ucf/YoYo/samples/00774.png 101
ucf/YoYo/samples/00775.png 101
ucf/YoYo/samples/00776.png 101
ucf/YoYo/samples/00777.png 101
ucf/YoYo/samples/00778.png 101
ucf/YoYo/samples/00779.png 101
ucf/YoYo/samples/00780.png 101
ucf/YoYo/samples/00781.png 101
ucf/YoYo/samples/00782.png 101
ucf/YoYo/samples/00783.png 101
ucf/YoYo/samples/00784.png 101
ucf/YoYo/samples/00785.png 101
ucf/YoYo/samples/00786.png 101
ucf/YoYo/samples/00787.png 101
ucf/YoYo/samples/00788.png 101
ucf/YoYo/samples/00789.png 101
ucf/YoYo/samples/00790.png 101
ucf/YoYo/samples/00791.png 101
ucf/YoYo/samples/00792.png 101
ucf/YoYo/samples/00793.png 101
ucf/YoYo/samples/00794.png 101
ucf/YoYo/samples/00795.png 101
ucf/YoYo/samples/00796.png 101
ucf/YoYo/samples/00797.png 101
ucf/YoYo/samples/00798.png 101
ucf/YoYo/samples/00799.png 101
ucf/YoYo/samples/00800.png 101
ucf/YoYo/samples/00801.png 101
ucf/YoYo/samples/00802.png 101
ucf/YoYo/samples/00803.png 101
ucf/YoYo/samples/00804.png 101
ucf/YoYo/samples/00805.png 101
ucf/YoYo/samples/00806.png 101
ucf/YoYo/samples/00807.png 101
ucf/YoYo/samples/00808.png 101
ucf/YoYo/samples/00809.png 101
ucf/YoYo/samples/00810.png 101
ucf/YoYo/samples/00811.png 101
ucf/YoYo/samples/00812.png 101
ucf/YoYo/samples/00813.png 101
ucf/YoYo/samples/00814.png 101
ucf/YoYo/samples/00815.png 101
ucf/YoYo/samples/00816.png 101
ucf/YoYo/samples/00817.png 101
ucf/YoYo/samples/00818.png 101
ucf/YoYo/samples/00819.png 101
ucf/YoYo/samples/00820.png 101
ucf/YoYo/samples/00821.png 101
ucf/YoYo/samples/00822.png 101
ucf/YoYo/samples/00823.png 101
ucf/YoYo/samples/00824.png 101
ucf/YoYo/samples/00825.png 101
ucf/YoYo/samples/00826.png 101
ucf/YoYo/samples/00827.png 101
ucf/YoYo/samples/00828.png 101
ucf/YoYo/samples/00829.png 101
ucf/YoYo/samples/00830.png 101
ucf/YoYo/samples/00831.png 101
ucf/YoYo/samples/00832.png 101
ucf/YoYo/samples/00833.png 101
ucf/YoYo/samples/00834.png 101
ucf/YoYo/samples/00835.png 101
ucf/YoYo/samples/00836.png 101
ucf/YoYo/samples/00837.png 101
ucf/YoYo/samples/00838.png 101
ucf/YoYo/samples/00839.png 101
ucf/YoYo/samples/00840.png 101
ucf/YoYo/samples/00841.png 101
ucf/YoYo/samples/00842.png 101
ucf/YoYo/samples/00843.png 101
ucf/YoYo/samples/00844.png 101
ucf/YoYo/samples/00845.png 101
ucf/YoYo/samples/00846.png 101
ucf/YoYo/samples/00847.png 101
ucf/YoYo/samples/00848.png 101
ucf/YoYo/samples/00849.png 101
ucf/YoYo/samples/00850.png 101
ucf/YoYo/samples/00851.png 101
ucf/YoYo/samples/00852.png 101
ucf/YoYo/samples/00853.png 101
ucf/YoYo/samples/00854.png 101
ucf/YoYo/samples/00855.png 101
ucf/YoYo/samples/00856.png 101
ucf/YoYo/samples/00857.png 101
ucf/YoYo/samples/00858.png 101
ucf/YoYo/samples/00859.png 101
ucf/YoYo/samples/00860.png 101
ucf/YoYo/samples/00861.png 101
ucf/YoYo/samples/00862.png 101
ucf/YoYo/samples/00863.png 101
ucf/YoYo/samples/00864.png 101
ucf/YoYo/samples/00865.png 101
ucf/YoYo/samples/00866.png 101
ucf/YoYo/samples/00867.png 101
ucf/YoYo/samples/00868.png 101
ucf/YoYo/samples/00869.png 101
ucf/YoYo/samples/00870.png 101
ucf/YoYo/samples/00871.png 101
ucf/YoYo/samples/00872.png 101
ucf/YoYo/samples/00873.png 101
ucf/YoYo/samples/00874.png 101
ucf/YoYo/samples/00875.png 101
ucf/YoYo/samples/00876.png 101
ucf/YoYo/samples/00877.png 101
ucf/YoYo/samples/00878.png 101
ucf/YoYo/samples/00879.png 101
ucf/YoYo/samples/00880.png 101
ucf/YoYo/samples/00881.png 101
ucf/YoYo/samples/00882.png 101
ucf/YoYo/samples/00883.png 101
ucf/YoYo/samples/00884.png 101
ucf/YoYo/samples/00885.png 101
ucf/YoYo/samples/00886.png 101
ucf/YoYo/samples/00887.png 101
ucf/YoYo/samples/00888.png 101
ucf/YoYo/samples/00889.png 101
ucf/YoYo/samples/00890.png 101
ucf/YoYo/samples/00891.png 101
ucf/YoYo/samples/00892.png 101
ucf/YoYo/samples/00893.png 101
ucf/YoYo/samples/00894.png 101
ucf/YoYo/samples/00895.png 101
ucf/YoYo/samples/00896.png 101
ucf/YoYo/samples/00897.png 101
ucf/YoYo/samples/00898.png 101
ucf/YoYo/samples/00899.png 101
ucf/YoYo/samples/00900.png 101
ucf/YoYo/samples/00901.png 101
ucf/YoYo/samples/00902.png 101
ucf/YoYo/samples/00903.png 101
ucf/YoYo/samples/00904.png 101
ucf/YoYo/samples/00905.png 101
ucf/YoYo/samples/00906.png 101
ucf/YoYo/samples/00907.png 101
ucf/YoYo/samples/00908.png 101
ucf/YoYo/samples/00909.png 101
ucf/YoYo/samples/00910.png 101
ucf/YoYo/samples/00911.png 101
ucf/YoYo/samples/00912.png 101
ucf/YoYo/samples/00913.png 101
ucf/YoYo/samples/00914.png 101
ucf/YoYo/samples/00915.png 101
ucf/YoYo/samples/00916.png 101
ucf/YoYo/samples/00917.png 101
ucf/YoYo/samples/00918.png 101
ucf/YoYo/samples/00919.png 101
ucf/YoYo/samples/00920.png 101
ucf/YoYo/samples/00921.png 101
ucf/YoYo/samples/00922.png 101
ucf/YoYo/samples/00923.png 101
ucf/YoYo/samples/00924.png 101
ucf/YoYo/samples/00925.png 101
ucf/YoYo/samples/00926.png 101
ucf/YoYo/samples/00927.png 101
ucf/YoYo/samples/00928.png 101
ucf/YoYo/samples/00929.png 101
ucf/YoYo/samples/00930.png 101
ucf/YoYo/samples/00931.png 101
ucf/YoYo/samples/00932.png 101
ucf/YoYo/samples/00933.png 101
ucf/YoYo/samples/00934.png 101
ucf/YoYo/samples/00935.png 101
ucf/YoYo/samples/00936.png 101
ucf/YoYo/samples/00937.png 101
ucf/YoYo/samples/00938.png 101
ucf/YoYo/samples/00939.png 101
ucf/YoYo/samples/00940.png 101
ucf/YoYo/samples/00941.png 101
ucf/YoYo/samples/00942.png 101
ucf/YoYo/samples/00943.png 101
ucf/YoYo/samples/00944.png 101
ucf/YoYo/samples/00945.png 101
ucf/YoYo/samples/00946.png 101
ucf/YoYo/samples/00947.png 101
ucf/YoYo/samples/00948.png 101
ucf/YoYo/samples/00949.png 101
ucf/YoYo/samples/00950.png 101
ucf/YoYo/samples/00951.png 101
ucf/YoYo/samples/00952.png 101
ucf/YoYo/samples/00953.png 101
ucf/YoYo/samples/00954.png 101
ucf/YoYo/samples/00955.png 101
ucf/YoYo/samples/00956.png 101
ucf/YoYo/samples/00957.png 101
ucf/YoYo/samples/00958.png 101
ucf/YoYo/samples/00959.png 101
ucf/YoYo/samples/00960.png 101
ucf/YoYo/samples/00961.png 101
ucf/YoYo/samples/00962.png 101
ucf/YoYo/samples/00963.png 101
ucf/YoYo/samples/00964.png 101
ucf/YoYo/samples/00965.png 101
ucf/YoYo/samples/00966.png 101
ucf/YoYo/samples/00967.png 101
ucf/YoYo/samples/00968.png 101
ucf/YoYo/samples/00969.png 101
ucf/YoYo/samples/00970.png 101
ucf/YoYo/samples/00971.png 101
ucf/YoYo/samples/00972.png 101
ucf/YoYo/samples/00973.png 101
ucf/YoYo/samples/00974.png 101
ucf/YoYo/samples/00975.png 101
ucf/YoYo/samples/00976.png 101
ucf/YoYo/samples/00977.png 101
ucf/YoYo/samples/00978.png 101
ucf/YoYo/samples/00979.png 101
ucf/YoYo/samples/00980.png 101
ucf/YoYo/samples/00981.png 101
ucf/YoYo/samples/00982.png 101
ucf/YoYo/samples/00983.png 101
ucf/YoYo/samples/00984.png 101
ucf/YoYo/samples/00985.png 101
ucf/YoYo/samples/00986.png 101
ucf/YoYo/samples/00987.png 101
ucf/YoYo/samples/00988.png 101
ucf/YoYo/samples/00989.png 101
ucf/YoYo/samples/00990.png 101
ucf/YoYo/samples/00991.png 101
ucf/YoYo/samples/00992.png 101
ucf/YoYo/samples/00993.png 101
ucf/YoYo/samples/00994.png 101
ucf/YoYo/samples/00995.png 101
ucf/YoYo/samples/00996.png 101
ucf/YoYo/samples/00997.png 101
ucf/YoYo/samples/00998.png 101
ucf/YoYo/samples/00999.png 101
ucf/HammerThrow/samples/00000.png 36
ucf/HammerThrow/samples/00001.png 36
ucf/HammerThrow/samples/00002.png 36
ucf/HammerThrow/samples/00003.png 36
ucf/HammerThrow/samples/00004.png 36
ucf/HammerThrow/samples/00005.png 36
ucf/HammerThrow/samples/00006.png 36
ucf/HammerThrow/samples/00007.png 36
ucf/HammerThrow/samples/00008.png 36
ucf/HammerThrow/samples/00009.png 36
ucf/HammerThrow/samples/00010.png 36
ucf/HammerThrow/samples/00011.png 36
ucf/HammerThrow/samples/00012.png 36
ucf/HammerThrow/samples/00013.png 36
ucf/HammerThrow/samples/00014.png 36
ucf/HammerThrow/samples/00015.png 36
ucf/HammerThrow/samples/00016.png 36
ucf/HammerThrow/samples/00017.png 36
ucf/HammerThrow/samples/00018.png 36
ucf/HammerThrow/samples/00019.png 36
ucf/HammerThrow/samples/00020.png 36
ucf/HammerThrow/samples/00021.png 36
ucf/HammerThrow/samples/00022.png 36
ucf/HammerThrow/samples/00023.png 36
ucf/HammerThrow/samples/00024.png 36
ucf/HammerThrow/samples/00025.png 36
ucf/HammerThrow/samples/00026.png 36
ucf/HammerThrow/samples/00027.png 36
ucf/HammerThrow/samples/00028.png 36
ucf/HammerThrow/samples/00029.png 36
ucf/HammerThrow/samples/00030.png 36
ucf/HammerThrow/samples/00031.png 36
ucf/HammerThrow/samples/00032.png 36
ucf/HammerThrow/samples/00033.png 36
ucf/HammerThrow/samples/00034.png 36
ucf/HammerThrow/samples/00035.png 36
ucf/HammerThrow/samples/00036.png 36
ucf/HammerThrow/samples/00037.png 36
ucf/HammerThrow/samples/00038.png 36
ucf/HammerThrow/samples/00039.png 36
ucf/HammerThrow/samples/00040.png 36
ucf/HammerThrow/samples/00041.png 36
ucf/HammerThrow/samples/00042.png 36
ucf/HammerThrow/samples/00043.png 36
ucf/HammerThrow/samples/00044.png 36
ucf/HammerThrow/samples/00045.png 36
ucf/HammerThrow/samples/00046.png 36
ucf/HammerThrow/samples/00047.png 36
ucf/HammerThrow/samples/00048.png 36
ucf/HammerThrow/samples/00049.png 36
ucf/HammerThrow/samples/00050.png 36
ucf/HammerThrow/samples/00051.png 36
ucf/HammerThrow/samples/00052.png 36
ucf/HammerThrow/samples/00053.png 36
ucf/HammerThrow/samples/00054.png 36
ucf/HammerThrow/samples/00055.png 36
ucf/HammerThrow/samples/00056.png 36
ucf/HammerThrow/samples/00057.png 36
ucf/HammerThrow/samples/00058.png 36
ucf/HammerThrow/samples/00059.png 36
ucf/HammerThrow/samples/00060.png 36
ucf/HammerThrow/samples/00061.png 36
ucf/HammerThrow/samples/00062.png 36
ucf/HammerThrow/samples/00063.png 36
ucf/HammerThrow/samples/00064.png 36
ucf/HammerThrow/samples/00065.png 36
ucf/HammerThrow/samples/00066.png 36
ucf/HammerThrow/samples/00067.png 36
ucf/HammerThrow/samples/00068.png 36
ucf/HammerThrow/samples/00069.png 36
ucf/HammerThrow/samples/00070.png 36
ucf/HammerThrow/samples/00071.png 36
ucf/HammerThrow/samples/00072.png 36
ucf/HammerThrow/samples/00073.png 36
ucf/HammerThrow/samples/00074.png 36
ucf/HammerThrow/samples/00075.png 36
ucf/HammerThrow/samples/00076.png 36
ucf/HammerThrow/samples/00077.png 36
ucf/HammerThrow/samples/00078.png 36
ucf/HammerThrow/samples/00079.png 36
ucf/HammerThrow/samples/00080.png 36
ucf/HammerThrow/samples/00081.png 36
ucf/HammerThrow/samples/00082.png 36
ucf/HammerThrow/samples/00083.png 36
ucf/HammerThrow/samples/00084.png 36
ucf/HammerThrow/samples/00085.png 36
ucf/HammerThrow/samples/00086.png 36
ucf/HammerThrow/samples/00087.png 36
ucf/HammerThrow/samples/00088.png 36
ucf/HammerThrow/samples/00089.png 36
ucf/HammerThrow/samples/00090.png 36
ucf/HammerThrow/samples/00091.png 36
ucf/HammerThrow/samples/00092.png 36
ucf/HammerThrow/samples/00093.png 36
ucf/HammerThrow/samples/00094.png 36
ucf/HammerThrow/samples/00095.png 36
ucf/HammerThrow/samples/00096.png 36
ucf/HammerThrow/samples/00097.png 36
ucf/HammerThrow/samples/00098.png 36
ucf/HammerThrow/samples/00099.png 36
ucf/HammerThrow/samples/00100.png 36
ucf/HammerThrow/samples/00101.png 36
ucf/HammerThrow/samples/00102.png 36
ucf/HammerThrow/samples/00103.png 36
ucf/HammerThrow/samples/00104.png 36
ucf/HammerThrow/samples/00105.png 36
ucf/HammerThrow/samples/00106.png 36
ucf/HammerThrow/samples/00107.png 36
ucf/HammerThrow/samples/00108.png 36
ucf/HammerThrow/samples/00109.png 36
ucf/HammerThrow/samples/00110.png 36
ucf/HammerThrow/samples/00111.png 36
ucf/HammerThrow/samples/00112.png 36
ucf/HammerThrow/samples/00113.png 36
ucf/HammerThrow/samples/00114.png 36
ucf/HammerThrow/samples/00115.png 36
ucf/HammerThrow/samples/00116.png 36
ucf/HammerThrow/samples/00117.png 36
ucf/HammerThrow/samples/00118.png 36
ucf/HammerThrow/samples/00119.png 36
ucf/HammerThrow/samples/00120.png 36
ucf/HammerThrow/samples/00121.png 36
ucf/HammerThrow/samples/00122.png 36
ucf/HammerThrow/samples/00123.png 36
ucf/HammerThrow/samples/00124.png 36
ucf/HammerThrow/samples/00125.png 36
ucf/HammerThrow/samples/00126.png 36
ucf/HammerThrow/samples/00127.png 36
ucf/HammerThrow/samples/00128.png 36
ucf/HammerThrow/samples/00129.png 36
ucf/HammerThrow/samples/00130.png 36
ucf/HammerThrow/samples/00131.png 36
ucf/HammerThrow/samples/00132.png 36
ucf/HammerThrow/samples/00133.png 36
ucf/HammerThrow/samples/00134.png 36
ucf/HammerThrow/samples/00135.png 36
ucf/HammerThrow/samples/00136.png 36
ucf/HammerThrow/samples/00137.png 36
ucf/HammerThrow/samples/00138.png 36
ucf/HammerThrow/samples/00139.png 36
ucf/HammerThrow/samples/00140.png 36
ucf/HammerThrow/samples/00141.png 36
ucf/HammerThrow/samples/00142.png 36
ucf/HammerThrow/samples/00143.png 36
ucf/HammerThrow/samples/00144.png 36
ucf/HammerThrow/samples/00145.png 36
ucf/HammerThrow/samples/00146.png 36
ucf/HammerThrow/samples/00147.png 36
ucf/HammerThrow/samples/00148.png 36
ucf/HammerThrow/samples/00149.png 36
ucf/HammerThrow/samples/00150.png 36
ucf/HammerThrow/samples/00151.png 36
ucf/HammerThrow/samples/00152.png 36
ucf/HammerThrow/samples/00153.png 36
ucf/HammerThrow/samples/00154.png 36
ucf/HammerThrow/samples/00155.png 36
ucf/HammerThrow/samples/00156.png 36
ucf/HammerThrow/samples/00157.png 36
ucf/HammerThrow/samples/00158.png 36
ucf/HammerThrow/samples/00159.png 36
ucf/HammerThrow/samples/00160.png 36
ucf/HammerThrow/samples/00161.png 36
ucf/HammerThrow/samples/00162.png 36
ucf/HammerThrow/samples/00163.png 36
ucf/HammerThrow/samples/00164.png 36
ucf/HammerThrow/samples/00165.png 36
ucf/HammerThrow/samples/00166.png 36
ucf/HammerThrow/samples/00167.png 36
ucf/HammerThrow/samples/00168.png 36
ucf/HammerThrow/samples/00169.png 36
ucf/HammerThrow/samples/00170.png 36
ucf/HammerThrow/samples/00171.png 36
ucf/HammerThrow/samples/00172.png 36
ucf/HammerThrow/samples/00173.png 36
ucf/HammerThrow/samples/00174.png 36
ucf/HammerThrow/samples/00175.png 36
ucf/HammerThrow/samples/00176.png 36
ucf/HammerThrow/samples/00177.png 36
ucf/HammerThrow/samples/00178.png 36
ucf/HammerThrow/samples/00179.png 36
ucf/HammerThrow/samples/00180.png 36
ucf/HammerThrow/samples/00181.png 36
ucf/HammerThrow/samples/00182.png 36
ucf/HammerThrow/samples/00183.png 36
ucf/HammerThrow/samples/00184.png 36
ucf/HammerThrow/samples/00185.png 36
ucf/HammerThrow/samples/00186.png 36
ucf/HammerThrow/samples/00187.png 36
ucf/HammerThrow/samples/00188.png 36
ucf/HammerThrow/samples/00189.png 36
ucf/HammerThrow/samples/00190.png 36
ucf/HammerThrow/samples/00191.png 36
ucf/HammerThrow/samples/00192.png 36
ucf/HammerThrow/samples/00193.png 36
ucf/HammerThrow/samples/00194.png 36
ucf/HammerThrow/samples/00195.png 36
ucf/HammerThrow/samples/00196.png 36
ucf/HammerThrow/samples/00197.png 36
ucf/HammerThrow/samples/00198.png 36
ucf/HammerThrow/samples/00199.png 36
ucf/HammerThrow/samples/00200.png 36
ucf/HammerThrow/samples/00201.png 36
ucf/HammerThrow/samples/00202.png 36
ucf/HammerThrow/samples/00203.png 36
ucf/HammerThrow/samples/00204.png 36
ucf/HammerThrow/samples/00205.png 36
ucf/HammerThrow/samples/00206.png 36
ucf/HammerThrow/samples/00207.png 36
ucf/HammerThrow/samples/00208.png 36
ucf/HammerThrow/samples/00209.png 36
ucf/HammerThrow/samples/00210.png 36
ucf/HammerThrow/samples/00211.png 36
ucf/HammerThrow/samples/00212.png 36
ucf/HammerThrow/samples/00213.png 36
ucf/HammerThrow/samples/00214.png 36
ucf/HammerThrow/samples/00215.png 36
ucf/HammerThrow/samples/00216.png 36
ucf/HammerThrow/samples/00217.png 36
ucf/HammerThrow/samples/00218.png 36
ucf/HammerThrow/samples/00219.png 36
ucf/HammerThrow/samples/00220.png 36
ucf/HammerThrow/samples/00221.png 36
ucf/HammerThrow/samples/00222.png 36
ucf/HammerThrow/samples/00223.png 36
ucf/HammerThrow/samples/00224.png 36
ucf/HammerThrow/samples/00225.png 36
ucf/HammerThrow/samples/00226.png 36
ucf/HammerThrow/samples/00227.png 36
ucf/HammerThrow/samples/00228.png 36
ucf/HammerThrow/samples/00229.png 36
ucf/HammerThrow/samples/00230.png 36
ucf/HammerThrow/samples/00231.png 36
ucf/HammerThrow/samples/00232.png 36
ucf/HammerThrow/samples/00233.png 36
ucf/HammerThrow/samples/00234.png 36
ucf/HammerThrow/samples/00235.png 36
ucf/HammerThrow/samples/00236.png 36
ucf/HammerThrow/samples/00237.png 36
ucf/HammerThrow/samples/00238.png 36
ucf/HammerThrow/samples/00239.png 36
ucf/HammerThrow/samples/00240.png 36
ucf/HammerThrow/samples/00241.png 36
ucf/HammerThrow/samples/00242.png 36
ucf/HammerThrow/samples/00243.png 36
ucf/HammerThrow/samples/00244.png 36
ucf/HammerThrow/samples/00245.png 36
ucf/HammerThrow/samples/00246.png 36
ucf/HammerThrow/samples/00247.png 36
ucf/HammerThrow/samples/00248.png 36
ucf/HammerThrow/samples/00249.png 36
ucf/HammerThrow/samples/00250.png 36
ucf/HammerThrow/samples/00251.png 36
ucf/HammerThrow/samples/00252.png 36
ucf/HammerThrow/samples/00253.png 36
ucf/HammerThrow/samples/00254.png 36
ucf/HammerThrow/samples/00255.png 36
ucf/HammerThrow/samples/00256.png 36
ucf/HammerThrow/samples/00257.png 36
ucf/HammerThrow/samples/00258.png 36
ucf/HammerThrow/samples/00259.png 36
ucf/HammerThrow/samples/00260.png 36
ucf/HammerThrow/samples/00261.png 36
ucf/HammerThrow/samples/00262.png 36
ucf/HammerThrow/samples/00263.png 36
ucf/HammerThrow/samples/00264.png 36
ucf/HammerThrow/samples/00265.png 36
ucf/HammerThrow/samples/00266.png 36
ucf/HammerThrow/samples/00267.png 36
ucf/HammerThrow/samples/00268.png 36
ucf/HammerThrow/samples/00269.png 36
ucf/HammerThrow/samples/00270.png 36
ucf/HammerThrow/samples/00271.png 36
ucf/HammerThrow/samples/00272.png 36
ucf/HammerThrow/samples/00273.png 36
ucf/HammerThrow/samples/00274.png 36
ucf/HammerThrow/samples/00275.png 36
ucf/HammerThrow/samples/00276.png 36
ucf/HammerThrow/samples/00277.png 36
ucf/HammerThrow/samples/00278.png 36
ucf/HammerThrow/samples/00279.png 36
ucf/HammerThrow/samples/00280.png 36
ucf/HammerThrow/samples/00281.png 36
ucf/HammerThrow/samples/00282.png 36
ucf/HammerThrow/samples/00283.png 36
ucf/HammerThrow/samples/00284.png 36
ucf/HammerThrow/samples/00285.png 36
ucf/HammerThrow/samples/00286.png 36
ucf/HammerThrow/samples/00287.png 36
ucf/HammerThrow/samples/00288.png 36
ucf/HammerThrow/samples/00289.png 36
ucf/HammerThrow/samples/00290.png 36
ucf/HammerThrow/samples/00291.png 36
ucf/HammerThrow/samples/00292.png 36
ucf/HammerThrow/samples/00293.png 36
ucf/HammerThrow/samples/00294.png 36
ucf/HammerThrow/samples/00295.png 36
ucf/HammerThrow/samples/00296.png 36
ucf/HammerThrow/samples/00297.png 36
ucf/HammerThrow/samples/00298.png 36
ucf/HammerThrow/samples/00299.png 36
ucf/HammerThrow/samples/00300.png 36
ucf/HammerThrow/samples/00301.png 36
ucf/HammerThrow/samples/00302.png 36
ucf/HammerThrow/samples/00303.png 36
ucf/HammerThrow/samples/00304.png 36
ucf/HammerThrow/samples/00305.png 36
ucf/HammerThrow/samples/00306.png 36
ucf/HammerThrow/samples/00307.png 36
ucf/HammerThrow/samples/00308.png 36
ucf/HammerThrow/samples/00309.png 36
ucf/HammerThrow/samples/00310.png 36
ucf/HammerThrow/samples/00311.png 36
ucf/HammerThrow/samples/00312.png 36
ucf/HammerThrow/samples/00313.png 36
ucf/HammerThrow/samples/00314.png 36
ucf/HammerThrow/samples/00315.png 36
ucf/HammerThrow/samples/00316.png 36
ucf/HammerThrow/samples/00317.png 36
ucf/HammerThrow/samples/00318.png 36
ucf/HammerThrow/samples/00319.png 36
ucf/HammerThrow/samples/00320.png 36
ucf/HammerThrow/samples/00321.png 36
ucf/HammerThrow/samples/00322.png 36
ucf/HammerThrow/samples/00323.png 36
ucf/HammerThrow/samples/00324.png 36
ucf/HammerThrow/samples/00325.png 36
ucf/HammerThrow/samples/00326.png 36
ucf/HammerThrow/samples/00327.png 36
ucf/HammerThrow/samples/00328.png 36
ucf/HammerThrow/samples/00329.png 36
ucf/HammerThrow/samples/00330.png 36
ucf/HammerThrow/samples/00331.png 36
ucf/HammerThrow/samples/00332.png 36
ucf/HammerThrow/samples/00333.png 36
ucf/HammerThrow/samples/00334.png 36
ucf/HammerThrow/samples/00335.png 36
ucf/HammerThrow/samples/00336.png 36
ucf/HammerThrow/samples/00337.png 36
ucf/HammerThrow/samples/00338.png 36
ucf/HammerThrow/samples/00339.png 36
ucf/HammerThrow/samples/00340.png 36
ucf/HammerThrow/samples/00341.png 36
ucf/HammerThrow/samples/00342.png 36
ucf/HammerThrow/samples/00343.png 36
ucf/HammerThrow/samples/00344.png 36
ucf/HammerThrow/samples/00345.png 36
ucf/HammerThrow/samples/00346.png 36
ucf/HammerThrow/samples/00347.png 36
ucf/HammerThrow/samples/00348.png 36
ucf/HammerThrow/samples/00349.png 36
ucf/HammerThrow/samples/00350.png 36
ucf/HammerThrow/samples/00351.png 36
ucf/HammerThrow/samples/00352.png 36
ucf/HammerThrow/samples/00353.png 36
ucf/HammerThrow/samples/00354.png 36
ucf/HammerThrow/samples/00355.png 36
ucf/HammerThrow/samples/00356.png 36
ucf/HammerThrow/samples/00357.png 36
ucf/HammerThrow/samples/00358.png 36
ucf/HammerThrow/samples/00359.png 36
ucf/HammerThrow/samples/00360.png 36
ucf/HammerThrow/samples/00361.png 36
ucf/HammerThrow/samples/00362.png 36
ucf/HammerThrow/samples/00363.png 36
ucf/HammerThrow/samples/00364.png 36
ucf/HammerThrow/samples/00365.png 36
ucf/HammerThrow/samples/00366.png 36
ucf/HammerThrow/samples/00367.png 36
ucf/HammerThrow/samples/00368.png 36
ucf/HammerThrow/samples/00369.png 36
ucf/HammerThrow/samples/00370.png 36
ucf/HammerThrow/samples/00371.png 36
ucf/HammerThrow/samples/00372.png 36
ucf/HammerThrow/samples/00373.png 36
ucf/HammerThrow/samples/00374.png 36
ucf/HammerThrow/samples/00375.png 36
ucf/HammerThrow/samples/00376.png 36
ucf/HammerThrow/samples/00377.png 36
ucf/HammerThrow/samples/00378.png 36
ucf/HammerThrow/samples/00379.png 36
ucf/HammerThrow/samples/00380.png 36
ucf/HammerThrow/samples/00381.png 36
ucf/HammerThrow/samples/00382.png 36
ucf/HammerThrow/samples/00383.png 36
ucf/HammerThrow/samples/00384.png 36
ucf/HammerThrow/samples/00385.png 36
ucf/HammerThrow/samples/00386.png 36
ucf/HammerThrow/samples/00387.png 36
ucf/HammerThrow/samples/00388.png 36
ucf/HammerThrow/samples/00389.png 36
ucf/HammerThrow/samples/00390.png 36
ucf/HammerThrow/samples/00391.png 36
ucf/HammerThrow/samples/00392.png 36
ucf/HammerThrow/samples/00393.png 36
ucf/HammerThrow/samples/00394.png 36
ucf/HammerThrow/samples/00395.png 36
ucf/HammerThrow/samples/00396.png 36
ucf/HammerThrow/samples/00397.png 36
ucf/HammerThrow/samples/00398.png 36
ucf/HammerThrow/samples/00399.png 36
ucf/HammerThrow/samples/00400.png 36
ucf/HammerThrow/samples/00401.png 36
ucf/HammerThrow/samples/00402.png 36
ucf/HammerThrow/samples/00403.png 36
ucf/HammerThrow/samples/00404.png 36
ucf/HammerThrow/samples/00405.png 36
ucf/HammerThrow/samples/00406.png 36
ucf/HammerThrow/samples/00407.png 36
ucf/HammerThrow/samples/00408.png 36
ucf/HammerThrow/samples/00409.png 36
ucf/HammerThrow/samples/00410.png 36
ucf/HammerThrow/samples/00411.png 36
ucf/HammerThrow/samples/00412.png 36
ucf/HammerThrow/samples/00413.png 36
ucf/HammerThrow/samples/00414.png 36
ucf/HammerThrow/samples/00415.png 36
ucf/HammerThrow/samples/00416.png 36
ucf/HammerThrow/samples/00417.png 36
ucf/HammerThrow/samples/00418.png 36
ucf/HammerThrow/samples/00419.png 36
ucf/HammerThrow/samples/00420.png 36
ucf/HammerThrow/samples/00421.png 36
ucf/HammerThrow/samples/00422.png 36
ucf/HammerThrow/samples/00423.png 36
ucf/HammerThrow/samples/00424.png 36
ucf/HammerThrow/samples/00425.png 36
ucf/HammerThrow/samples/00426.png 36
ucf/HammerThrow/samples/00427.png 36
ucf/HammerThrow/samples/00428.png 36
ucf/HammerThrow/samples/00429.png 36
ucf/HammerThrow/samples/00430.png 36
ucf/HammerThrow/samples/00431.png 36
ucf/HammerThrow/samples/00432.png 36
ucf/HammerThrow/samples/00433.png 36
ucf/HammerThrow/samples/00434.png 36
ucf/HammerThrow/samples/00435.png 36
ucf/HammerThrow/samples/00436.png 36
ucf/HammerThrow/samples/00437.png 36
ucf/HammerThrow/samples/00438.png 36
ucf/HammerThrow/samples/00439.png 36
ucf/HammerThrow/samples/00440.png 36
ucf/HammerThrow/samples/00441.png 36
ucf/HammerThrow/samples/00442.png 36
ucf/HammerThrow/samples/00443.png 36
ucf/HammerThrow/samples/00444.png 36
ucf/HammerThrow/samples/00445.png 36
ucf/HammerThrow/samples/00446.png 36
ucf/HammerThrow/samples/00447.png 36
ucf/HammerThrow/samples/00448.png 36
ucf/HammerThrow/samples/00449.png 36
ucf/HammerThrow/samples/00450.png 36
ucf/HammerThrow/samples/00451.png 36
ucf/HammerThrow/samples/00452.png 36
ucf/HammerThrow/samples/00453.png 36
ucf/HammerThrow/samples/00454.png 36
ucf/HammerThrow/samples/00455.png 36
ucf/HammerThrow/samples/00456.png 36
ucf/HammerThrow/samples/00457.png 36
ucf/HammerThrow/samples/00458.png 36
ucf/HammerThrow/samples/00459.png 36
ucf/HammerThrow/samples/00460.png 36
ucf/HammerThrow/samples/00461.png 36
ucf/HammerThrow/samples/00462.png 36
ucf/HammerThrow/samples/00463.png 36
ucf/HammerThrow/samples/00464.png 36
ucf/HammerThrow/samples/00465.png 36
ucf/HammerThrow/samples/00466.png 36
ucf/HammerThrow/samples/00467.png 36
ucf/HammerThrow/samples/00468.png 36
ucf/HammerThrow/samples/00469.png 36
ucf/HammerThrow/samples/00470.png 36
ucf/HammerThrow/samples/00471.png 36
ucf/HammerThrow/samples/00472.png 36
ucf/HammerThrow/samples/00473.png 36
ucf/HammerThrow/samples/00474.png 36
ucf/HammerThrow/samples/00475.png 36
ucf/HammerThrow/samples/00476.png 36
ucf/HammerThrow/samples/00477.png 36
ucf/HammerThrow/samples/00478.png 36
ucf/HammerThrow/samples/00479.png 36
ucf/HammerThrow/samples/00480.png 36
ucf/HammerThrow/samples/00481.png 36
ucf/HammerThrow/samples/00482.png 36
ucf/HammerThrow/samples/00483.png 36
ucf/HammerThrow/samples/00484.png 36
ucf/HammerThrow/samples/00485.png 36
ucf/HammerThrow/samples/00486.png 36
ucf/HammerThrow/samples/00487.png 36
ucf/HammerThrow/samples/00488.png 36
ucf/HammerThrow/samples/00489.png 36
ucf/HammerThrow/samples/00490.png 36
ucf/HammerThrow/samples/00491.png 36
ucf/HammerThrow/samples/00492.png 36
ucf/HammerThrow/samples/00493.png 36
ucf/HammerThrow/samples/00494.png 36
ucf/HammerThrow/samples/00495.png 36
ucf/HammerThrow/samples/00496.png 36
ucf/HammerThrow/samples/00497.png 36
ucf/HammerThrow/samples/00498.png 36
ucf/HammerThrow/samples/00499.png 36
ucf/HammerThrow/samples/00500.png 36
ucf/HammerThrow/samples/00501.png 36
ucf/HammerThrow/samples/00502.png 36
ucf/HammerThrow/samples/00503.png 36
ucf/HammerThrow/samples/00504.png 36
ucf/HammerThrow/samples/00505.png 36
ucf/HammerThrow/samples/00506.png 36
ucf/HammerThrow/samples/00507.png 36
ucf/HammerThrow/samples/00508.png 36
ucf/HammerThrow/samples/00509.png 36
ucf/HammerThrow/samples/00510.png 36
ucf/HammerThrow/samples/00511.png 36
ucf/HammerThrow/samples/00512.png 36
ucf/HammerThrow/samples/00513.png 36
ucf/HammerThrow/samples/00514.png 36
ucf/HammerThrow/samples/00515.png 36
ucf/HammerThrow/samples/00516.png 36
ucf/HammerThrow/samples/00517.png 36
ucf/HammerThrow/samples/00518.png 36
ucf/HammerThrow/samples/00519.png 36
ucf/HammerThrow/samples/00520.png 36
ucf/HammerThrow/samples/00521.png 36
ucf/HammerThrow/samples/00522.png 36
ucf/HammerThrow/samples/00523.png 36
ucf/HammerThrow/samples/00524.png 36
ucf/HammerThrow/samples/00525.png 36
ucf/HammerThrow/samples/00526.png 36
ucf/HammerThrow/samples/00527.png 36
ucf/HammerThrow/samples/00528.png 36
ucf/HammerThrow/samples/00529.png 36
ucf/HammerThrow/samples/00530.png 36
ucf/HammerThrow/samples/00531.png 36
ucf/HammerThrow/samples/00532.png 36
ucf/HammerThrow/samples/00533.png 36
ucf/HammerThrow/samples/00534.png 36
ucf/HammerThrow/samples/00535.png 36
ucf/HammerThrow/samples/00536.png 36
ucf/HammerThrow/samples/00537.png 36
ucf/HammerThrow/samples/00538.png 36
ucf/HammerThrow/samples/00539.png 36
ucf/HammerThrow/samples/00540.png 36
ucf/HammerThrow/samples/00541.png 36
ucf/HammerThrow/samples/00542.png 36
ucf/HammerThrow/samples/00543.png 36
ucf/HammerThrow/samples/00544.png 36
ucf/HammerThrow/samples/00545.png 36
ucf/HammerThrow/samples/00546.png 36
ucf/HammerThrow/samples/00547.png 36
ucf/HammerThrow/samples/00548.png 36
ucf/HammerThrow/samples/00549.png 36
ucf/HammerThrow/samples/00550.png 36
ucf/HammerThrow/samples/00551.png 36
ucf/HammerThrow/samples/00552.png 36
ucf/HammerThrow/samples/00553.png 36
ucf/HammerThrow/samples/00554.png 36
ucf/HammerThrow/samples/00555.png 36
ucf/HammerThrow/samples/00556.png 36
ucf/HammerThrow/samples/00557.png 36
ucf/HammerThrow/samples/00558.png 36
ucf/HammerThrow/samples/00559.png 36
ucf/HammerThrow/samples/00560.png 36
ucf/HammerThrow/samples/00561.png 36
ucf/HammerThrow/samples/00562.png 36
ucf/HammerThrow/samples/00563.png 36
ucf/HammerThrow/samples/00564.png 36
ucf/HammerThrow/samples/00565.png 36
ucf/HammerThrow/samples/00566.png 36
ucf/HammerThrow/samples/00567.png 36
ucf/HammerThrow/samples/00568.png 36
ucf/HammerThrow/samples/00569.png 36
ucf/HammerThrow/samples/00570.png 36
ucf/HammerThrow/samples/00571.png 36
ucf/HammerThrow/samples/00572.png 36
ucf/HammerThrow/samples/00573.png 36
ucf/HammerThrow/samples/00574.png 36
ucf/HammerThrow/samples/00575.png 36
ucf/HammerThrow/samples/00576.png 36
ucf/HammerThrow/samples/00577.png 36
ucf/HammerThrow/samples/00578.png 36
ucf/HammerThrow/samples/00579.png 36
ucf/HammerThrow/samples/00580.png 36
ucf/HammerThrow/samples/00581.png 36
ucf/HammerThrow/samples/00582.png 36
ucf/HammerThrow/samples/00583.png 36
ucf/HammerThrow/samples/00584.png 36
ucf/HammerThrow/samples/00585.png 36
ucf/HammerThrow/samples/00586.png 36
ucf/HammerThrow/samples/00587.png 36
ucf/HammerThrow/samples/00588.png 36
ucf/HammerThrow/samples/00589.png 36
ucf/HammerThrow/samples/00590.png 36
ucf/HammerThrow/samples/00591.png 36
ucf/HammerThrow/samples/00592.png 36
ucf/HammerThrow/samples/00593.png 36
ucf/HammerThrow/samples/00594.png 36
ucf/HammerThrow/samples/00595.png 36
ucf/HammerThrow/samples/00596.png 36
ucf/HammerThrow/samples/00597.png 36
ucf/HammerThrow/samples/00598.png 36
ucf/HammerThrow/samples/00599.png 36
ucf/HammerThrow/samples/00600.png 36
ucf/HammerThrow/samples/00601.png 36
ucf/HammerThrow/samples/00602.png 36
ucf/HammerThrow/samples/00603.png 36
ucf/HammerThrow/samples/00604.png 36
ucf/HammerThrow/samples/00605.png 36
ucf/HammerThrow/samples/00606.png 36
ucf/HammerThrow/samples/00607.png 36
ucf/HammerThrow/samples/00608.png 36
ucf/HammerThrow/samples/00609.png 36
ucf/HammerThrow/samples/00610.png 36
ucf/HammerThrow/samples/00611.png 36
ucf/HammerThrow/samples/00612.png 36
ucf/HammerThrow/samples/00613.png 36
ucf/HammerThrow/samples/00614.png 36
ucf/HammerThrow/samples/00615.png 36
ucf/HammerThrow/samples/00616.png 36
ucf/HammerThrow/samples/00617.png 36
ucf/HammerThrow/samples/00618.png 36
ucf/HammerThrow/samples/00619.png 36
ucf/HammerThrow/samples/00620.png 36
ucf/HammerThrow/samples/00621.png 36
ucf/HammerThrow/samples/00622.png 36
ucf/HammerThrow/samples/00623.png 36
ucf/HammerThrow/samples/00624.png 36
ucf/HammerThrow/samples/00625.png 36
ucf/HammerThrow/samples/00626.png 36
ucf/HammerThrow/samples/00627.png 36
ucf/HammerThrow/samples/00628.png 36
ucf/HammerThrow/samples/00629.png 36
ucf/HammerThrow/samples/00630.png 36
ucf/HammerThrow/samples/00631.png 36
ucf/HammerThrow/samples/00632.png 36
ucf/HammerThrow/samples/00633.png 36
ucf/HammerThrow/samples/00634.png 36
ucf/HammerThrow/samples/00635.png 36
ucf/HammerThrow/samples/00636.png 36
ucf/HammerThrow/samples/00637.png 36
ucf/HammerThrow/samples/00638.png 36
ucf/HammerThrow/samples/00639.png 36
ucf/HammerThrow/samples/00640.png 36
ucf/HammerThrow/samples/00641.png 36
ucf/HammerThrow/samples/00642.png 36
ucf/HammerThrow/samples/00643.png 36
ucf/HammerThrow/samples/00644.png 36
ucf/HammerThrow/samples/00645.png 36
ucf/HammerThrow/samples/00646.png 36
ucf/HammerThrow/samples/00647.png 36
ucf/HammerThrow/samples/00648.png 36
ucf/HammerThrow/samples/00649.png 36
ucf/HammerThrow/samples/00650.png 36
ucf/HammerThrow/samples/00651.png 36
ucf/HammerThrow/samples/00652.png 36
ucf/HammerThrow/samples/00653.png 36
ucf/HammerThrow/samples/00654.png 36
ucf/HammerThrow/samples/00655.png 36
ucf/HammerThrow/samples/00656.png 36
ucf/HammerThrow/samples/00657.png 36
ucf/HammerThrow/samples/00658.png 36
ucf/HammerThrow/samples/00659.png 36
ucf/HammerThrow/samples/00660.png 36
ucf/HammerThrow/samples/00661.png 36
ucf/HammerThrow/samples/00662.png 36
ucf/HammerThrow/samples/00663.png 36
ucf/HammerThrow/samples/00664.png 36
ucf/HammerThrow/samples/00665.png 36
ucf/HammerThrow/samples/00666.png 36
ucf/HammerThrow/samples/00667.png 36
ucf/HammerThrow/samples/00668.png 36
ucf/HammerThrow/samples/00669.png 36
ucf/HammerThrow/samples/00670.png 36
ucf/HammerThrow/samples/00671.png 36
ucf/HammerThrow/samples/00672.png 36
ucf/HammerThrow/samples/00673.png 36
ucf/HammerThrow/samples/00674.png 36
ucf/HammerThrow/samples/00675.png 36
ucf/HammerThrow/samples/00676.png 36
ucf/HammerThrow/samples/00677.png 36
ucf/HammerThrow/samples/00678.png 36
ucf/HammerThrow/samples/00679.png 36
ucf/HammerThrow/samples/00680.png 36
ucf/HammerThrow/samples/00681.png 36
ucf/HammerThrow/samples/00682.png 36
ucf/HammerThrow/samples/00683.png 36
ucf/HammerThrow/samples/00684.png 36
ucf/HammerThrow/samples/00685.png 36
ucf/HammerThrow/samples/00686.png 36
ucf/HammerThrow/samples/00687.png 36
ucf/HammerThrow/samples/00688.png 36
ucf/HammerThrow/samples/00689.png 36
ucf/HammerThrow/samples/00690.png 36
ucf/HammerThrow/samples/00691.png 36
ucf/HammerThrow/samples/00692.png 36
ucf/HammerThrow/samples/00693.png 36
ucf/HammerThrow/samples/00694.png 36
ucf/HammerThrow/samples/00695.png 36
ucf/HammerThrow/samples/00696.png 36
ucf/HammerThrow/samples/00697.png 36
ucf/HammerThrow/samples/00698.png 36
ucf/HammerThrow/samples/00699.png 36
ucf/HammerThrow/samples/00700.png 36
ucf/HammerThrow/samples/00701.png 36
ucf/HammerThrow/samples/00702.png 36
ucf/HammerThrow/samples/00703.png 36
ucf/HammerThrow/samples/00704.png 36
ucf/HammerThrow/samples/00705.png 36
ucf/HammerThrow/samples/00706.png 36
ucf/HammerThrow/samples/00707.png 36
ucf/HammerThrow/samples/00708.png 36
ucf/HammerThrow/samples/00709.png 36
ucf/HammerThrow/samples/00710.png 36
ucf/HammerThrow/samples/00711.png 36
ucf/HammerThrow/samples/00712.png 36
ucf/HammerThrow/samples/00713.png 36
ucf/HammerThrow/samples/00714.png 36
ucf/HammerThrow/samples/00715.png 36
ucf/HammerThrow/samples/00716.png 36
ucf/HammerThrow/samples/00717.png 36
ucf/HammerThrow/samples/00718.png 36
ucf/HammerThrow/samples/00719.png 36
ucf/HammerThrow/samples/00720.png 36
ucf/HammerThrow/samples/00721.png 36
ucf/HammerThrow/samples/00722.png 36
ucf/HammerThrow/samples/00723.png 36
ucf/HammerThrow/samples/00724.png 36
ucf/HammerThrow/samples/00725.png 36
ucf/HammerThrow/samples/00726.png 36
ucf/HammerThrow/samples/00727.png 36
ucf/HammerThrow/samples/00728.png 36
ucf/HammerThrow/samples/00729.png 36
ucf/HammerThrow/samples/00730.png 36
ucf/HammerThrow/samples/00731.png 36
ucf/HammerThrow/samples/00732.png 36
ucf/HammerThrow/samples/00733.png 36
ucf/HammerThrow/samples/00734.png 36
ucf/HammerThrow/samples/00735.png 36
ucf/HammerThrow/samples/00736.png 36
ucf/HammerThrow/samples/00737.png 36
ucf/HammerThrow/samples/00738.png 36
ucf/HammerThrow/samples/00739.png 36
ucf/HammerThrow/samples/00740.png 36
ucf/HammerThrow/samples/00741.png 36
ucf/HammerThrow/samples/00742.png 36
ucf/HammerThrow/samples/00743.png 36
ucf/HammerThrow/samples/00744.png 36
ucf/HammerThrow/samples/00745.png 36
ucf/HammerThrow/samples/00746.png 36
ucf/HammerThrow/samples/00747.png 36
ucf/HammerThrow/samples/00748.png 36
ucf/HammerThrow/samples/00749.png 36
ucf/HammerThrow/samples/00750.png 36
ucf/HammerThrow/samples/00751.png 36
ucf/HammerThrow/samples/00752.png 36
ucf/HammerThrow/samples/00753.png 36
ucf/HammerThrow/samples/00754.png 36
ucf/HammerThrow/samples/00755.png 36
ucf/HammerThrow/samples/00756.png 36
ucf/HammerThrow/samples/00757.png 36
ucf/HammerThrow/samples/00758.png 36
ucf/HammerThrow/samples/00759.png 36
ucf/HammerThrow/samples/00760.png 36
ucf/HammerThrow/samples/00761.png 36
ucf/HammerThrow/samples/00762.png 36
ucf/HammerThrow/samples/00763.png 36
ucf/HammerThrow/samples/00764.png 36
ucf/HammerThrow/samples/00765.png 36
ucf/HammerThrow/samples/00766.png 36
ucf/HammerThrow/samples/00767.png 36
ucf/HammerThrow/samples/00768.png 36
ucf/HammerThrow/samples/00769.png 36
ucf/HammerThrow/samples/00770.png 36
ucf/HammerThrow/samples/00771.png 36
ucf/HammerThrow/samples/00772.png 36
ucf/HammerThrow/samples/00773.png 36
ucf/HammerThrow/samples/00774.png 36
ucf/HammerThrow/samples/00775.png 36
ucf/HammerThrow/samples/00776.png 36
ucf/HammerThrow/samples/00777.png 36
ucf/HammerThrow/samples/00778.png 36
ucf/HammerThrow/samples/00779.png 36
ucf/HammerThrow/samples/00780.png 36
ucf/HammerThrow/samples/00781.png 36
ucf/HammerThrow/samples/00782.png 36
ucf/HammerThrow/samples/00783.png 36
ucf/HammerThrow/samples/00784.png 36
ucf/HammerThrow/samples/00785.png 36
ucf/HammerThrow/samples/00786.png 36
ucf/HammerThrow/samples/00787.png 36
ucf/HammerThrow/samples/00788.png 36
ucf/HammerThrow/samples/00789.png 36
ucf/HammerThrow/samples/00790.png 36
ucf/HammerThrow/samples/00791.png 36
ucf/HammerThrow/samples/00792.png 36
ucf/HammerThrow/samples/00793.png 36
ucf/HammerThrow/samples/00794.png 36
ucf/HammerThrow/samples/00795.png 36
ucf/HammerThrow/samples/00796.png 36
ucf/HammerThrow/samples/00797.png 36
ucf/HammerThrow/samples/00798.png 36
ucf/HammerThrow/samples/00799.png 36
ucf/HammerThrow/samples/00800.png 36
ucf/HammerThrow/samples/00801.png 36
ucf/HammerThrow/samples/00802.png 36
ucf/HammerThrow/samples/00803.png 36
ucf/HammerThrow/samples/00804.png 36
ucf/HammerThrow/samples/00805.png 36
ucf/HammerThrow/samples/00806.png 36
ucf/HammerThrow/samples/00807.png 36
ucf/HammerThrow/samples/00808.png 36
ucf/HammerThrow/samples/00809.png 36
ucf/HammerThrow/samples/00810.png 36
ucf/HammerThrow/samples/00811.png 36
ucf/HammerThrow/samples/00812.png 36
ucf/HammerThrow/samples/00813.png 36
ucf/HammerThrow/samples/00814.png 36
ucf/HammerThrow/samples/00815.png 36
ucf/HammerThrow/samples/00816.png 36
ucf/HammerThrow/samples/00817.png 36
ucf/HammerThrow/samples/00818.png 36
ucf/HammerThrow/samples/00819.png 36
ucf/HammerThrow/samples/00820.png 36
ucf/HammerThrow/samples/00821.png 36
ucf/HammerThrow/samples/00822.png 36
ucf/HammerThrow/samples/00823.png 36
ucf/HammerThrow/samples/00824.png 36
ucf/HammerThrow/samples/00825.png 36
ucf/HammerThrow/samples/00826.png 36
ucf/HammerThrow/samples/00827.png 36
ucf/HammerThrow/samples/00828.png 36
ucf/HammerThrow/samples/00829.png 36
ucf/HammerThrow/samples/00830.png 36
ucf/HammerThrow/samples/00831.png 36
ucf/HammerThrow/samples/00832.png 36
ucf/HammerThrow/samples/00833.png 36
ucf/HammerThrow/samples/00834.png 36
ucf/HammerThrow/samples/00835.png 36
ucf/HammerThrow/samples/00836.png 36
ucf/HammerThrow/samples/00837.png 36
ucf/HammerThrow/samples/00838.png 36
ucf/HammerThrow/samples/00839.png 36
ucf/HammerThrow/samples/00840.png 36
ucf/HammerThrow/samples/00841.png 36
ucf/HammerThrow/samples/00842.png 36
ucf/HammerThrow/samples/00843.png 36
ucf/HammerThrow/samples/00844.png 36
ucf/HammerThrow/samples/00845.png 36
ucf/HammerThrow/samples/00846.png 36
ucf/HammerThrow/samples/00847.png 36
ucf/HammerThrow/samples/00848.png 36
ucf/HammerThrow/samples/00849.png 36
ucf/HammerThrow/samples/00850.png 36
ucf/HammerThrow/samples/00851.png 36
ucf/HammerThrow/samples/00852.png 36
ucf/HammerThrow/samples/00853.png 36
ucf/HammerThrow/samples/00854.png 36
ucf/HammerThrow/samples/00855.png 36
ucf/HammerThrow/samples/00856.png 36
ucf/HammerThrow/samples/00857.png 36
ucf/HammerThrow/samples/00858.png 36
ucf/HammerThrow/samples/00859.png 36
ucf/HammerThrow/samples/00860.png 36
ucf/HammerThrow/samples/00861.png 36
ucf/HammerThrow/samples/00862.png 36
ucf/HammerThrow/samples/00863.png 36
ucf/HammerThrow/samples/00864.png 36
ucf/HammerThrow/samples/00865.png 36
ucf/HammerThrow/samples/00866.png 36
ucf/HammerThrow/samples/00867.png 36
ucf/HammerThrow/samples/00868.png 36
ucf/HammerThrow/samples/00869.png 36
ucf/HammerThrow/samples/00870.png 36
ucf/HammerThrow/samples/00871.png 36
ucf/HammerThrow/samples/00872.png 36
ucf/HammerThrow/samples/00873.png 36
ucf/HammerThrow/samples/00874.png 36
ucf/HammerThrow/samples/00875.png 36
ucf/HammerThrow/samples/00876.png 36
ucf/HammerThrow/samples/00877.png 36
ucf/HammerThrow/samples/00878.png 36
ucf/HammerThrow/samples/00879.png 36
ucf/HammerThrow/samples/00880.png 36
ucf/HammerThrow/samples/00881.png 36
ucf/HammerThrow/samples/00882.png 36
ucf/HammerThrow/samples/00883.png 36
ucf/HammerThrow/samples/00884.png 36
ucf/HammerThrow/samples/00885.png 36
ucf/HammerThrow/samples/00886.png 36
ucf/HammerThrow/samples/00887.png 36
ucf/HammerThrow/samples/00888.png 36
ucf/HammerThrow/samples/00889.png 36
ucf/HammerThrow/samples/00890.png 36
ucf/HammerThrow/samples/00891.png 36
ucf/HammerThrow/samples/00892.png 36
ucf/HammerThrow/samples/00893.png 36
ucf/HammerThrow/samples/00894.png 36
ucf/HammerThrow/samples/00895.png 36
ucf/HammerThrow/samples/00896.png 36
ucf/HammerThrow/samples/00897.png 36
ucf/HammerThrow/samples/00898.png 36
ucf/HammerThrow/samples/00899.png 36
ucf/HammerThrow/samples/00900.png 36
ucf/HammerThrow/samples/00901.png 36
ucf/HammerThrow/samples/00902.png 36
ucf/HammerThrow/samples/00903.png 36
ucf/HammerThrow/samples/00904.png 36
ucf/HammerThrow/samples/00905.png 36
ucf/HammerThrow/samples/00906.png 36
ucf/HammerThrow/samples/00907.png 36
ucf/HammerThrow/samples/00908.png 36
ucf/HammerThrow/samples/00909.png 36
ucf/HammerThrow/samples/00910.png 36
ucf/HammerThrow/samples/00911.png 36
ucf/HammerThrow/samples/00912.png 36
ucf/HammerThrow/samples/00913.png 36
ucf/HammerThrow/samples/00914.png 36
ucf/HammerThrow/samples/00915.png 36
ucf/HammerThrow/samples/00916.png 36
ucf/HammerThrow/samples/00917.png 36
ucf/HammerThrow/samples/00918.png 36
ucf/HammerThrow/samples/00919.png 36
ucf/HammerThrow/samples/00920.png 36
ucf/HammerThrow/samples/00921.png 36
ucf/HammerThrow/samples/00922.png 36
ucf/HammerThrow/samples/00923.png 36
ucf/HammerThrow/samples/00924.png 36
ucf/HammerThrow/samples/00925.png 36
ucf/HammerThrow/samples/00926.png 36
ucf/HammerThrow/samples/00927.png 36
ucf/HammerThrow/samples/00928.png 36
ucf/HammerThrow/samples/00929.png 36
ucf/HammerThrow/samples/00930.png 36
ucf/HammerThrow/samples/00931.png 36
ucf/HammerThrow/samples/00932.png 36
ucf/HammerThrow/samples/00933.png 36
ucf/HammerThrow/samples/00934.png 36
ucf/HammerThrow/samples/00935.png 36
ucf/HammerThrow/samples/00936.png 36
ucf/HammerThrow/samples/00937.png 36
ucf/HammerThrow/samples/00938.png 36
ucf/HammerThrow/samples/00939.png 36
ucf/HammerThrow/samples/00940.png 36
ucf/HammerThrow/samples/00941.png 36
ucf/HammerThrow/samples/00942.png 36
ucf/HammerThrow/samples/00943.png 36
ucf/HammerThrow/samples/00944.png 36
ucf/HammerThrow/samples/00945.png 36
ucf/HammerThrow/samples/00946.png 36
ucf/HammerThrow/samples/00947.png 36
ucf/HammerThrow/samples/00948.png 36
ucf/HammerThrow/samples/00949.png 36
ucf/HammerThrow/samples/00950.png 36
ucf/HammerThrow/samples/00951.png 36
ucf/HammerThrow/samples/00952.png 36
ucf/HammerThrow/samples/00953.png 36
ucf/HammerThrow/samples/00954.png 36
ucf/HammerThrow/samples/00955.png 36
ucf/HammerThrow/samples/00956.png 36
ucf/HammerThrow/samples/00957.png 36
ucf/HammerThrow/samples/00958.png 36
ucf/HammerThrow/samples/00959.png 36
ucf/HammerThrow/samples/00960.png 36
ucf/HammerThrow/samples/00961.png 36
ucf/HammerThrow/samples/00962.png 36
ucf/HammerThrow/samples/00963.png 36
ucf/HammerThrow/samples/00964.png 36
ucf/HammerThrow/samples/00965.png 36
ucf/HammerThrow/samples/00966.png 36
ucf/HammerThrow/samples/00967.png 36
ucf/HammerThrow/samples/00968.png 36
ucf/HammerThrow/samples/00969.png 36
ucf/HammerThrow/samples/00970.png 36
ucf/HammerThrow/samples/00971.png 36
ucf/HammerThrow/samples/00972.png 36
ucf/HammerThrow/samples/00973.png 36
ucf/HammerThrow/samples/00974.png 36
ucf/HammerThrow/samples/00975.png 36
ucf/HammerThrow/samples/00976.png 36
ucf/HammerThrow/samples/00977.png 36
ucf/HammerThrow/samples/00978.png 36
ucf/HammerThrow/samples/00979.png 36
ucf/HammerThrow/samples/00980.png 36
ucf/HammerThrow/samples/00981.png 36
ucf/HammerThrow/samples/00982.png 36
ucf/HammerThrow/samples/00983.png 36
ucf/HammerThrow/samples/00984.png 36
ucf/HammerThrow/samples/00985.png 36
ucf/HammerThrow/samples/00986.png 36
ucf/HammerThrow/samples/00987.png 36
ucf/HammerThrow/samples/00988.png 36
ucf/HammerThrow/samples/00989.png 36
ucf/HammerThrow/samples/00990.png 36
ucf/HammerThrow/samples/00991.png 36
ucf/HammerThrow/samples/00992.png 36
ucf/HammerThrow/samples/00993.png 36
ucf/HammerThrow/samples/00994.png 36
ucf/HammerThrow/samples/00995.png 36
ucf/HammerThrow/samples/00996.png 36
ucf/HammerThrow/samples/00997.png 36
ucf/HammerThrow/samples/00998.png 36
ucf/HammerThrow/samples/00999.png 36
ucf/FrontCrawl/samples/00000.png 32
ucf/FrontCrawl/samples/00001.png 32
ucf/FrontCrawl/samples/00002.png 32
ucf/FrontCrawl/samples/00003.png 32
ucf/FrontCrawl/samples/00004.png 32
ucf/FrontCrawl/samples/00005.png 32
ucf/FrontCrawl/samples/00006.png 32
ucf/FrontCrawl/samples/00007.png 32
ucf/FrontCrawl/samples/00008.png 32
ucf/FrontCrawl/samples/00009.png 32
ucf/FrontCrawl/samples/00010.png 32
ucf/FrontCrawl/samples/00011.png 32
ucf/FrontCrawl/samples/00012.png 32
ucf/FrontCrawl/samples/00013.png 32
ucf/FrontCrawl/samples/00014.png 32
ucf/FrontCrawl/samples/00015.png 32
ucf/FrontCrawl/samples/00016.png 32
ucf/FrontCrawl/samples/00017.png 32
ucf/FrontCrawl/samples/00018.png 32
ucf/FrontCrawl/samples/00019.png 32
ucf/FrontCrawl/samples/00020.png 32
ucf/FrontCrawl/samples/00021.png 32
ucf/FrontCrawl/samples/00022.png 32
ucf/FrontCrawl/samples/00023.png 32
ucf/FrontCrawl/samples/00024.png 32
ucf/FrontCrawl/samples/00025.png 32
ucf/FrontCrawl/samples/00026.png 32
ucf/FrontCrawl/samples/00027.png 32
ucf/FrontCrawl/samples/00028.png 32
ucf/FrontCrawl/samples/00029.png 32
ucf/FrontCrawl/samples/00030.png 32
ucf/FrontCrawl/samples/00031.png 32
ucf/FrontCrawl/samples/00032.png 32
ucf/FrontCrawl/samples/00033.png 32
ucf/FrontCrawl/samples/00034.png 32
ucf/FrontCrawl/samples/00035.png 32
ucf/FrontCrawl/samples/00036.png 32
ucf/FrontCrawl/samples/00037.png 32
ucf/FrontCrawl/samples/00038.png 32
ucf/FrontCrawl/samples/00039.png 32
ucf/FrontCrawl/samples/00040.png 32
ucf/FrontCrawl/samples/00041.png 32
ucf/FrontCrawl/samples/00042.png 32
ucf/FrontCrawl/samples/00043.png 32
ucf/FrontCrawl/samples/00044.png 32
ucf/FrontCrawl/samples/00045.png 32
ucf/FrontCrawl/samples/00046.png 32
ucf/FrontCrawl/samples/00047.png 32
ucf/FrontCrawl/samples/00048.png 32
ucf/FrontCrawl/samples/00049.png 32
ucf/FrontCrawl/samples/00050.png 32
ucf/FrontCrawl/samples/00051.png 32
ucf/FrontCrawl/samples/00052.png 32
ucf/FrontCrawl/samples/00053.png 32
ucf/FrontCrawl/samples/00054.png 32
ucf/FrontCrawl/samples/00055.png 32
ucf/FrontCrawl/samples/00056.png 32
ucf/FrontCrawl/samples/00057.png 32
ucf/FrontCrawl/samples/00058.png 32
ucf/FrontCrawl/samples/00059.png 32
ucf/FrontCrawl/samples/00060.png 32
ucf/FrontCrawl/samples/00061.png 32
ucf/FrontCrawl/samples/00062.png 32
ucf/FrontCrawl/samples/00063.png 32
ucf/FrontCrawl/samples/00064.png 32
ucf/FrontCrawl/samples/00065.png 32
ucf/FrontCrawl/samples/00066.png 32
ucf/FrontCrawl/samples/00067.png 32
ucf/FrontCrawl/samples/00068.png 32
ucf/FrontCrawl/samples/00069.png 32
ucf/FrontCrawl/samples/00070.png 32
ucf/FrontCrawl/samples/00071.png 32
ucf/FrontCrawl/samples/00072.png 32
ucf/FrontCrawl/samples/00073.png 32
ucf/FrontCrawl/samples/00074.png 32
ucf/FrontCrawl/samples/00075.png 32
ucf/FrontCrawl/samples/00076.png 32
ucf/FrontCrawl/samples/00077.png 32
ucf/FrontCrawl/samples/00078.png 32
ucf/FrontCrawl/samples/00079.png 32
ucf/FrontCrawl/samples/00080.png 32
ucf/FrontCrawl/samples/00081.png 32
ucf/FrontCrawl/samples/00082.png 32
ucf/FrontCrawl/samples/00083.png 32
ucf/FrontCrawl/samples/00084.png 32
ucf/FrontCrawl/samples/00085.png 32
ucf/FrontCrawl/samples/00086.png 32
ucf/FrontCrawl/samples/00087.png 32
ucf/FrontCrawl/samples/00088.png 32
ucf/FrontCrawl/samples/00089.png 32
ucf/FrontCrawl/samples/00090.png 32
ucf/FrontCrawl/samples/00091.png 32
ucf/FrontCrawl/samples/00092.png 32
ucf/FrontCrawl/samples/00093.png 32
ucf/FrontCrawl/samples/00094.png 32
ucf/FrontCrawl/samples/00095.png 32
ucf/FrontCrawl/samples/00096.png 32
ucf/FrontCrawl/samples/00097.png 32
ucf/FrontCrawl/samples/00098.png 32
ucf/FrontCrawl/samples/00099.png 32
ucf/FrontCrawl/samples/00100.png 32
ucf/FrontCrawl/samples/00101.png 32
ucf/FrontCrawl/samples/00102.png 32
ucf/FrontCrawl/samples/00103.png 32
ucf/FrontCrawl/samples/00104.png 32
ucf/FrontCrawl/samples/00105.png 32
ucf/FrontCrawl/samples/00106.png 32
ucf/FrontCrawl/samples/00107.png 32
ucf/FrontCrawl/samples/00108.png 32
ucf/FrontCrawl/samples/00109.png 32
ucf/FrontCrawl/samples/00110.png 32
ucf/FrontCrawl/samples/00111.png 32
ucf/FrontCrawl/samples/00112.png 32
ucf/FrontCrawl/samples/00113.png 32
ucf/FrontCrawl/samples/00114.png 32
ucf/FrontCrawl/samples/00115.png 32
ucf/FrontCrawl/samples/00116.png 32
ucf/FrontCrawl/samples/00117.png 32
ucf/FrontCrawl/samples/00118.png 32
ucf/FrontCrawl/samples/00119.png 32
ucf/FrontCrawl/samples/00120.png 32
ucf/FrontCrawl/samples/00121.png 32
ucf/FrontCrawl/samples/00122.png 32
ucf/FrontCrawl/samples/00123.png 32
ucf/FrontCrawl/samples/00124.png 32
ucf/FrontCrawl/samples/00125.png 32
ucf/FrontCrawl/samples/00126.png 32
ucf/FrontCrawl/samples/00127.png 32
ucf/FrontCrawl/samples/00128.png 32
ucf/FrontCrawl/samples/00129.png 32
ucf/FrontCrawl/samples/00130.png 32
ucf/FrontCrawl/samples/00131.png 32
ucf/FrontCrawl/samples/00132.png 32
ucf/FrontCrawl/samples/00133.png 32
ucf/FrontCrawl/samples/00134.png 32
ucf/FrontCrawl/samples/00135.png 32
ucf/FrontCrawl/samples/00136.png 32
ucf/FrontCrawl/samples/00137.png 32
ucf/FrontCrawl/samples/00138.png 32
ucf/FrontCrawl/samples/00139.png 32
ucf/FrontCrawl/samples/00140.png 32
ucf/FrontCrawl/samples/00141.png 32
ucf/FrontCrawl/samples/00142.png 32
ucf/FrontCrawl/samples/00143.png 32
ucf/FrontCrawl/samples/00144.png 32
ucf/FrontCrawl/samples/00145.png 32
ucf/FrontCrawl/samples/00146.png 32
ucf/FrontCrawl/samples/00147.png 32
ucf/FrontCrawl/samples/00148.png 32
ucf/FrontCrawl/samples/00149.png 32
ucf/FrontCrawl/samples/00150.png 32
ucf/FrontCrawl/samples/00151.png 32
ucf/FrontCrawl/samples/00152.png 32
ucf/FrontCrawl/samples/00153.png 32
ucf/FrontCrawl/samples/00154.png 32
ucf/FrontCrawl/samples/00155.png 32
ucf/FrontCrawl/samples/00156.png 32
ucf/FrontCrawl/samples/00157.png 32
ucf/FrontCrawl/samples/00158.png 32
ucf/FrontCrawl/samples/00159.png 32
ucf/FrontCrawl/samples/00160.png 32
ucf/FrontCrawl/samples/00161.png 32
ucf/FrontCrawl/samples/00162.png 32
ucf/FrontCrawl/samples/00163.png 32
ucf/FrontCrawl/samples/00164.png 32
ucf/FrontCrawl/samples/00165.png 32
ucf/FrontCrawl/samples/00166.png 32
ucf/FrontCrawl/samples/00167.png 32
ucf/FrontCrawl/samples/00168.png 32
ucf/FrontCrawl/samples/00169.png 32
ucf/FrontCrawl/samples/00170.png 32
ucf/FrontCrawl/samples/00171.png 32
ucf/FrontCrawl/samples/00172.png 32
ucf/FrontCrawl/samples/00173.png 32
ucf/FrontCrawl/samples/00174.png 32
ucf/FrontCrawl/samples/00175.png 32
ucf/FrontCrawl/samples/00176.png 32
ucf/FrontCrawl/samples/00177.png 32
ucf/FrontCrawl/samples/00178.png 32
ucf/FrontCrawl/samples/00179.png 32
ucf/FrontCrawl/samples/00180.png 32
ucf/FrontCrawl/samples/00181.png 32
ucf/FrontCrawl/samples/00182.png 32
ucf/FrontCrawl/samples/00183.png 32
ucf/FrontCrawl/samples/00184.png 32
ucf/FrontCrawl/samples/00185.png 32
ucf/FrontCrawl/samples/00186.png 32
ucf/FrontCrawl/samples/00187.png 32
ucf/FrontCrawl/samples/00188.png 32
ucf/FrontCrawl/samples/00189.png 32
ucf/FrontCrawl/samples/00190.png 32
ucf/FrontCrawl/samples/00191.png 32
ucf/FrontCrawl/samples/00192.png 32
ucf/FrontCrawl/samples/00193.png 32
ucf/FrontCrawl/samples/00194.png 32
ucf/FrontCrawl/samples/00195.png 32
ucf/FrontCrawl/samples/00196.png 32
ucf/FrontCrawl/samples/00197.png 32
ucf/FrontCrawl/samples/00198.png 32
ucf/FrontCrawl/samples/00199.png 32
ucf/FrontCrawl/samples/00200.png 32
ucf/FrontCrawl/samples/00201.png 32
ucf/FrontCrawl/samples/00202.png 32
ucf/FrontCrawl/samples/00203.png 32
ucf/FrontCrawl/samples/00204.png 32
ucf/FrontCrawl/samples/00205.png 32
ucf/FrontCrawl/samples/00206.png 32
ucf/FrontCrawl/samples/00207.png 32
ucf/FrontCrawl/samples/00208.png 32
ucf/FrontCrawl/samples/00209.png 32
ucf/FrontCrawl/samples/00210.png 32
ucf/FrontCrawl/samples/00211.png 32
ucf/FrontCrawl/samples/00212.png 32
ucf/FrontCrawl/samples/00213.png 32
ucf/FrontCrawl/samples/00214.png 32
ucf/FrontCrawl/samples/00215.png 32
ucf/FrontCrawl/samples/00216.png 32
ucf/FrontCrawl/samples/00217.png 32
ucf/FrontCrawl/samples/00218.png 32
ucf/FrontCrawl/samples/00219.png 32
ucf/FrontCrawl/samples/00220.png 32
ucf/FrontCrawl/samples/00221.png 32
ucf/FrontCrawl/samples/00222.png 32
ucf/FrontCrawl/samples/00223.png 32
ucf/FrontCrawl/samples/00224.png 32
ucf/FrontCrawl/samples/00225.png 32
ucf/FrontCrawl/samples/00226.png 32
ucf/FrontCrawl/samples/00227.png 32
ucf/FrontCrawl/samples/00228.png 32
ucf/FrontCrawl/samples/00229.png 32
ucf/FrontCrawl/samples/00230.png 32
ucf/FrontCrawl/samples/00231.png 32
ucf/FrontCrawl/samples/00232.png 32
ucf/FrontCrawl/samples/00233.png 32
ucf/FrontCrawl/samples/00234.png 32
ucf/FrontCrawl/samples/00235.png 32
ucf/FrontCrawl/samples/00236.png 32
ucf/FrontCrawl/samples/00237.png 32
ucf/FrontCrawl/samples/00238.png 32
ucf/FrontCrawl/samples/00239.png 32
ucf/FrontCrawl/samples/00240.png 32
ucf/FrontCrawl/samples/00241.png 32
ucf/FrontCrawl/samples/00242.png 32
ucf/FrontCrawl/samples/00243.png 32
ucf/FrontCrawl/samples/00244.png 32
ucf/FrontCrawl/samples/00245.png 32
ucf/FrontCrawl/samples/00246.png 32
ucf/FrontCrawl/samples/00247.png 32
ucf/FrontCrawl/samples/00248.png 32
ucf/FrontCrawl/samples/00249.png 32
ucf/FrontCrawl/samples/00250.png 32
ucf/FrontCrawl/samples/00251.png 32
ucf/FrontCrawl/samples/00252.png 32
ucf/FrontCrawl/samples/00253.png 32
ucf/FrontCrawl/samples/00254.png 32
ucf/FrontCrawl/samples/00255.png 32
ucf/FrontCrawl/samples/00256.png 32
ucf/FrontCrawl/samples/00257.png 32
ucf/FrontCrawl/samples/00258.png 32
ucf/FrontCrawl/samples/00259.png 32
ucf/FrontCrawl/samples/00260.png 32
ucf/FrontCrawl/samples/00261.png 32
ucf/FrontCrawl/samples/00262.png 32
ucf/FrontCrawl/samples/00263.png 32
ucf/FrontCrawl/samples/00264.png 32
ucf/FrontCrawl/samples/00265.png 32
ucf/FrontCrawl/samples/00266.png 32
ucf/FrontCrawl/samples/00267.png 32
ucf/FrontCrawl/samples/00268.png 32
ucf/FrontCrawl/samples/00269.png 32
ucf/FrontCrawl/samples/00270.png 32
ucf/FrontCrawl/samples/00271.png 32
ucf/FrontCrawl/samples/00272.png 32
ucf/FrontCrawl/samples/00273.png 32
ucf/FrontCrawl/samples/00274.png 32
ucf/FrontCrawl/samples/00275.png 32
ucf/FrontCrawl/samples/00276.png 32
ucf/FrontCrawl/samples/00277.png 32
ucf/FrontCrawl/samples/00278.png 32
ucf/FrontCrawl/samples/00279.png 32
ucf/FrontCrawl/samples/00280.png 32
ucf/FrontCrawl/samples/00281.png 32
ucf/FrontCrawl/samples/00282.png 32
ucf/FrontCrawl/samples/00283.png 32
ucf/FrontCrawl/samples/00284.png 32
ucf/FrontCrawl/samples/00285.png 32
ucf/FrontCrawl/samples/00286.png 32
ucf/FrontCrawl/samples/00287.png 32
ucf/FrontCrawl/samples/00288.png 32
ucf/FrontCrawl/samples/00289.png 32
ucf/FrontCrawl/samples/00290.png 32
ucf/FrontCrawl/samples/00291.png 32
ucf/FrontCrawl/samples/00292.png 32
ucf/FrontCrawl/samples/00293.png 32
ucf/FrontCrawl/samples/00294.png 32
ucf/FrontCrawl/samples/00295.png 32
ucf/FrontCrawl/samples/00296.png 32
ucf/FrontCrawl/samples/00297.png 32
ucf/FrontCrawl/samples/00298.png 32
ucf/FrontCrawl/samples/00299.png 32
ucf/FrontCrawl/samples/00300.png 32
ucf/FrontCrawl/samples/00301.png 32
ucf/FrontCrawl/samples/00302.png 32
ucf/FrontCrawl/samples/00303.png 32
ucf/FrontCrawl/samples/00304.png 32
ucf/FrontCrawl/samples/00305.png 32
ucf/FrontCrawl/samples/00306.png 32
ucf/FrontCrawl/samples/00307.png 32
ucf/FrontCrawl/samples/00308.png 32
ucf/FrontCrawl/samples/00309.png 32
ucf/FrontCrawl/samples/00310.png 32
ucf/FrontCrawl/samples/00311.png 32
ucf/FrontCrawl/samples/00312.png 32
ucf/FrontCrawl/samples/00313.png 32
ucf/FrontCrawl/samples/00314.png 32
ucf/FrontCrawl/samples/00315.png 32
ucf/FrontCrawl/samples/00316.png 32
ucf/FrontCrawl/samples/00317.png 32
ucf/FrontCrawl/samples/00318.png 32
ucf/FrontCrawl/samples/00319.png 32
ucf/FrontCrawl/samples/00320.png 32
ucf/FrontCrawl/samples/00321.png 32
ucf/FrontCrawl/samples/00322.png 32
ucf/FrontCrawl/samples/00323.png 32
ucf/FrontCrawl/samples/00324.png 32
ucf/FrontCrawl/samples/00325.png 32
ucf/FrontCrawl/samples/00326.png 32
ucf/FrontCrawl/samples/00327.png 32
ucf/FrontCrawl/samples/00328.png 32
ucf/FrontCrawl/samples/00329.png 32
ucf/FrontCrawl/samples/00330.png 32
ucf/FrontCrawl/samples/00331.png 32
ucf/FrontCrawl/samples/00332.png 32
ucf/FrontCrawl/samples/00333.png 32
ucf/FrontCrawl/samples/00334.png 32
ucf/FrontCrawl/samples/00335.png 32
ucf/FrontCrawl/samples/00336.png 32
ucf/FrontCrawl/samples/00337.png 32
ucf/FrontCrawl/samples/00338.png 32
ucf/FrontCrawl/samples/00339.png 32
ucf/FrontCrawl/samples/00340.png 32
ucf/FrontCrawl/samples/00341.png 32
ucf/FrontCrawl/samples/00342.png 32
ucf/FrontCrawl/samples/00343.png 32
ucf/FrontCrawl/samples/00344.png 32
ucf/FrontCrawl/samples/00345.png 32
ucf/FrontCrawl/samples/00346.png 32
ucf/FrontCrawl/samples/00347.png 32
ucf/FrontCrawl/samples/00348.png 32
ucf/FrontCrawl/samples/00349.png 32
ucf/FrontCrawl/samples/00350.png 32
ucf/FrontCrawl/samples/00351.png 32
ucf/FrontCrawl/samples/00352.png 32
ucf/FrontCrawl/samples/00353.png 32
ucf/FrontCrawl/samples/00354.png 32
ucf/FrontCrawl/samples/00355.png 32
ucf/FrontCrawl/samples/00356.png 32
ucf/FrontCrawl/samples/00357.png 32
ucf/FrontCrawl/samples/00358.png 32
ucf/FrontCrawl/samples/00359.png 32
ucf/FrontCrawl/samples/00360.png 32
ucf/FrontCrawl/samples/00361.png 32
ucf/FrontCrawl/samples/00362.png 32
ucf/FrontCrawl/samples/00363.png 32
ucf/FrontCrawl/samples/00364.png 32
ucf/FrontCrawl/samples/00365.png 32
ucf/FrontCrawl/samples/00366.png 32
ucf/FrontCrawl/samples/00367.png 32
ucf/FrontCrawl/samples/00368.png 32
ucf/FrontCrawl/samples/00369.png 32
ucf/FrontCrawl/samples/00370.png 32
ucf/FrontCrawl/samples/00371.png 32
ucf/FrontCrawl/samples/00372.png 32
ucf/FrontCrawl/samples/00373.png 32
ucf/FrontCrawl/samples/00374.png 32
ucf/FrontCrawl/samples/00375.png 32
ucf/FrontCrawl/samples/00376.png 32
ucf/FrontCrawl/samples/00377.png 32
ucf/FrontCrawl/samples/00378.png 32
ucf/FrontCrawl/samples/00379.png 32
ucf/FrontCrawl/samples/00380.png 32
ucf/FrontCrawl/samples/00381.png 32
ucf/FrontCrawl/samples/00382.png 32
ucf/FrontCrawl/samples/00383.png 32
ucf/FrontCrawl/samples/00384.png 32
ucf/FrontCrawl/samples/00385.png 32
ucf/FrontCrawl/samples/00386.png 32
ucf/FrontCrawl/samples/00387.png 32
ucf/FrontCrawl/samples/00388.png 32
ucf/FrontCrawl/samples/00389.png 32
ucf/FrontCrawl/samples/00390.png 32
ucf/FrontCrawl/samples/00391.png 32
ucf/FrontCrawl/samples/00392.png 32
ucf/FrontCrawl/samples/00393.png 32
ucf/FrontCrawl/samples/00394.png 32
ucf/FrontCrawl/samples/00395.png 32
ucf/FrontCrawl/samples/00396.png 32
ucf/FrontCrawl/samples/00397.png 32
ucf/FrontCrawl/samples/00398.png 32
ucf/FrontCrawl/samples/00399.png 32
ucf/FrontCrawl/samples/00400.png 32
ucf/FrontCrawl/samples/00401.png 32
ucf/FrontCrawl/samples/00402.png 32
ucf/FrontCrawl/samples/00403.png 32
ucf/FrontCrawl/samples/00404.png 32
ucf/FrontCrawl/samples/00405.png 32
ucf/FrontCrawl/samples/00406.png 32
ucf/FrontCrawl/samples/00407.png 32
ucf/FrontCrawl/samples/00408.png 32
ucf/FrontCrawl/samples/00409.png 32
ucf/FrontCrawl/samples/00410.png 32
ucf/FrontCrawl/samples/00411.png 32
ucf/FrontCrawl/samples/00412.png 32
ucf/FrontCrawl/samples/00413.png 32
ucf/FrontCrawl/samples/00414.png 32
ucf/FrontCrawl/samples/00415.png 32
ucf/FrontCrawl/samples/00416.png 32
ucf/FrontCrawl/samples/00417.png 32
ucf/FrontCrawl/samples/00418.png 32
ucf/FrontCrawl/samples/00419.png 32
ucf/FrontCrawl/samples/00420.png 32
ucf/FrontCrawl/samples/00421.png 32
ucf/FrontCrawl/samples/00422.png 32
ucf/FrontCrawl/samples/00423.png 32
ucf/FrontCrawl/samples/00424.png 32
ucf/FrontCrawl/samples/00425.png 32
ucf/FrontCrawl/samples/00426.png 32
ucf/FrontCrawl/samples/00427.png 32
ucf/FrontCrawl/samples/00428.png 32
ucf/FrontCrawl/samples/00429.png 32
ucf/FrontCrawl/samples/00430.png 32
ucf/FrontCrawl/samples/00431.png 32
ucf/FrontCrawl/samples/00432.png 32
ucf/FrontCrawl/samples/00433.png 32
ucf/FrontCrawl/samples/00434.png 32
ucf/FrontCrawl/samples/00435.png 32
ucf/FrontCrawl/samples/00436.png 32
ucf/FrontCrawl/samples/00437.png 32
ucf/FrontCrawl/samples/00438.png 32
ucf/FrontCrawl/samples/00439.png 32
ucf/FrontCrawl/samples/00440.png 32
ucf/FrontCrawl/samples/00441.png 32
ucf/FrontCrawl/samples/00442.png 32
ucf/FrontCrawl/samples/00443.png 32
ucf/FrontCrawl/samples/00444.png 32
ucf/FrontCrawl/samples/00445.png 32
ucf/FrontCrawl/samples/00446.png 32
ucf/FrontCrawl/samples/00447.png 32
ucf/FrontCrawl/samples/00448.png 32
ucf/FrontCrawl/samples/00449.png 32
ucf/FrontCrawl/samples/00450.png 32
ucf/FrontCrawl/samples/00451.png 32
ucf/FrontCrawl/samples/00452.png 32
ucf/FrontCrawl/samples/00453.png 32
ucf/FrontCrawl/samples/00454.png 32
ucf/FrontCrawl/samples/00455.png 32
ucf/FrontCrawl/samples/00456.png 32
ucf/FrontCrawl/samples/00457.png 32
ucf/FrontCrawl/samples/00458.png 32
ucf/FrontCrawl/samples/00459.png 32
ucf/FrontCrawl/samples/00460.png 32
ucf/FrontCrawl/samples/00461.png 32
ucf/FrontCrawl/samples/00462.png 32
ucf/FrontCrawl/samples/00463.png 32
ucf/FrontCrawl/samples/00464.png 32
ucf/FrontCrawl/samples/00465.png 32
ucf/FrontCrawl/samples/00466.png 32
ucf/FrontCrawl/samples/00467.png 32
ucf/FrontCrawl/samples/00468.png 32
ucf/FrontCrawl/samples/00469.png 32
ucf/FrontCrawl/samples/00470.png 32
ucf/FrontCrawl/samples/00471.png 32
ucf/FrontCrawl/samples/00472.png 32
ucf/FrontCrawl/samples/00473.png 32
ucf/FrontCrawl/samples/00474.png 32
ucf/FrontCrawl/samples/00475.png 32
ucf/FrontCrawl/samples/00476.png 32
ucf/FrontCrawl/samples/00477.png 32
ucf/FrontCrawl/samples/00478.png 32
ucf/FrontCrawl/samples/00479.png 32
ucf/FrontCrawl/samples/00480.png 32
ucf/FrontCrawl/samples/00481.png 32
ucf/FrontCrawl/samples/00482.png 32
ucf/FrontCrawl/samples/00483.png 32
ucf/FrontCrawl/samples/00484.png 32
ucf/FrontCrawl/samples/00485.png 32
ucf/FrontCrawl/samples/00486.png 32
ucf/FrontCrawl/samples/00487.png 32
ucf/FrontCrawl/samples/00488.png 32
ucf/FrontCrawl/samples/00489.png 32
ucf/FrontCrawl/samples/00490.png 32
ucf/FrontCrawl/samples/00491.png 32
ucf/FrontCrawl/samples/00492.png 32
ucf/FrontCrawl/samples/00493.png 32
ucf/FrontCrawl/samples/00494.png 32
ucf/FrontCrawl/samples/00495.png 32
ucf/FrontCrawl/samples/00496.png 32
ucf/FrontCrawl/samples/00497.png 32
ucf/FrontCrawl/samples/00498.png 32
ucf/FrontCrawl/samples/00499.png 32
ucf/FrontCrawl/samples/00500.png 32
ucf/FrontCrawl/samples/00501.png 32
ucf/FrontCrawl/samples/00502.png 32
ucf/FrontCrawl/samples/00503.png 32
ucf/FrontCrawl/samples/00504.png 32
ucf/FrontCrawl/samples/00505.png 32
ucf/FrontCrawl/samples/00506.png 32
ucf/FrontCrawl/samples/00507.png 32
ucf/FrontCrawl/samples/00508.png 32
ucf/FrontCrawl/samples/00509.png 32
ucf/FrontCrawl/samples/00510.png 32
ucf/FrontCrawl/samples/00511.png 32
ucf/FrontCrawl/samples/00512.png 32
ucf/FrontCrawl/samples/00513.png 32
ucf/FrontCrawl/samples/00514.png 32
ucf/FrontCrawl/samples/00515.png 32
ucf/FrontCrawl/samples/00516.png 32
ucf/FrontCrawl/samples/00517.png 32
ucf/FrontCrawl/samples/00518.png 32
ucf/FrontCrawl/samples/00519.png 32
ucf/FrontCrawl/samples/00520.png 32
ucf/FrontCrawl/samples/00521.png 32
ucf/FrontCrawl/samples/00522.png 32
ucf/FrontCrawl/samples/00523.png 32
ucf/FrontCrawl/samples/00524.png 32
ucf/FrontCrawl/samples/00525.png 32
ucf/FrontCrawl/samples/00526.png 32
ucf/FrontCrawl/samples/00527.png 32
ucf/FrontCrawl/samples/00528.png 32
ucf/FrontCrawl/samples/00529.png 32
ucf/FrontCrawl/samples/00530.png 32
ucf/FrontCrawl/samples/00531.png 32
ucf/FrontCrawl/samples/00532.png 32
ucf/FrontCrawl/samples/00533.png 32
ucf/FrontCrawl/samples/00534.png 32
ucf/FrontCrawl/samples/00535.png 32
ucf/FrontCrawl/samples/00536.png 32
ucf/FrontCrawl/samples/00537.png 32
ucf/FrontCrawl/samples/00538.png 32
ucf/FrontCrawl/samples/00539.png 32
ucf/FrontCrawl/samples/00540.png 32
ucf/FrontCrawl/samples/00541.png 32
ucf/FrontCrawl/samples/00542.png 32
ucf/FrontCrawl/samples/00543.png 32
ucf/FrontCrawl/samples/00544.png 32
ucf/FrontCrawl/samples/00545.png 32
ucf/FrontCrawl/samples/00546.png 32
ucf/FrontCrawl/samples/00547.png 32
ucf/FrontCrawl/samples/00548.png 32
ucf/FrontCrawl/samples/00549.png 32
ucf/FrontCrawl/samples/00550.png 32
ucf/FrontCrawl/samples/00551.png 32
ucf/FrontCrawl/samples/00552.png 32
ucf/FrontCrawl/samples/00553.png 32
ucf/FrontCrawl/samples/00554.png 32
ucf/FrontCrawl/samples/00555.png 32
ucf/FrontCrawl/samples/00556.png 32
ucf/FrontCrawl/samples/00557.png 32
ucf/FrontCrawl/samples/00558.png 32
ucf/FrontCrawl/samples/00559.png 32
ucf/FrontCrawl/samples/00560.png 32
ucf/FrontCrawl/samples/00561.png 32
ucf/FrontCrawl/samples/00562.png 32
ucf/FrontCrawl/samples/00563.png 32
ucf/FrontCrawl/samples/00564.png 32
ucf/FrontCrawl/samples/00565.png 32
ucf/FrontCrawl/samples/00566.png 32
ucf/FrontCrawl/samples/00567.png 32
ucf/FrontCrawl/samples/00568.png 32
ucf/FrontCrawl/samples/00569.png 32
ucf/FrontCrawl/samples/00570.png 32
ucf/FrontCrawl/samples/00571.png 32
ucf/FrontCrawl/samples/00572.png 32
ucf/FrontCrawl/samples/00573.png 32
ucf/FrontCrawl/samples/00574.png 32
ucf/FrontCrawl/samples/00575.png 32
ucf/FrontCrawl/samples/00576.png 32
ucf/FrontCrawl/samples/00577.png 32
ucf/FrontCrawl/samples/00578.png 32
ucf/FrontCrawl/samples/00579.png 32
ucf/FrontCrawl/samples/00580.png 32
ucf/FrontCrawl/samples/00581.png 32
ucf/FrontCrawl/samples/00582.png 32
ucf/FrontCrawl/samples/00583.png 32
ucf/FrontCrawl/samples/00584.png 32
ucf/FrontCrawl/samples/00585.png 32
ucf/FrontCrawl/samples/00586.png 32
ucf/FrontCrawl/samples/00587.png 32
ucf/FrontCrawl/samples/00588.png 32
ucf/FrontCrawl/samples/00589.png 32
ucf/FrontCrawl/samples/00590.png 32
ucf/FrontCrawl/samples/00591.png 32
ucf/FrontCrawl/samples/00592.png 32
ucf/FrontCrawl/samples/00593.png 32
ucf/FrontCrawl/samples/00594.png 32
ucf/FrontCrawl/samples/00595.png 32
ucf/FrontCrawl/samples/00596.png 32
ucf/FrontCrawl/samples/00597.png 32
ucf/FrontCrawl/samples/00598.png 32
ucf/FrontCrawl/samples/00599.png 32
ucf/FrontCrawl/samples/00600.png 32
ucf/FrontCrawl/samples/00601.png 32
ucf/FrontCrawl/samples/00602.png 32
ucf/FrontCrawl/samples/00603.png 32
ucf/FrontCrawl/samples/00604.png 32
ucf/FrontCrawl/samples/00605.png 32
ucf/FrontCrawl/samples/00606.png 32
ucf/FrontCrawl/samples/00607.png 32
ucf/FrontCrawl/samples/00608.png 32
ucf/FrontCrawl/samples/00609.png 32
ucf/FrontCrawl/samples/00610.png 32
ucf/FrontCrawl/samples/00611.png 32
ucf/FrontCrawl/samples/00612.png 32
ucf/FrontCrawl/samples/00613.png 32
ucf/FrontCrawl/samples/00614.png 32
ucf/FrontCrawl/samples/00615.png 32
ucf/FrontCrawl/samples/00616.png 32
ucf/FrontCrawl/samples/00617.png 32
ucf/FrontCrawl/samples/00618.png 32
ucf/FrontCrawl/samples/00619.png 32
ucf/FrontCrawl/samples/00620.png 32
ucf/FrontCrawl/samples/00621.png 32
ucf/FrontCrawl/samples/00622.png 32
ucf/FrontCrawl/samples/00623.png 32
ucf/FrontCrawl/samples/00624.png 32
ucf/FrontCrawl/samples/00625.png 32
ucf/FrontCrawl/samples/00626.png 32
ucf/FrontCrawl/samples/00627.png 32
ucf/FrontCrawl/samples/00628.png 32
ucf/FrontCrawl/samples/00629.png 32
ucf/FrontCrawl/samples/00630.png 32
ucf/FrontCrawl/samples/00631.png 32
ucf/FrontCrawl/samples/00632.png 32
ucf/FrontCrawl/samples/00633.png 32
ucf/FrontCrawl/samples/00634.png 32
ucf/FrontCrawl/samples/00635.png 32
ucf/FrontCrawl/samples/00636.png 32
ucf/FrontCrawl/samples/00637.png 32
ucf/FrontCrawl/samples/00638.png 32
ucf/FrontCrawl/samples/00639.png 32
ucf/FrontCrawl/samples/00640.png 32
ucf/FrontCrawl/samples/00641.png 32
ucf/FrontCrawl/samples/00642.png 32
ucf/FrontCrawl/samples/00643.png 32
ucf/FrontCrawl/samples/00644.png 32
ucf/FrontCrawl/samples/00645.png 32
ucf/FrontCrawl/samples/00646.png 32
ucf/FrontCrawl/samples/00647.png 32
ucf/FrontCrawl/samples/00648.png 32
ucf/FrontCrawl/samples/00649.png 32
ucf/FrontCrawl/samples/00650.png 32
ucf/FrontCrawl/samples/00651.png 32
ucf/FrontCrawl/samples/00652.png 32
ucf/FrontCrawl/samples/00653.png 32
ucf/FrontCrawl/samples/00654.png 32
ucf/FrontCrawl/samples/00655.png 32
ucf/FrontCrawl/samples/00656.png 32
ucf/FrontCrawl/samples/00657.png 32
ucf/FrontCrawl/samples/00658.png 32
ucf/FrontCrawl/samples/00659.png 32
ucf/FrontCrawl/samples/00660.png 32
ucf/FrontCrawl/samples/00661.png 32
ucf/FrontCrawl/samples/00662.png 32
ucf/FrontCrawl/samples/00663.png 32
ucf/FrontCrawl/samples/00664.png 32
ucf/FrontCrawl/samples/00665.png 32
ucf/FrontCrawl/samples/00666.png 32
ucf/FrontCrawl/samples/00667.png 32
ucf/FrontCrawl/samples/00668.png 32
ucf/FrontCrawl/samples/00669.png 32
ucf/FrontCrawl/samples/00670.png 32
ucf/FrontCrawl/samples/00671.png 32
ucf/FrontCrawl/samples/00672.png 32
ucf/FrontCrawl/samples/00673.png 32
ucf/FrontCrawl/samples/00674.png 32
ucf/FrontCrawl/samples/00675.png 32
ucf/FrontCrawl/samples/00676.png 32
ucf/FrontCrawl/samples/00677.png 32
ucf/FrontCrawl/samples/00678.png 32
ucf/FrontCrawl/samples/00679.png 32
ucf/FrontCrawl/samples/00680.png 32
ucf/FrontCrawl/samples/00681.png 32
ucf/FrontCrawl/samples/00682.png 32
ucf/FrontCrawl/samples/00683.png 32
ucf/FrontCrawl/samples/00684.png 32
ucf/FrontCrawl/samples/00685.png 32
ucf/FrontCrawl/samples/00686.png 32
ucf/FrontCrawl/samples/00687.png 32
ucf/FrontCrawl/samples/00688.png 32
ucf/FrontCrawl/samples/00689.png 32
ucf/FrontCrawl/samples/00690.png 32
ucf/FrontCrawl/samples/00691.png 32
ucf/FrontCrawl/samples/00692.png 32
ucf/FrontCrawl/samples/00693.png 32
ucf/FrontCrawl/samples/00694.png 32
ucf/FrontCrawl/samples/00695.png 32
ucf/FrontCrawl/samples/00696.png 32
ucf/FrontCrawl/samples/00697.png 32
ucf/FrontCrawl/samples/00698.png 32
ucf/FrontCrawl/samples/00699.png 32
ucf/FrontCrawl/samples/00700.png 32
ucf/FrontCrawl/samples/00701.png 32
ucf/FrontCrawl/samples/00702.png 32
ucf/FrontCrawl/samples/00703.png 32
ucf/FrontCrawl/samples/00704.png 32
ucf/FrontCrawl/samples/00705.png 32
ucf/FrontCrawl/samples/00706.png 32
ucf/FrontCrawl/samples/00707.png 32
ucf/FrontCrawl/samples/00708.png 32
ucf/FrontCrawl/samples/00709.png 32
ucf/FrontCrawl/samples/00710.png 32
ucf/FrontCrawl/samples/00711.png 32
ucf/FrontCrawl/samples/00712.png 32
ucf/FrontCrawl/samples/00713.png 32
ucf/FrontCrawl/samples/00714.png 32
ucf/FrontCrawl/samples/00715.png 32
ucf/FrontCrawl/samples/00716.png 32
ucf/FrontCrawl/samples/00717.png 32
ucf/FrontCrawl/samples/00718.png 32
ucf/FrontCrawl/samples/00719.png 32
ucf/FrontCrawl/samples/00720.png 32
ucf/FrontCrawl/samples/00721.png 32
ucf/FrontCrawl/samples/00722.png 32
ucf/FrontCrawl/samples/00723.png 32
ucf/FrontCrawl/samples/00724.png 32
ucf/FrontCrawl/samples/00725.png 32
ucf/FrontCrawl/samples/00726.png 32
ucf/FrontCrawl/samples/00727.png 32
ucf/FrontCrawl/samples/00728.png 32
ucf/FrontCrawl/samples/00729.png 32
ucf/FrontCrawl/samples/00730.png 32
ucf/FrontCrawl/samples/00731.png 32
ucf/FrontCrawl/samples/00732.png 32
ucf/FrontCrawl/samples/00733.png 32
ucf/FrontCrawl/samples/00734.png 32
ucf/FrontCrawl/samples/00735.png 32
ucf/FrontCrawl/samples/00736.png 32
ucf/FrontCrawl/samples/00737.png 32
ucf/FrontCrawl/samples/00738.png 32
ucf/FrontCrawl/samples/00739.png 32
ucf/FrontCrawl/samples/00740.png 32
ucf/FrontCrawl/samples/00741.png 32
ucf/FrontCrawl/samples/00742.png 32
ucf/FrontCrawl/samples/00743.png 32
ucf/FrontCrawl/samples/00744.png 32
ucf/FrontCrawl/samples/00745.png 32
ucf/FrontCrawl/samples/00746.png 32
ucf/FrontCrawl/samples/00747.png 32
ucf/FrontCrawl/samples/00748.png 32
ucf/FrontCrawl/samples/00749.png 32
ucf/FrontCrawl/samples/00750.png 32
ucf/FrontCrawl/samples/00751.png 32
ucf/FrontCrawl/samples/00752.png 32
ucf/FrontCrawl/samples/00753.png 32
ucf/FrontCrawl/samples/00754.png 32
ucf/FrontCrawl/samples/00755.png 32
ucf/FrontCrawl/samples/00756.png 32
ucf/FrontCrawl/samples/00757.png 32
ucf/FrontCrawl/samples/00758.png 32
ucf/FrontCrawl/samples/00759.png 32
ucf/FrontCrawl/samples/00760.png 32
ucf/FrontCrawl/samples/00761.png 32
ucf/FrontCrawl/samples/00762.png 32
ucf/FrontCrawl/samples/00763.png 32
ucf/FrontCrawl/samples/00764.png 32
ucf/FrontCrawl/samples/00765.png 32
ucf/FrontCrawl/samples/00766.png 32
ucf/FrontCrawl/samples/00767.png 32
ucf/FrontCrawl/samples/00768.png 32
ucf/FrontCrawl/samples/00769.png 32
ucf/FrontCrawl/samples/00770.png 32
ucf/FrontCrawl/samples/00771.png 32
ucf/FrontCrawl/samples/00772.png 32
ucf/FrontCrawl/samples/00773.png 32
ucf/FrontCrawl/samples/00774.png 32
ucf/FrontCrawl/samples/00775.png 32
ucf/FrontCrawl/samples/00776.png 32
ucf/FrontCrawl/samples/00777.png 32
ucf/FrontCrawl/samples/00778.png 32
ucf/FrontCrawl/samples/00779.png 32
ucf/FrontCrawl/samples/00780.png 32
ucf/FrontCrawl/samples/00781.png 32
ucf/FrontCrawl/samples/00782.png 32
ucf/FrontCrawl/samples/00783.png 32
ucf/FrontCrawl/samples/00784.png 32
ucf/FrontCrawl/samples/00785.png 32
ucf/FrontCrawl/samples/00786.png 32
ucf/FrontCrawl/samples/00787.png 32
ucf/FrontCrawl/samples/00788.png 32
ucf/FrontCrawl/samples/00789.png 32
ucf/FrontCrawl/samples/00790.png 32
ucf/FrontCrawl/samples/00791.png 32
ucf/FrontCrawl/samples/00792.png 32
ucf/FrontCrawl/samples/00793.png 32
ucf/FrontCrawl/samples/00794.png 32
ucf/FrontCrawl/samples/00795.png 32
ucf/FrontCrawl/samples/00796.png 32
ucf/FrontCrawl/samples/00797.png 32
ucf/FrontCrawl/samples/00798.png 32
ucf/FrontCrawl/samples/00799.png 32
ucf/FrontCrawl/samples/00800.png 32
ucf/FrontCrawl/samples/00801.png 32
ucf/FrontCrawl/samples/00802.png 32
ucf/FrontCrawl/samples/00803.png 32
ucf/FrontCrawl/samples/00804.png 32
ucf/FrontCrawl/samples/00805.png 32
ucf/FrontCrawl/samples/00806.png 32
ucf/FrontCrawl/samples/00807.png 32
ucf/FrontCrawl/samples/00808.png 32
ucf/FrontCrawl/samples/00809.png 32
ucf/FrontCrawl/samples/00810.png 32
ucf/FrontCrawl/samples/00811.png 32
ucf/FrontCrawl/samples/00812.png 32
ucf/FrontCrawl/samples/00813.png 32
ucf/FrontCrawl/samples/00814.png 32
ucf/FrontCrawl/samples/00815.png 32
ucf/FrontCrawl/samples/00816.png 32
ucf/FrontCrawl/samples/00817.png 32
ucf/FrontCrawl/samples/00818.png 32
ucf/FrontCrawl/samples/00819.png 32
ucf/FrontCrawl/samples/00820.png 32
ucf/FrontCrawl/samples/00821.png 32
ucf/FrontCrawl/samples/00822.png 32
ucf/FrontCrawl/samples/00823.png 32
ucf/FrontCrawl/samples/00824.png 32
ucf/FrontCrawl/samples/00825.png 32
ucf/FrontCrawl/samples/00826.png 32
ucf/FrontCrawl/samples/00827.png 32
ucf/FrontCrawl/samples/00828.png 32
ucf/FrontCrawl/samples/00829.png 32
ucf/FrontCrawl/samples/00830.png 32
ucf/FrontCrawl/samples/00831.png 32
ucf/FrontCrawl/samples/00832.png 32
ucf/FrontCrawl/samples/00833.png 32
ucf/FrontCrawl/samples/00834.png 32
ucf/FrontCrawl/samples/00835.png 32
ucf/FrontCrawl/samples/00836.png 32
ucf/FrontCrawl/samples/00837.png 32
ucf/FrontCrawl/samples/00838.png 32
ucf/FrontCrawl/samples/00839.png 32
ucf/FrontCrawl/samples/00840.png 32
ucf/FrontCrawl/samples/00841.png 32
ucf/FrontCrawl/samples/00842.png 32
ucf/FrontCrawl/samples/00843.png 32
ucf/FrontCrawl/samples/00844.png 32
ucf/FrontCrawl/samples/00845.png 32
ucf/FrontCrawl/samples/00846.png 32
ucf/FrontCrawl/samples/00847.png 32
ucf/FrontCrawl/samples/00848.png 32
ucf/FrontCrawl/samples/00849.png 32
ucf/FrontCrawl/samples/00850.png 32
ucf/FrontCrawl/samples/00851.png 32
ucf/FrontCrawl/samples/00852.png 32
ucf/FrontCrawl/samples/00853.png 32
ucf/FrontCrawl/samples/00854.png 32
ucf/FrontCrawl/samples/00855.png 32
ucf/FrontCrawl/samples/00856.png 32
ucf/FrontCrawl/samples/00857.png 32
ucf/FrontCrawl/samples/00858.png 32
ucf/FrontCrawl/samples/00859.png 32
ucf/FrontCrawl/samples/00860.png 32
ucf/FrontCrawl/samples/00861.png 32
ucf/FrontCrawl/samples/00862.png 32
ucf/FrontCrawl/samples/00863.png 32
ucf/FrontCrawl/samples/00864.png 32
ucf/FrontCrawl/samples/00865.png 32
ucf/FrontCrawl/samples/00866.png 32
ucf/FrontCrawl/samples/00867.png 32
ucf/FrontCrawl/samples/00868.png 32
ucf/FrontCrawl/samples/00869.png 32
ucf/FrontCrawl/samples/00870.png 32
ucf/FrontCrawl/samples/00871.png 32
ucf/FrontCrawl/samples/00872.png 32
ucf/FrontCrawl/samples/00873.png 32
ucf/FrontCrawl/samples/00874.png 32
ucf/FrontCrawl/samples/00875.png 32
ucf/FrontCrawl/samples/00876.png 32
ucf/FrontCrawl/samples/00877.png 32
ucf/FrontCrawl/samples/00878.png 32
ucf/FrontCrawl/samples/00879.png 32
ucf/FrontCrawl/samples/00880.png 32
ucf/FrontCrawl/samples/00881.png 32
ucf/FrontCrawl/samples/00882.png 32
ucf/FrontCrawl/samples/00883.png 32
ucf/FrontCrawl/samples/00884.png 32
ucf/FrontCrawl/samples/00885.png 32
ucf/FrontCrawl/samples/00886.png 32
ucf/FrontCrawl/samples/00887.png 32
ucf/FrontCrawl/samples/00888.png 32
ucf/FrontCrawl/samples/00889.png 32
ucf/FrontCrawl/samples/00890.png 32
ucf/FrontCrawl/samples/00891.png 32
ucf/FrontCrawl/samples/00892.png 32
ucf/FrontCrawl/samples/00893.png 32
ucf/FrontCrawl/samples/00894.png 32
ucf/FrontCrawl/samples/00895.png 32
ucf/FrontCrawl/samples/00896.png 32
ucf/FrontCrawl/samples/00897.png 32
ucf/FrontCrawl/samples/00898.png 32
ucf/FrontCrawl/samples/00899.png 32
ucf/FrontCrawl/samples/00900.png 32
ucf/FrontCrawl/samples/00901.png 32
ucf/FrontCrawl/samples/00902.png 32
ucf/FrontCrawl/samples/00903.png 32
ucf/FrontCrawl/samples/00904.png 32
ucf/FrontCrawl/samples/00905.png 32
ucf/FrontCrawl/samples/00906.png 32
ucf/FrontCrawl/samples/00907.png 32
ucf/FrontCrawl/samples/00908.png 32
ucf/FrontCrawl/samples/00909.png 32
ucf/FrontCrawl/samples/00910.png 32
ucf/FrontCrawl/samples/00911.png 32
ucf/FrontCrawl/samples/00912.png 32
ucf/FrontCrawl/samples/00913.png 32
ucf/FrontCrawl/samples/00914.png 32
ucf/FrontCrawl/samples/00915.png 32
ucf/FrontCrawl/samples/00916.png 32
ucf/FrontCrawl/samples/00917.png 32
ucf/FrontCrawl/samples/00918.png 32
ucf/FrontCrawl/samples/00919.png 32
ucf/FrontCrawl/samples/00920.png 32
ucf/FrontCrawl/samples/00921.png 32
ucf/FrontCrawl/samples/00922.png 32
ucf/FrontCrawl/samples/00923.png 32
ucf/FrontCrawl/samples/00924.png 32
ucf/FrontCrawl/samples/00925.png 32
ucf/FrontCrawl/samples/00926.png 32
ucf/FrontCrawl/samples/00927.png 32
ucf/FrontCrawl/samples/00928.png 32
ucf/FrontCrawl/samples/00929.png 32
ucf/FrontCrawl/samples/00930.png 32
ucf/FrontCrawl/samples/00931.png 32
ucf/FrontCrawl/samples/00932.png 32
ucf/FrontCrawl/samples/00933.png 32
ucf/FrontCrawl/samples/00934.png 32
ucf/FrontCrawl/samples/00935.png 32
ucf/FrontCrawl/samples/00936.png 32
ucf/FrontCrawl/samples/00937.png 32
ucf/FrontCrawl/samples/00938.png 32
ucf/FrontCrawl/samples/00939.png 32
ucf/FrontCrawl/samples/00940.png 32
ucf/FrontCrawl/samples/00941.png 32
ucf/FrontCrawl/samples/00942.png 32
ucf/FrontCrawl/samples/00943.png 32
ucf/FrontCrawl/samples/00944.png 32
ucf/FrontCrawl/samples/00945.png 32
ucf/FrontCrawl/samples/00946.png 32
ucf/FrontCrawl/samples/00947.png 32
ucf/FrontCrawl/samples/00948.png 32
ucf/FrontCrawl/samples/00949.png 32
ucf/FrontCrawl/samples/00950.png 32
ucf/FrontCrawl/samples/00951.png 32
ucf/FrontCrawl/samples/00952.png 32
ucf/FrontCrawl/samples/00953.png 32
ucf/FrontCrawl/samples/00954.png 32
ucf/FrontCrawl/samples/00955.png 32
ucf/FrontCrawl/samples/00956.png 32
ucf/FrontCrawl/samples/00957.png 32
ucf/FrontCrawl/samples/00958.png 32
ucf/FrontCrawl/samples/00959.png 32
ucf/FrontCrawl/samples/00960.png 32
ucf/FrontCrawl/samples/00961.png 32
ucf/FrontCrawl/samples/00962.png 32
ucf/FrontCrawl/samples/00963.png 32
ucf/FrontCrawl/samples/00964.png 32
ucf/FrontCrawl/samples/00965.png 32
ucf/FrontCrawl/samples/00966.png 32
ucf/FrontCrawl/samples/00967.png 32
ucf/FrontCrawl/samples/00968.png 32
ucf/FrontCrawl/samples/00969.png 32
ucf/FrontCrawl/samples/00970.png 32
ucf/FrontCrawl/samples/00971.png 32
ucf/FrontCrawl/samples/00972.png 32
ucf/FrontCrawl/samples/00973.png 32
ucf/FrontCrawl/samples/00974.png 32
ucf/FrontCrawl/samples/00975.png 32
ucf/FrontCrawl/samples/00976.png 32
ucf/FrontCrawl/samples/00977.png 32
ucf/FrontCrawl/samples/00978.png 32
ucf/FrontCrawl/samples/00979.png 32
ucf/FrontCrawl/samples/00980.png 32
ucf/FrontCrawl/samples/00981.png 32
ucf/FrontCrawl/samples/00982.png 32
ucf/FrontCrawl/samples/00983.png 32
ucf/FrontCrawl/samples/00984.png 32
ucf/FrontCrawl/samples/00985.png 32
ucf/FrontCrawl/samples/00986.png 32
ucf/FrontCrawl/samples/00987.png 32
ucf/FrontCrawl/samples/00988.png 32
ucf/FrontCrawl/samples/00989.png 32
ucf/FrontCrawl/samples/00990.png 32
ucf/FrontCrawl/samples/00991.png 32
ucf/FrontCrawl/samples/00992.png 32
ucf/FrontCrawl/samples/00993.png 32
ucf/FrontCrawl/samples/00994.png 32
ucf/FrontCrawl/samples/00995.png 32
ucf/FrontCrawl/samples/00996.png 32
ucf/FrontCrawl/samples/00997.png 32
ucf/FrontCrawl/samples/00998.png 32
ucf/FrontCrawl/samples/00999.png 32
ucf/CricketShot/samples/00000.png 24
ucf/CricketShot/samples/00001.png 24
ucf/CricketShot/samples/00002.png 24
ucf/CricketShot/samples/00003.png 24
ucf/CricketShot/samples/00004.png 24
ucf/CricketShot/samples/00005.png 24
ucf/CricketShot/samples/00006.png 24
ucf/CricketShot/samples/00007.png 24
ucf/CricketShot/samples/00008.png 24
ucf/CricketShot/samples/00009.png 24
ucf/CricketShot/samples/00010.png 24
ucf/CricketShot/samples/00011.png 24
ucf/CricketShot/samples/00012.png 24
ucf/CricketShot/samples/00013.png 24
ucf/CricketShot/samples/00014.png 24
ucf/CricketShot/samples/00015.png 24
ucf/CricketShot/samples/00016.png 24
ucf/CricketShot/samples/00017.png 24
ucf/CricketShot/samples/00018.png 24
ucf/CricketShot/samples/00019.png 24
ucf/CricketShot/samples/00020.png 24
ucf/CricketShot/samples/00021.png 24
ucf/CricketShot/samples/00022.png 24
ucf/CricketShot/samples/00023.png 24
ucf/CricketShot/samples/00024.png 24
ucf/CricketShot/samples/00025.png 24
ucf/CricketShot/samples/00026.png 24
ucf/CricketShot/samples/00027.png 24
ucf/CricketShot/samples/00028.png 24
ucf/CricketShot/samples/00029.png 24
ucf/CricketShot/samples/00030.png 24
ucf/CricketShot/samples/00031.png 24
ucf/CricketShot/samples/00032.png 24
ucf/CricketShot/samples/00033.png 24
ucf/CricketShot/samples/00034.png 24
ucf/CricketShot/samples/00035.png 24
ucf/CricketShot/samples/00036.png 24
ucf/CricketShot/samples/00037.png 24
ucf/CricketShot/samples/00038.png 24
ucf/CricketShot/samples/00039.png 24
ucf/CricketShot/samples/00040.png 24
ucf/CricketShot/samples/00041.png 24
ucf/CricketShot/samples/00042.png 24
ucf/CricketShot/samples/00043.png 24
ucf/CricketShot/samples/00044.png 24
ucf/CricketShot/samples/00045.png 24
ucf/CricketShot/samples/00046.png 24
ucf/CricketShot/samples/00047.png 24
ucf/CricketShot/samples/00048.png 24
ucf/CricketShot/samples/00049.png 24
ucf/CricketShot/samples/00050.png 24
ucf/CricketShot/samples/00051.png 24
ucf/CricketShot/samples/00052.png 24
ucf/CricketShot/samples/00053.png 24
ucf/CricketShot/samples/00054.png 24
ucf/CricketShot/samples/00055.png 24
ucf/CricketShot/samples/00056.png 24
ucf/CricketShot/samples/00057.png 24
ucf/CricketShot/samples/00058.png 24
ucf/CricketShot/samples/00059.png 24
ucf/CricketShot/samples/00060.png 24
ucf/CricketShot/samples/00061.png 24
ucf/CricketShot/samples/00062.png 24
ucf/CricketShot/samples/00063.png 24
ucf/CricketShot/samples/00064.png 24
ucf/CricketShot/samples/00065.png 24
ucf/CricketShot/samples/00066.png 24
ucf/CricketShot/samples/00067.png 24
ucf/CricketShot/samples/00068.png 24
ucf/CricketShot/samples/00069.png 24
ucf/CricketShot/samples/00070.png 24
ucf/CricketShot/samples/00071.png 24
ucf/CricketShot/samples/00072.png 24
ucf/CricketShot/samples/00073.png 24
ucf/CricketShot/samples/00074.png 24
ucf/CricketShot/samples/00075.png 24
ucf/CricketShot/samples/00076.png 24
ucf/CricketShot/samples/00077.png 24
ucf/CricketShot/samples/00078.png 24
ucf/CricketShot/samples/00079.png 24
ucf/CricketShot/samples/00080.png 24
ucf/CricketShot/samples/00081.png 24
ucf/CricketShot/samples/00082.png 24
ucf/CricketShot/samples/00083.png 24
ucf/CricketShot/samples/00084.png 24
ucf/CricketShot/samples/00085.png 24
ucf/CricketShot/samples/00086.png 24
ucf/CricketShot/samples/00087.png 24
ucf/CricketShot/samples/00088.png 24
ucf/CricketShot/samples/00089.png 24
ucf/CricketShot/samples/00090.png 24
ucf/CricketShot/samples/00091.png 24
ucf/CricketShot/samples/00092.png 24
ucf/CricketShot/samples/00093.png 24
ucf/CricketShot/samples/00094.png 24
ucf/CricketShot/samples/00095.png 24
ucf/CricketShot/samples/00096.png 24
ucf/CricketShot/samples/00097.png 24
ucf/CricketShot/samples/00098.png 24
ucf/CricketShot/samples/00099.png 24
ucf/CricketShot/samples/00100.png 24
ucf/CricketShot/samples/00101.png 24
ucf/CricketShot/samples/00102.png 24
ucf/CricketShot/samples/00103.png 24
ucf/CricketShot/samples/00104.png 24
ucf/CricketShot/samples/00105.png 24
ucf/CricketShot/samples/00106.png 24
ucf/CricketShot/samples/00107.png 24
ucf/CricketShot/samples/00108.png 24
ucf/CricketShot/samples/00109.png 24
ucf/CricketShot/samples/00110.png 24
ucf/CricketShot/samples/00111.png 24
ucf/CricketShot/samples/00112.png 24
ucf/CricketShot/samples/00113.png 24
ucf/CricketShot/samples/00114.png 24
ucf/CricketShot/samples/00115.png 24
ucf/CricketShot/samples/00116.png 24
ucf/CricketShot/samples/00117.png 24
ucf/CricketShot/samples/00118.png 24
ucf/CricketShot/samples/00119.png 24
ucf/CricketShot/samples/00120.png 24
ucf/CricketShot/samples/00121.png 24
ucf/CricketShot/samples/00122.png 24
ucf/CricketShot/samples/00123.png 24
ucf/CricketShot/samples/00124.png 24
ucf/CricketShot/samples/00125.png 24
ucf/CricketShot/samples/00126.png 24
ucf/CricketShot/samples/00127.png 24
ucf/CricketShot/samples/00128.png 24
ucf/CricketShot/samples/00129.png 24
ucf/CricketShot/samples/00130.png 24
ucf/CricketShot/samples/00131.png 24
ucf/CricketShot/samples/00132.png 24
ucf/CricketShot/samples/00133.png 24
ucf/CricketShot/samples/00134.png 24
ucf/CricketShot/samples/00135.png 24
ucf/CricketShot/samples/00136.png 24
ucf/CricketShot/samples/00137.png 24
ucf/CricketShot/samples/00138.png 24
ucf/CricketShot/samples/00139.png 24
ucf/CricketShot/samples/00140.png 24
ucf/CricketShot/samples/00141.png 24
ucf/CricketShot/samples/00142.png 24
ucf/CricketShot/samples/00143.png 24
ucf/CricketShot/samples/00144.png 24
ucf/CricketShot/samples/00145.png 24
ucf/CricketShot/samples/00146.png 24
ucf/CricketShot/samples/00147.png 24
ucf/CricketShot/samples/00148.png 24
ucf/CricketShot/samples/00149.png 24
ucf/CricketShot/samples/00150.png 24
ucf/CricketShot/samples/00151.png 24
ucf/CricketShot/samples/00152.png 24
ucf/CricketShot/samples/00153.png 24
ucf/CricketShot/samples/00154.png 24
ucf/CricketShot/samples/00155.png 24
ucf/CricketShot/samples/00156.png 24
ucf/CricketShot/samples/00157.png 24
ucf/CricketShot/samples/00158.png 24
ucf/CricketShot/samples/00159.png 24
ucf/CricketShot/samples/00160.png 24
ucf/CricketShot/samples/00161.png 24
ucf/CricketShot/samples/00162.png 24
ucf/CricketShot/samples/00163.png 24
ucf/CricketShot/samples/00164.png 24
ucf/CricketShot/samples/00165.png 24
ucf/CricketShot/samples/00166.png 24
ucf/CricketShot/samples/00167.png 24
ucf/CricketShot/samples/00168.png 24
ucf/CricketShot/samples/00169.png 24
ucf/CricketShot/samples/00170.png 24
ucf/CricketShot/samples/00171.png 24
ucf/CricketShot/samples/00172.png 24
ucf/CricketShot/samples/00173.png 24
ucf/CricketShot/samples/00174.png 24
ucf/CricketShot/samples/00175.png 24
ucf/CricketShot/samples/00176.png 24
ucf/CricketShot/samples/00177.png 24
ucf/CricketShot/samples/00178.png 24
ucf/CricketShot/samples/00179.png 24
ucf/CricketShot/samples/00180.png 24
ucf/CricketShot/samples/00181.png 24
ucf/CricketShot/samples/00182.png 24
ucf/CricketShot/samples/00183.png 24
ucf/CricketShot/samples/00184.png 24
ucf/CricketShot/samples/00185.png 24
ucf/CricketShot/samples/00186.png 24
ucf/CricketShot/samples/00187.png 24
ucf/CricketShot/samples/00188.png 24
ucf/CricketShot/samples/00189.png 24
ucf/CricketShot/samples/00190.png 24
ucf/CricketShot/samples/00191.png 24
ucf/CricketShot/samples/00192.png 24
ucf/CricketShot/samples/00193.png 24
ucf/CricketShot/samples/00194.png 24
ucf/CricketShot/samples/00195.png 24
ucf/CricketShot/samples/00196.png 24
ucf/CricketShot/samples/00197.png 24
ucf/CricketShot/samples/00198.png 24
ucf/CricketShot/samples/00199.png 24
ucf/CricketShot/samples/00200.png 24
ucf/CricketShot/samples/00201.png 24
ucf/CricketShot/samples/00202.png 24
ucf/CricketShot/samples/00203.png 24
ucf/CricketShot/samples/00204.png 24
ucf/CricketShot/samples/00205.png 24
ucf/CricketShot/samples/00206.png 24
ucf/CricketShot/samples/00207.png 24
ucf/CricketShot/samples/00208.png 24
ucf/CricketShot/samples/00209.png 24
ucf/CricketShot/samples/00210.png 24
ucf/CricketShot/samples/00211.png 24
ucf/CricketShot/samples/00212.png 24
ucf/CricketShot/samples/00213.png 24
ucf/CricketShot/samples/00214.png 24
ucf/CricketShot/samples/00215.png 24
ucf/CricketShot/samples/00216.png 24
ucf/CricketShot/samples/00217.png 24
ucf/CricketShot/samples/00218.png 24
ucf/CricketShot/samples/00219.png 24
ucf/CricketShot/samples/00220.png 24
ucf/CricketShot/samples/00221.png 24
ucf/CricketShot/samples/00222.png 24
ucf/CricketShot/samples/00223.png 24
ucf/CricketShot/samples/00224.png 24
ucf/CricketShot/samples/00225.png 24
ucf/CricketShot/samples/00226.png 24
ucf/CricketShot/samples/00227.png 24
ucf/CricketShot/samples/00228.png 24
ucf/CricketShot/samples/00229.png 24
ucf/CricketShot/samples/00230.png 24
ucf/CricketShot/samples/00231.png 24
ucf/CricketShot/samples/00232.png 24
ucf/CricketShot/samples/00233.png 24
ucf/CricketShot/samples/00234.png 24
ucf/CricketShot/samples/00235.png 24
ucf/CricketShot/samples/00236.png 24
ucf/CricketShot/samples/00237.png 24
ucf/CricketShot/samples/00238.png 24
ucf/CricketShot/samples/00239.png 24
ucf/CricketShot/samples/00240.png 24
ucf/CricketShot/samples/00241.png 24
ucf/CricketShot/samples/00242.png 24
ucf/CricketShot/samples/00243.png 24
ucf/CricketShot/samples/00244.png 24
ucf/CricketShot/samples/00245.png 24
ucf/CricketShot/samples/00246.png 24
ucf/CricketShot/samples/00247.png 24
ucf/CricketShot/samples/00248.png 24
ucf/CricketShot/samples/00249.png 24
ucf/CricketShot/samples/00250.png 24
ucf/CricketShot/samples/00251.png 24
ucf/CricketShot/samples/00252.png 24
ucf/CricketShot/samples/00253.png 24
ucf/CricketShot/samples/00254.png 24
ucf/CricketShot/samples/00255.png 24
ucf/CricketShot/samples/00256.png 24
ucf/CricketShot/samples/00257.png 24
ucf/CricketShot/samples/00258.png 24
ucf/CricketShot/samples/00259.png 24
ucf/CricketShot/samples/00260.png 24
ucf/CricketShot/samples/00261.png 24
ucf/CricketShot/samples/00262.png 24
ucf/CricketShot/samples/00263.png 24
ucf/CricketShot/samples/00264.png 24
ucf/CricketShot/samples/00265.png 24
ucf/CricketShot/samples/00266.png 24
ucf/CricketShot/samples/00267.png 24
ucf/CricketShot/samples/00268.png 24
ucf/CricketShot/samples/00269.png 24
ucf/CricketShot/samples/00270.png 24
ucf/CricketShot/samples/00271.png 24
ucf/CricketShot/samples/00272.png 24
ucf/CricketShot/samples/00273.png 24
ucf/CricketShot/samples/00274.png 24
ucf/CricketShot/samples/00275.png 24
ucf/CricketShot/samples/00276.png 24
ucf/CricketShot/samples/00277.png 24
ucf/CricketShot/samples/00278.png 24
ucf/CricketShot/samples/00279.png 24
ucf/CricketShot/samples/00280.png 24
ucf/CricketShot/samples/00281.png 24
ucf/CricketShot/samples/00282.png 24
ucf/CricketShot/samples/00283.png 24
ucf/CricketShot/samples/00284.png 24
ucf/CricketShot/samples/00285.png 24
ucf/CricketShot/samples/00286.png 24
ucf/CricketShot/samples/00287.png 24
ucf/CricketShot/samples/00288.png 24
ucf/CricketShot/samples/00289.png 24
ucf/CricketShot/samples/00290.png 24
ucf/CricketShot/samples/00291.png 24
ucf/CricketShot/samples/00292.png 24
ucf/CricketShot/samples/00293.png 24
ucf/CricketShot/samples/00294.png 24
ucf/CricketShot/samples/00295.png 24
ucf/CricketShot/samples/00296.png 24
ucf/CricketShot/samples/00297.png 24
ucf/CricketShot/samples/00298.png 24
ucf/CricketShot/samples/00299.png 24
ucf/CricketShot/samples/00300.png 24
ucf/CricketShot/samples/00301.png 24
ucf/CricketShot/samples/00302.png 24
ucf/CricketShot/samples/00303.png 24
ucf/CricketShot/samples/00304.png 24
ucf/CricketShot/samples/00305.png 24
ucf/CricketShot/samples/00306.png 24
ucf/CricketShot/samples/00307.png 24
ucf/CricketShot/samples/00308.png 24
ucf/CricketShot/samples/00309.png 24
ucf/CricketShot/samples/00310.png 24
ucf/CricketShot/samples/00311.png 24
ucf/CricketShot/samples/00312.png 24
ucf/CricketShot/samples/00313.png 24
ucf/CricketShot/samples/00314.png 24
ucf/CricketShot/samples/00315.png 24
ucf/CricketShot/samples/00316.png 24
ucf/CricketShot/samples/00317.png 24
ucf/CricketShot/samples/00318.png 24
ucf/CricketShot/samples/00319.png 24
ucf/CricketShot/samples/00320.png 24
ucf/CricketShot/samples/00321.png 24
ucf/CricketShot/samples/00322.png 24
ucf/CricketShot/samples/00323.png 24
ucf/CricketShot/samples/00324.png 24
ucf/CricketShot/samples/00325.png 24
ucf/CricketShot/samples/00326.png 24
ucf/CricketShot/samples/00327.png 24
ucf/CricketShot/samples/00328.png 24
ucf/CricketShot/samples/00329.png 24
ucf/CricketShot/samples/00330.png 24
ucf/CricketShot/samples/00331.png 24
ucf/CricketShot/samples/00332.png 24
ucf/CricketShot/samples/00333.png 24
ucf/CricketShot/samples/00334.png 24
ucf/CricketShot/samples/00335.png 24
ucf/CricketShot/samples/00336.png 24
ucf/CricketShot/samples/00337.png 24
ucf/CricketShot/samples/00338.png 24
ucf/CricketShot/samples/00339.png 24
ucf/CricketShot/samples/00340.png 24
ucf/CricketShot/samples/00341.png 24
ucf/CricketShot/samples/00342.png 24
ucf/CricketShot/samples/00343.png 24
ucf/CricketShot/samples/00344.png 24
ucf/CricketShot/samples/00345.png 24
ucf/CricketShot/samples/00346.png 24
ucf/CricketShot/samples/00347.png 24
ucf/CricketShot/samples/00348.png 24
ucf/CricketShot/samples/00349.png 24
ucf/CricketShot/samples/00350.png 24
ucf/CricketShot/samples/00351.png 24
ucf/CricketShot/samples/00352.png 24
ucf/CricketShot/samples/00353.png 24
ucf/CricketShot/samples/00354.png 24
ucf/CricketShot/samples/00355.png 24
ucf/CricketShot/samples/00356.png 24
ucf/CricketShot/samples/00357.png 24
ucf/CricketShot/samples/00358.png 24
ucf/CricketShot/samples/00359.png 24
ucf/CricketShot/samples/00360.png 24
ucf/CricketShot/samples/00361.png 24
ucf/CricketShot/samples/00362.png 24
ucf/CricketShot/samples/00363.png 24
ucf/CricketShot/samples/00364.png 24
ucf/CricketShot/samples/00365.png 24
ucf/CricketShot/samples/00366.png 24
ucf/CricketShot/samples/00367.png 24
ucf/CricketShot/samples/00368.png 24
ucf/CricketShot/samples/00369.png 24
ucf/CricketShot/samples/00370.png 24
ucf/CricketShot/samples/00371.png 24
ucf/CricketShot/samples/00372.png 24
ucf/CricketShot/samples/00373.png 24
ucf/CricketShot/samples/00374.png 24
ucf/CricketShot/samples/00375.png 24
ucf/CricketShot/samples/00376.png 24
ucf/CricketShot/samples/00377.png 24
ucf/CricketShot/samples/00378.png 24
ucf/CricketShot/samples/00379.png 24
ucf/CricketShot/samples/00380.png 24
ucf/CricketShot/samples/00381.png 24
ucf/CricketShot/samples/00382.png 24
ucf/CricketShot/samples/00383.png 24
ucf/CricketShot/samples/00384.png 24
ucf/CricketShot/samples/00385.png 24
ucf/CricketShot/samples/00386.png 24
ucf/CricketShot/samples/00387.png 24
ucf/CricketShot/samples/00388.png 24
ucf/CricketShot/samples/00389.png 24
ucf/CricketShot/samples/00390.png 24
ucf/CricketShot/samples/00391.png 24
ucf/CricketShot/samples/00392.png 24
ucf/CricketShot/samples/00393.png 24
ucf/CricketShot/samples/00394.png 24
ucf/CricketShot/samples/00395.png 24
ucf/CricketShot/samples/00396.png 24
ucf/CricketShot/samples/00397.png 24
ucf/CricketShot/samples/00398.png 24
ucf/CricketShot/samples/00399.png 24
ucf/CricketShot/samples/00400.png 24
ucf/CricketShot/samples/00401.png 24
ucf/CricketShot/samples/00402.png 24
ucf/CricketShot/samples/00403.png 24
ucf/CricketShot/samples/00404.png 24
ucf/CricketShot/samples/00405.png 24
ucf/CricketShot/samples/00406.png 24
ucf/CricketShot/samples/00407.png 24
ucf/CricketShot/samples/00408.png 24
ucf/CricketShot/samples/00409.png 24
ucf/CricketShot/samples/00410.png 24
ucf/CricketShot/samples/00411.png 24
ucf/CricketShot/samples/00412.png 24
ucf/CricketShot/samples/00413.png 24
ucf/CricketShot/samples/00414.png 24
ucf/CricketShot/samples/00415.png 24
ucf/CricketShot/samples/00416.png 24
ucf/CricketShot/samples/00417.png 24
ucf/CricketShot/samples/00418.png 24
ucf/CricketShot/samples/00419.png 24
ucf/CricketShot/samples/00420.png 24
ucf/CricketShot/samples/00421.png 24
ucf/CricketShot/samples/00422.png 24
ucf/CricketShot/samples/00423.png 24
ucf/CricketShot/samples/00424.png 24
ucf/CricketShot/samples/00425.png 24
ucf/CricketShot/samples/00426.png 24
ucf/CricketShot/samples/00427.png 24
ucf/CricketShot/samples/00428.png 24
ucf/CricketShot/samples/00429.png 24
ucf/CricketShot/samples/00430.png 24
ucf/CricketShot/samples/00431.png 24
ucf/CricketShot/samples/00432.png 24
ucf/CricketShot/samples/00433.png 24
ucf/CricketShot/samples/00434.png 24
ucf/CricketShot/samples/00435.png 24
ucf/CricketShot/samples/00436.png 24
ucf/CricketShot/samples/00437.png 24
ucf/CricketShot/samples/00438.png 24
ucf/CricketShot/samples/00439.png 24
ucf/CricketShot/samples/00440.png 24
ucf/CricketShot/samples/00441.png 24
ucf/CricketShot/samples/00442.png 24
ucf/CricketShot/samples/00443.png 24
ucf/CricketShot/samples/00444.png 24
ucf/CricketShot/samples/00445.png 24
ucf/CricketShot/samples/00446.png 24
ucf/CricketShot/samples/00447.png 24
ucf/CricketShot/samples/00448.png 24
ucf/CricketShot/samples/00449.png 24
ucf/CricketShot/samples/00450.png 24
ucf/CricketShot/samples/00451.png 24
ucf/CricketShot/samples/00452.png 24
ucf/CricketShot/samples/00453.png 24
ucf/CricketShot/samples/00454.png 24
ucf/CricketShot/samples/00455.png 24
ucf/CricketShot/samples/00456.png 24
ucf/CricketShot/samples/00457.png 24
ucf/CricketShot/samples/00458.png 24
ucf/CricketShot/samples/00459.png 24
ucf/CricketShot/samples/00460.png 24
ucf/CricketShot/samples/00461.png 24
ucf/CricketShot/samples/00462.png 24
ucf/CricketShot/samples/00463.png 24
ucf/CricketShot/samples/00464.png 24
ucf/CricketShot/samples/00465.png 24
ucf/CricketShot/samples/00466.png 24
ucf/CricketShot/samples/00467.png 24
ucf/CricketShot/samples/00468.png 24
ucf/CricketShot/samples/00469.png 24
ucf/CricketShot/samples/00470.png 24
ucf/CricketShot/samples/00471.png 24
ucf/CricketShot/samples/00472.png 24
ucf/CricketShot/samples/00473.png 24
ucf/CricketShot/samples/00474.png 24
ucf/CricketShot/samples/00475.png 24
ucf/CricketShot/samples/00476.png 24
ucf/CricketShot/samples/00477.png 24
ucf/CricketShot/samples/00478.png 24
ucf/CricketShot/samples/00479.png 24
ucf/CricketShot/samples/00480.png 24
ucf/CricketShot/samples/00481.png 24
ucf/CricketShot/samples/00482.png 24
ucf/CricketShot/samples/00483.png 24
ucf/CricketShot/samples/00484.png 24
ucf/CricketShot/samples/00485.png 24
ucf/CricketShot/samples/00486.png 24
ucf/CricketShot/samples/00487.png 24
ucf/CricketShot/samples/00488.png 24
ucf/CricketShot/samples/00489.png 24
ucf/CricketShot/samples/00490.png 24
ucf/CricketShot/samples/00491.png 24
ucf/CricketShot/samples/00492.png 24
ucf/CricketShot/samples/00493.png 24
ucf/CricketShot/samples/00494.png 24
ucf/CricketShot/samples/00495.png 24
ucf/CricketShot/samples/00496.png 24
ucf/CricketShot/samples/00497.png 24
ucf/CricketShot/samples/00498.png 24
ucf/CricketShot/samples/00499.png 24
ucf/CricketShot/samples/00500.png 24
ucf/CricketShot/samples/00501.png 24
ucf/CricketShot/samples/00502.png 24
ucf/CricketShot/samples/00503.png 24
ucf/CricketShot/samples/00504.png 24
ucf/CricketShot/samples/00505.png 24
ucf/CricketShot/samples/00506.png 24
ucf/CricketShot/samples/00507.png 24
ucf/CricketShot/samples/00508.png 24
ucf/CricketShot/samples/00509.png 24
ucf/CricketShot/samples/00510.png 24
ucf/CricketShot/samples/00511.png 24
ucf/CricketShot/samples/00512.png 24
ucf/CricketShot/samples/00513.png 24
ucf/CricketShot/samples/00514.png 24
ucf/CricketShot/samples/00515.png 24
ucf/CricketShot/samples/00516.png 24
ucf/CricketShot/samples/00517.png 24
ucf/CricketShot/samples/00518.png 24
ucf/CricketShot/samples/00519.png 24
ucf/CricketShot/samples/00520.png 24
ucf/CricketShot/samples/00521.png 24
ucf/CricketShot/samples/00522.png 24
ucf/CricketShot/samples/00523.png 24
ucf/CricketShot/samples/00524.png 24
ucf/CricketShot/samples/00525.png 24
ucf/CricketShot/samples/00526.png 24
ucf/CricketShot/samples/00527.png 24
ucf/CricketShot/samples/00528.png 24
ucf/CricketShot/samples/00529.png 24
ucf/CricketShot/samples/00530.png 24
ucf/CricketShot/samples/00531.png 24
ucf/CricketShot/samples/00532.png 24
ucf/CricketShot/samples/00533.png 24
ucf/CricketShot/samples/00534.png 24
ucf/CricketShot/samples/00535.png 24
ucf/CricketShot/samples/00536.png 24
ucf/CricketShot/samples/00537.png 24
ucf/CricketShot/samples/00538.png 24
ucf/CricketShot/samples/00539.png 24
ucf/CricketShot/samples/00540.png 24
ucf/CricketShot/samples/00541.png 24
ucf/CricketShot/samples/00542.png 24
ucf/CricketShot/samples/00543.png 24
ucf/CricketShot/samples/00544.png 24
ucf/CricketShot/samples/00545.png 24
ucf/CricketShot/samples/00546.png 24
ucf/CricketShot/samples/00547.png 24
ucf/CricketShot/samples/00548.png 24
ucf/CricketShot/samples/00549.png 24
ucf/CricketShot/samples/00550.png 24
ucf/CricketShot/samples/00551.png 24
ucf/CricketShot/samples/00552.png 24
ucf/CricketShot/samples/00553.png 24
ucf/CricketShot/samples/00554.png 24
ucf/CricketShot/samples/00555.png 24
ucf/CricketShot/samples/00556.png 24
ucf/CricketShot/samples/00557.png 24
ucf/CricketShot/samples/00558.png 24
ucf/CricketShot/samples/00559.png 24
ucf/CricketShot/samples/00560.png 24
ucf/CricketShot/samples/00561.png 24
ucf/CricketShot/samples/00562.png 24
ucf/CricketShot/samples/00563.png 24
ucf/CricketShot/samples/00564.png 24
ucf/CricketShot/samples/00565.png 24
ucf/CricketShot/samples/00566.png 24
ucf/CricketShot/samples/00567.png 24
ucf/CricketShot/samples/00568.png 24
ucf/CricketShot/samples/00569.png 24
ucf/CricketShot/samples/00570.png 24
ucf/CricketShot/samples/00571.png 24
ucf/CricketShot/samples/00572.png 24
ucf/CricketShot/samples/00573.png 24
ucf/CricketShot/samples/00574.png 24
ucf/CricketShot/samples/00575.png 24
ucf/CricketShot/samples/00576.png 24
ucf/CricketShot/samples/00577.png 24
ucf/CricketShot/samples/00578.png 24
ucf/CricketShot/samples/00579.png 24
ucf/CricketShot/samples/00580.png 24
ucf/CricketShot/samples/00581.png 24
ucf/CricketShot/samples/00582.png 24
ucf/CricketShot/samples/00583.png 24
ucf/CricketShot/samples/00584.png 24
ucf/CricketShot/samples/00585.png 24
ucf/CricketShot/samples/00586.png 24
ucf/CricketShot/samples/00587.png 24
ucf/CricketShot/samples/00588.png 24
ucf/CricketShot/samples/00589.png 24
ucf/CricketShot/samples/00590.png 24
ucf/CricketShot/samples/00591.png 24
ucf/CricketShot/samples/00592.png 24
ucf/CricketShot/samples/00593.png 24
ucf/CricketShot/samples/00594.png 24
ucf/CricketShot/samples/00595.png 24
ucf/CricketShot/samples/00596.png 24
ucf/CricketShot/samples/00597.png 24
ucf/CricketShot/samples/00598.png 24
ucf/CricketShot/samples/00599.png 24
ucf/CricketShot/samples/00600.png 24
ucf/CricketShot/samples/00601.png 24
ucf/CricketShot/samples/00602.png 24
ucf/CricketShot/samples/00603.png 24
ucf/CricketShot/samples/00604.png 24
ucf/CricketShot/samples/00605.png 24
ucf/CricketShot/samples/00606.png 24
ucf/CricketShot/samples/00607.png 24
ucf/CricketShot/samples/00608.png 24
ucf/CricketShot/samples/00609.png 24
ucf/CricketShot/samples/00610.png 24
ucf/CricketShot/samples/00611.png 24
ucf/CricketShot/samples/00612.png 24
ucf/CricketShot/samples/00613.png 24
ucf/CricketShot/samples/00614.png 24
ucf/CricketShot/samples/00615.png 24
ucf/CricketShot/samples/00616.png 24
ucf/CricketShot/samples/00617.png 24
ucf/CricketShot/samples/00618.png 24
ucf/CricketShot/samples/00619.png 24
ucf/CricketShot/samples/00620.png 24
ucf/CricketShot/samples/00621.png 24
ucf/CricketShot/samples/00622.png 24
ucf/CricketShot/samples/00623.png 24
ucf/CricketShot/samples/00624.png 24
ucf/CricketShot/samples/00625.png 24
ucf/CricketShot/samples/00626.png 24
ucf/CricketShot/samples/00627.png 24
ucf/CricketShot/samples/00628.png 24
ucf/CricketShot/samples/00629.png 24
ucf/CricketShot/samples/00630.png 24
ucf/CricketShot/samples/00631.png 24
ucf/CricketShot/samples/00632.png 24
ucf/CricketShot/samples/00633.png 24
ucf/CricketShot/samples/00634.png 24
ucf/CricketShot/samples/00635.png 24
ucf/CricketShot/samples/00636.png 24
ucf/CricketShot/samples/00637.png 24
ucf/CricketShot/samples/00638.png 24
ucf/CricketShot/samples/00639.png 24
ucf/CricketShot/samples/00640.png 24
ucf/CricketShot/samples/00641.png 24
ucf/CricketShot/samples/00642.png 24
ucf/CricketShot/samples/00643.png 24
ucf/CricketShot/samples/00644.png 24
ucf/CricketShot/samples/00645.png 24
ucf/CricketShot/samples/00646.png 24
ucf/CricketShot/samples/00647.png 24
ucf/CricketShot/samples/00648.png 24
ucf/CricketShot/samples/00649.png 24
ucf/CricketShot/samples/00650.png 24
ucf/CricketShot/samples/00651.png 24
ucf/CricketShot/samples/00652.png 24
ucf/CricketShot/samples/00653.png 24
ucf/CricketShot/samples/00654.png 24
ucf/CricketShot/samples/00655.png 24
ucf/CricketShot/samples/00656.png 24
ucf/CricketShot/samples/00657.png 24
ucf/CricketShot/samples/00658.png 24
ucf/CricketShot/samples/00659.png 24
ucf/CricketShot/samples/00660.png 24
ucf/CricketShot/samples/00661.png 24
ucf/CricketShot/samples/00662.png 24
ucf/CricketShot/samples/00663.png 24
ucf/CricketShot/samples/00664.png 24
ucf/CricketShot/samples/00665.png 24
ucf/CricketShot/samples/00666.png 24
ucf/CricketShot/samples/00667.png 24
ucf/CricketShot/samples/00668.png 24
ucf/CricketShot/samples/00669.png 24
ucf/CricketShot/samples/00670.png 24
ucf/CricketShot/samples/00671.png 24
ucf/CricketShot/samples/00672.png 24
ucf/CricketShot/samples/00673.png 24
ucf/CricketShot/samples/00674.png 24
ucf/CricketShot/samples/00675.png 24
ucf/CricketShot/samples/00676.png 24
ucf/CricketShot/samples/00677.png 24
ucf/CricketShot/samples/00678.png 24
ucf/CricketShot/samples/00679.png 24
ucf/CricketShot/samples/00680.png 24
ucf/CricketShot/samples/00681.png 24
ucf/CricketShot/samples/00682.png 24
ucf/CricketShot/samples/00683.png 24
ucf/CricketShot/samples/00684.png 24
ucf/CricketShot/samples/00685.png 24
ucf/CricketShot/samples/00686.png 24
ucf/CricketShot/samples/00687.png 24
ucf/CricketShot/samples/00688.png 24
ucf/CricketShot/samples/00689.png 24
ucf/CricketShot/samples/00690.png 24
ucf/CricketShot/samples/00691.png 24
ucf/CricketShot/samples/00692.png 24
ucf/CricketShot/samples/00693.png 24
ucf/CricketShot/samples/00694.png 24
ucf/CricketShot/samples/00695.png 24
ucf/CricketShot/samples/00696.png 24
ucf/CricketShot/samples/00697.png 24
ucf/CricketShot/samples/00698.png 24
ucf/CricketShot/samples/00699.png 24
ucf/CricketShot/samples/00700.png 24
ucf/CricketShot/samples/00701.png 24
ucf/CricketShot/samples/00702.png 24
ucf/CricketShot/samples/00703.png 24
ucf/CricketShot/samples/00704.png 24
ucf/CricketShot/samples/00705.png 24
ucf/CricketShot/samples/00706.png 24
ucf/CricketShot/samples/00707.png 24
ucf/CricketShot/samples/00708.png 24
ucf/CricketShot/samples/00709.png 24
ucf/CricketShot/samples/00710.png 24
ucf/CricketShot/samples/00711.png 24
ucf/CricketShot/samples/00712.png 24
ucf/CricketShot/samples/00713.png 24
ucf/CricketShot/samples/00714.png 24
ucf/CricketShot/samples/00715.png 24
ucf/CricketShot/samples/00716.png 24
ucf/CricketShot/samples/00717.png 24
ucf/CricketShot/samples/00718.png 24
ucf/CricketShot/samples/00719.png 24
ucf/CricketShot/samples/00720.png 24
ucf/CricketShot/samples/00721.png 24
ucf/CricketShot/samples/00722.png 24
ucf/CricketShot/samples/00723.png 24
ucf/CricketShot/samples/00724.png 24
ucf/CricketShot/samples/00725.png 24
ucf/CricketShot/samples/00726.png 24
ucf/CricketShot/samples/00727.png 24
ucf/CricketShot/samples/00728.png 24
ucf/CricketShot/samples/00729.png 24
ucf/CricketShot/samples/00730.png 24
ucf/CricketShot/samples/00731.png 24
ucf/CricketShot/samples/00732.png 24
ucf/CricketShot/samples/00733.png 24
ucf/CricketShot/samples/00734.png 24
ucf/CricketShot/samples/00735.png 24
ucf/CricketShot/samples/00736.png 24
ucf/CricketShot/samples/00737.png 24
ucf/CricketShot/samples/00738.png 24
ucf/CricketShot/samples/00739.png 24
ucf/CricketShot/samples/00740.png 24
ucf/CricketShot/samples/00741.png 24
ucf/CricketShot/samples/00742.png 24
ucf/CricketShot/samples/00743.png 24
ucf/CricketShot/samples/00744.png 24
ucf/CricketShot/samples/00745.png 24
ucf/CricketShot/samples/00746.png 24
ucf/CricketShot/samples/00747.png 24
ucf/CricketShot/samples/00748.png 24
ucf/CricketShot/samples/00749.png 24
ucf/CricketShot/samples/00750.png 24
ucf/CricketShot/samples/00751.png 24
ucf/CricketShot/samples/00752.png 24
ucf/CricketShot/samples/00753.png 24
ucf/CricketShot/samples/00754.png 24
ucf/CricketShot/samples/00755.png 24
ucf/CricketShot/samples/00756.png 24
ucf/CricketShot/samples/00757.png 24
ucf/CricketShot/samples/00758.png 24
ucf/CricketShot/samples/00759.png 24
ucf/CricketShot/samples/00760.png 24
ucf/CricketShot/samples/00761.png 24
ucf/CricketShot/samples/00762.png 24
ucf/CricketShot/samples/00763.png 24
ucf/CricketShot/samples/00764.png 24
ucf/CricketShot/samples/00765.png 24
ucf/CricketShot/samples/00766.png 24
ucf/CricketShot/samples/00767.png 24
ucf/CricketShot/samples/00768.png 24
ucf/CricketShot/samples/00769.png 24
ucf/CricketShot/samples/00770.png 24
ucf/CricketShot/samples/00771.png 24
ucf/CricketShot/samples/00772.png 24
ucf/CricketShot/samples/00773.png 24
ucf/CricketShot/samples/00774.png 24
ucf/CricketShot/samples/00775.png 24
ucf/CricketShot/samples/00776.png 24
ucf/CricketShot/samples/00777.png 24
ucf/CricketShot/samples/00778.png 24
ucf/CricketShot/samples/00779.png 24
ucf/CricketShot/samples/00780.png 24
ucf/CricketShot/samples/00781.png 24
ucf/CricketShot/samples/00782.png 24
ucf/CricketShot/samples/00783.png 24
ucf/CricketShot/samples/00784.png 24
ucf/CricketShot/samples/00785.png 24
ucf/CricketShot/samples/00786.png 24
ucf/CricketShot/samples/00787.png 24
ucf/CricketShot/samples/00788.png 24
ucf/CricketShot/samples/00789.png 24
ucf/CricketShot/samples/00790.png 24
ucf/CricketShot/samples/00791.png 24
ucf/CricketShot/samples/00792.png 24
ucf/CricketShot/samples/00793.png 24
ucf/CricketShot/samples/00794.png 24
ucf/CricketShot/samples/00795.png 24
ucf/CricketShot/samples/00796.png 24
ucf/CricketShot/samples/00797.png 24
ucf/CricketShot/samples/00798.png 24
ucf/CricketShot/samples/00799.png 24
ucf/CricketShot/samples/00800.png 24
ucf/CricketShot/samples/00801.png 24
ucf/CricketShot/samples/00802.png 24
ucf/CricketShot/samples/00803.png 24
ucf/CricketShot/samples/00804.png 24
ucf/CricketShot/samples/00805.png 24
ucf/CricketShot/samples/00806.png 24
ucf/CricketShot/samples/00807.png 24
ucf/CricketShot/samples/00808.png 24
ucf/CricketShot/samples/00809.png 24
ucf/CricketShot/samples/00810.png 24
ucf/CricketShot/samples/00811.png 24
ucf/CricketShot/samples/00812.png 24
ucf/CricketShot/samples/00813.png 24
ucf/CricketShot/samples/00814.png 24
ucf/CricketShot/samples/00815.png 24
ucf/CricketShot/samples/00816.png 24
ucf/CricketShot/samples/00817.png 24
ucf/CricketShot/samples/00818.png 24
ucf/CricketShot/samples/00819.png 24
ucf/CricketShot/samples/00820.png 24
ucf/CricketShot/samples/00821.png 24
ucf/CricketShot/samples/00822.png 24
ucf/CricketShot/samples/00823.png 24
ucf/CricketShot/samples/00824.png 24
ucf/CricketShot/samples/00825.png 24
ucf/CricketShot/samples/00826.png 24
ucf/CricketShot/samples/00827.png 24
ucf/CricketShot/samples/00828.png 24
ucf/CricketShot/samples/00829.png 24
ucf/CricketShot/samples/00830.png 24
ucf/CricketShot/samples/00831.png 24
ucf/CricketShot/samples/00832.png 24
ucf/CricketShot/samples/00833.png 24
ucf/CricketShot/samples/00834.png 24
ucf/CricketShot/samples/00835.png 24
ucf/CricketShot/samples/00836.png 24
ucf/CricketShot/samples/00837.png 24
ucf/CricketShot/samples/00838.png 24
ucf/CricketShot/samples/00839.png 24
ucf/CricketShot/samples/00840.png 24
ucf/CricketShot/samples/00841.png 24
ucf/CricketShot/samples/00842.png 24
ucf/CricketShot/samples/00843.png 24
ucf/CricketShot/samples/00844.png 24
ucf/CricketShot/samples/00845.png 24
ucf/CricketShot/samples/00846.png 24
ucf/CricketShot/samples/00847.png 24
ucf/CricketShot/samples/00848.png 24
ucf/CricketShot/samples/00849.png 24
ucf/CricketShot/samples/00850.png 24
ucf/CricketShot/samples/00851.png 24
ucf/CricketShot/samples/00852.png 24
ucf/CricketShot/samples/00853.png 24
ucf/CricketShot/samples/00854.png 24
ucf/CricketShot/samples/00855.png 24
ucf/CricketShot/samples/00856.png 24
ucf/CricketShot/samples/00857.png 24
ucf/CricketShot/samples/00858.png 24
ucf/CricketShot/samples/00859.png 24
ucf/CricketShot/samples/00860.png 24
ucf/CricketShot/samples/00861.png 24
ucf/CricketShot/samples/00862.png 24
ucf/CricketShot/samples/00863.png 24
ucf/CricketShot/samples/00864.png 24
ucf/CricketShot/samples/00865.png 24
ucf/CricketShot/samples/00866.png 24
ucf/CricketShot/samples/00867.png 24
ucf/CricketShot/samples/00868.png 24
ucf/CricketShot/samples/00869.png 24
ucf/CricketShot/samples/00870.png 24
ucf/CricketShot/samples/00871.png 24
ucf/CricketShot/samples/00872.png 24
ucf/CricketShot/samples/00873.png 24
ucf/CricketShot/samples/00874.png 24
ucf/CricketShot/samples/00875.png 24
ucf/CricketShot/samples/00876.png 24
ucf/CricketShot/samples/00877.png 24
ucf/CricketShot/samples/00878.png 24
ucf/CricketShot/samples/00879.png 24
ucf/CricketShot/samples/00880.png 24
ucf/CricketShot/samples/00881.png 24
ucf/CricketShot/samples/00882.png 24
ucf/CricketShot/samples/00883.png 24
ucf/CricketShot/samples/00884.png 24
ucf/CricketShot/samples/00885.png 24
ucf/CricketShot/samples/00886.png 24
ucf/CricketShot/samples/00887.png 24
ucf/CricketShot/samples/00888.png 24
ucf/CricketShot/samples/00889.png 24
ucf/CricketShot/samples/00890.png 24
ucf/CricketShot/samples/00891.png 24
ucf/CricketShot/samples/00892.png 24
ucf/CricketShot/samples/00893.png 24
ucf/CricketShot/samples/00894.png 24
ucf/CricketShot/samples/00895.png 24
ucf/CricketShot/samples/00896.png 24
ucf/CricketShot/samples/00897.png 24
ucf/CricketShot/samples/00898.png 24
ucf/CricketShot/samples/00899.png 24
ucf/CricketShot/samples/00900.png 24
ucf/CricketShot/samples/00901.png 24
ucf/CricketShot/samples/00902.png 24
ucf/CricketShot/samples/00903.png 24
ucf/CricketShot/samples/00904.png 24
ucf/CricketShot/samples/00905.png 24
ucf/CricketShot/samples/00906.png 24
ucf/CricketShot/samples/00907.png 24
ucf/CricketShot/samples/00908.png 24
ucf/CricketShot/samples/00909.png 24
ucf/CricketShot/samples/00910.png 24
ucf/CricketShot/samples/00911.png 24
ucf/CricketShot/samples/00912.png 24
ucf/CricketShot/samples/00913.png 24
ucf/CricketShot/samples/00914.png 24
ucf/CricketShot/samples/00915.png 24
ucf/CricketShot/samples/00916.png 24
ucf/CricketShot/samples/00917.png 24
ucf/CricketShot/samples/00918.png 24
ucf/CricketShot/samples/00919.png 24
ucf/CricketShot/samples/00920.png 24
ucf/CricketShot/samples/00921.png 24
ucf/CricketShot/samples/00922.png 24
ucf/CricketShot/samples/00923.png 24
ucf/CricketShot/samples/00924.png 24
ucf/CricketShot/samples/00925.png 24
ucf/CricketShot/samples/00926.png 24
ucf/CricketShot/samples/00927.png 24
ucf/CricketShot/samples/00928.png 24
ucf/CricketShot/samples/00929.png 24
ucf/CricketShot/samples/00930.png 24
ucf/CricketShot/samples/00931.png 24
ucf/CricketShot/samples/00932.png 24
ucf/CricketShot/samples/00933.png 24
ucf/CricketShot/samples/00934.png 24
ucf/CricketShot/samples/00935.png 24
ucf/CricketShot/samples/00936.png 24
ucf/CricketShot/samples/00937.png 24
ucf/CricketShot/samples/00938.png 24
ucf/CricketShot/samples/00939.png 24
ucf/CricketShot/samples/00940.png 24
ucf/CricketShot/samples/00941.png 24
ucf/CricketShot/samples/00942.png 24
ucf/CricketShot/samples/00943.png 24
ucf/CricketShot/samples/00944.png 24
ucf/CricketShot/samples/00945.png 24
ucf/CricketShot/samples/00946.png 24
ucf/CricketShot/samples/00947.png 24
ucf/CricketShot/samples/00948.png 24
ucf/CricketShot/samples/00949.png 24
ucf/CricketShot/samples/00950.png 24
ucf/CricketShot/samples/00951.png 24
ucf/CricketShot/samples/00952.png 24
ucf/CricketShot/samples/00953.png 24
ucf/CricketShot/samples/00954.png 24
ucf/CricketShot/samples/00955.png 24
ucf/CricketShot/samples/00956.png 24
ucf/CricketShot/samples/00957.png 24
ucf/CricketShot/samples/00958.png 24
ucf/CricketShot/samples/00959.png 24
ucf/CricketShot/samples/00960.png 24
ucf/CricketShot/samples/00961.png 24
ucf/CricketShot/samples/00962.png 24
ucf/CricketShot/samples/00963.png 24
ucf/CricketShot/samples/00964.png 24
ucf/CricketShot/samples/00965.png 24
ucf/CricketShot/samples/00966.png 24
ucf/CricketShot/samples/00967.png 24
ucf/CricketShot/samples/00968.png 24
ucf/CricketShot/samples/00969.png 24
ucf/CricketShot/samples/00970.png 24
ucf/CricketShot/samples/00971.png 24
ucf/CricketShot/samples/00972.png 24
ucf/CricketShot/samples/00973.png 24
ucf/CricketShot/samples/00974.png 24
ucf/CricketShot/samples/00975.png 24
ucf/CricketShot/samples/00976.png 24
ucf/CricketShot/samples/00977.png 24
ucf/CricketShot/samples/00978.png 24
ucf/CricketShot/samples/00979.png 24
ucf/CricketShot/samples/00980.png 24
ucf/CricketShot/samples/00981.png 24
ucf/CricketShot/samples/00982.png 24
ucf/CricketShot/samples/00983.png 24
ucf/CricketShot/samples/00984.png 24
ucf/CricketShot/samples/00985.png 24
ucf/CricketShot/samples/00986.png 24
ucf/CricketShot/samples/00987.png 24
ucf/CricketShot/samples/00988.png 24
ucf/CricketShot/samples/00989.png 24
ucf/CricketShot/samples/00990.png 24
ucf/CricketShot/samples/00991.png 24
ucf/CricketShot/samples/00992.png 24
ucf/CricketShot/samples/00993.png 24
ucf/CricketShot/samples/00994.png 24
ucf/CricketShot/samples/00995.png 24
ucf/CricketShot/samples/00996.png 24
ucf/CricketShot/samples/00997.png 24
ucf/CricketShot/samples/00998.png 24
ucf/CricketShot/samples/00999.png 24
ucf/HulaHoop/samples/00000.png 43
ucf/HulaHoop/samples/00001.png 43
ucf/HulaHoop/samples/00002.png 43
ucf/HulaHoop/samples/00003.png 43
ucf/HulaHoop/samples/00004.png 43
ucf/HulaHoop/samples/00005.png 43
ucf/HulaHoop/samples/00006.png 43
ucf/HulaHoop/samples/00007.png 43
ucf/HulaHoop/samples/00008.png 43
ucf/HulaHoop/samples/00009.png 43
ucf/HulaHoop/samples/00010.png 43
ucf/HulaHoop/samples/00011.png 43
ucf/HulaHoop/samples/00012.png 43
ucf/HulaHoop/samples/00013.png 43
ucf/HulaHoop/samples/00014.png 43
ucf/HulaHoop/samples/00015.png 43
ucf/HulaHoop/samples/00016.png 43
ucf/HulaHoop/samples/00017.png 43
ucf/HulaHoop/samples/00018.png 43
ucf/HulaHoop/samples/00019.png 43
ucf/HulaHoop/samples/00020.png 43
ucf/HulaHoop/samples/00021.png 43
ucf/HulaHoop/samples/00022.png 43
ucf/HulaHoop/samples/00023.png 43
ucf/HulaHoop/samples/00024.png 43
ucf/HulaHoop/samples/00025.png 43
ucf/HulaHoop/samples/00026.png 43
ucf/HulaHoop/samples/00027.png 43
ucf/HulaHoop/samples/00028.png 43
ucf/HulaHoop/samples/00029.png 43
ucf/HulaHoop/samples/00030.png 43
ucf/HulaHoop/samples/00031.png 43
ucf/HulaHoop/samples/00032.png 43
ucf/HulaHoop/samples/00033.png 43
ucf/HulaHoop/samples/00034.png 43
ucf/HulaHoop/samples/00035.png 43
ucf/HulaHoop/samples/00036.png 43
ucf/HulaHoop/samples/00037.png 43
ucf/HulaHoop/samples/00038.png 43
ucf/HulaHoop/samples/00039.png 43
ucf/HulaHoop/samples/00040.png 43
ucf/HulaHoop/samples/00041.png 43
ucf/HulaHoop/samples/00042.png 43
ucf/HulaHoop/samples/00043.png 43
ucf/HulaHoop/samples/00044.png 43
ucf/HulaHoop/samples/00045.png 43
ucf/HulaHoop/samples/00046.png 43
ucf/HulaHoop/samples/00047.png 43
ucf/HulaHoop/samples/00048.png 43
ucf/HulaHoop/samples/00049.png 43
ucf/HulaHoop/samples/00050.png 43
ucf/HulaHoop/samples/00051.png 43
ucf/HulaHoop/samples/00052.png 43
ucf/HulaHoop/samples/00053.png 43
ucf/HulaHoop/samples/00054.png 43
ucf/HulaHoop/samples/00055.png 43
ucf/HulaHoop/samples/00056.png 43
ucf/HulaHoop/samples/00057.png 43
ucf/HulaHoop/samples/00058.png 43
ucf/HulaHoop/samples/00059.png 43
ucf/HulaHoop/samples/00060.png 43
ucf/HulaHoop/samples/00061.png 43
ucf/HulaHoop/samples/00062.png 43
ucf/HulaHoop/samples/00063.png 43
ucf/HulaHoop/samples/00064.png 43
ucf/HulaHoop/samples/00065.png 43
ucf/HulaHoop/samples/00066.png 43
ucf/HulaHoop/samples/00067.png 43
ucf/HulaHoop/samples/00068.png 43
ucf/HulaHoop/samples/00069.png 43
ucf/HulaHoop/samples/00070.png 43
ucf/HulaHoop/samples/00071.png 43
ucf/HulaHoop/samples/00072.png 43
ucf/HulaHoop/samples/00073.png 43
ucf/HulaHoop/samples/00074.png 43
ucf/HulaHoop/samples/00075.png 43
ucf/HulaHoop/samples/00076.png 43
ucf/HulaHoop/samples/00077.png 43
ucf/HulaHoop/samples/00078.png 43
ucf/HulaHoop/samples/00079.png 43
ucf/HulaHoop/samples/00080.png 43
ucf/HulaHoop/samples/00081.png 43
ucf/HulaHoop/samples/00082.png 43
ucf/HulaHoop/samples/00083.png 43
ucf/HulaHoop/samples/00084.png 43
ucf/HulaHoop/samples/00085.png 43
ucf/HulaHoop/samples/00086.png 43
ucf/HulaHoop/samples/00087.png 43
ucf/HulaHoop/samples/00088.png 43
ucf/HulaHoop/samples/00089.png 43
ucf/HulaHoop/samples/00090.png 43
ucf/HulaHoop/samples/00091.png 43
ucf/HulaHoop/samples/00092.png 43
ucf/HulaHoop/samples/00093.png 43
ucf/HulaHoop/samples/00094.png 43
ucf/HulaHoop/samples/00095.png 43
ucf/HulaHoop/samples/00096.png 43
ucf/HulaHoop/samples/00097.png 43
ucf/HulaHoop/samples/00098.png 43
ucf/HulaHoop/samples/00099.png 43
ucf/HulaHoop/samples/00100.png 43
ucf/HulaHoop/samples/00101.png 43
ucf/HulaHoop/samples/00102.png 43
ucf/HulaHoop/samples/00103.png 43
ucf/HulaHoop/samples/00104.png 43
ucf/HulaHoop/samples/00105.png 43
ucf/HulaHoop/samples/00106.png 43
ucf/HulaHoop/samples/00107.png 43
ucf/HulaHoop/samples/00108.png 43
ucf/HulaHoop/samples/00109.png 43
ucf/HulaHoop/samples/00110.png 43
ucf/HulaHoop/samples/00111.png 43
ucf/HulaHoop/samples/00112.png 43
ucf/HulaHoop/samples/00113.png 43
ucf/HulaHoop/samples/00114.png 43
ucf/HulaHoop/samples/00115.png 43
ucf/HulaHoop/samples/00116.png 43
ucf/HulaHoop/samples/00117.png 43
ucf/HulaHoop/samples/00118.png 43
ucf/HulaHoop/samples/00119.png 43
ucf/HulaHoop/samples/00120.png 43
ucf/HulaHoop/samples/00121.png 43
ucf/HulaHoop/samples/00122.png 43
ucf/HulaHoop/samples/00123.png 43
ucf/HulaHoop/samples/00124.png 43
ucf/HulaHoop/samples/00125.png 43
ucf/HulaHoop/samples/00126.png 43
ucf/HulaHoop/samples/00127.png 43
ucf/HulaHoop/samples/00128.png 43
ucf/HulaHoop/samples/00129.png 43
ucf/HulaHoop/samples/00130.png 43
ucf/HulaHoop/samples/00131.png 43
ucf/HulaHoop/samples/00132.png 43
ucf/HulaHoop/samples/00133.png 43
ucf/HulaHoop/samples/00134.png 43
ucf/HulaHoop/samples/00135.png 43
ucf/HulaHoop/samples/00136.png 43
ucf/HulaHoop/samples/00137.png 43
ucf/HulaHoop/samples/00138.png 43
ucf/HulaHoop/samples/00139.png 43
ucf/HulaHoop/samples/00140.png 43
ucf/HulaHoop/samples/00141.png 43
ucf/HulaHoop/samples/00142.png 43
ucf/HulaHoop/samples/00143.png 43
ucf/HulaHoop/samples/00144.png 43
ucf/HulaHoop/samples/00145.png 43
ucf/HulaHoop/samples/00146.png 43
ucf/HulaHoop/samples/00147.png 43
ucf/HulaHoop/samples/00148.png 43
ucf/HulaHoop/samples/00149.png 43
ucf/HulaHoop/samples/00150.png 43
ucf/HulaHoop/samples/00151.png 43
ucf/HulaHoop/samples/00152.png 43
ucf/HulaHoop/samples/00153.png 43
ucf/HulaHoop/samples/00154.png 43
ucf/HulaHoop/samples/00155.png 43
ucf/HulaHoop/samples/00156.png 43
ucf/HulaHoop/samples/00157.png 43
ucf/HulaHoop/samples/00158.png 43
ucf/HulaHoop/samples/00159.png 43
ucf/HulaHoop/samples/00160.png 43
ucf/HulaHoop/samples/00161.png 43
ucf/HulaHoop/samples/00162.png 43
ucf/HulaHoop/samples/00163.png 43
ucf/HulaHoop/samples/00164.png 43
ucf/HulaHoop/samples/00165.png 43
ucf/HulaHoop/samples/00166.png 43
ucf/HulaHoop/samples/00167.png 43
ucf/HulaHoop/samples/00168.png 43
ucf/HulaHoop/samples/00169.png 43
ucf/HulaHoop/samples/00170.png 43
ucf/HulaHoop/samples/00171.png 43
ucf/HulaHoop/samples/00172.png 43
ucf/HulaHoop/samples/00173.png 43
ucf/HulaHoop/samples/00174.png 43
ucf/HulaHoop/samples/00175.png 43
ucf/HulaHoop/samples/00176.png 43
ucf/HulaHoop/samples/00177.png 43
ucf/HulaHoop/samples/00178.png 43
ucf/HulaHoop/samples/00179.png 43
ucf/HulaHoop/samples/00180.png 43
ucf/HulaHoop/samples/00181.png 43
ucf/HulaHoop/samples/00182.png 43
ucf/HulaHoop/samples/00183.png 43
ucf/HulaHoop/samples/00184.png 43
ucf/HulaHoop/samples/00185.png 43
ucf/HulaHoop/samples/00186.png 43
ucf/HulaHoop/samples/00187.png 43
ucf/HulaHoop/samples/00188.png 43
ucf/HulaHoop/samples/00189.png 43
ucf/HulaHoop/samples/00190.png 43
ucf/HulaHoop/samples/00191.png 43
ucf/HulaHoop/samples/00192.png 43
ucf/HulaHoop/samples/00193.png 43
ucf/HulaHoop/samples/00194.png 43
ucf/HulaHoop/samples/00195.png 43
ucf/HulaHoop/samples/00196.png 43
ucf/HulaHoop/samples/00197.png 43
ucf/HulaHoop/samples/00198.png 43
ucf/HulaHoop/samples/00199.png 43
ucf/HulaHoop/samples/00200.png 43
ucf/HulaHoop/samples/00201.png 43
ucf/HulaHoop/samples/00202.png 43
ucf/HulaHoop/samples/00203.png 43
ucf/HulaHoop/samples/00204.png 43
ucf/HulaHoop/samples/00205.png 43
ucf/HulaHoop/samples/00206.png 43
ucf/HulaHoop/samples/00207.png 43
ucf/HulaHoop/samples/00208.png 43
ucf/HulaHoop/samples/00209.png 43
ucf/HulaHoop/samples/00210.png 43
ucf/HulaHoop/samples/00211.png 43
ucf/HulaHoop/samples/00212.png 43
ucf/HulaHoop/samples/00213.png 43
ucf/HulaHoop/samples/00214.png 43
ucf/HulaHoop/samples/00215.png 43
ucf/HulaHoop/samples/00216.png 43
ucf/HulaHoop/samples/00217.png 43
ucf/HulaHoop/samples/00218.png 43
ucf/HulaHoop/samples/00219.png 43
ucf/HulaHoop/samples/00220.png 43
ucf/HulaHoop/samples/00221.png 43
ucf/HulaHoop/samples/00222.png 43
ucf/HulaHoop/samples/00223.png 43
ucf/HulaHoop/samples/00224.png 43
ucf/HulaHoop/samples/00225.png 43
ucf/HulaHoop/samples/00226.png 43
ucf/HulaHoop/samples/00227.png 43
ucf/HulaHoop/samples/00228.png 43
ucf/HulaHoop/samples/00229.png 43
ucf/HulaHoop/samples/00230.png 43
ucf/HulaHoop/samples/00231.png 43
ucf/HulaHoop/samples/00232.png 43
ucf/HulaHoop/samples/00233.png 43
ucf/HulaHoop/samples/00234.png 43
ucf/HulaHoop/samples/00235.png 43
ucf/HulaHoop/samples/00236.png 43
ucf/HulaHoop/samples/00237.png 43
ucf/HulaHoop/samples/00238.png 43
ucf/HulaHoop/samples/00239.png 43
ucf/HulaHoop/samples/00240.png 43
ucf/HulaHoop/samples/00241.png 43
ucf/HulaHoop/samples/00242.png 43
ucf/HulaHoop/samples/00243.png 43
ucf/HulaHoop/samples/00244.png 43
ucf/HulaHoop/samples/00245.png 43
ucf/HulaHoop/samples/00246.png 43
ucf/HulaHoop/samples/00247.png 43
ucf/HulaHoop/samples/00248.png 43
ucf/HulaHoop/samples/00249.png 43
ucf/HulaHoop/samples/00250.png 43
ucf/HulaHoop/samples/00251.png 43
ucf/HulaHoop/samples/00252.png 43
ucf/HulaHoop/samples/00253.png 43
ucf/HulaHoop/samples/00254.png 43
ucf/HulaHoop/samples/00255.png 43
ucf/HulaHoop/samples/00256.png 43
ucf/HulaHoop/samples/00257.png 43
ucf/HulaHoop/samples/00258.png 43
ucf/HulaHoop/samples/00259.png 43
ucf/HulaHoop/samples/00260.png 43
ucf/HulaHoop/samples/00261.png 43
ucf/HulaHoop/samples/00262.png 43
ucf/HulaHoop/samples/00263.png 43
ucf/HulaHoop/samples/00264.png 43
ucf/HulaHoop/samples/00265.png 43
ucf/HulaHoop/samples/00266.png 43
ucf/HulaHoop/samples/00267.png 43
ucf/HulaHoop/samples/00268.png 43
ucf/HulaHoop/samples/00269.png 43
ucf/HulaHoop/samples/00270.png 43
ucf/HulaHoop/samples/00271.png 43
ucf/HulaHoop/samples/00272.png 43
ucf/HulaHoop/samples/00273.png 43
ucf/HulaHoop/samples/00274.png 43
ucf/HulaHoop/samples/00275.png 43
ucf/HulaHoop/samples/00276.png 43
ucf/HulaHoop/samples/00277.png 43
ucf/HulaHoop/samples/00278.png 43
ucf/HulaHoop/samples/00279.png 43
ucf/HulaHoop/samples/00280.png 43
ucf/HulaHoop/samples/00281.png 43
ucf/HulaHoop/samples/00282.png 43
ucf/HulaHoop/samples/00283.png 43
ucf/HulaHoop/samples/00284.png 43
ucf/HulaHoop/samples/00285.png 43
ucf/HulaHoop/samples/00286.png 43
ucf/HulaHoop/samples/00287.png 43
ucf/HulaHoop/samples/00288.png 43
ucf/HulaHoop/samples/00289.png 43
ucf/HulaHoop/samples/00290.png 43
ucf/HulaHoop/samples/00291.png 43
ucf/HulaHoop/samples/00292.png 43
ucf/HulaHoop/samples/00293.png 43
ucf/HulaHoop/samples/00294.png 43
ucf/HulaHoop/samples/00295.png 43
ucf/HulaHoop/samples/00296.png 43
ucf/HulaHoop/samples/00297.png 43
ucf/HulaHoop/samples/00298.png 43
ucf/HulaHoop/samples/00299.png 43
ucf/HulaHoop/samples/00300.png 43
ucf/HulaHoop/samples/00301.png 43
ucf/HulaHoop/samples/00302.png 43
ucf/HulaHoop/samples/00303.png 43
ucf/HulaHoop/samples/00304.png 43
ucf/HulaHoop/samples/00305.png 43
ucf/HulaHoop/samples/00306.png 43
ucf/HulaHoop/samples/00307.png 43
ucf/HulaHoop/samples/00308.png 43
ucf/HulaHoop/samples/00309.png 43
ucf/HulaHoop/samples/00310.png 43
ucf/HulaHoop/samples/00311.png 43
ucf/HulaHoop/samples/00312.png 43
ucf/HulaHoop/samples/00313.png 43
ucf/HulaHoop/samples/00314.png 43
ucf/HulaHoop/samples/00315.png 43
ucf/HulaHoop/samples/00316.png 43
ucf/HulaHoop/samples/00317.png 43
ucf/HulaHoop/samples/00318.png 43
ucf/HulaHoop/samples/00319.png 43
ucf/HulaHoop/samples/00320.png 43
ucf/HulaHoop/samples/00321.png 43
ucf/HulaHoop/samples/00322.png 43
ucf/HulaHoop/samples/00323.png 43
ucf/HulaHoop/samples/00324.png 43
ucf/HulaHoop/samples/00325.png 43
ucf/HulaHoop/samples/00326.png 43
ucf/HulaHoop/samples/00327.png 43
ucf/HulaHoop/samples/00328.png 43
ucf/HulaHoop/samples/00329.png 43
ucf/HulaHoop/samples/00330.png 43
ucf/HulaHoop/samples/00331.png 43
ucf/HulaHoop/samples/00332.png 43
ucf/HulaHoop/samples/00333.png 43
ucf/HulaHoop/samples/00334.png 43
ucf/HulaHoop/samples/00335.png 43
ucf/HulaHoop/samples/00336.png 43
ucf/HulaHoop/samples/00337.png 43
ucf/HulaHoop/samples/00338.png 43
ucf/HulaHoop/samples/00339.png 43
ucf/HulaHoop/samples/00340.png 43
ucf/HulaHoop/samples/00341.png 43
ucf/HulaHoop/samples/00342.png 43
ucf/HulaHoop/samples/00343.png 43
ucf/HulaHoop/samples/00344.png 43
ucf/HulaHoop/samples/00345.png 43
ucf/HulaHoop/samples/00346.png 43
ucf/HulaHoop/samples/00347.png 43
ucf/HulaHoop/samples/00348.png 43
ucf/HulaHoop/samples/00349.png 43
ucf/HulaHoop/samples/00350.png 43
ucf/HulaHoop/samples/00351.png 43
ucf/HulaHoop/samples/00352.png 43
ucf/HulaHoop/samples/00353.png 43
ucf/HulaHoop/samples/00354.png 43
ucf/HulaHoop/samples/00355.png 43
ucf/HulaHoop/samples/00356.png 43
ucf/HulaHoop/samples/00357.png 43
ucf/HulaHoop/samples/00358.png 43
ucf/HulaHoop/samples/00359.png 43
ucf/HulaHoop/samples/00360.png 43
ucf/HulaHoop/samples/00361.png 43
ucf/HulaHoop/samples/00362.png 43
ucf/HulaHoop/samples/00363.png 43
ucf/HulaHoop/samples/00364.png 43
ucf/HulaHoop/samples/00365.png 43
ucf/HulaHoop/samples/00366.png 43
ucf/HulaHoop/samples/00367.png 43
ucf/HulaHoop/samples/00368.png 43
ucf/HulaHoop/samples/00369.png 43
ucf/HulaHoop/samples/00370.png 43
ucf/HulaHoop/samples/00371.png 43
ucf/HulaHoop/samples/00372.png 43
ucf/HulaHoop/samples/00373.png 43
ucf/HulaHoop/samples/00374.png 43
ucf/HulaHoop/samples/00375.png 43
ucf/HulaHoop/samples/00376.png 43
ucf/HulaHoop/samples/00377.png 43
ucf/HulaHoop/samples/00378.png 43
ucf/HulaHoop/samples/00379.png 43
ucf/HulaHoop/samples/00380.png 43
ucf/HulaHoop/samples/00381.png 43
ucf/HulaHoop/samples/00382.png 43
ucf/HulaHoop/samples/00383.png 43
ucf/HulaHoop/samples/00384.png 43
ucf/HulaHoop/samples/00385.png 43
ucf/HulaHoop/samples/00386.png 43
ucf/HulaHoop/samples/00387.png 43
ucf/HulaHoop/samples/00388.png 43
ucf/HulaHoop/samples/00389.png 43
ucf/HulaHoop/samples/00390.png 43
ucf/HulaHoop/samples/00391.png 43
ucf/HulaHoop/samples/00392.png 43
ucf/HulaHoop/samples/00393.png 43
ucf/HulaHoop/samples/00394.png 43
ucf/HulaHoop/samples/00395.png 43
ucf/HulaHoop/samples/00396.png 43
ucf/HulaHoop/samples/00397.png 43
ucf/HulaHoop/samples/00398.png 43
ucf/HulaHoop/samples/00399.png 43
ucf/HulaHoop/samples/00400.png 43
ucf/HulaHoop/samples/00401.png 43
ucf/HulaHoop/samples/00402.png 43
ucf/HulaHoop/samples/00403.png 43
ucf/HulaHoop/samples/00404.png 43
ucf/HulaHoop/samples/00405.png 43
ucf/HulaHoop/samples/00406.png 43
ucf/HulaHoop/samples/00407.png 43
ucf/HulaHoop/samples/00408.png 43
ucf/HulaHoop/samples/00409.png 43
ucf/HulaHoop/samples/00410.png 43
ucf/HulaHoop/samples/00411.png 43
ucf/HulaHoop/samples/00412.png 43
ucf/HulaHoop/samples/00413.png 43
ucf/HulaHoop/samples/00414.png 43
ucf/HulaHoop/samples/00415.png 43
ucf/HulaHoop/samples/00416.png 43
ucf/HulaHoop/samples/00417.png 43
ucf/HulaHoop/samples/00418.png 43
ucf/HulaHoop/samples/00419.png 43
ucf/HulaHoop/samples/00420.png 43
ucf/HulaHoop/samples/00421.png 43
ucf/HulaHoop/samples/00422.png 43
ucf/HulaHoop/samples/00423.png 43
ucf/HulaHoop/samples/00424.png 43
ucf/HulaHoop/samples/00425.png 43
ucf/HulaHoop/samples/00426.png 43
ucf/HulaHoop/samples/00427.png 43
ucf/HulaHoop/samples/00428.png 43
ucf/HulaHoop/samples/00429.png 43
ucf/HulaHoop/samples/00430.png 43
ucf/HulaHoop/samples/00431.png 43
ucf/HulaHoop/samples/00432.png 43
ucf/HulaHoop/samples/00433.png 43
ucf/HulaHoop/samples/00434.png 43
ucf/HulaHoop/samples/00435.png 43
ucf/HulaHoop/samples/00436.png 43
ucf/HulaHoop/samples/00437.png 43
ucf/HulaHoop/samples/00438.png 43
ucf/HulaHoop/samples/00439.png 43
ucf/HulaHoop/samples/00440.png 43
ucf/HulaHoop/samples/00441.png 43
ucf/HulaHoop/samples/00442.png 43
ucf/HulaHoop/samples/00443.png 43
ucf/HulaHoop/samples/00444.png 43
ucf/HulaHoop/samples/00445.png 43
ucf/HulaHoop/samples/00446.png 43
ucf/HulaHoop/samples/00447.png 43
ucf/HulaHoop/samples/00448.png 43
ucf/HulaHoop/samples/00449.png 43
ucf/HulaHoop/samples/00450.png 43
ucf/HulaHoop/samples/00451.png 43
ucf/HulaHoop/samples/00452.png 43
ucf/HulaHoop/samples/00453.png 43
ucf/HulaHoop/samples/00454.png 43
ucf/HulaHoop/samples/00455.png 43
ucf/HulaHoop/samples/00456.png 43
ucf/HulaHoop/samples/00457.png 43
ucf/HulaHoop/samples/00458.png 43
ucf/HulaHoop/samples/00459.png 43
ucf/HulaHoop/samples/00460.png 43
ucf/HulaHoop/samples/00461.png 43
ucf/HulaHoop/samples/00462.png 43
ucf/HulaHoop/samples/00463.png 43
ucf/HulaHoop/samples/00464.png 43
ucf/HulaHoop/samples/00465.png 43
ucf/HulaHoop/samples/00466.png 43
ucf/HulaHoop/samples/00467.png 43
ucf/HulaHoop/samples/00468.png 43
ucf/HulaHoop/samples/00469.png 43
ucf/HulaHoop/samples/00470.png 43
ucf/HulaHoop/samples/00471.png 43
ucf/HulaHoop/samples/00472.png 43
ucf/HulaHoop/samples/00473.png 43
ucf/HulaHoop/samples/00474.png 43
ucf/HulaHoop/samples/00475.png 43
ucf/HulaHoop/samples/00476.png 43
ucf/HulaHoop/samples/00477.png 43
ucf/HulaHoop/samples/00478.png 43
ucf/HulaHoop/samples/00479.png 43
ucf/HulaHoop/samples/00480.png 43
ucf/HulaHoop/samples/00481.png 43
ucf/HulaHoop/samples/00482.png 43
ucf/HulaHoop/samples/00483.png 43
ucf/HulaHoop/samples/00484.png 43
ucf/HulaHoop/samples/00485.png 43
ucf/HulaHoop/samples/00486.png 43
ucf/HulaHoop/samples/00487.png 43
ucf/HulaHoop/samples/00488.png 43
ucf/HulaHoop/samples/00489.png 43
ucf/HulaHoop/samples/00490.png 43
ucf/HulaHoop/samples/00491.png 43
ucf/HulaHoop/samples/00492.png 43
ucf/HulaHoop/samples/00493.png 43
ucf/HulaHoop/samples/00494.png 43
ucf/HulaHoop/samples/00495.png 43
ucf/HulaHoop/samples/00496.png 43
ucf/HulaHoop/samples/00497.png 43
ucf/HulaHoop/samples/00498.png 43
ucf/HulaHoop/samples/00499.png 43
ucf/HulaHoop/samples/00500.png 43
ucf/HulaHoop/samples/00501.png 43
ucf/HulaHoop/samples/00502.png 43
ucf/HulaHoop/samples/00503.png 43
ucf/HulaHoop/samples/00504.png 43
ucf/HulaHoop/samples/00505.png 43
ucf/HulaHoop/samples/00506.png 43
ucf/HulaHoop/samples/00507.png 43
ucf/HulaHoop/samples/00508.png 43
ucf/HulaHoop/samples/00509.png 43
ucf/HulaHoop/samples/00510.png 43
ucf/HulaHoop/samples/00511.png 43
ucf/HulaHoop/samples/00512.png 43
ucf/HulaHoop/samples/00513.png 43
ucf/HulaHoop/samples/00514.png 43
ucf/HulaHoop/samples/00515.png 43
ucf/HulaHoop/samples/00516.png 43
ucf/HulaHoop/samples/00517.png 43
ucf/HulaHoop/samples/00518.png 43
ucf/HulaHoop/samples/00519.png 43
ucf/HulaHoop/samples/00520.png 43
ucf/HulaHoop/samples/00521.png 43
ucf/HulaHoop/samples/00522.png 43
ucf/HulaHoop/samples/00523.png 43
ucf/HulaHoop/samples/00524.png 43
ucf/HulaHoop/samples/00525.png 43
ucf/HulaHoop/samples/00526.png 43
ucf/HulaHoop/samples/00527.png 43
ucf/HulaHoop/samples/00528.png 43
ucf/HulaHoop/samples/00529.png 43
ucf/HulaHoop/samples/00530.png 43
ucf/HulaHoop/samples/00531.png 43
ucf/HulaHoop/samples/00532.png 43
ucf/HulaHoop/samples/00533.png 43
ucf/HulaHoop/samples/00534.png 43
ucf/HulaHoop/samples/00535.png 43
ucf/HulaHoop/samples/00536.png 43
ucf/HulaHoop/samples/00537.png 43
ucf/HulaHoop/samples/00538.png 43
ucf/HulaHoop/samples/00539.png 43
ucf/HulaHoop/samples/00540.png 43
ucf/HulaHoop/samples/00541.png 43
ucf/HulaHoop/samples/00542.png 43
ucf/HulaHoop/samples/00543.png 43
ucf/HulaHoop/samples/00544.png 43
ucf/HulaHoop/samples/00545.png 43
ucf/HulaHoop/samples/00546.png 43
ucf/HulaHoop/samples/00547.png 43
ucf/HulaHoop/samples/00548.png 43
ucf/HulaHoop/samples/00549.png 43
ucf/HulaHoop/samples/00550.png 43
ucf/HulaHoop/samples/00551.png 43
ucf/HulaHoop/samples/00552.png 43
ucf/HulaHoop/samples/00553.png 43
ucf/HulaHoop/samples/00554.png 43
ucf/HulaHoop/samples/00555.png 43
ucf/HulaHoop/samples/00556.png 43
ucf/HulaHoop/samples/00557.png 43
ucf/HulaHoop/samples/00558.png 43
ucf/HulaHoop/samples/00559.png 43
ucf/HulaHoop/samples/00560.png 43
ucf/HulaHoop/samples/00561.png 43
ucf/HulaHoop/samples/00562.png 43
ucf/HulaHoop/samples/00563.png 43
ucf/HulaHoop/samples/00564.png 43
ucf/HulaHoop/samples/00565.png 43
ucf/HulaHoop/samples/00566.png 43
ucf/HulaHoop/samples/00567.png 43
ucf/HulaHoop/samples/00568.png 43
ucf/HulaHoop/samples/00569.png 43
ucf/HulaHoop/samples/00570.png 43
ucf/HulaHoop/samples/00571.png 43
ucf/HulaHoop/samples/00572.png 43
ucf/HulaHoop/samples/00573.png 43
ucf/HulaHoop/samples/00574.png 43
ucf/HulaHoop/samples/00575.png 43
ucf/HulaHoop/samples/00576.png 43
ucf/HulaHoop/samples/00577.png 43
ucf/HulaHoop/samples/00578.png 43
ucf/HulaHoop/samples/00579.png 43
ucf/HulaHoop/samples/00580.png 43
ucf/HulaHoop/samples/00581.png 43
ucf/HulaHoop/samples/00582.png 43
ucf/HulaHoop/samples/00583.png 43
ucf/HulaHoop/samples/00584.png 43
ucf/HulaHoop/samples/00585.png 43
ucf/HulaHoop/samples/00586.png 43
ucf/HulaHoop/samples/00587.png 43
ucf/HulaHoop/samples/00588.png 43
ucf/HulaHoop/samples/00589.png 43
ucf/HulaHoop/samples/00590.png 43
ucf/HulaHoop/samples/00591.png 43
ucf/HulaHoop/samples/00592.png 43
ucf/HulaHoop/samples/00593.png 43
ucf/HulaHoop/samples/00594.png 43
ucf/HulaHoop/samples/00595.png 43
ucf/HulaHoop/samples/00596.png 43
ucf/HulaHoop/samples/00597.png 43
ucf/HulaHoop/samples/00598.png 43
ucf/HulaHoop/samples/00599.png 43
ucf/HulaHoop/samples/00600.png 43
ucf/HulaHoop/samples/00601.png 43
ucf/HulaHoop/samples/00602.png 43
ucf/HulaHoop/samples/00603.png 43
ucf/HulaHoop/samples/00604.png 43
ucf/HulaHoop/samples/00605.png 43
ucf/HulaHoop/samples/00606.png 43
ucf/HulaHoop/samples/00607.png 43
ucf/HulaHoop/samples/00608.png 43
ucf/HulaHoop/samples/00609.png 43
ucf/HulaHoop/samples/00610.png 43
ucf/HulaHoop/samples/00611.png 43
ucf/HulaHoop/samples/00612.png 43
ucf/HulaHoop/samples/00613.png 43
ucf/HulaHoop/samples/00614.png 43
ucf/HulaHoop/samples/00615.png 43
ucf/HulaHoop/samples/00616.png 43
ucf/HulaHoop/samples/00617.png 43
ucf/HulaHoop/samples/00618.png 43
ucf/HulaHoop/samples/00619.png 43
ucf/HulaHoop/samples/00620.png 43
ucf/HulaHoop/samples/00621.png 43
ucf/HulaHoop/samples/00622.png 43
ucf/HulaHoop/samples/00623.png 43
ucf/HulaHoop/samples/00624.png 43
ucf/HulaHoop/samples/00625.png 43
ucf/HulaHoop/samples/00626.png 43
ucf/HulaHoop/samples/00627.png 43
ucf/HulaHoop/samples/00628.png 43
ucf/HulaHoop/samples/00629.png 43
ucf/HulaHoop/samples/00630.png 43
ucf/HulaHoop/samples/00631.png 43
ucf/HulaHoop/samples/00632.png 43
ucf/HulaHoop/samples/00633.png 43
ucf/HulaHoop/samples/00634.png 43
ucf/HulaHoop/samples/00635.png 43
ucf/HulaHoop/samples/00636.png 43
ucf/HulaHoop/samples/00637.png 43
ucf/HulaHoop/samples/00638.png 43
ucf/HulaHoop/samples/00639.png 43
ucf/HulaHoop/samples/00640.png 43
ucf/HulaHoop/samples/00641.png 43
ucf/HulaHoop/samples/00642.png 43
ucf/HulaHoop/samples/00643.png 43
ucf/HulaHoop/samples/00644.png 43
ucf/HulaHoop/samples/00645.png 43
ucf/HulaHoop/samples/00646.png 43
ucf/HulaHoop/samples/00647.png 43
ucf/HulaHoop/samples/00648.png 43
ucf/HulaHoop/samples/00649.png 43
ucf/HulaHoop/samples/00650.png 43
ucf/HulaHoop/samples/00651.png 43
ucf/HulaHoop/samples/00652.png 43
ucf/HulaHoop/samples/00653.png 43
ucf/HulaHoop/samples/00654.png 43
ucf/HulaHoop/samples/00655.png 43
ucf/HulaHoop/samples/00656.png 43
ucf/HulaHoop/samples/00657.png 43
ucf/HulaHoop/samples/00658.png 43
ucf/HulaHoop/samples/00659.png 43
ucf/HulaHoop/samples/00660.png 43
ucf/HulaHoop/samples/00661.png 43
ucf/HulaHoop/samples/00662.png 43
ucf/HulaHoop/samples/00663.png 43
ucf/HulaHoop/samples/00664.png 43
ucf/HulaHoop/samples/00665.png 43
ucf/HulaHoop/samples/00666.png 43
ucf/HulaHoop/samples/00667.png 43
ucf/HulaHoop/samples/00668.png 43
ucf/HulaHoop/samples/00669.png 43
ucf/HulaHoop/samples/00670.png 43
ucf/HulaHoop/samples/00671.png 43
ucf/HulaHoop/samples/00672.png 43
ucf/HulaHoop/samples/00673.png 43
ucf/HulaHoop/samples/00674.png 43
ucf/HulaHoop/samples/00675.png 43
ucf/HulaHoop/samples/00676.png 43
ucf/HulaHoop/samples/00677.png 43
ucf/HulaHoop/samples/00678.png 43
ucf/HulaHoop/samples/00679.png 43
ucf/HulaHoop/samples/00680.png 43
ucf/HulaHoop/samples/00681.png 43
ucf/HulaHoop/samples/00682.png 43
ucf/HulaHoop/samples/00683.png 43
ucf/HulaHoop/samples/00684.png 43
ucf/HulaHoop/samples/00685.png 43
ucf/HulaHoop/samples/00686.png 43
ucf/HulaHoop/samples/00687.png 43
ucf/HulaHoop/samples/00688.png 43
ucf/HulaHoop/samples/00689.png 43
ucf/HulaHoop/samples/00690.png 43
ucf/HulaHoop/samples/00691.png 43
ucf/HulaHoop/samples/00692.png 43
ucf/HulaHoop/samples/00693.png 43
ucf/HulaHoop/samples/00694.png 43
ucf/HulaHoop/samples/00695.png 43
ucf/HulaHoop/samples/00696.png 43
ucf/HulaHoop/samples/00697.png 43
ucf/HulaHoop/samples/00698.png 43
ucf/HulaHoop/samples/00699.png 43
ucf/HulaHoop/samples/00700.png 43
ucf/HulaHoop/samples/00701.png 43
ucf/HulaHoop/samples/00702.png 43
ucf/HulaHoop/samples/00703.png 43
ucf/HulaHoop/samples/00704.png 43
ucf/HulaHoop/samples/00705.png 43
ucf/HulaHoop/samples/00706.png 43
ucf/HulaHoop/samples/00707.png 43
ucf/HulaHoop/samples/00708.png 43
ucf/HulaHoop/samples/00709.png 43
ucf/HulaHoop/samples/00710.png 43
ucf/HulaHoop/samples/00711.png 43
ucf/HulaHoop/samples/00712.png 43
ucf/HulaHoop/samples/00713.png 43
ucf/HulaHoop/samples/00714.png 43
ucf/HulaHoop/samples/00715.png 43
ucf/HulaHoop/samples/00716.png 43
ucf/HulaHoop/samples/00717.png 43
ucf/HulaHoop/samples/00718.png 43
ucf/HulaHoop/samples/00719.png 43
ucf/HulaHoop/samples/00720.png 43
ucf/HulaHoop/samples/00721.png 43
ucf/HulaHoop/samples/00722.png 43
ucf/HulaHoop/samples/00723.png 43
ucf/HulaHoop/samples/00724.png 43
ucf/HulaHoop/samples/00725.png 43
ucf/HulaHoop/samples/00726.png 43
ucf/HulaHoop/samples/00727.png 43
ucf/HulaHoop/samples/00728.png 43
ucf/HulaHoop/samples/00729.png 43
ucf/HulaHoop/samples/00730.png 43
ucf/HulaHoop/samples/00731.png 43
ucf/HulaHoop/samples/00732.png 43
ucf/HulaHoop/samples/00733.png 43
ucf/HulaHoop/samples/00734.png 43
ucf/HulaHoop/samples/00735.png 43
ucf/HulaHoop/samples/00736.png 43
ucf/HulaHoop/samples/00737.png 43
ucf/HulaHoop/samples/00738.png 43
ucf/HulaHoop/samples/00739.png 43
ucf/HulaHoop/samples/00740.png 43
ucf/HulaHoop/samples/00741.png 43
ucf/HulaHoop/samples/00742.png 43
ucf/HulaHoop/samples/00743.png 43
ucf/HulaHoop/samples/00744.png 43
ucf/HulaHoop/samples/00745.png 43
ucf/HulaHoop/samples/00746.png 43
ucf/HulaHoop/samples/00747.png 43
ucf/HulaHoop/samples/00748.png 43
ucf/HulaHoop/samples/00749.png 43
ucf/HulaHoop/samples/00750.png 43
ucf/HulaHoop/samples/00751.png 43
ucf/HulaHoop/samples/00752.png 43
ucf/HulaHoop/samples/00753.png 43
ucf/HulaHoop/samples/00754.png 43
ucf/HulaHoop/samples/00755.png 43
ucf/HulaHoop/samples/00756.png 43
ucf/HulaHoop/samples/00757.png 43
ucf/HulaHoop/samples/00758.png 43
ucf/HulaHoop/samples/00759.png 43
ucf/HulaHoop/samples/00760.png 43
ucf/HulaHoop/samples/00761.png 43
ucf/HulaHoop/samples/00762.png 43
ucf/HulaHoop/samples/00763.png 43
ucf/HulaHoop/samples/00764.png 43
ucf/HulaHoop/samples/00765.png 43
ucf/HulaHoop/samples/00766.png 43
ucf/HulaHoop/samples/00767.png 43
ucf/HulaHoop/samples/00768.png 43
ucf/HulaHoop/samples/00769.png 43
ucf/HulaHoop/samples/00770.png 43
ucf/HulaHoop/samples/00771.png 43
ucf/HulaHoop/samples/00772.png 43
ucf/HulaHoop/samples/00773.png 43
ucf/HulaHoop/samples/00774.png 43
ucf/HulaHoop/samples/00775.png 43
ucf/HulaHoop/samples/00776.png 43
ucf/HulaHoop/samples/00777.png 43
ucf/HulaHoop/samples/00778.png 43
ucf/HulaHoop/samples/00779.png 43
ucf/HulaHoop/samples/00780.png 43
ucf/HulaHoop/samples/00781.png 43
ucf/HulaHoop/samples/00782.png 43
ucf/HulaHoop/samples/00783.png 43
ucf/HulaHoop/samples/00784.png 43
ucf/HulaHoop/samples/00785.png 43
ucf/HulaHoop/samples/00786.png 43
ucf/HulaHoop/samples/00787.png 43
ucf/HulaHoop/samples/00788.png 43
ucf/HulaHoop/samples/00789.png 43
ucf/HulaHoop/samples/00790.png 43
ucf/HulaHoop/samples/00791.png 43
ucf/HulaHoop/samples/00792.png 43
ucf/HulaHoop/samples/00793.png 43
ucf/HulaHoop/samples/00794.png 43
ucf/HulaHoop/samples/00795.png 43
ucf/HulaHoop/samples/00796.png 43
ucf/HulaHoop/samples/00797.png 43
ucf/HulaHoop/samples/00798.png 43
ucf/HulaHoop/samples/00799.png 43
ucf/HulaHoop/samples/00800.png 43
ucf/HulaHoop/samples/00801.png 43
ucf/HulaHoop/samples/00802.png 43
ucf/HulaHoop/samples/00803.png 43
ucf/HulaHoop/samples/00804.png 43
ucf/HulaHoop/samples/00805.png 43
ucf/HulaHoop/samples/00806.png 43
ucf/HulaHoop/samples/00807.png 43
ucf/HulaHoop/samples/00808.png 43
ucf/HulaHoop/samples/00809.png 43
ucf/HulaHoop/samples/00810.png 43
ucf/HulaHoop/samples/00811.png 43
ucf/HulaHoop/samples/00812.png 43
ucf/HulaHoop/samples/00813.png 43
ucf/HulaHoop/samples/00814.png 43
ucf/HulaHoop/samples/00815.png 43
ucf/HulaHoop/samples/00816.png 43
ucf/HulaHoop/samples/00817.png 43
ucf/HulaHoop/samples/00818.png 43
ucf/HulaHoop/samples/00819.png 43
ucf/HulaHoop/samples/00820.png 43
ucf/HulaHoop/samples/00821.png 43
ucf/HulaHoop/samples/00822.png 43
ucf/HulaHoop/samples/00823.png 43
ucf/HulaHoop/samples/00824.png 43
ucf/HulaHoop/samples/00825.png 43
ucf/HulaHoop/samples/00826.png 43
ucf/HulaHoop/samples/00827.png 43
ucf/HulaHoop/samples/00828.png 43
ucf/HulaHoop/samples/00829.png 43
ucf/HulaHoop/samples/00830.png 43
ucf/HulaHoop/samples/00831.png 43
ucf/HulaHoop/samples/00832.png 43
ucf/HulaHoop/samples/00833.png 43
ucf/HulaHoop/samples/00834.png 43
ucf/HulaHoop/samples/00835.png 43
ucf/HulaHoop/samples/00836.png 43
ucf/HulaHoop/samples/00837.png 43
ucf/HulaHoop/samples/00838.png 43
ucf/HulaHoop/samples/00839.png 43
ucf/HulaHoop/samples/00840.png 43
ucf/HulaHoop/samples/00841.png 43
ucf/HulaHoop/samples/00842.png 43
ucf/HulaHoop/samples/00843.png 43
ucf/HulaHoop/samples/00844.png 43
ucf/HulaHoop/samples/00845.png 43
ucf/HulaHoop/samples/00846.png 43
ucf/HulaHoop/samples/00847.png 43
ucf/HulaHoop/samples/00848.png 43
ucf/HulaHoop/samples/00849.png 43
ucf/HulaHoop/samples/00850.png 43
ucf/HulaHoop/samples/00851.png 43
ucf/HulaHoop/samples/00852.png 43
ucf/HulaHoop/samples/00853.png 43
ucf/HulaHoop/samples/00854.png 43
ucf/HulaHoop/samples/00855.png 43
ucf/HulaHoop/samples/00856.png 43
ucf/HulaHoop/samples/00857.png 43
ucf/HulaHoop/samples/00858.png 43
ucf/HulaHoop/samples/00859.png 43
ucf/HulaHoop/samples/00860.png 43
ucf/HulaHoop/samples/00861.png 43
ucf/HulaHoop/samples/00862.png 43
ucf/HulaHoop/samples/00863.png 43
ucf/HulaHoop/samples/00864.png 43
ucf/HulaHoop/samples/00865.png 43
ucf/HulaHoop/samples/00866.png 43
ucf/HulaHoop/samples/00867.png 43
ucf/HulaHoop/samples/00868.png 43
ucf/HulaHoop/samples/00869.png 43
ucf/HulaHoop/samples/00870.png 43
ucf/HulaHoop/samples/00871.png 43
ucf/HulaHoop/samples/00872.png 43
ucf/HulaHoop/samples/00873.png 43
ucf/HulaHoop/samples/00874.png 43
ucf/HulaHoop/samples/00875.png 43
ucf/HulaHoop/samples/00876.png 43
ucf/HulaHoop/samples/00877.png 43
ucf/HulaHoop/samples/00878.png 43
ucf/HulaHoop/samples/00879.png 43
ucf/HulaHoop/samples/00880.png 43
ucf/HulaHoop/samples/00881.png 43
ucf/HulaHoop/samples/00882.png 43
ucf/HulaHoop/samples/00883.png 43
ucf/HulaHoop/samples/00884.png 43
ucf/HulaHoop/samples/00885.png 43
ucf/HulaHoop/samples/00886.png 43
ucf/HulaHoop/samples/00887.png 43
ucf/HulaHoop/samples/00888.png 43
ucf/HulaHoop/samples/00889.png 43
ucf/HulaHoop/samples/00890.png 43
ucf/HulaHoop/samples/00891.png 43
ucf/HulaHoop/samples/00892.png 43
ucf/HulaHoop/samples/00893.png 43
ucf/HulaHoop/samples/00894.png 43
ucf/HulaHoop/samples/00895.png 43
ucf/HulaHoop/samples/00896.png 43
ucf/HulaHoop/samples/00897.png 43
ucf/HulaHoop/samples/00898.png 43
ucf/HulaHoop/samples/00899.png 43
ucf/HulaHoop/samples/00900.png 43
ucf/HulaHoop/samples/00901.png 43
ucf/HulaHoop/samples/00902.png 43
ucf/HulaHoop/samples/00903.png 43
ucf/HulaHoop/samples/00904.png 43
ucf/HulaHoop/samples/00905.png 43
ucf/HulaHoop/samples/00906.png 43
ucf/HulaHoop/samples/00907.png 43
ucf/HulaHoop/samples/00908.png 43
ucf/HulaHoop/samples/00909.png 43
ucf/HulaHoop/samples/00910.png 43
ucf/HulaHoop/samples/00911.png 43
ucf/HulaHoop/samples/00912.png 43
ucf/HulaHoop/samples/00913.png 43
ucf/HulaHoop/samples/00914.png 43
ucf/HulaHoop/samples/00915.png 43
ucf/HulaHoop/samples/00916.png 43
ucf/HulaHoop/samples/00917.png 43
ucf/HulaHoop/samples/00918.png 43
ucf/HulaHoop/samples/00919.png 43
ucf/HulaHoop/samples/00920.png 43
ucf/HulaHoop/samples/00921.png 43
ucf/HulaHoop/samples/00922.png 43
ucf/HulaHoop/samples/00923.png 43
ucf/HulaHoop/samples/00924.png 43
ucf/HulaHoop/samples/00925.png 43
ucf/HulaHoop/samples/00926.png 43
ucf/HulaHoop/samples/00927.png 43
ucf/HulaHoop/samples/00928.png 43
ucf/HulaHoop/samples/00929.png 43
ucf/HulaHoop/samples/00930.png 43
ucf/HulaHoop/samples/00931.png 43
ucf/HulaHoop/samples/00932.png 43
ucf/HulaHoop/samples/00933.png 43
ucf/HulaHoop/samples/00934.png 43
ucf/HulaHoop/samples/00935.png 43
ucf/HulaHoop/samples/00936.png 43
ucf/HulaHoop/samples/00937.png 43
ucf/HulaHoop/samples/00938.png 43
ucf/HulaHoop/samples/00939.png 43
ucf/HulaHoop/samples/00940.png 43
ucf/HulaHoop/samples/00941.png 43
ucf/HulaHoop/samples/00942.png 43
ucf/HulaHoop/samples/00943.png 43
ucf/HulaHoop/samples/00944.png 43
ucf/HulaHoop/samples/00945.png 43
ucf/HulaHoop/samples/00946.png 43
ucf/HulaHoop/samples/00947.png 43
ucf/HulaHoop/samples/00948.png 43
ucf/HulaHoop/samples/00949.png 43
ucf/HulaHoop/samples/00950.png 43
ucf/HulaHoop/samples/00951.png 43
ucf/HulaHoop/samples/00952.png 43
ucf/HulaHoop/samples/00953.png 43
ucf/HulaHoop/samples/00954.png 43
ucf/HulaHoop/samples/00955.png 43
ucf/HulaHoop/samples/00956.png 43
ucf/HulaHoop/samples/00957.png 43
ucf/HulaHoop/samples/00958.png 43
ucf/HulaHoop/samples/00959.png 43
ucf/HulaHoop/samples/00960.png 43
ucf/HulaHoop/samples/00961.png 43
ucf/HulaHoop/samples/00962.png 43
ucf/HulaHoop/samples/00963.png 43
ucf/HulaHoop/samples/00964.png 43
ucf/HulaHoop/samples/00965.png 43
ucf/HulaHoop/samples/00966.png 43
ucf/HulaHoop/samples/00967.png 43
ucf/HulaHoop/samples/00968.png 43
ucf/HulaHoop/samples/00969.png 43
ucf/HulaHoop/samples/00970.png 43
ucf/HulaHoop/samples/00971.png 43
ucf/HulaHoop/samples/00972.png 43
ucf/HulaHoop/samples/00973.png 43
ucf/HulaHoop/samples/00974.png 43
ucf/HulaHoop/samples/00975.png 43
ucf/HulaHoop/samples/00976.png 43
ucf/HulaHoop/samples/00977.png 43
ucf/HulaHoop/samples/00978.png 43
ucf/HulaHoop/samples/00979.png 43
ucf/HulaHoop/samples/00980.png 43
ucf/HulaHoop/samples/00981.png 43
ucf/HulaHoop/samples/00982.png 43
ucf/HulaHoop/samples/00983.png 43
ucf/HulaHoop/samples/00984.png 43
ucf/HulaHoop/samples/00985.png 43
ucf/HulaHoop/samples/00986.png 43
ucf/HulaHoop/samples/00987.png 43
ucf/HulaHoop/samples/00988.png 43
ucf/HulaHoop/samples/00989.png 43
ucf/HulaHoop/samples/00990.png 43
ucf/HulaHoop/samples/00991.png 43
ucf/HulaHoop/samples/00992.png 43
ucf/HulaHoop/samples/00993.png 43
ucf/HulaHoop/samples/00994.png 43
ucf/HulaHoop/samples/00995.png 43
ucf/HulaHoop/samples/00996.png 43
ucf/HulaHoop/samples/00997.png 43
ucf/HulaHoop/samples/00998.png 43
ucf/HulaHoop/samples/00999.png 43
ucf/PlayingDaf/samples/00000.png 60
ucf/PlayingDaf/samples/00001.png 60
ucf/PlayingDaf/samples/00002.png 60
ucf/PlayingDaf/samples/00003.png 60
ucf/PlayingDaf/samples/00004.png 60
ucf/PlayingDaf/samples/00005.png 60
ucf/PlayingDaf/samples/00006.png 60
ucf/PlayingDaf/samples/00007.png 60
ucf/PlayingDaf/samples/00008.png 60
ucf/PlayingDaf/samples/00009.png 60
ucf/PlayingDaf/samples/00010.png 60
ucf/PlayingDaf/samples/00011.png 60
ucf/PlayingDaf/samples/00012.png 60
ucf/PlayingDaf/samples/00013.png 60
ucf/PlayingDaf/samples/00014.png 60
ucf/PlayingDaf/samples/00015.png 60
ucf/PlayingDaf/samples/00016.png 60
ucf/PlayingDaf/samples/00017.png 60
ucf/PlayingDaf/samples/00018.png 60
ucf/PlayingDaf/samples/00019.png 60
ucf/PlayingDaf/samples/00020.png 60
ucf/PlayingDaf/samples/00021.png 60
ucf/PlayingDaf/samples/00022.png 60
ucf/PlayingDaf/samples/00023.png 60
ucf/PlayingDaf/samples/00024.png 60
ucf/PlayingDaf/samples/00025.png 60
ucf/PlayingDaf/samples/00026.png 60
ucf/PlayingDaf/samples/00027.png 60
ucf/PlayingDaf/samples/00028.png 60
ucf/PlayingDaf/samples/00029.png 60
ucf/PlayingDaf/samples/00030.png 60
ucf/PlayingDaf/samples/00031.png 60
ucf/PlayingDaf/samples/00032.png 60
ucf/PlayingDaf/samples/00033.png 60
ucf/PlayingDaf/samples/00034.png 60
ucf/PlayingDaf/samples/00035.png 60
ucf/PlayingDaf/samples/00036.png 60
ucf/PlayingDaf/samples/00037.png 60
ucf/PlayingDaf/samples/00038.png 60
ucf/PlayingDaf/samples/00039.png 60
ucf/PlayingDaf/samples/00040.png 60
ucf/PlayingDaf/samples/00041.png 60
ucf/PlayingDaf/samples/00042.png 60
ucf/PlayingDaf/samples/00043.png 60
ucf/PlayingDaf/samples/00044.png 60
ucf/PlayingDaf/samples/00045.png 60
ucf/PlayingDaf/samples/00046.png 60
ucf/PlayingDaf/samples/00047.png 60
ucf/PlayingDaf/samples/00048.png 60
ucf/PlayingDaf/samples/00049.png 60
ucf/PlayingDaf/samples/00050.png 60
ucf/PlayingDaf/samples/00051.png 60
ucf/PlayingDaf/samples/00052.png 60
ucf/PlayingDaf/samples/00053.png 60
ucf/PlayingDaf/samples/00054.png 60
ucf/PlayingDaf/samples/00055.png 60
ucf/PlayingDaf/samples/00056.png 60
ucf/PlayingDaf/samples/00057.png 60
ucf/PlayingDaf/samples/00058.png 60
ucf/PlayingDaf/samples/00059.png 60
ucf/PlayingDaf/samples/00060.png 60
ucf/PlayingDaf/samples/00061.png 60
ucf/PlayingDaf/samples/00062.png 60
ucf/PlayingDaf/samples/00063.png 60
ucf/PlayingDaf/samples/00064.png 60
ucf/PlayingDaf/samples/00065.png 60
ucf/PlayingDaf/samples/00066.png 60
ucf/PlayingDaf/samples/00067.png 60
ucf/PlayingDaf/samples/00068.png 60
ucf/PlayingDaf/samples/00069.png 60
ucf/PlayingDaf/samples/00070.png 60
ucf/PlayingDaf/samples/00071.png 60
ucf/PlayingDaf/samples/00072.png 60
ucf/PlayingDaf/samples/00073.png 60
ucf/PlayingDaf/samples/00074.png 60
ucf/PlayingDaf/samples/00075.png 60
ucf/PlayingDaf/samples/00076.png 60
ucf/PlayingDaf/samples/00077.png 60
ucf/PlayingDaf/samples/00078.png 60
ucf/PlayingDaf/samples/00079.png 60
ucf/PlayingDaf/samples/00080.png 60
ucf/PlayingDaf/samples/00081.png 60
ucf/PlayingDaf/samples/00082.png 60
ucf/PlayingDaf/samples/00083.png 60
ucf/PlayingDaf/samples/00084.png 60
ucf/PlayingDaf/samples/00085.png 60
ucf/PlayingDaf/samples/00086.png 60
ucf/PlayingDaf/samples/00087.png 60
ucf/PlayingDaf/samples/00088.png 60
ucf/PlayingDaf/samples/00089.png 60
ucf/PlayingDaf/samples/00090.png 60
ucf/PlayingDaf/samples/00091.png 60
ucf/PlayingDaf/samples/00092.png 60
ucf/PlayingDaf/samples/00093.png 60
ucf/PlayingDaf/samples/00094.png 60
ucf/PlayingDaf/samples/00095.png 60
ucf/PlayingDaf/samples/00096.png 60
ucf/PlayingDaf/samples/00097.png 60
ucf/PlayingDaf/samples/00098.png 60
ucf/PlayingDaf/samples/00099.png 60
ucf/PlayingDaf/samples/00100.png 60
ucf/PlayingDaf/samples/00101.png 60
ucf/PlayingDaf/samples/00102.png 60
ucf/PlayingDaf/samples/00103.png 60
ucf/PlayingDaf/samples/00104.png 60
ucf/PlayingDaf/samples/00105.png 60
ucf/PlayingDaf/samples/00106.png 60
ucf/PlayingDaf/samples/00107.png 60
ucf/PlayingDaf/samples/00108.png 60
ucf/PlayingDaf/samples/00109.png 60
ucf/PlayingDaf/samples/00110.png 60
ucf/PlayingDaf/samples/00111.png 60
ucf/PlayingDaf/samples/00112.png 60
ucf/PlayingDaf/samples/00113.png 60
ucf/PlayingDaf/samples/00114.png 60
ucf/PlayingDaf/samples/00115.png 60
ucf/PlayingDaf/samples/00116.png 60
ucf/PlayingDaf/samples/00117.png 60
ucf/PlayingDaf/samples/00118.png 60
ucf/PlayingDaf/samples/00119.png 60
ucf/PlayingDaf/samples/00120.png 60
ucf/PlayingDaf/samples/00121.png 60
ucf/PlayingDaf/samples/00122.png 60
ucf/PlayingDaf/samples/00123.png 60
ucf/PlayingDaf/samples/00124.png 60
ucf/PlayingDaf/samples/00125.png 60
ucf/PlayingDaf/samples/00126.png 60
ucf/PlayingDaf/samples/00127.png 60
ucf/PlayingDaf/samples/00128.png 60
ucf/PlayingDaf/samples/00129.png 60
ucf/PlayingDaf/samples/00130.png 60
ucf/PlayingDaf/samples/00131.png 60
ucf/PlayingDaf/samples/00132.png 60
ucf/PlayingDaf/samples/00133.png 60
ucf/PlayingDaf/samples/00134.png 60
ucf/PlayingDaf/samples/00135.png 60
ucf/PlayingDaf/samples/00136.png 60
ucf/PlayingDaf/samples/00137.png 60
ucf/PlayingDaf/samples/00138.png 60
ucf/PlayingDaf/samples/00139.png 60
ucf/PlayingDaf/samples/00140.png 60
ucf/PlayingDaf/samples/00141.png 60
ucf/PlayingDaf/samples/00142.png 60
ucf/PlayingDaf/samples/00143.png 60
ucf/PlayingDaf/samples/00144.png 60
ucf/PlayingDaf/samples/00145.png 60
ucf/PlayingDaf/samples/00146.png 60
ucf/PlayingDaf/samples/00147.png 60
ucf/PlayingDaf/samples/00148.png 60
ucf/PlayingDaf/samples/00149.png 60
ucf/PlayingDaf/samples/00150.png 60
ucf/PlayingDaf/samples/00151.png 60
ucf/PlayingDaf/samples/00152.png 60
ucf/PlayingDaf/samples/00153.png 60
ucf/PlayingDaf/samples/00154.png 60
ucf/PlayingDaf/samples/00155.png 60
ucf/PlayingDaf/samples/00156.png 60
ucf/PlayingDaf/samples/00157.png 60
ucf/PlayingDaf/samples/00158.png 60
ucf/PlayingDaf/samples/00159.png 60
ucf/PlayingDaf/samples/00160.png 60
ucf/PlayingDaf/samples/00161.png 60
ucf/PlayingDaf/samples/00162.png 60
ucf/PlayingDaf/samples/00163.png 60
ucf/PlayingDaf/samples/00164.png 60
ucf/PlayingDaf/samples/00165.png 60
ucf/PlayingDaf/samples/00166.png 60
ucf/PlayingDaf/samples/00167.png 60
ucf/PlayingDaf/samples/00168.png 60
ucf/PlayingDaf/samples/00169.png 60
ucf/PlayingDaf/samples/00170.png 60
ucf/PlayingDaf/samples/00171.png 60
ucf/PlayingDaf/samples/00172.png 60
ucf/PlayingDaf/samples/00173.png 60
ucf/PlayingDaf/samples/00174.png 60
ucf/PlayingDaf/samples/00175.png 60
ucf/PlayingDaf/samples/00176.png 60
ucf/PlayingDaf/samples/00177.png 60
ucf/PlayingDaf/samples/00178.png 60
ucf/PlayingDaf/samples/00179.png 60
ucf/PlayingDaf/samples/00180.png 60
ucf/PlayingDaf/samples/00181.png 60
ucf/PlayingDaf/samples/00182.png 60
ucf/PlayingDaf/samples/00183.png 60
ucf/PlayingDaf/samples/00184.png 60
ucf/PlayingDaf/samples/00185.png 60
ucf/PlayingDaf/samples/00186.png 60
ucf/PlayingDaf/samples/00187.png 60
ucf/PlayingDaf/samples/00188.png 60
ucf/PlayingDaf/samples/00189.png 60
ucf/PlayingDaf/samples/00190.png 60
ucf/PlayingDaf/samples/00191.png 60
ucf/PlayingDaf/samples/00192.png 60
ucf/PlayingDaf/samples/00193.png 60
ucf/PlayingDaf/samples/00194.png 60
ucf/PlayingDaf/samples/00195.png 60
ucf/PlayingDaf/samples/00196.png 60
ucf/PlayingDaf/samples/00197.png 60
ucf/PlayingDaf/samples/00198.png 60
ucf/PlayingDaf/samples/00199.png 60
ucf/PlayingDaf/samples/00200.png 60
ucf/PlayingDaf/samples/00201.png 60
ucf/PlayingDaf/samples/00202.png 60
ucf/PlayingDaf/samples/00203.png 60
ucf/PlayingDaf/samples/00204.png 60
ucf/PlayingDaf/samples/00205.png 60
ucf/PlayingDaf/samples/00206.png 60
ucf/PlayingDaf/samples/00207.png 60
ucf/PlayingDaf/samples/00208.png 60
ucf/PlayingDaf/samples/00209.png 60
ucf/PlayingDaf/samples/00210.png 60
ucf/PlayingDaf/samples/00211.png 60
ucf/PlayingDaf/samples/00212.png 60
ucf/PlayingDaf/samples/00213.png 60
ucf/PlayingDaf/samples/00214.png 60
ucf/PlayingDaf/samples/00215.png 60
ucf/PlayingDaf/samples/00216.png 60
ucf/PlayingDaf/samples/00217.png 60
ucf/PlayingDaf/samples/00218.png 60
ucf/PlayingDaf/samples/00219.png 60
ucf/PlayingDaf/samples/00220.png 60
ucf/PlayingDaf/samples/00221.png 60
ucf/PlayingDaf/samples/00222.png 60
ucf/PlayingDaf/samples/00223.png 60
ucf/PlayingDaf/samples/00224.png 60
ucf/PlayingDaf/samples/00225.png 60
ucf/PlayingDaf/samples/00226.png 60
ucf/PlayingDaf/samples/00227.png 60
ucf/PlayingDaf/samples/00228.png 60
ucf/PlayingDaf/samples/00229.png 60
ucf/PlayingDaf/samples/00230.png 60
ucf/PlayingDaf/samples/00231.png 60
ucf/PlayingDaf/samples/00232.png 60
ucf/PlayingDaf/samples/00233.png 60
ucf/PlayingDaf/samples/00234.png 60
ucf/PlayingDaf/samples/00235.png 60
ucf/PlayingDaf/samples/00236.png 60
ucf/PlayingDaf/samples/00237.png 60
ucf/PlayingDaf/samples/00238.png 60
ucf/PlayingDaf/samples/00239.png 60
ucf/PlayingDaf/samples/00240.png 60
ucf/PlayingDaf/samples/00241.png 60
ucf/PlayingDaf/samples/00242.png 60
ucf/PlayingDaf/samples/00243.png 60
ucf/PlayingDaf/samples/00244.png 60
ucf/PlayingDaf/samples/00245.png 60
ucf/PlayingDaf/samples/00246.png 60
ucf/PlayingDaf/samples/00247.png 60
ucf/PlayingDaf/samples/00248.png 60
ucf/PlayingDaf/samples/00249.png 60
ucf/PlayingDaf/samples/00250.png 60
ucf/PlayingDaf/samples/00251.png 60
ucf/PlayingDaf/samples/00252.png 60
ucf/PlayingDaf/samples/00253.png 60
ucf/PlayingDaf/samples/00254.png 60
ucf/PlayingDaf/samples/00255.png 60
ucf/PlayingDaf/samples/00256.png 60
ucf/PlayingDaf/samples/00257.png 60
ucf/PlayingDaf/samples/00258.png 60
ucf/PlayingDaf/samples/00259.png 60
ucf/PlayingDaf/samples/00260.png 60
ucf/PlayingDaf/samples/00261.png 60
ucf/PlayingDaf/samples/00262.png 60
ucf/PlayingDaf/samples/00263.png 60
ucf/PlayingDaf/samples/00264.png 60
ucf/PlayingDaf/samples/00265.png 60
ucf/PlayingDaf/samples/00266.png 60
ucf/PlayingDaf/samples/00267.png 60
ucf/PlayingDaf/samples/00268.png 60
ucf/PlayingDaf/samples/00269.png 60
ucf/PlayingDaf/samples/00270.png 60
ucf/PlayingDaf/samples/00271.png 60
ucf/PlayingDaf/samples/00272.png 60
ucf/PlayingDaf/samples/00273.png 60
ucf/PlayingDaf/samples/00274.png 60
ucf/PlayingDaf/samples/00275.png 60
ucf/PlayingDaf/samples/00276.png 60
ucf/PlayingDaf/samples/00277.png 60
ucf/PlayingDaf/samples/00278.png 60
ucf/PlayingDaf/samples/00279.png 60
ucf/PlayingDaf/samples/00280.png 60
ucf/PlayingDaf/samples/00281.png 60
ucf/PlayingDaf/samples/00282.png 60
ucf/PlayingDaf/samples/00283.png 60
ucf/PlayingDaf/samples/00284.png 60
ucf/PlayingDaf/samples/00285.png 60
ucf/PlayingDaf/samples/00286.png 60
ucf/PlayingDaf/samples/00287.png 60
ucf/PlayingDaf/samples/00288.png 60
ucf/PlayingDaf/samples/00289.png 60
ucf/PlayingDaf/samples/00290.png 60
ucf/PlayingDaf/samples/00291.png 60
ucf/PlayingDaf/samples/00292.png 60
ucf/PlayingDaf/samples/00293.png 60
ucf/PlayingDaf/samples/00294.png 60
ucf/PlayingDaf/samples/00295.png 60
ucf/PlayingDaf/samples/00296.png 60
ucf/PlayingDaf/samples/00297.png 60
ucf/PlayingDaf/samples/00298.png 60
ucf/PlayingDaf/samples/00299.png 60
ucf/PlayingDaf/samples/00300.png 60
ucf/PlayingDaf/samples/00301.png 60
ucf/PlayingDaf/samples/00302.png 60
ucf/PlayingDaf/samples/00303.png 60
ucf/PlayingDaf/samples/00304.png 60
ucf/PlayingDaf/samples/00305.png 60
ucf/PlayingDaf/samples/00306.png 60
ucf/PlayingDaf/samples/00307.png 60
ucf/PlayingDaf/samples/00308.png 60
ucf/PlayingDaf/samples/00309.png 60
ucf/PlayingDaf/samples/00310.png 60
ucf/PlayingDaf/samples/00311.png 60
ucf/PlayingDaf/samples/00312.png 60
ucf/PlayingDaf/samples/00313.png 60
ucf/PlayingDaf/samples/00314.png 60
ucf/PlayingDaf/samples/00315.png 60
ucf/PlayingDaf/samples/00316.png 60
ucf/PlayingDaf/samples/00317.png 60
ucf/PlayingDaf/samples/00318.png 60
ucf/PlayingDaf/samples/00319.png 60
ucf/PlayingDaf/samples/00320.png 60
ucf/PlayingDaf/samples/00321.png 60
ucf/PlayingDaf/samples/00322.png 60
ucf/PlayingDaf/samples/00323.png 60
ucf/PlayingDaf/samples/00324.png 60
ucf/PlayingDaf/samples/00325.png 60
ucf/PlayingDaf/samples/00326.png 60
ucf/PlayingDaf/samples/00327.png 60
ucf/PlayingDaf/samples/00328.png 60
ucf/PlayingDaf/samples/00329.png 60
ucf/PlayingDaf/samples/00330.png 60
ucf/PlayingDaf/samples/00331.png 60
ucf/PlayingDaf/samples/00332.png 60
ucf/PlayingDaf/samples/00333.png 60
ucf/PlayingDaf/samples/00334.png 60
ucf/PlayingDaf/samples/00335.png 60
ucf/PlayingDaf/samples/00336.png 60
ucf/PlayingDaf/samples/00337.png 60
ucf/PlayingDaf/samples/00338.png 60
ucf/PlayingDaf/samples/00339.png 60
ucf/PlayingDaf/samples/00340.png 60
ucf/PlayingDaf/samples/00341.png 60
ucf/PlayingDaf/samples/00342.png 60
ucf/PlayingDaf/samples/00343.png 60
ucf/PlayingDaf/samples/00344.png 60
ucf/PlayingDaf/samples/00345.png 60
ucf/PlayingDaf/samples/00346.png 60
ucf/PlayingDaf/samples/00347.png 60
ucf/PlayingDaf/samples/00348.png 60
ucf/PlayingDaf/samples/00349.png 60
ucf/PlayingDaf/samples/00350.png 60
ucf/PlayingDaf/samples/00351.png 60
ucf/PlayingDaf/samples/00352.png 60
ucf/PlayingDaf/samples/00353.png 60
ucf/PlayingDaf/samples/00354.png 60
ucf/PlayingDaf/samples/00355.png 60
ucf/PlayingDaf/samples/00356.png 60
ucf/PlayingDaf/samples/00357.png 60
ucf/PlayingDaf/samples/00358.png 60
ucf/PlayingDaf/samples/00359.png 60
ucf/PlayingDaf/samples/00360.png 60
ucf/PlayingDaf/samples/00361.png 60
ucf/PlayingDaf/samples/00362.png 60
ucf/PlayingDaf/samples/00363.png 60
ucf/PlayingDaf/samples/00364.png 60
ucf/PlayingDaf/samples/00365.png 60
ucf/PlayingDaf/samples/00366.png 60
ucf/PlayingDaf/samples/00367.png 60
ucf/PlayingDaf/samples/00368.png 60
ucf/PlayingDaf/samples/00369.png 60
ucf/PlayingDaf/samples/00370.png 60
ucf/PlayingDaf/samples/00371.png 60
ucf/PlayingDaf/samples/00372.png 60
ucf/PlayingDaf/samples/00373.png 60
ucf/PlayingDaf/samples/00374.png 60
ucf/PlayingDaf/samples/00375.png 60
ucf/PlayingDaf/samples/00376.png 60
ucf/PlayingDaf/samples/00377.png 60
ucf/PlayingDaf/samples/00378.png 60
ucf/PlayingDaf/samples/00379.png 60
ucf/PlayingDaf/samples/00380.png 60
ucf/PlayingDaf/samples/00381.png 60
ucf/PlayingDaf/samples/00382.png 60
ucf/PlayingDaf/samples/00383.png 60
ucf/PlayingDaf/samples/00384.png 60
ucf/PlayingDaf/samples/00385.png 60
ucf/PlayingDaf/samples/00386.png 60
ucf/PlayingDaf/samples/00387.png 60
ucf/PlayingDaf/samples/00388.png 60
ucf/PlayingDaf/samples/00389.png 60
ucf/PlayingDaf/samples/00390.png 60
ucf/PlayingDaf/samples/00391.png 60
ucf/PlayingDaf/samples/00392.png 60
ucf/PlayingDaf/samples/00393.png 60
ucf/PlayingDaf/samples/00394.png 60
ucf/PlayingDaf/samples/00395.png 60
ucf/PlayingDaf/samples/00396.png 60
ucf/PlayingDaf/samples/00397.png 60
ucf/PlayingDaf/samples/00398.png 60
ucf/PlayingDaf/samples/00399.png 60
ucf/PlayingDaf/samples/00400.png 60
ucf/PlayingDaf/samples/00401.png 60
ucf/PlayingDaf/samples/00402.png 60
ucf/PlayingDaf/samples/00403.png 60
ucf/PlayingDaf/samples/00404.png 60
ucf/PlayingDaf/samples/00405.png 60
ucf/PlayingDaf/samples/00406.png 60
ucf/PlayingDaf/samples/00407.png 60
ucf/PlayingDaf/samples/00408.png 60
ucf/PlayingDaf/samples/00409.png 60
ucf/PlayingDaf/samples/00410.png 60
ucf/PlayingDaf/samples/00411.png 60
ucf/PlayingDaf/samples/00412.png 60
ucf/PlayingDaf/samples/00413.png 60
ucf/PlayingDaf/samples/00414.png 60
ucf/PlayingDaf/samples/00415.png 60
ucf/PlayingDaf/samples/00416.png 60
ucf/PlayingDaf/samples/00417.png 60
ucf/PlayingDaf/samples/00418.png 60
ucf/PlayingDaf/samples/00419.png 60
ucf/PlayingDaf/samples/00420.png 60
ucf/PlayingDaf/samples/00421.png 60
ucf/PlayingDaf/samples/00422.png 60
ucf/PlayingDaf/samples/00423.png 60
ucf/PlayingDaf/samples/00424.png 60
ucf/PlayingDaf/samples/00425.png 60
ucf/PlayingDaf/samples/00426.png 60
ucf/PlayingDaf/samples/00427.png 60
ucf/PlayingDaf/samples/00428.png 60
ucf/PlayingDaf/samples/00429.png 60
ucf/PlayingDaf/samples/00430.png 60
ucf/PlayingDaf/samples/00431.png 60
ucf/PlayingDaf/samples/00432.png 60
ucf/PlayingDaf/samples/00433.png 60
ucf/PlayingDaf/samples/00434.png 60
ucf/PlayingDaf/samples/00435.png 60
ucf/PlayingDaf/samples/00436.png 60
ucf/PlayingDaf/samples/00437.png 60
ucf/PlayingDaf/samples/00438.png 60
ucf/PlayingDaf/samples/00439.png 60
ucf/PlayingDaf/samples/00440.png 60
ucf/PlayingDaf/samples/00441.png 60
ucf/PlayingDaf/samples/00442.png 60
ucf/PlayingDaf/samples/00443.png 60
ucf/PlayingDaf/samples/00444.png 60
ucf/PlayingDaf/samples/00445.png 60
ucf/PlayingDaf/samples/00446.png 60
ucf/PlayingDaf/samples/00447.png 60
ucf/PlayingDaf/samples/00448.png 60
ucf/PlayingDaf/samples/00449.png 60
ucf/PlayingDaf/samples/00450.png 60
ucf/PlayingDaf/samples/00451.png 60
ucf/PlayingDaf/samples/00452.png 60
ucf/PlayingDaf/samples/00453.png 60
ucf/PlayingDaf/samples/00454.png 60
ucf/PlayingDaf/samples/00455.png 60
ucf/PlayingDaf/samples/00456.png 60
ucf/PlayingDaf/samples/00457.png 60
ucf/PlayingDaf/samples/00458.png 60
ucf/PlayingDaf/samples/00459.png 60
ucf/PlayingDaf/samples/00460.png 60
ucf/PlayingDaf/samples/00461.png 60
ucf/PlayingDaf/samples/00462.png 60
ucf/PlayingDaf/samples/00463.png 60
ucf/PlayingDaf/samples/00464.png 60
ucf/PlayingDaf/samples/00465.png 60
ucf/PlayingDaf/samples/00466.png 60
ucf/PlayingDaf/samples/00467.png 60
ucf/PlayingDaf/samples/00468.png 60
ucf/PlayingDaf/samples/00469.png 60
ucf/PlayingDaf/samples/00470.png 60
ucf/PlayingDaf/samples/00471.png 60
ucf/PlayingDaf/samples/00472.png 60
ucf/PlayingDaf/samples/00473.png 60
ucf/PlayingDaf/samples/00474.png 60
ucf/PlayingDaf/samples/00475.png 60
ucf/PlayingDaf/samples/00476.png 60
ucf/PlayingDaf/samples/00477.png 60
ucf/PlayingDaf/samples/00478.png 60
ucf/PlayingDaf/samples/00479.png 60
ucf/PlayingDaf/samples/00480.png 60
ucf/PlayingDaf/samples/00481.png 60
ucf/PlayingDaf/samples/00482.png 60
ucf/PlayingDaf/samples/00483.png 60
ucf/PlayingDaf/samples/00484.png 60
ucf/PlayingDaf/samples/00485.png 60
ucf/PlayingDaf/samples/00486.png 60
ucf/PlayingDaf/samples/00487.png 60
ucf/PlayingDaf/samples/00488.png 60
ucf/PlayingDaf/samples/00489.png 60
ucf/PlayingDaf/samples/00490.png 60
ucf/PlayingDaf/samples/00491.png 60
ucf/PlayingDaf/samples/00492.png 60
ucf/PlayingDaf/samples/00493.png 60
ucf/PlayingDaf/samples/00494.png 60
ucf/PlayingDaf/samples/00495.png 60
ucf/PlayingDaf/samples/00496.png 60
ucf/PlayingDaf/samples/00497.png 60
ucf/PlayingDaf/samples/00498.png 60
ucf/PlayingDaf/samples/00499.png 60
ucf/PlayingDaf/samples/00500.png 60
ucf/PlayingDaf/samples/00501.png 60
ucf/PlayingDaf/samples/00502.png 60
ucf/PlayingDaf/samples/00503.png 60
ucf/PlayingDaf/samples/00504.png 60
ucf/PlayingDaf/samples/00505.png 60
ucf/PlayingDaf/samples/00506.png 60
ucf/PlayingDaf/samples/00507.png 60
ucf/PlayingDaf/samples/00508.png 60
ucf/PlayingDaf/samples/00509.png 60
ucf/PlayingDaf/samples/00510.png 60
ucf/PlayingDaf/samples/00511.png 60
ucf/PlayingDaf/samples/00512.png 60
ucf/PlayingDaf/samples/00513.png 60
ucf/PlayingDaf/samples/00514.png 60
ucf/PlayingDaf/samples/00515.png 60
ucf/PlayingDaf/samples/00516.png 60
ucf/PlayingDaf/samples/00517.png 60
ucf/PlayingDaf/samples/00518.png 60
ucf/PlayingDaf/samples/00519.png 60
ucf/PlayingDaf/samples/00520.png 60
ucf/PlayingDaf/samples/00521.png 60
ucf/PlayingDaf/samples/00522.png 60
ucf/PlayingDaf/samples/00523.png 60
ucf/PlayingDaf/samples/00524.png 60
ucf/PlayingDaf/samples/00525.png 60
ucf/PlayingDaf/samples/00526.png 60
ucf/PlayingDaf/samples/00527.png 60
ucf/PlayingDaf/samples/00528.png 60
ucf/PlayingDaf/samples/00529.png 60
ucf/PlayingDaf/samples/00530.png 60
ucf/PlayingDaf/samples/00531.png 60
ucf/PlayingDaf/samples/00532.png 60
ucf/PlayingDaf/samples/00533.png 60
ucf/PlayingDaf/samples/00534.png 60
ucf/PlayingDaf/samples/00535.png 60
ucf/PlayingDaf/samples/00536.png 60
ucf/PlayingDaf/samples/00537.png 60
ucf/PlayingDaf/samples/00538.png 60
ucf/PlayingDaf/samples/00539.png 60
ucf/PlayingDaf/samples/00540.png 60
ucf/PlayingDaf/samples/00541.png 60
ucf/PlayingDaf/samples/00542.png 60
ucf/PlayingDaf/samples/00543.png 60
ucf/PlayingDaf/samples/00544.png 60
ucf/PlayingDaf/samples/00545.png 60
ucf/PlayingDaf/samples/00546.png 60
ucf/PlayingDaf/samples/00547.png 60
ucf/PlayingDaf/samples/00548.png 60
ucf/PlayingDaf/samples/00549.png 60
ucf/PlayingDaf/samples/00550.png 60
ucf/PlayingDaf/samples/00551.png 60
ucf/PlayingDaf/samples/00552.png 60
ucf/PlayingDaf/samples/00553.png 60
ucf/PlayingDaf/samples/00554.png 60
ucf/PlayingDaf/samples/00555.png 60
ucf/PlayingDaf/samples/00556.png 60
ucf/PlayingDaf/samples/00557.png 60
ucf/PlayingDaf/samples/00558.png 60
ucf/PlayingDaf/samples/00559.png 60
ucf/PlayingDaf/samples/00560.png 60
ucf/PlayingDaf/samples/00561.png 60
ucf/PlayingDaf/samples/00562.png 60
ucf/PlayingDaf/samples/00563.png 60
ucf/PlayingDaf/samples/00564.png 60
ucf/PlayingDaf/samples/00565.png 60
ucf/PlayingDaf/samples/00566.png 60
ucf/PlayingDaf/samples/00567.png 60
ucf/PlayingDaf/samples/00568.png 60
ucf/PlayingDaf/samples/00569.png 60
ucf/PlayingDaf/samples/00570.png 60
ucf/PlayingDaf/samples/00571.png 60
ucf/PlayingDaf/samples/00572.png 60
ucf/PlayingDaf/samples/00573.png 60
ucf/PlayingDaf/samples/00574.png 60
ucf/PlayingDaf/samples/00575.png 60
ucf/PlayingDaf/samples/00576.png 60
ucf/PlayingDaf/samples/00577.png 60
ucf/PlayingDaf/samples/00578.png 60
ucf/PlayingDaf/samples/00579.png 60
ucf/PlayingDaf/samples/00580.png 60
ucf/PlayingDaf/samples/00581.png 60
ucf/PlayingDaf/samples/00582.png 60
ucf/PlayingDaf/samples/00583.png 60
ucf/PlayingDaf/samples/00584.png 60
ucf/PlayingDaf/samples/00585.png 60
ucf/PlayingDaf/samples/00586.png 60
ucf/PlayingDaf/samples/00587.png 60
ucf/PlayingDaf/samples/00588.png 60
ucf/PlayingDaf/samples/00589.png 60
ucf/PlayingDaf/samples/00590.png 60
ucf/PlayingDaf/samples/00591.png 60
ucf/PlayingDaf/samples/00592.png 60
ucf/PlayingDaf/samples/00593.png 60
ucf/PlayingDaf/samples/00594.png 60
ucf/PlayingDaf/samples/00595.png 60
ucf/PlayingDaf/samples/00596.png 60
ucf/PlayingDaf/samples/00597.png 60
ucf/PlayingDaf/samples/00598.png 60
ucf/PlayingDaf/samples/00599.png 60
ucf/PlayingDaf/samples/00600.png 60
ucf/PlayingDaf/samples/00601.png 60
ucf/PlayingDaf/samples/00602.png 60
ucf/PlayingDaf/samples/00603.png 60
ucf/PlayingDaf/samples/00604.png 60
ucf/PlayingDaf/samples/00605.png 60
ucf/PlayingDaf/samples/00606.png 60
ucf/PlayingDaf/samples/00607.png 60
ucf/PlayingDaf/samples/00608.png 60
ucf/PlayingDaf/samples/00609.png 60
ucf/PlayingDaf/samples/00610.png 60
ucf/PlayingDaf/samples/00611.png 60
ucf/PlayingDaf/samples/00612.png 60
ucf/PlayingDaf/samples/00613.png 60
ucf/PlayingDaf/samples/00614.png 60
ucf/PlayingDaf/samples/00615.png 60
ucf/PlayingDaf/samples/00616.png 60
ucf/PlayingDaf/samples/00617.png 60
ucf/PlayingDaf/samples/00618.png 60
ucf/PlayingDaf/samples/00619.png 60
ucf/PlayingDaf/samples/00620.png 60
ucf/PlayingDaf/samples/00621.png 60
ucf/PlayingDaf/samples/00622.png 60
ucf/PlayingDaf/samples/00623.png 60
ucf/PlayingDaf/samples/00624.png 60
ucf/PlayingDaf/samples/00625.png 60
ucf/PlayingDaf/samples/00626.png 60
ucf/PlayingDaf/samples/00627.png 60
ucf/PlayingDaf/samples/00628.png 60
ucf/PlayingDaf/samples/00629.png 60
ucf/PlayingDaf/samples/00630.png 60
ucf/PlayingDaf/samples/00631.png 60
ucf/PlayingDaf/samples/00632.png 60
ucf/PlayingDaf/samples/00633.png 60
ucf/PlayingDaf/samples/00634.png 60
ucf/PlayingDaf/samples/00635.png 60
ucf/PlayingDaf/samples/00636.png 60
ucf/PlayingDaf/samples/00637.png 60
ucf/PlayingDaf/samples/00638.png 60
ucf/PlayingDaf/samples/00639.png 60
ucf/PlayingDaf/samples/00640.png 60
ucf/PlayingDaf/samples/00641.png 60
ucf/PlayingDaf/samples/00642.png 60
ucf/PlayingDaf/samples/00643.png 60
ucf/PlayingDaf/samples/00644.png 60
ucf/PlayingDaf/samples/00645.png 60
ucf/PlayingDaf/samples/00646.png 60
ucf/PlayingDaf/samples/00647.png 60
ucf/PlayingDaf/samples/00648.png 60
ucf/PlayingDaf/samples/00649.png 60
ucf/PlayingDaf/samples/00650.png 60
ucf/PlayingDaf/samples/00651.png 60
ucf/PlayingDaf/samples/00652.png 60
ucf/PlayingDaf/samples/00653.png 60
ucf/PlayingDaf/samples/00654.png 60
ucf/PlayingDaf/samples/00655.png 60
ucf/PlayingDaf/samples/00656.png 60
ucf/PlayingDaf/samples/00657.png 60
ucf/PlayingDaf/samples/00658.png 60
ucf/PlayingDaf/samples/00659.png 60
ucf/PlayingDaf/samples/00660.png 60
ucf/PlayingDaf/samples/00661.png 60
ucf/PlayingDaf/samples/00662.png 60
ucf/PlayingDaf/samples/00663.png 60
ucf/PlayingDaf/samples/00664.png 60
ucf/PlayingDaf/samples/00665.png 60
ucf/PlayingDaf/samples/00666.png 60
ucf/PlayingDaf/samples/00667.png 60
ucf/PlayingDaf/samples/00668.png 60
ucf/PlayingDaf/samples/00669.png 60
ucf/PlayingDaf/samples/00670.png 60
ucf/PlayingDaf/samples/00671.png 60
ucf/PlayingDaf/samples/00672.png 60
ucf/PlayingDaf/samples/00673.png 60
ucf/PlayingDaf/samples/00674.png 60
ucf/PlayingDaf/samples/00675.png 60
ucf/PlayingDaf/samples/00676.png 60
ucf/PlayingDaf/samples/00677.png 60
ucf/PlayingDaf/samples/00678.png 60
ucf/PlayingDaf/samples/00679.png 60
ucf/PlayingDaf/samples/00680.png 60
ucf/PlayingDaf/samples/00681.png 60
ucf/PlayingDaf/samples/00682.png 60
ucf/PlayingDaf/samples/00683.png 60
ucf/PlayingDaf/samples/00684.png 60
ucf/PlayingDaf/samples/00685.png 60
ucf/PlayingDaf/samples/00686.png 60
ucf/PlayingDaf/samples/00687.png 60
ucf/PlayingDaf/samples/00688.png 60
ucf/PlayingDaf/samples/00689.png 60
ucf/PlayingDaf/samples/00690.png 60
ucf/PlayingDaf/samples/00691.png 60
ucf/PlayingDaf/samples/00692.png 60
ucf/PlayingDaf/samples/00693.png 60
ucf/PlayingDaf/samples/00694.png 60
ucf/PlayingDaf/samples/00695.png 60
ucf/PlayingDaf/samples/00696.png 60
ucf/PlayingDaf/samples/00697.png 60
ucf/PlayingDaf/samples/00698.png 60
ucf/PlayingDaf/samples/00699.png 60
ucf/PlayingDaf/samples/00700.png 60
ucf/PlayingDaf/samples/00701.png 60
ucf/PlayingDaf/samples/00702.png 60
ucf/PlayingDaf/samples/00703.png 60
ucf/PlayingDaf/samples/00704.png 60
ucf/PlayingDaf/samples/00705.png 60
ucf/PlayingDaf/samples/00706.png 60
ucf/PlayingDaf/samples/00707.png 60
ucf/PlayingDaf/samples/00708.png 60
ucf/PlayingDaf/samples/00709.png 60
ucf/PlayingDaf/samples/00710.png 60
ucf/PlayingDaf/samples/00711.png 60
ucf/PlayingDaf/samples/00712.png 60
ucf/PlayingDaf/samples/00713.png 60
ucf/PlayingDaf/samples/00714.png 60
ucf/PlayingDaf/samples/00715.png 60
ucf/PlayingDaf/samples/00716.png 60
ucf/PlayingDaf/samples/00717.png 60
ucf/PlayingDaf/samples/00718.png 60
ucf/PlayingDaf/samples/00719.png 60
ucf/PlayingDaf/samples/00720.png 60
ucf/PlayingDaf/samples/00721.png 60
ucf/PlayingDaf/samples/00722.png 60
ucf/PlayingDaf/samples/00723.png 60
ucf/PlayingDaf/samples/00724.png 60
ucf/PlayingDaf/samples/00725.png 60
ucf/PlayingDaf/samples/00726.png 60
ucf/PlayingDaf/samples/00727.png 60
ucf/PlayingDaf/samples/00728.png 60
ucf/PlayingDaf/samples/00729.png 60
ucf/PlayingDaf/samples/00730.png 60
ucf/PlayingDaf/samples/00731.png 60
ucf/PlayingDaf/samples/00732.png 60
ucf/PlayingDaf/samples/00733.png 60
ucf/PlayingDaf/samples/00734.png 60
ucf/PlayingDaf/samples/00735.png 60
ucf/PlayingDaf/samples/00736.png 60
ucf/PlayingDaf/samples/00737.png 60
ucf/PlayingDaf/samples/00738.png 60
ucf/PlayingDaf/samples/00739.png 60
ucf/PlayingDaf/samples/00740.png 60
ucf/PlayingDaf/samples/00741.png 60
ucf/PlayingDaf/samples/00742.png 60
ucf/PlayingDaf/samples/00743.png 60
ucf/PlayingDaf/samples/00744.png 60
ucf/PlayingDaf/samples/00745.png 60
ucf/PlayingDaf/samples/00746.png 60
ucf/PlayingDaf/samples/00747.png 60
ucf/PlayingDaf/samples/00748.png 60
ucf/PlayingDaf/samples/00749.png 60
ucf/PlayingDaf/samples/00750.png 60
ucf/PlayingDaf/samples/00751.png 60
ucf/PlayingDaf/samples/00752.png 60
ucf/PlayingDaf/samples/00753.png 60
ucf/PlayingDaf/samples/00754.png 60
ucf/PlayingDaf/samples/00755.png 60
ucf/PlayingDaf/samples/00756.png 60
ucf/PlayingDaf/samples/00757.png 60
ucf/PlayingDaf/samples/00758.png 60
ucf/PlayingDaf/samples/00759.png 60
ucf/PlayingDaf/samples/00760.png 60
ucf/PlayingDaf/samples/00761.png 60
ucf/PlayingDaf/samples/00762.png 60
ucf/PlayingDaf/samples/00763.png 60
ucf/PlayingDaf/samples/00764.png 60
ucf/PlayingDaf/samples/00765.png 60
ucf/PlayingDaf/samples/00766.png 60
ucf/PlayingDaf/samples/00767.png 60
ucf/PlayingDaf/samples/00768.png 60
ucf/PlayingDaf/samples/00769.png 60
ucf/PlayingDaf/samples/00770.png 60
ucf/PlayingDaf/samples/00771.png 60
ucf/PlayingDaf/samples/00772.png 60
ucf/PlayingDaf/samples/00773.png 60
ucf/PlayingDaf/samples/00774.png 60
ucf/PlayingDaf/samples/00775.png 60
ucf/PlayingDaf/samples/00776.png 60
ucf/PlayingDaf/samples/00777.png 60
ucf/PlayingDaf/samples/00778.png 60
ucf/PlayingDaf/samples/00779.png 60
ucf/PlayingDaf/samples/00780.png 60
ucf/PlayingDaf/samples/00781.png 60
ucf/PlayingDaf/samples/00782.png 60
ucf/PlayingDaf/samples/00783.png 60
ucf/PlayingDaf/samples/00784.png 60
ucf/PlayingDaf/samples/00785.png 60
ucf/PlayingDaf/samples/00786.png 60
ucf/PlayingDaf/samples/00787.png 60
ucf/PlayingDaf/samples/00788.png 60
ucf/PlayingDaf/samples/00789.png 60
ucf/PlayingDaf/samples/00790.png 60
ucf/PlayingDaf/samples/00791.png 60
ucf/PlayingDaf/samples/00792.png 60
ucf/PlayingDaf/samples/00793.png 60
ucf/PlayingDaf/samples/00794.png 60
ucf/PlayingDaf/samples/00795.png 60
ucf/PlayingDaf/samples/00796.png 60
ucf/PlayingDaf/samples/00797.png 60
ucf/PlayingDaf/samples/00798.png 60
ucf/PlayingDaf/samples/00799.png 60
ucf/PlayingDaf/samples/00800.png 60
ucf/PlayingDaf/samples/00801.png 60
ucf/PlayingDaf/samples/00802.png 60
ucf/PlayingDaf/samples/00803.png 60
ucf/PlayingDaf/samples/00804.png 60
ucf/PlayingDaf/samples/00805.png 60
ucf/PlayingDaf/samples/00806.png 60
ucf/PlayingDaf/samples/00807.png 60
ucf/PlayingDaf/samples/00808.png 60
ucf/PlayingDaf/samples/00809.png 60
ucf/PlayingDaf/samples/00810.png 60
ucf/PlayingDaf/samples/00811.png 60
ucf/PlayingDaf/samples/00812.png 60
ucf/PlayingDaf/samples/00813.png 60
ucf/PlayingDaf/samples/00814.png 60
ucf/PlayingDaf/samples/00815.png 60
ucf/PlayingDaf/samples/00816.png 60
ucf/PlayingDaf/samples/00817.png 60
ucf/PlayingDaf/samples/00818.png 60
ucf/PlayingDaf/samples/00819.png 60
ucf/PlayingDaf/samples/00820.png 60
ucf/PlayingDaf/samples/00821.png 60
ucf/PlayingDaf/samples/00822.png 60
ucf/PlayingDaf/samples/00823.png 60
ucf/PlayingDaf/samples/00824.png 60
ucf/PlayingDaf/samples/00825.png 60
ucf/PlayingDaf/samples/00826.png 60
ucf/PlayingDaf/samples/00827.png 60
ucf/PlayingDaf/samples/00828.png 60
ucf/PlayingDaf/samples/00829.png 60
ucf/PlayingDaf/samples/00830.png 60
ucf/PlayingDaf/samples/00831.png 60
ucf/PlayingDaf/samples/00832.png 60
ucf/PlayingDaf/samples/00833.png 60
ucf/PlayingDaf/samples/00834.png 60
ucf/PlayingDaf/samples/00835.png 60
ucf/PlayingDaf/samples/00836.png 60
ucf/PlayingDaf/samples/00837.png 60
ucf/PlayingDaf/samples/00838.png 60
ucf/PlayingDaf/samples/00839.png 60
ucf/PlayingDaf/samples/00840.png 60
ucf/PlayingDaf/samples/00841.png 60
ucf/PlayingDaf/samples/00842.png 60
ucf/PlayingDaf/samples/00843.png 60
ucf/PlayingDaf/samples/00844.png 60
ucf/PlayingDaf/samples/00845.png 60
ucf/PlayingDaf/samples/00846.png 60
ucf/PlayingDaf/samples/00847.png 60
ucf/PlayingDaf/samples/00848.png 60
ucf/PlayingDaf/samples/00849.png 60
ucf/PlayingDaf/samples/00850.png 60
ucf/PlayingDaf/samples/00851.png 60
ucf/PlayingDaf/samples/00852.png 60
ucf/PlayingDaf/samples/00853.png 60
ucf/PlayingDaf/samples/00854.png 60
ucf/PlayingDaf/samples/00855.png 60
ucf/PlayingDaf/samples/00856.png 60
ucf/PlayingDaf/samples/00857.png 60
ucf/PlayingDaf/samples/00858.png 60
ucf/PlayingDaf/samples/00859.png 60
ucf/PlayingDaf/samples/00860.png 60
ucf/PlayingDaf/samples/00861.png 60
ucf/PlayingDaf/samples/00862.png 60
ucf/PlayingDaf/samples/00863.png 60
ucf/PlayingDaf/samples/00864.png 60
ucf/PlayingDaf/samples/00865.png 60
ucf/PlayingDaf/samples/00866.png 60
ucf/PlayingDaf/samples/00867.png 60
ucf/PlayingDaf/samples/00868.png 60
ucf/PlayingDaf/samples/00869.png 60
ucf/PlayingDaf/samples/00870.png 60
ucf/PlayingDaf/samples/00871.png 60
ucf/PlayingDaf/samples/00872.png 60
ucf/PlayingDaf/samples/00873.png 60
ucf/PlayingDaf/samples/00874.png 60
ucf/PlayingDaf/samples/00875.png 60
ucf/PlayingDaf/samples/00876.png 60
ucf/PlayingDaf/samples/00877.png 60
ucf/PlayingDaf/samples/00878.png 60
ucf/PlayingDaf/samples/00879.png 60
ucf/PlayingDaf/samples/00880.png 60
ucf/PlayingDaf/samples/00881.png 60
ucf/PlayingDaf/samples/00882.png 60
ucf/PlayingDaf/samples/00883.png 60
ucf/PlayingDaf/samples/00884.png 60
ucf/PlayingDaf/samples/00885.png 60
ucf/PlayingDaf/samples/00886.png 60
ucf/PlayingDaf/samples/00887.png 60
ucf/PlayingDaf/samples/00888.png 60
ucf/PlayingDaf/samples/00889.png 60
ucf/PlayingDaf/samples/00890.png 60
ucf/PlayingDaf/samples/00891.png 60
ucf/PlayingDaf/samples/00892.png 60
ucf/PlayingDaf/samples/00893.png 60
ucf/PlayingDaf/samples/00894.png 60
ucf/PlayingDaf/samples/00895.png 60
ucf/PlayingDaf/samples/00896.png 60
ucf/PlayingDaf/samples/00897.png 60
ucf/PlayingDaf/samples/00898.png 60
ucf/PlayingDaf/samples/00899.png 60
ucf/PlayingDaf/samples/00900.png 60
ucf/PlayingDaf/samples/00901.png 60
ucf/PlayingDaf/samples/00902.png 60
ucf/PlayingDaf/samples/00903.png 60
ucf/PlayingDaf/samples/00904.png 60
ucf/PlayingDaf/samples/00905.png 60
ucf/PlayingDaf/samples/00906.png 60
ucf/PlayingDaf/samples/00907.png 60
ucf/PlayingDaf/samples/00908.png 60
ucf/PlayingDaf/samples/00909.png 60
ucf/PlayingDaf/samples/00910.png 60
ucf/PlayingDaf/samples/00911.png 60
ucf/PlayingDaf/samples/00912.png 60
ucf/PlayingDaf/samples/00913.png 60
ucf/PlayingDaf/samples/00914.png 60
ucf/PlayingDaf/samples/00915.png 60
ucf/PlayingDaf/samples/00916.png 60
ucf/PlayingDaf/samples/00917.png 60
ucf/PlayingDaf/samples/00918.png 60
ucf/PlayingDaf/samples/00919.png 60
ucf/PlayingDaf/samples/00920.png 60
ucf/PlayingDaf/samples/00921.png 60
ucf/PlayingDaf/samples/00922.png 60
ucf/PlayingDaf/samples/00923.png 60
ucf/PlayingDaf/samples/00924.png 60
ucf/PlayingDaf/samples/00925.png 60
ucf/PlayingDaf/samples/00926.png 60
ucf/PlayingDaf/samples/00927.png 60
ucf/PlayingDaf/samples/00928.png 60
ucf/PlayingDaf/samples/00929.png 60
ucf/PlayingDaf/samples/00930.png 60
ucf/PlayingDaf/samples/00931.png 60
ucf/PlayingDaf/samples/00932.png 60
ucf/PlayingDaf/samples/00933.png 60
ucf/PlayingDaf/samples/00934.png 60
ucf/PlayingDaf/samples/00935.png 60
ucf/PlayingDaf/samples/00936.png 60
ucf/PlayingDaf/samples/00937.png 60
ucf/PlayingDaf/samples/00938.png 60
ucf/PlayingDaf/samples/00939.png 60
ucf/PlayingDaf/samples/00940.png 60
ucf/PlayingDaf/samples/00941.png 60
ucf/PlayingDaf/samples/00942.png 60
ucf/PlayingDaf/samples/00943.png 60
ucf/PlayingDaf/samples/00944.png 60
ucf/PlayingDaf/samples/00945.png 60
ucf/PlayingDaf/samples/00946.png 60
ucf/PlayingDaf/samples/00947.png 60
ucf/PlayingDaf/samples/00948.png 60
ucf/PlayingDaf/samples/00949.png 60
ucf/PlayingDaf/samples/00950.png 60
ucf/PlayingDaf/samples/00951.png 60
ucf/PlayingDaf/samples/00952.png 60
ucf/PlayingDaf/samples/00953.png 60
ucf/PlayingDaf/samples/00954.png 60
ucf/PlayingDaf/samples/00955.png 60
ucf/PlayingDaf/samples/00956.png 60
ucf/PlayingDaf/samples/00957.png 60
ucf/PlayingDaf/samples/00958.png 60
ucf/PlayingDaf/samples/00959.png 60
ucf/PlayingDaf/samples/00960.png 60
ucf/PlayingDaf/samples/00961.png 60
ucf/PlayingDaf/samples/00962.png 60
ucf/PlayingDaf/samples/00963.png 60
ucf/PlayingDaf/samples/00964.png 60
ucf/PlayingDaf/samples/00965.png 60
ucf/PlayingDaf/samples/00966.png 60
ucf/PlayingDaf/samples/00967.png 60
ucf/PlayingDaf/samples/00968.png 60
ucf/PlayingDaf/samples/00969.png 60
ucf/PlayingDaf/samples/00970.png 60
ucf/PlayingDaf/samples/00971.png 60
ucf/PlayingDaf/samples/00972.png 60
ucf/PlayingDaf/samples/00973.png 60
ucf/PlayingDaf/samples/00974.png 60
ucf/PlayingDaf/samples/00975.png 60
ucf/PlayingDaf/samples/00976.png 60
ucf/PlayingDaf/samples/00977.png 60
ucf/PlayingDaf/samples/00978.png 60
ucf/PlayingDaf/samples/00979.png 60
ucf/PlayingDaf/samples/00980.png 60
ucf/PlayingDaf/samples/00981.png 60
ucf/PlayingDaf/samples/00982.png 60
ucf/PlayingDaf/samples/00983.png 60
ucf/PlayingDaf/samples/00984.png 60
ucf/PlayingDaf/samples/00985.png 60
ucf/PlayingDaf/samples/00986.png 60
ucf/PlayingDaf/samples/00987.png 60
ucf/PlayingDaf/samples/00988.png 60
ucf/PlayingDaf/samples/00989.png 60
ucf/PlayingDaf/samples/00990.png 60
ucf/PlayingDaf/samples/00991.png 60
ucf/PlayingDaf/samples/00992.png 60
ucf/PlayingDaf/samples/00993.png 60
ucf/PlayingDaf/samples/00994.png 60
ucf/PlayingDaf/samples/00995.png 60
ucf/PlayingDaf/samples/00996.png 60
ucf/PlayingDaf/samples/00997.png 60
ucf/PlayingDaf/samples/00998.png 60
ucf/PlayingDaf/samples/00999.png 60
ucf/JumpRope/samples/00000.png 48
ucf/JumpRope/samples/00001.png 48
ucf/JumpRope/samples/00002.png 48
ucf/JumpRope/samples/00003.png 48
ucf/JumpRope/samples/00004.png 48
ucf/JumpRope/samples/00005.png 48
ucf/JumpRope/samples/00006.png 48
ucf/JumpRope/samples/00007.png 48
ucf/JumpRope/samples/00008.png 48
ucf/JumpRope/samples/00009.png 48
ucf/JumpRope/samples/00010.png 48
ucf/JumpRope/samples/00011.png 48
ucf/JumpRope/samples/00012.png 48
ucf/JumpRope/samples/00013.png 48
ucf/JumpRope/samples/00014.png 48
ucf/JumpRope/samples/00015.png 48
ucf/JumpRope/samples/00016.png 48
ucf/JumpRope/samples/00017.png 48
ucf/JumpRope/samples/00018.png 48
ucf/JumpRope/samples/00019.png 48
ucf/JumpRope/samples/00020.png 48
ucf/JumpRope/samples/00021.png 48
ucf/JumpRope/samples/00022.png 48
ucf/JumpRope/samples/00023.png 48
ucf/JumpRope/samples/00024.png 48
ucf/JumpRope/samples/00025.png 48
ucf/JumpRope/samples/00026.png 48
ucf/JumpRope/samples/00027.png 48
ucf/JumpRope/samples/00028.png 48
ucf/JumpRope/samples/00029.png 48
ucf/JumpRope/samples/00030.png 48
ucf/JumpRope/samples/00031.png 48
ucf/JumpRope/samples/00032.png 48
ucf/JumpRope/samples/00033.png 48
ucf/JumpRope/samples/00034.png 48
ucf/JumpRope/samples/00035.png 48
ucf/JumpRope/samples/00036.png 48
ucf/JumpRope/samples/00037.png 48
ucf/JumpRope/samples/00038.png 48
ucf/JumpRope/samples/00039.png 48
ucf/JumpRope/samples/00040.png 48
ucf/JumpRope/samples/00041.png 48
ucf/JumpRope/samples/00042.png 48
ucf/JumpRope/samples/00043.png 48
ucf/JumpRope/samples/00044.png 48
ucf/JumpRope/samples/00045.png 48
ucf/JumpRope/samples/00046.png 48
ucf/JumpRope/samples/00047.png 48
ucf/JumpRope/samples/00048.png 48
ucf/JumpRope/samples/00049.png 48
ucf/JumpRope/samples/00050.png 48
ucf/JumpRope/samples/00051.png 48
ucf/JumpRope/samples/00052.png 48
ucf/JumpRope/samples/00053.png 48
ucf/JumpRope/samples/00054.png 48
ucf/JumpRope/samples/00055.png 48
ucf/JumpRope/samples/00056.png 48
ucf/JumpRope/samples/00057.png 48
ucf/JumpRope/samples/00058.png 48
ucf/JumpRope/samples/00059.png 48
ucf/JumpRope/samples/00060.png 48
ucf/JumpRope/samples/00061.png 48
ucf/JumpRope/samples/00062.png 48
ucf/JumpRope/samples/00063.png 48
ucf/JumpRope/samples/00064.png 48
ucf/JumpRope/samples/00065.png 48
ucf/JumpRope/samples/00066.png 48
ucf/JumpRope/samples/00067.png 48
ucf/JumpRope/samples/00068.png 48
ucf/JumpRope/samples/00069.png 48
ucf/JumpRope/samples/00070.png 48
ucf/JumpRope/samples/00071.png 48
ucf/JumpRope/samples/00072.png 48
ucf/JumpRope/samples/00073.png 48
ucf/JumpRope/samples/00074.png 48
ucf/JumpRope/samples/00075.png 48
ucf/JumpRope/samples/00076.png 48
ucf/JumpRope/samples/00077.png 48
ucf/JumpRope/samples/00078.png 48
ucf/JumpRope/samples/00079.png 48
ucf/JumpRope/samples/00080.png 48
ucf/JumpRope/samples/00081.png 48
ucf/JumpRope/samples/00082.png 48
ucf/JumpRope/samples/00083.png 48
ucf/JumpRope/samples/00084.png 48
ucf/JumpRope/samples/00085.png 48
ucf/JumpRope/samples/00086.png 48
ucf/JumpRope/samples/00087.png 48
ucf/JumpRope/samples/00088.png 48
ucf/JumpRope/samples/00089.png 48
ucf/JumpRope/samples/00090.png 48
ucf/JumpRope/samples/00091.png 48
ucf/JumpRope/samples/00092.png 48
ucf/JumpRope/samples/00093.png 48
ucf/JumpRope/samples/00094.png 48
ucf/JumpRope/samples/00095.png 48
ucf/JumpRope/samples/00096.png 48
ucf/JumpRope/samples/00097.png 48
ucf/JumpRope/samples/00098.png 48
ucf/JumpRope/samples/00099.png 48
ucf/JumpRope/samples/00100.png 48
ucf/JumpRope/samples/00101.png 48
ucf/JumpRope/samples/00102.png 48
ucf/JumpRope/samples/00103.png 48
ucf/JumpRope/samples/00104.png 48
ucf/JumpRope/samples/00105.png 48
ucf/JumpRope/samples/00106.png 48
ucf/JumpRope/samples/00107.png 48
ucf/JumpRope/samples/00108.png 48
ucf/JumpRope/samples/00109.png 48
ucf/JumpRope/samples/00110.png 48
ucf/JumpRope/samples/00111.png 48
ucf/JumpRope/samples/00112.png 48
ucf/JumpRope/samples/00113.png 48
ucf/JumpRope/samples/00114.png 48
ucf/JumpRope/samples/00115.png 48
ucf/JumpRope/samples/00116.png 48
ucf/JumpRope/samples/00117.png 48
ucf/JumpRope/samples/00118.png 48
ucf/JumpRope/samples/00119.png 48
ucf/JumpRope/samples/00120.png 48
ucf/JumpRope/samples/00121.png 48
ucf/JumpRope/samples/00122.png 48
ucf/JumpRope/samples/00123.png 48
ucf/JumpRope/samples/00124.png 48
ucf/JumpRope/samples/00125.png 48
ucf/JumpRope/samples/00126.png 48
ucf/JumpRope/samples/00127.png 48
ucf/JumpRope/samples/00128.png 48
ucf/JumpRope/samples/00129.png 48
ucf/JumpRope/samples/00130.png 48
ucf/JumpRope/samples/00131.png 48
ucf/JumpRope/samples/00132.png 48
ucf/JumpRope/samples/00133.png 48
ucf/JumpRope/samples/00134.png 48
ucf/JumpRope/samples/00135.png 48
ucf/JumpRope/samples/00136.png 48
ucf/JumpRope/samples/00137.png 48
ucf/JumpRope/samples/00138.png 48
ucf/JumpRope/samples/00139.png 48
ucf/JumpRope/samples/00140.png 48
ucf/JumpRope/samples/00141.png 48
ucf/JumpRope/samples/00142.png 48
ucf/JumpRope/samples/00143.png 48
ucf/JumpRope/samples/00144.png 48
ucf/JumpRope/samples/00145.png 48
ucf/JumpRope/samples/00146.png 48
ucf/JumpRope/samples/00147.png 48
ucf/JumpRope/samples/00148.png 48
ucf/JumpRope/samples/00149.png 48
ucf/JumpRope/samples/00150.png 48
ucf/JumpRope/samples/00151.png 48
ucf/JumpRope/samples/00152.png 48
ucf/JumpRope/samples/00153.png 48
ucf/JumpRope/samples/00154.png 48
ucf/JumpRope/samples/00155.png 48
ucf/JumpRope/samples/00156.png 48
ucf/JumpRope/samples/00157.png 48
ucf/JumpRope/samples/00158.png 48
ucf/JumpRope/samples/00159.png 48
ucf/JumpRope/samples/00160.png 48
ucf/JumpRope/samples/00161.png 48
ucf/JumpRope/samples/00162.png 48
ucf/JumpRope/samples/00163.png 48
ucf/JumpRope/samples/00164.png 48
ucf/JumpRope/samples/00165.png 48
ucf/JumpRope/samples/00166.png 48
ucf/JumpRope/samples/00167.png 48
ucf/JumpRope/samples/00168.png 48
ucf/JumpRope/samples/00169.png 48
ucf/JumpRope/samples/00170.png 48
ucf/JumpRope/samples/00171.png 48
ucf/JumpRope/samples/00172.png 48
ucf/JumpRope/samples/00173.png 48
ucf/JumpRope/samples/00174.png 48
ucf/JumpRope/samples/00175.png 48
ucf/JumpRope/samples/00176.png 48
ucf/JumpRope/samples/00177.png 48
ucf/JumpRope/samples/00178.png 48
ucf/JumpRope/samples/00179.png 48
ucf/JumpRope/samples/00180.png 48
ucf/JumpRope/samples/00181.png 48
ucf/JumpRope/samples/00182.png 48
ucf/JumpRope/samples/00183.png 48
ucf/JumpRope/samples/00184.png 48
ucf/JumpRope/samples/00185.png 48
ucf/JumpRope/samples/00186.png 48
ucf/JumpRope/samples/00187.png 48
ucf/JumpRope/samples/00188.png 48
ucf/JumpRope/samples/00189.png 48
ucf/JumpRope/samples/00190.png 48
ucf/JumpRope/samples/00191.png 48
ucf/JumpRope/samples/00192.png 48
ucf/JumpRope/samples/00193.png 48
ucf/JumpRope/samples/00194.png 48
ucf/JumpRope/samples/00195.png 48
ucf/JumpRope/samples/00196.png 48
ucf/JumpRope/samples/00197.png 48
ucf/JumpRope/samples/00198.png 48
ucf/JumpRope/samples/00199.png 48
ucf/JumpRope/samples/00200.png 48
ucf/JumpRope/samples/00201.png 48
ucf/JumpRope/samples/00202.png 48
ucf/JumpRope/samples/00203.png 48
ucf/JumpRope/samples/00204.png 48
ucf/JumpRope/samples/00205.png 48
ucf/JumpRope/samples/00206.png 48
ucf/JumpRope/samples/00207.png 48
ucf/JumpRope/samples/00208.png 48
ucf/JumpRope/samples/00209.png 48
ucf/JumpRope/samples/00210.png 48
ucf/JumpRope/samples/00211.png 48
ucf/JumpRope/samples/00212.png 48
ucf/JumpRope/samples/00213.png 48
ucf/JumpRope/samples/00214.png 48
ucf/JumpRope/samples/00215.png 48
ucf/JumpRope/samples/00216.png 48
ucf/JumpRope/samples/00217.png 48
ucf/JumpRope/samples/00218.png 48
ucf/JumpRope/samples/00219.png 48
ucf/JumpRope/samples/00220.png 48
ucf/JumpRope/samples/00221.png 48
ucf/JumpRope/samples/00222.png 48
ucf/JumpRope/samples/00223.png 48
ucf/JumpRope/samples/00224.png 48
ucf/JumpRope/samples/00225.png 48
ucf/JumpRope/samples/00226.png 48
ucf/JumpRope/samples/00227.png 48
ucf/JumpRope/samples/00228.png 48
ucf/JumpRope/samples/00229.png 48
ucf/JumpRope/samples/00230.png 48
ucf/JumpRope/samples/00231.png 48
ucf/JumpRope/samples/00232.png 48
ucf/JumpRope/samples/00233.png 48
ucf/JumpRope/samples/00234.png 48
ucf/JumpRope/samples/00235.png 48
ucf/JumpRope/samples/00236.png 48
ucf/JumpRope/samples/00237.png 48
ucf/JumpRope/samples/00238.png 48
ucf/JumpRope/samples/00239.png 48
ucf/JumpRope/samples/00240.png 48
ucf/JumpRope/samples/00241.png 48
ucf/JumpRope/samples/00242.png 48
ucf/JumpRope/samples/00243.png 48
ucf/JumpRope/samples/00244.png 48
ucf/JumpRope/samples/00245.png 48
ucf/JumpRope/samples/00246.png 48
ucf/JumpRope/samples/00247.png 48
ucf/JumpRope/samples/00248.png 48
ucf/JumpRope/samples/00249.png 48
ucf/JumpRope/samples/00250.png 48
ucf/JumpRope/samples/00251.png 48
ucf/JumpRope/samples/00252.png 48
ucf/JumpRope/samples/00253.png 48
ucf/JumpRope/samples/00254.png 48
ucf/JumpRope/samples/00255.png 48
ucf/JumpRope/samples/00256.png 48
ucf/JumpRope/samples/00257.png 48
ucf/JumpRope/samples/00258.png 48
ucf/JumpRope/samples/00259.png 48
ucf/JumpRope/samples/00260.png 48
ucf/JumpRope/samples/00261.png 48
ucf/JumpRope/samples/00262.png 48
ucf/JumpRope/samples/00263.png 48
ucf/JumpRope/samples/00264.png 48
ucf/JumpRope/samples/00265.png 48
ucf/JumpRope/samples/00266.png 48
ucf/JumpRope/samples/00267.png 48
ucf/JumpRope/samples/00268.png 48
ucf/JumpRope/samples/00269.png 48
ucf/JumpRope/samples/00270.png 48
ucf/JumpRope/samples/00271.png 48
ucf/JumpRope/samples/00272.png 48
ucf/JumpRope/samples/00273.png 48
ucf/JumpRope/samples/00274.png 48
ucf/JumpRope/samples/00275.png 48
ucf/JumpRope/samples/00276.png 48
ucf/JumpRope/samples/00277.png 48
ucf/JumpRope/samples/00278.png 48
ucf/JumpRope/samples/00279.png 48
ucf/JumpRope/samples/00280.png 48
ucf/JumpRope/samples/00281.png 48
ucf/JumpRope/samples/00282.png 48
ucf/JumpRope/samples/00283.png 48
ucf/JumpRope/samples/00284.png 48
ucf/JumpRope/samples/00285.png 48
ucf/JumpRope/samples/00286.png 48
ucf/JumpRope/samples/00287.png 48
ucf/JumpRope/samples/00288.png 48
ucf/JumpRope/samples/00289.png 48
ucf/JumpRope/samples/00290.png 48
ucf/JumpRope/samples/00291.png 48
ucf/JumpRope/samples/00292.png 48
ucf/JumpRope/samples/00293.png 48
ucf/JumpRope/samples/00294.png 48
ucf/JumpRope/samples/00295.png 48
ucf/JumpRope/samples/00296.png 48
ucf/JumpRope/samples/00297.png 48
ucf/JumpRope/samples/00298.png 48
ucf/JumpRope/samples/00299.png 48
ucf/JumpRope/samples/00300.png 48
ucf/JumpRope/samples/00301.png 48
ucf/JumpRope/samples/00302.png 48
ucf/JumpRope/samples/00303.png 48
ucf/JumpRope/samples/00304.png 48
ucf/JumpRope/samples/00305.png 48
ucf/JumpRope/samples/00306.png 48
ucf/JumpRope/samples/00307.png 48
ucf/JumpRope/samples/00308.png 48
ucf/JumpRope/samples/00309.png 48
ucf/JumpRope/samples/00310.png 48
ucf/JumpRope/samples/00311.png 48
ucf/JumpRope/samples/00312.png 48
ucf/JumpRope/samples/00313.png 48
ucf/JumpRope/samples/00314.png 48
ucf/JumpRope/samples/00315.png 48
ucf/JumpRope/samples/00316.png 48
ucf/JumpRope/samples/00317.png 48
ucf/JumpRope/samples/00318.png 48
ucf/JumpRope/samples/00319.png 48
ucf/JumpRope/samples/00320.png 48
ucf/JumpRope/samples/00321.png 48
ucf/JumpRope/samples/00322.png 48
ucf/JumpRope/samples/00323.png 48
ucf/JumpRope/samples/00324.png 48
ucf/JumpRope/samples/00325.png 48
ucf/JumpRope/samples/00326.png 48
ucf/JumpRope/samples/00327.png 48
ucf/JumpRope/samples/00328.png 48
ucf/JumpRope/samples/00329.png 48
ucf/JumpRope/samples/00330.png 48
ucf/JumpRope/samples/00331.png 48
ucf/JumpRope/samples/00332.png 48
ucf/JumpRope/samples/00333.png 48
ucf/JumpRope/samples/00334.png 48
ucf/JumpRope/samples/00335.png 48
ucf/JumpRope/samples/00336.png 48
ucf/JumpRope/samples/00337.png 48
ucf/JumpRope/samples/00338.png 48
ucf/JumpRope/samples/00339.png 48
ucf/JumpRope/samples/00340.png 48
ucf/JumpRope/samples/00341.png 48
ucf/JumpRope/samples/00342.png 48
ucf/JumpRope/samples/00343.png 48
ucf/JumpRope/samples/00344.png 48
ucf/JumpRope/samples/00345.png 48
ucf/JumpRope/samples/00346.png 48
ucf/JumpRope/samples/00347.png 48
ucf/JumpRope/samples/00348.png 48
ucf/JumpRope/samples/00349.png 48
ucf/JumpRope/samples/00350.png 48
ucf/JumpRope/samples/00351.png 48
ucf/JumpRope/samples/00352.png 48
ucf/JumpRope/samples/00353.png 48
ucf/JumpRope/samples/00354.png 48
ucf/JumpRope/samples/00355.png 48
ucf/JumpRope/samples/00356.png 48
ucf/JumpRope/samples/00357.png 48
ucf/JumpRope/samples/00358.png 48
ucf/JumpRope/samples/00359.png 48
ucf/JumpRope/samples/00360.png 48
ucf/JumpRope/samples/00361.png 48
ucf/JumpRope/samples/00362.png 48
ucf/JumpRope/samples/00363.png 48
ucf/JumpRope/samples/00364.png 48
ucf/JumpRope/samples/00365.png 48
ucf/JumpRope/samples/00366.png 48
ucf/JumpRope/samples/00367.png 48
ucf/JumpRope/samples/00368.png 48
ucf/JumpRope/samples/00369.png 48
ucf/JumpRope/samples/00370.png 48
ucf/JumpRope/samples/00371.png 48
ucf/JumpRope/samples/00372.png 48
ucf/JumpRope/samples/00373.png 48
ucf/JumpRope/samples/00374.png 48
ucf/JumpRope/samples/00375.png 48
ucf/JumpRope/samples/00376.png 48
ucf/JumpRope/samples/00377.png 48
ucf/JumpRope/samples/00378.png 48
ucf/JumpRope/samples/00379.png 48
ucf/JumpRope/samples/00380.png 48
ucf/JumpRope/samples/00381.png 48
ucf/JumpRope/samples/00382.png 48
ucf/JumpRope/samples/00383.png 48
ucf/JumpRope/samples/00384.png 48
ucf/JumpRope/samples/00385.png 48
ucf/JumpRope/samples/00386.png 48
ucf/JumpRope/samples/00387.png 48
ucf/JumpRope/samples/00388.png 48
ucf/JumpRope/samples/00389.png 48
ucf/JumpRope/samples/00390.png 48
ucf/JumpRope/samples/00391.png 48
ucf/JumpRope/samples/00392.png 48
ucf/JumpRope/samples/00393.png 48
ucf/JumpRope/samples/00394.png 48
ucf/JumpRope/samples/00395.png 48
ucf/JumpRope/samples/00396.png 48
ucf/JumpRope/samples/00397.png 48
ucf/JumpRope/samples/00398.png 48
ucf/JumpRope/samples/00399.png 48
ucf/JumpRope/samples/00400.png 48
ucf/JumpRope/samples/00401.png 48
ucf/JumpRope/samples/00402.png 48
ucf/JumpRope/samples/00403.png 48
ucf/JumpRope/samples/00404.png 48
ucf/JumpRope/samples/00405.png 48
ucf/JumpRope/samples/00406.png 48
ucf/JumpRope/samples/00407.png 48
ucf/JumpRope/samples/00408.png 48
ucf/JumpRope/samples/00409.png 48
ucf/JumpRope/samples/00410.png 48
ucf/JumpRope/samples/00411.png 48
ucf/JumpRope/samples/00412.png 48
ucf/JumpRope/samples/00413.png 48
ucf/JumpRope/samples/00414.png 48
ucf/JumpRope/samples/00415.png 48
ucf/JumpRope/samples/00416.png 48
ucf/JumpRope/samples/00417.png 48
ucf/JumpRope/samples/00418.png 48
ucf/JumpRope/samples/00419.png 48
ucf/JumpRope/samples/00420.png 48
ucf/JumpRope/samples/00421.png 48
ucf/JumpRope/samples/00422.png 48
ucf/JumpRope/samples/00423.png 48
ucf/JumpRope/samples/00424.png 48
ucf/JumpRope/samples/00425.png 48
ucf/JumpRope/samples/00426.png 48
ucf/JumpRope/samples/00427.png 48
ucf/JumpRope/samples/00428.png 48
ucf/JumpRope/samples/00429.png 48
ucf/JumpRope/samples/00430.png 48
ucf/JumpRope/samples/00431.png 48
ucf/JumpRope/samples/00432.png 48
ucf/JumpRope/samples/00433.png 48
ucf/JumpRope/samples/00434.png 48
ucf/JumpRope/samples/00435.png 48
ucf/JumpRope/samples/00436.png 48
ucf/JumpRope/samples/00437.png 48
ucf/JumpRope/samples/00438.png 48
ucf/JumpRope/samples/00439.png 48
ucf/JumpRope/samples/00440.png 48
ucf/JumpRope/samples/00441.png 48
ucf/JumpRope/samples/00442.png 48
ucf/JumpRope/samples/00443.png 48
ucf/JumpRope/samples/00444.png 48
ucf/JumpRope/samples/00445.png 48
ucf/JumpRope/samples/00446.png 48
ucf/JumpRope/samples/00447.png 48
ucf/JumpRope/samples/00448.png 48
ucf/JumpRope/samples/00449.png 48
ucf/JumpRope/samples/00450.png 48
ucf/JumpRope/samples/00451.png 48
ucf/JumpRope/samples/00452.png 48
ucf/JumpRope/samples/00453.png 48
ucf/JumpRope/samples/00454.png 48
ucf/JumpRope/samples/00455.png 48
ucf/JumpRope/samples/00456.png 48
ucf/JumpRope/samples/00457.png 48
ucf/JumpRope/samples/00458.png 48
ucf/JumpRope/samples/00459.png 48
ucf/JumpRope/samples/00460.png 48
ucf/JumpRope/samples/00461.png 48
ucf/JumpRope/samples/00462.png 48
ucf/JumpRope/samples/00463.png 48
ucf/JumpRope/samples/00464.png 48
ucf/JumpRope/samples/00465.png 48
ucf/JumpRope/samples/00466.png 48
ucf/JumpRope/samples/00467.png 48
ucf/JumpRope/samples/00468.png 48
ucf/JumpRope/samples/00469.png 48
ucf/JumpRope/samples/00470.png 48
ucf/JumpRope/samples/00471.png 48
ucf/JumpRope/samples/00472.png 48
ucf/JumpRope/samples/00473.png 48
ucf/JumpRope/samples/00474.png 48
ucf/JumpRope/samples/00475.png 48
ucf/JumpRope/samples/00476.png 48
ucf/JumpRope/samples/00477.png 48
ucf/JumpRope/samples/00478.png 48
ucf/JumpRope/samples/00479.png 48
ucf/JumpRope/samples/00480.png 48
ucf/JumpRope/samples/00481.png 48
ucf/JumpRope/samples/00482.png 48
ucf/JumpRope/samples/00483.png 48
ucf/JumpRope/samples/00484.png 48
ucf/JumpRope/samples/00485.png 48
ucf/JumpRope/samples/00486.png 48
ucf/JumpRope/samples/00487.png 48
ucf/JumpRope/samples/00488.png 48
ucf/JumpRope/samples/00489.png 48
ucf/JumpRope/samples/00490.png 48
ucf/JumpRope/samples/00491.png 48
ucf/JumpRope/samples/00492.png 48
ucf/JumpRope/samples/00493.png 48
ucf/JumpRope/samples/00494.png 48
ucf/JumpRope/samples/00495.png 48
ucf/JumpRope/samples/00496.png 48
ucf/JumpRope/samples/00497.png 48
ucf/JumpRope/samples/00498.png 48
ucf/JumpRope/samples/00499.png 48
ucf/JumpRope/samples/00500.png 48
ucf/JumpRope/samples/00501.png 48
ucf/JumpRope/samples/00502.png 48
ucf/JumpRope/samples/00503.png 48
ucf/JumpRope/samples/00504.png 48
ucf/JumpRope/samples/00505.png 48
ucf/JumpRope/samples/00506.png 48
ucf/JumpRope/samples/00507.png 48
ucf/JumpRope/samples/00508.png 48
ucf/JumpRope/samples/00509.png 48
ucf/JumpRope/samples/00510.png 48
ucf/JumpRope/samples/00511.png 48
ucf/JumpRope/samples/00512.png 48
ucf/JumpRope/samples/00513.png 48
ucf/JumpRope/samples/00514.png 48
ucf/JumpRope/samples/00515.png 48
ucf/JumpRope/samples/00516.png 48
ucf/JumpRope/samples/00517.png 48
ucf/JumpRope/samples/00518.png 48
ucf/JumpRope/samples/00519.png 48
ucf/JumpRope/samples/00520.png 48
ucf/JumpRope/samples/00521.png 48
ucf/JumpRope/samples/00522.png 48
ucf/JumpRope/samples/00523.png 48
ucf/JumpRope/samples/00524.png 48
ucf/JumpRope/samples/00525.png 48
ucf/JumpRope/samples/00526.png 48
ucf/JumpRope/samples/00527.png 48
ucf/JumpRope/samples/00528.png 48
ucf/JumpRope/samples/00529.png 48
ucf/JumpRope/samples/00530.png 48
ucf/JumpRope/samples/00531.png 48
ucf/JumpRope/samples/00532.png 48
ucf/JumpRope/samples/00533.png 48
ucf/JumpRope/samples/00534.png 48
ucf/JumpRope/samples/00535.png 48
ucf/JumpRope/samples/00536.png 48
ucf/JumpRope/samples/00537.png 48
ucf/JumpRope/samples/00538.png 48
ucf/JumpRope/samples/00539.png 48
ucf/JumpRope/samples/00540.png 48
ucf/JumpRope/samples/00541.png 48
ucf/JumpRope/samples/00542.png 48
ucf/JumpRope/samples/00543.png 48
ucf/JumpRope/samples/00544.png 48
ucf/JumpRope/samples/00545.png 48
ucf/JumpRope/samples/00546.png 48
ucf/JumpRope/samples/00547.png 48
ucf/JumpRope/samples/00548.png 48
ucf/JumpRope/samples/00549.png 48
ucf/JumpRope/samples/00550.png 48
ucf/JumpRope/samples/00551.png 48
ucf/JumpRope/samples/00552.png 48
ucf/JumpRope/samples/00553.png 48
ucf/JumpRope/samples/00554.png 48
ucf/JumpRope/samples/00555.png 48
ucf/JumpRope/samples/00556.png 48
ucf/JumpRope/samples/00557.png 48
ucf/JumpRope/samples/00558.png 48
ucf/JumpRope/samples/00559.png 48
ucf/JumpRope/samples/00560.png 48
ucf/JumpRope/samples/00561.png 48
ucf/JumpRope/samples/00562.png 48
ucf/JumpRope/samples/00563.png 48
ucf/JumpRope/samples/00564.png 48
ucf/JumpRope/samples/00565.png 48
ucf/JumpRope/samples/00566.png 48
ucf/JumpRope/samples/00567.png 48
ucf/JumpRope/samples/00568.png 48
ucf/JumpRope/samples/00569.png 48
ucf/JumpRope/samples/00570.png 48
ucf/JumpRope/samples/00571.png 48
ucf/JumpRope/samples/00572.png 48
ucf/JumpRope/samples/00573.png 48
ucf/JumpRope/samples/00574.png 48
ucf/JumpRope/samples/00575.png 48
ucf/JumpRope/samples/00576.png 48
ucf/JumpRope/samples/00577.png 48
ucf/JumpRope/samples/00578.png 48
ucf/JumpRope/samples/00579.png 48
ucf/JumpRope/samples/00580.png 48
ucf/JumpRope/samples/00581.png 48
ucf/JumpRope/samples/00582.png 48
ucf/JumpRope/samples/00583.png 48
ucf/JumpRope/samples/00584.png 48
ucf/JumpRope/samples/00585.png 48
ucf/JumpRope/samples/00586.png 48
ucf/JumpRope/samples/00587.png 48
ucf/JumpRope/samples/00588.png 48
ucf/JumpRope/samples/00589.png 48
ucf/JumpRope/samples/00590.png 48
ucf/JumpRope/samples/00591.png 48
ucf/JumpRope/samples/00592.png 48
ucf/JumpRope/samples/00593.png 48
ucf/JumpRope/samples/00594.png 48
ucf/JumpRope/samples/00595.png 48
ucf/JumpRope/samples/00596.png 48
ucf/JumpRope/samples/00597.png 48
ucf/JumpRope/samples/00598.png 48
ucf/JumpRope/samples/00599.png 48
ucf/JumpRope/samples/00600.png 48
ucf/JumpRope/samples/00601.png 48
ucf/JumpRope/samples/00602.png 48
ucf/JumpRope/samples/00603.png 48
ucf/JumpRope/samples/00604.png 48
ucf/JumpRope/samples/00605.png 48
ucf/JumpRope/samples/00606.png 48
ucf/JumpRope/samples/00607.png 48
ucf/JumpRope/samples/00608.png 48
ucf/JumpRope/samples/00609.png 48
ucf/JumpRope/samples/00610.png 48
ucf/JumpRope/samples/00611.png 48
ucf/JumpRope/samples/00612.png 48
ucf/JumpRope/samples/00613.png 48
ucf/JumpRope/samples/00614.png 48
ucf/JumpRope/samples/00615.png 48
ucf/JumpRope/samples/00616.png 48
ucf/JumpRope/samples/00617.png 48
ucf/JumpRope/samples/00618.png 48
ucf/JumpRope/samples/00619.png 48
ucf/JumpRope/samples/00620.png 48
ucf/JumpRope/samples/00621.png 48
ucf/JumpRope/samples/00622.png 48
ucf/JumpRope/samples/00623.png 48
ucf/JumpRope/samples/00624.png 48
ucf/JumpRope/samples/00625.png 48
ucf/JumpRope/samples/00626.png 48
ucf/JumpRope/samples/00627.png 48
ucf/JumpRope/samples/00628.png 48
ucf/JumpRope/samples/00629.png 48
ucf/JumpRope/samples/00630.png 48
ucf/JumpRope/samples/00631.png 48
ucf/JumpRope/samples/00632.png 48
ucf/JumpRope/samples/00633.png 48
ucf/JumpRope/samples/00634.png 48
ucf/JumpRope/samples/00635.png 48
ucf/JumpRope/samples/00636.png 48
ucf/JumpRope/samples/00637.png 48
ucf/JumpRope/samples/00638.png 48
ucf/JumpRope/samples/00639.png 48
ucf/JumpRope/samples/00640.png 48
ucf/JumpRope/samples/00641.png 48
ucf/JumpRope/samples/00642.png 48
ucf/JumpRope/samples/00643.png 48
ucf/JumpRope/samples/00644.png 48
ucf/JumpRope/samples/00645.png 48
ucf/JumpRope/samples/00646.png 48
ucf/JumpRope/samples/00647.png 48
ucf/JumpRope/samples/00648.png 48
ucf/JumpRope/samples/00649.png 48
ucf/JumpRope/samples/00650.png 48
ucf/JumpRope/samples/00651.png 48
ucf/JumpRope/samples/00652.png 48
ucf/JumpRope/samples/00653.png 48
ucf/JumpRope/samples/00654.png 48
ucf/JumpRope/samples/00655.png 48
ucf/JumpRope/samples/00656.png 48
ucf/JumpRope/samples/00657.png 48
ucf/JumpRope/samples/00658.png 48
ucf/JumpRope/samples/00659.png 48
ucf/JumpRope/samples/00660.png 48
ucf/JumpRope/samples/00661.png 48
ucf/JumpRope/samples/00662.png 48
ucf/JumpRope/samples/00663.png 48
ucf/JumpRope/samples/00664.png 48
ucf/JumpRope/samples/00665.png 48
ucf/JumpRope/samples/00666.png 48
ucf/JumpRope/samples/00667.png 48
ucf/JumpRope/samples/00668.png 48
ucf/JumpRope/samples/00669.png 48
ucf/JumpRope/samples/00670.png 48
ucf/JumpRope/samples/00671.png 48
ucf/JumpRope/samples/00672.png 48
ucf/JumpRope/samples/00673.png 48
ucf/JumpRope/samples/00674.png 48
ucf/JumpRope/samples/00675.png 48
ucf/JumpRope/samples/00676.png 48
ucf/JumpRope/samples/00677.png 48
ucf/JumpRope/samples/00678.png 48
ucf/JumpRope/samples/00679.png 48
ucf/JumpRope/samples/00680.png 48
ucf/JumpRope/samples/00681.png 48
ucf/JumpRope/samples/00682.png 48
ucf/JumpRope/samples/00683.png 48
ucf/JumpRope/samples/00684.png 48
ucf/JumpRope/samples/00685.png 48
ucf/JumpRope/samples/00686.png 48
ucf/JumpRope/samples/00687.png 48
ucf/JumpRope/samples/00688.png 48
ucf/JumpRope/samples/00689.png 48
ucf/JumpRope/samples/00690.png 48
ucf/JumpRope/samples/00691.png 48
ucf/JumpRope/samples/00692.png 48
ucf/JumpRope/samples/00693.png 48
ucf/JumpRope/samples/00694.png 48
ucf/JumpRope/samples/00695.png 48
ucf/JumpRope/samples/00696.png 48
ucf/JumpRope/samples/00697.png 48
ucf/JumpRope/samples/00698.png 48
ucf/JumpRope/samples/00699.png 48
ucf/JumpRope/samples/00700.png 48
ucf/JumpRope/samples/00701.png 48
ucf/JumpRope/samples/00702.png 48
ucf/JumpRope/samples/00703.png 48
ucf/JumpRope/samples/00704.png 48
ucf/JumpRope/samples/00705.png 48
ucf/JumpRope/samples/00706.png 48
ucf/JumpRope/samples/00707.png 48
ucf/JumpRope/samples/00708.png 48
ucf/JumpRope/samples/00709.png 48
ucf/JumpRope/samples/00710.png 48
ucf/JumpRope/samples/00711.png 48
ucf/JumpRope/samples/00712.png 48
ucf/JumpRope/samples/00713.png 48
ucf/JumpRope/samples/00714.png 48
ucf/JumpRope/samples/00715.png 48
ucf/JumpRope/samples/00716.png 48
ucf/JumpRope/samples/00717.png 48
ucf/JumpRope/samples/00718.png 48
ucf/JumpRope/samples/00719.png 48
ucf/JumpRope/samples/00720.png 48
ucf/JumpRope/samples/00721.png 48
ucf/JumpRope/samples/00722.png 48
ucf/JumpRope/samples/00723.png 48
ucf/JumpRope/samples/00724.png 48
ucf/JumpRope/samples/00725.png 48
ucf/JumpRope/samples/00726.png 48
ucf/JumpRope/samples/00727.png 48
ucf/JumpRope/samples/00728.png 48
ucf/JumpRope/samples/00729.png 48
ucf/JumpRope/samples/00730.png 48
ucf/JumpRope/samples/00731.png 48
ucf/JumpRope/samples/00732.png 48
ucf/JumpRope/samples/00733.png 48
ucf/JumpRope/samples/00734.png 48
ucf/JumpRope/samples/00735.png 48
ucf/JumpRope/samples/00736.png 48
ucf/JumpRope/samples/00737.png 48
ucf/JumpRope/samples/00738.png 48
ucf/JumpRope/samples/00739.png 48
ucf/JumpRope/samples/00740.png 48
ucf/JumpRope/samples/00741.png 48
ucf/JumpRope/samples/00742.png 48
ucf/JumpRope/samples/00743.png 48
ucf/JumpRope/samples/00744.png 48
ucf/JumpRope/samples/00745.png 48
ucf/JumpRope/samples/00746.png 48
ucf/JumpRope/samples/00747.png 48
ucf/JumpRope/samples/00748.png 48
ucf/JumpRope/samples/00749.png 48
ucf/JumpRope/samples/00750.png 48
ucf/JumpRope/samples/00751.png 48
ucf/JumpRope/samples/00752.png 48
ucf/JumpRope/samples/00753.png 48
ucf/JumpRope/samples/00754.png 48
ucf/JumpRope/samples/00755.png 48
ucf/JumpRope/samples/00756.png 48
ucf/JumpRope/samples/00757.png 48
ucf/JumpRope/samples/00758.png 48
ucf/JumpRope/samples/00759.png 48
ucf/JumpRope/samples/00760.png 48
ucf/JumpRope/samples/00761.png 48
ucf/JumpRope/samples/00762.png 48
ucf/JumpRope/samples/00763.png 48
ucf/JumpRope/samples/00764.png 48
ucf/JumpRope/samples/00765.png 48
ucf/JumpRope/samples/00766.png 48
ucf/JumpRope/samples/00767.png 48
ucf/JumpRope/samples/00768.png 48
ucf/JumpRope/samples/00769.png 48
ucf/JumpRope/samples/00770.png 48
ucf/JumpRope/samples/00771.png 48
ucf/JumpRope/samples/00772.png 48
ucf/JumpRope/samples/00773.png 48
ucf/JumpRope/samples/00774.png 48
ucf/JumpRope/samples/00775.png 48
ucf/JumpRope/samples/00776.png 48
ucf/JumpRope/samples/00777.png 48
ucf/JumpRope/samples/00778.png 48
ucf/JumpRope/samples/00779.png 48
ucf/JumpRope/samples/00780.png 48
ucf/JumpRope/samples/00781.png 48
ucf/JumpRope/samples/00782.png 48
ucf/JumpRope/samples/00783.png 48
ucf/JumpRope/samples/00784.png 48
ucf/JumpRope/samples/00785.png 48
ucf/JumpRope/samples/00786.png 48
ucf/JumpRope/samples/00787.png 48
ucf/JumpRope/samples/00788.png 48
ucf/JumpRope/samples/00789.png 48
ucf/JumpRope/samples/00790.png 48
ucf/JumpRope/samples/00791.png 48
ucf/JumpRope/samples/00792.png 48
ucf/JumpRope/samples/00793.png 48
ucf/JumpRope/samples/00794.png 48
ucf/JumpRope/samples/00795.png 48
ucf/JumpRope/samples/00796.png 48
ucf/JumpRope/samples/00797.png 48
ucf/JumpRope/samples/00798.png 48
ucf/JumpRope/samples/00799.png 48
ucf/JumpRope/samples/00800.png 48
ucf/JumpRope/samples/00801.png 48
ucf/JumpRope/samples/00802.png 48
ucf/JumpRope/samples/00803.png 48
ucf/JumpRope/samples/00804.png 48
ucf/JumpRope/samples/00805.png 48
ucf/JumpRope/samples/00806.png 48
ucf/JumpRope/samples/00807.png 48
ucf/JumpRope/samples/00808.png 48
ucf/JumpRope/samples/00809.png 48
ucf/JumpRope/samples/00810.png 48
ucf/JumpRope/samples/00811.png 48
ucf/JumpRope/samples/00812.png 48
ucf/JumpRope/samples/00813.png 48
ucf/JumpRope/samples/00814.png 48
ucf/JumpRope/samples/00815.png 48
ucf/JumpRope/samples/00816.png 48
ucf/JumpRope/samples/00817.png 48
ucf/JumpRope/samples/00818.png 48
ucf/JumpRope/samples/00819.png 48
ucf/JumpRope/samples/00820.png 48
ucf/JumpRope/samples/00821.png 48
ucf/JumpRope/samples/00822.png 48
ucf/JumpRope/samples/00823.png 48
ucf/JumpRope/samples/00824.png 48
ucf/JumpRope/samples/00825.png 48
ucf/JumpRope/samples/00826.png 48
ucf/JumpRope/samples/00827.png 48
ucf/JumpRope/samples/00828.png 48
ucf/JumpRope/samples/00829.png 48
ucf/JumpRope/samples/00830.png 48
ucf/JumpRope/samples/00831.png 48
ucf/JumpRope/samples/00832.png 48
ucf/JumpRope/samples/00833.png 48
ucf/JumpRope/samples/00834.png 48
ucf/JumpRope/samples/00835.png 48
ucf/JumpRope/samples/00836.png 48
ucf/JumpRope/samples/00837.png 48
ucf/JumpRope/samples/00838.png 48
ucf/JumpRope/samples/00839.png 48
ucf/JumpRope/samples/00840.png 48
ucf/JumpRope/samples/00841.png 48
ucf/JumpRope/samples/00842.png 48
ucf/JumpRope/samples/00843.png 48
ucf/JumpRope/samples/00844.png 48
ucf/JumpRope/samples/00845.png 48
ucf/JumpRope/samples/00846.png 48
ucf/JumpRope/samples/00847.png 48
ucf/JumpRope/samples/00848.png 48
ucf/JumpRope/samples/00849.png 48
ucf/JumpRope/samples/00850.png 48
ucf/JumpRope/samples/00851.png 48
ucf/JumpRope/samples/00852.png 48
ucf/JumpRope/samples/00853.png 48
ucf/JumpRope/samples/00854.png 48
ucf/JumpRope/samples/00855.png 48
ucf/JumpRope/samples/00856.png 48
ucf/JumpRope/samples/00857.png 48
ucf/JumpRope/samples/00858.png 48
ucf/JumpRope/samples/00859.png 48
ucf/JumpRope/samples/00860.png 48
ucf/JumpRope/samples/00861.png 48
ucf/JumpRope/samples/00862.png 48
ucf/JumpRope/samples/00863.png 48
ucf/JumpRope/samples/00864.png 48
ucf/JumpRope/samples/00865.png 48
ucf/JumpRope/samples/00866.png 48
ucf/JumpRope/samples/00867.png 48
ucf/JumpRope/samples/00868.png 48
ucf/JumpRope/samples/00869.png 48
ucf/JumpRope/samples/00870.png 48
ucf/JumpRope/samples/00871.png 48
ucf/JumpRope/samples/00872.png 48
ucf/JumpRope/samples/00873.png 48
ucf/JumpRope/samples/00874.png 48
ucf/JumpRope/samples/00875.png 48
ucf/JumpRope/samples/00876.png 48
ucf/JumpRope/samples/00877.png 48
ucf/JumpRope/samples/00878.png 48
ucf/JumpRope/samples/00879.png 48
ucf/JumpRope/samples/00880.png 48
ucf/JumpRope/samples/00881.png 48
ucf/JumpRope/samples/00882.png 48
ucf/JumpRope/samples/00883.png 48
ucf/JumpRope/samples/00884.png 48
ucf/JumpRope/samples/00885.png 48
ucf/JumpRope/samples/00886.png 48
ucf/JumpRope/samples/00887.png 48
ucf/JumpRope/samples/00888.png 48
ucf/JumpRope/samples/00889.png 48
ucf/JumpRope/samples/00890.png 48
ucf/JumpRope/samples/00891.png 48
ucf/JumpRope/samples/00892.png 48
ucf/JumpRope/samples/00893.png 48
ucf/JumpRope/samples/00894.png 48
ucf/JumpRope/samples/00895.png 48
ucf/JumpRope/samples/00896.png 48
ucf/JumpRope/samples/00897.png 48
ucf/JumpRope/samples/00898.png 48
ucf/JumpRope/samples/00899.png 48
ucf/JumpRope/samples/00900.png 48
ucf/JumpRope/samples/00901.png 48
ucf/JumpRope/samples/00902.png 48
ucf/JumpRope/samples/00903.png 48
ucf/JumpRope/samples/00904.png 48
ucf/JumpRope/samples/00905.png 48
ucf/JumpRope/samples/00906.png 48
ucf/JumpRope/samples/00907.png 48
ucf/JumpRope/samples/00908.png 48
ucf/JumpRope/samples/00909.png 48
ucf/JumpRope/samples/00910.png 48
ucf/JumpRope/samples/00911.png 48
ucf/JumpRope/samples/00912.png 48
ucf/JumpRope/samples/00913.png 48
ucf/JumpRope/samples/00914.png 48
ucf/JumpRope/samples/00915.png 48
ucf/JumpRope/samples/00916.png 48
ucf/JumpRope/samples/00917.png 48
ucf/JumpRope/samples/00918.png 48
ucf/JumpRope/samples/00919.png 48
ucf/JumpRope/samples/00920.png 48
ucf/JumpRope/samples/00921.png 48
ucf/JumpRope/samples/00922.png 48
ucf/JumpRope/samples/00923.png 48
ucf/JumpRope/samples/00924.png 48
ucf/JumpRope/samples/00925.png 48
ucf/JumpRope/samples/00926.png 48
ucf/JumpRope/samples/00927.png 48
ucf/JumpRope/samples/00928.png 48
ucf/JumpRope/samples/00929.png 48
ucf/JumpRope/samples/00930.png 48
ucf/JumpRope/samples/00931.png 48
ucf/JumpRope/samples/00932.png 48
ucf/JumpRope/samples/00933.png 48
ucf/JumpRope/samples/00934.png 48
ucf/JumpRope/samples/00935.png 48
ucf/JumpRope/samples/00936.png 48
ucf/JumpRope/samples/00937.png 48
ucf/JumpRope/samples/00938.png 48
ucf/JumpRope/samples/00939.png 48
ucf/JumpRope/samples/00940.png 48
ucf/JumpRope/samples/00941.png 48
ucf/JumpRope/samples/00942.png 48
ucf/JumpRope/samples/00943.png 48
ucf/JumpRope/samples/00944.png 48
ucf/JumpRope/samples/00945.png 48
ucf/JumpRope/samples/00946.png 48
ucf/JumpRope/samples/00947.png 48
ucf/JumpRope/samples/00948.png 48
ucf/JumpRope/samples/00949.png 48
ucf/JumpRope/samples/00950.png 48
ucf/JumpRope/samples/00951.png 48
ucf/JumpRope/samples/00952.png 48
ucf/JumpRope/samples/00953.png 48
ucf/JumpRope/samples/00954.png 48
ucf/JumpRope/samples/00955.png 48
ucf/JumpRope/samples/00956.png 48
ucf/JumpRope/samples/00957.png 48
ucf/JumpRope/samples/00958.png 48
ucf/JumpRope/samples/00959.png 48
ucf/JumpRope/samples/00960.png 48
ucf/JumpRope/samples/00961.png 48
ucf/JumpRope/samples/00962.png 48
ucf/JumpRope/samples/00963.png 48
ucf/JumpRope/samples/00964.png 48
ucf/JumpRope/samples/00965.png 48
ucf/JumpRope/samples/00966.png 48
ucf/JumpRope/samples/00967.png 48
ucf/JumpRope/samples/00968.png 48
ucf/JumpRope/samples/00969.png 48
ucf/JumpRope/samples/00970.png 48
ucf/JumpRope/samples/00971.png 48
ucf/JumpRope/samples/00972.png 48
ucf/JumpRope/samples/00973.png 48
ucf/JumpRope/samples/00974.png 48
ucf/JumpRope/samples/00975.png 48
ucf/JumpRope/samples/00976.png 48
ucf/JumpRope/samples/00977.png 48
ucf/JumpRope/samples/00978.png 48
ucf/JumpRope/samples/00979.png 48
ucf/JumpRope/samples/00980.png 48
ucf/JumpRope/samples/00981.png 48
ucf/JumpRope/samples/00982.png 48
ucf/JumpRope/samples/00983.png 48
ucf/JumpRope/samples/00984.png 48
ucf/JumpRope/samples/00985.png 48
ucf/JumpRope/samples/00986.png 48
ucf/JumpRope/samples/00987.png 48
ucf/JumpRope/samples/00988.png 48
ucf/JumpRope/samples/00989.png 48
ucf/JumpRope/samples/00990.png 48
ucf/JumpRope/samples/00991.png 48
ucf/JumpRope/samples/00992.png 48
ucf/JumpRope/samples/00993.png 48
ucf/JumpRope/samples/00994.png 48
ucf/JumpRope/samples/00995.png 48
ucf/JumpRope/samples/00996.png 48
ucf/JumpRope/samples/00997.png 48
ucf/JumpRope/samples/00998.png 48
ucf/JumpRope/samples/00999.png 48
ucf/PlayingCello/samples/00000.png 59
ucf/PlayingCello/samples/00001.png 59
ucf/PlayingCello/samples/00002.png 59
ucf/PlayingCello/samples/00003.png 59
ucf/PlayingCello/samples/00004.png 59
ucf/PlayingCello/samples/00005.png 59
ucf/PlayingCello/samples/00006.png 59
ucf/PlayingCello/samples/00007.png 59
ucf/PlayingCello/samples/00008.png 59
ucf/PlayingCello/samples/00009.png 59
ucf/PlayingCello/samples/00010.png 59
ucf/PlayingCello/samples/00011.png 59
ucf/PlayingCello/samples/00012.png 59
ucf/PlayingCello/samples/00013.png 59
ucf/PlayingCello/samples/00014.png 59
ucf/PlayingCello/samples/00015.png 59
ucf/PlayingCello/samples/00016.png 59
ucf/PlayingCello/samples/00017.png 59
ucf/PlayingCello/samples/00018.png 59
ucf/PlayingCello/samples/00019.png 59
ucf/PlayingCello/samples/00020.png 59
ucf/PlayingCello/samples/00021.png 59
ucf/PlayingCello/samples/00022.png 59
ucf/PlayingCello/samples/00023.png 59
ucf/PlayingCello/samples/00024.png 59
ucf/PlayingCello/samples/00025.png 59
ucf/PlayingCello/samples/00026.png 59
ucf/PlayingCello/samples/00027.png 59
ucf/PlayingCello/samples/00028.png 59
ucf/PlayingCello/samples/00029.png 59
ucf/PlayingCello/samples/00030.png 59
ucf/PlayingCello/samples/00031.png 59
ucf/PlayingCello/samples/00032.png 59
ucf/PlayingCello/samples/00033.png 59
ucf/PlayingCello/samples/00034.png 59
ucf/PlayingCello/samples/00035.png 59
ucf/PlayingCello/samples/00036.png 59
ucf/PlayingCello/samples/00037.png 59
ucf/PlayingCello/samples/00038.png 59
ucf/PlayingCello/samples/00039.png 59
ucf/PlayingCello/samples/00040.png 59
ucf/PlayingCello/samples/00041.png 59
ucf/PlayingCello/samples/00042.png 59
ucf/PlayingCello/samples/00043.png 59
ucf/PlayingCello/samples/00044.png 59
ucf/PlayingCello/samples/00045.png 59
ucf/PlayingCello/samples/00046.png 59
ucf/PlayingCello/samples/00047.png 59
ucf/PlayingCello/samples/00048.png 59
ucf/PlayingCello/samples/00049.png 59
ucf/PlayingCello/samples/00050.png 59
ucf/PlayingCello/samples/00051.png 59
ucf/PlayingCello/samples/00052.png 59
ucf/PlayingCello/samples/00053.png 59
ucf/PlayingCello/samples/00054.png 59
ucf/PlayingCello/samples/00055.png 59
ucf/PlayingCello/samples/00056.png 59
ucf/PlayingCello/samples/00057.png 59
ucf/PlayingCello/samples/00058.png 59
ucf/PlayingCello/samples/00059.png 59
ucf/PlayingCello/samples/00060.png 59
ucf/PlayingCello/samples/00061.png 59
ucf/PlayingCello/samples/00062.png 59
ucf/PlayingCello/samples/00063.png 59
ucf/PlayingCello/samples/00064.png 59
ucf/PlayingCello/samples/00065.png 59
ucf/PlayingCello/samples/00066.png 59
ucf/PlayingCello/samples/00067.png 59
ucf/PlayingCello/samples/00068.png 59
ucf/PlayingCello/samples/00069.png 59
ucf/PlayingCello/samples/00070.png 59
ucf/PlayingCello/samples/00071.png 59
ucf/PlayingCello/samples/00072.png 59
ucf/PlayingCello/samples/00073.png 59
ucf/PlayingCello/samples/00074.png 59
ucf/PlayingCello/samples/00075.png 59
ucf/PlayingCello/samples/00076.png 59
ucf/PlayingCello/samples/00077.png 59
ucf/PlayingCello/samples/00078.png 59
ucf/PlayingCello/samples/00079.png 59
ucf/PlayingCello/samples/00080.png 59
ucf/PlayingCello/samples/00081.png 59
ucf/PlayingCello/samples/00082.png 59
ucf/PlayingCello/samples/00083.png 59
ucf/PlayingCello/samples/00084.png 59
ucf/PlayingCello/samples/00085.png 59
ucf/PlayingCello/samples/00086.png 59
ucf/PlayingCello/samples/00087.png 59
ucf/PlayingCello/samples/00088.png 59
ucf/PlayingCello/samples/00089.png 59
ucf/PlayingCello/samples/00090.png 59
ucf/PlayingCello/samples/00091.png 59
ucf/PlayingCello/samples/00092.png 59
ucf/PlayingCello/samples/00093.png 59
ucf/PlayingCello/samples/00094.png 59
ucf/PlayingCello/samples/00095.png 59
ucf/PlayingCello/samples/00096.png 59
ucf/PlayingCello/samples/00097.png 59
ucf/PlayingCello/samples/00098.png 59
ucf/PlayingCello/samples/00099.png 59
ucf/PlayingCello/samples/00100.png 59
ucf/PlayingCello/samples/00101.png 59
ucf/PlayingCello/samples/00102.png 59
ucf/PlayingCello/samples/00103.png 59
ucf/PlayingCello/samples/00104.png 59
ucf/PlayingCello/samples/00105.png 59
ucf/PlayingCello/samples/00106.png 59
ucf/PlayingCello/samples/00107.png 59
ucf/PlayingCello/samples/00108.png 59
ucf/PlayingCello/samples/00109.png 59
ucf/PlayingCello/samples/00110.png 59
ucf/PlayingCello/samples/00111.png 59
ucf/PlayingCello/samples/00112.png 59
ucf/PlayingCello/samples/00113.png 59
ucf/PlayingCello/samples/00114.png 59
ucf/PlayingCello/samples/00115.png 59
ucf/PlayingCello/samples/00116.png 59
ucf/PlayingCello/samples/00117.png 59
ucf/PlayingCello/samples/00118.png 59
ucf/PlayingCello/samples/00119.png 59
ucf/PlayingCello/samples/00120.png 59
ucf/PlayingCello/samples/00121.png 59
ucf/PlayingCello/samples/00122.png 59
ucf/PlayingCello/samples/00123.png 59
ucf/PlayingCello/samples/00124.png 59
ucf/PlayingCello/samples/00125.png 59
ucf/PlayingCello/samples/00126.png 59
ucf/PlayingCello/samples/00127.png 59
ucf/PlayingCello/samples/00128.png 59
ucf/PlayingCello/samples/00129.png 59
ucf/PlayingCello/samples/00130.png 59
ucf/PlayingCello/samples/00131.png 59
ucf/PlayingCello/samples/00132.png 59
ucf/PlayingCello/samples/00133.png 59
ucf/PlayingCello/samples/00134.png 59
ucf/PlayingCello/samples/00135.png 59
ucf/PlayingCello/samples/00136.png 59
ucf/PlayingCello/samples/00137.png 59
ucf/PlayingCello/samples/00138.png 59
ucf/PlayingCello/samples/00139.png 59
ucf/PlayingCello/samples/00140.png 59
ucf/PlayingCello/samples/00141.png 59
ucf/PlayingCello/samples/00142.png 59
ucf/PlayingCello/samples/00143.png 59
ucf/PlayingCello/samples/00144.png 59
ucf/PlayingCello/samples/00145.png 59
ucf/PlayingCello/samples/00146.png 59
ucf/PlayingCello/samples/00147.png 59
ucf/PlayingCello/samples/00148.png 59
ucf/PlayingCello/samples/00149.png 59
ucf/PlayingCello/samples/00150.png 59
ucf/PlayingCello/samples/00151.png 59
ucf/PlayingCello/samples/00152.png 59
ucf/PlayingCello/samples/00153.png 59
ucf/PlayingCello/samples/00154.png 59
ucf/PlayingCello/samples/00155.png 59
ucf/PlayingCello/samples/00156.png 59
ucf/PlayingCello/samples/00157.png 59
ucf/PlayingCello/samples/00158.png 59
ucf/PlayingCello/samples/00159.png 59
ucf/PlayingCello/samples/00160.png 59
ucf/PlayingCello/samples/00161.png 59
ucf/PlayingCello/samples/00162.png 59
ucf/PlayingCello/samples/00163.png 59
ucf/PlayingCello/samples/00164.png 59
ucf/PlayingCello/samples/00165.png 59
ucf/PlayingCello/samples/00166.png 59
ucf/PlayingCello/samples/00167.png 59
ucf/PlayingCello/samples/00168.png 59
ucf/PlayingCello/samples/00169.png 59
ucf/PlayingCello/samples/00170.png 59
ucf/PlayingCello/samples/00171.png 59
ucf/PlayingCello/samples/00172.png 59
ucf/PlayingCello/samples/00173.png 59
ucf/PlayingCello/samples/00174.png 59
ucf/PlayingCello/samples/00175.png 59
ucf/PlayingCello/samples/00176.png 59
ucf/PlayingCello/samples/00177.png 59
ucf/PlayingCello/samples/00178.png 59
ucf/PlayingCello/samples/00179.png 59
ucf/PlayingCello/samples/00180.png 59
ucf/PlayingCello/samples/00181.png 59
ucf/PlayingCello/samples/00182.png 59
ucf/PlayingCello/samples/00183.png 59
ucf/PlayingCello/samples/00184.png 59
ucf/PlayingCello/samples/00185.png 59
ucf/PlayingCello/samples/00186.png 59
ucf/PlayingCello/samples/00187.png 59
ucf/PlayingCello/samples/00188.png 59
ucf/PlayingCello/samples/00189.png 59
ucf/PlayingCello/samples/00190.png 59
ucf/PlayingCello/samples/00191.png 59
ucf/PlayingCello/samples/00192.png 59
ucf/PlayingCello/samples/00193.png 59
ucf/PlayingCello/samples/00194.png 59
ucf/PlayingCello/samples/00195.png 59
ucf/PlayingCello/samples/00196.png 59
ucf/PlayingCello/samples/00197.png 59
ucf/PlayingCello/samples/00198.png 59
ucf/PlayingCello/samples/00199.png 59
ucf/PlayingCello/samples/00200.png 59
ucf/PlayingCello/samples/00201.png 59
ucf/PlayingCello/samples/00202.png 59
ucf/PlayingCello/samples/00203.png 59
ucf/PlayingCello/samples/00204.png 59
ucf/PlayingCello/samples/00205.png 59
ucf/PlayingCello/samples/00206.png 59
ucf/PlayingCello/samples/00207.png 59
ucf/PlayingCello/samples/00208.png 59
ucf/PlayingCello/samples/00209.png 59
ucf/PlayingCello/samples/00210.png 59
ucf/PlayingCello/samples/00211.png 59
ucf/PlayingCello/samples/00212.png 59
ucf/PlayingCello/samples/00213.png 59
ucf/PlayingCello/samples/00214.png 59
ucf/PlayingCello/samples/00215.png 59
ucf/PlayingCello/samples/00216.png 59
ucf/PlayingCello/samples/00217.png 59
ucf/PlayingCello/samples/00218.png 59
ucf/PlayingCello/samples/00219.png 59
ucf/PlayingCello/samples/00220.png 59
ucf/PlayingCello/samples/00221.png 59
ucf/PlayingCello/samples/00222.png 59
ucf/PlayingCello/samples/00223.png 59
ucf/PlayingCello/samples/00224.png 59
ucf/PlayingCello/samples/00225.png 59
ucf/PlayingCello/samples/00226.png 59
ucf/PlayingCello/samples/00227.png 59
ucf/PlayingCello/samples/00228.png 59
ucf/PlayingCello/samples/00229.png 59
ucf/PlayingCello/samples/00230.png 59
ucf/PlayingCello/samples/00231.png 59
ucf/PlayingCello/samples/00232.png 59
ucf/PlayingCello/samples/00233.png 59
ucf/PlayingCello/samples/00234.png 59
ucf/PlayingCello/samples/00235.png 59
ucf/PlayingCello/samples/00236.png 59
ucf/PlayingCello/samples/00237.png 59
ucf/PlayingCello/samples/00238.png 59
ucf/PlayingCello/samples/00239.png 59
ucf/PlayingCello/samples/00240.png 59
ucf/PlayingCello/samples/00241.png 59
ucf/PlayingCello/samples/00242.png 59
ucf/PlayingCello/samples/00243.png 59
ucf/PlayingCello/samples/00244.png 59
ucf/PlayingCello/samples/00245.png 59
ucf/PlayingCello/samples/00246.png 59
ucf/PlayingCello/samples/00247.png 59
ucf/PlayingCello/samples/00248.png 59
ucf/PlayingCello/samples/00249.png 59
ucf/PlayingCello/samples/00250.png 59
ucf/PlayingCello/samples/00251.png 59
ucf/PlayingCello/samples/00252.png 59
ucf/PlayingCello/samples/00253.png 59
ucf/PlayingCello/samples/00254.png 59
ucf/PlayingCello/samples/00255.png 59
ucf/PlayingCello/samples/00256.png 59
ucf/PlayingCello/samples/00257.png 59
ucf/PlayingCello/samples/00258.png 59
ucf/PlayingCello/samples/00259.png 59
ucf/PlayingCello/samples/00260.png 59
ucf/PlayingCello/samples/00261.png 59
ucf/PlayingCello/samples/00262.png 59
ucf/PlayingCello/samples/00263.png 59
ucf/PlayingCello/samples/00264.png 59
ucf/PlayingCello/samples/00265.png 59
ucf/PlayingCello/samples/00266.png 59
ucf/PlayingCello/samples/00267.png 59
ucf/PlayingCello/samples/00268.png 59
ucf/PlayingCello/samples/00269.png 59
ucf/PlayingCello/samples/00270.png 59
ucf/PlayingCello/samples/00271.png 59
ucf/PlayingCello/samples/00272.png 59
ucf/PlayingCello/samples/00273.png 59
ucf/PlayingCello/samples/00274.png 59
ucf/PlayingCello/samples/00275.png 59
ucf/PlayingCello/samples/00276.png 59
ucf/PlayingCello/samples/00277.png 59
ucf/PlayingCello/samples/00278.png 59
ucf/PlayingCello/samples/00279.png 59
ucf/PlayingCello/samples/00280.png 59
ucf/PlayingCello/samples/00281.png 59
ucf/PlayingCello/samples/00282.png 59
ucf/PlayingCello/samples/00283.png 59
ucf/PlayingCello/samples/00284.png 59
ucf/PlayingCello/samples/00285.png 59
ucf/PlayingCello/samples/00286.png 59
ucf/PlayingCello/samples/00287.png 59
ucf/PlayingCello/samples/00288.png 59
ucf/PlayingCello/samples/00289.png 59
ucf/PlayingCello/samples/00290.png 59
ucf/PlayingCello/samples/00291.png 59
ucf/PlayingCello/samples/00292.png 59
ucf/PlayingCello/samples/00293.png 59
ucf/PlayingCello/samples/00294.png 59
ucf/PlayingCello/samples/00295.png 59
ucf/PlayingCello/samples/00296.png 59
ucf/PlayingCello/samples/00297.png 59
ucf/PlayingCello/samples/00298.png 59
ucf/PlayingCello/samples/00299.png 59
ucf/PlayingCello/samples/00300.png 59
ucf/PlayingCello/samples/00301.png 59
ucf/PlayingCello/samples/00302.png 59
ucf/PlayingCello/samples/00303.png 59
ucf/PlayingCello/samples/00304.png 59
ucf/PlayingCello/samples/00305.png 59
ucf/PlayingCello/samples/00306.png 59
ucf/PlayingCello/samples/00307.png 59
ucf/PlayingCello/samples/00308.png 59
ucf/PlayingCello/samples/00309.png 59
ucf/PlayingCello/samples/00310.png 59
ucf/PlayingCello/samples/00311.png 59
ucf/PlayingCello/samples/00312.png 59
ucf/PlayingCello/samples/00313.png 59
ucf/PlayingCello/samples/00314.png 59
ucf/PlayingCello/samples/00315.png 59
ucf/PlayingCello/samples/00316.png 59
ucf/PlayingCello/samples/00317.png 59
ucf/PlayingCello/samples/00318.png 59
ucf/PlayingCello/samples/00319.png 59
ucf/PlayingCello/samples/00320.png 59
ucf/PlayingCello/samples/00321.png 59
ucf/PlayingCello/samples/00322.png 59
ucf/PlayingCello/samples/00323.png 59
ucf/PlayingCello/samples/00324.png 59
ucf/PlayingCello/samples/00325.png 59
ucf/PlayingCello/samples/00326.png 59
ucf/PlayingCello/samples/00327.png 59
ucf/PlayingCello/samples/00328.png 59
ucf/PlayingCello/samples/00329.png 59
ucf/PlayingCello/samples/00330.png 59
ucf/PlayingCello/samples/00331.png 59
ucf/PlayingCello/samples/00332.png 59
ucf/PlayingCello/samples/00333.png 59
ucf/PlayingCello/samples/00334.png 59
ucf/PlayingCello/samples/00335.png 59
ucf/PlayingCello/samples/00336.png 59
ucf/PlayingCello/samples/00337.png 59
ucf/PlayingCello/samples/00338.png 59
ucf/PlayingCello/samples/00339.png 59
ucf/PlayingCello/samples/00340.png 59
ucf/PlayingCello/samples/00341.png 59
ucf/PlayingCello/samples/00342.png 59
ucf/PlayingCello/samples/00343.png 59
ucf/PlayingCello/samples/00344.png 59
ucf/PlayingCello/samples/00345.png 59
ucf/PlayingCello/samples/00346.png 59
ucf/PlayingCello/samples/00347.png 59
ucf/PlayingCello/samples/00348.png 59
ucf/PlayingCello/samples/00349.png 59
ucf/PlayingCello/samples/00350.png 59
ucf/PlayingCello/samples/00351.png 59
ucf/PlayingCello/samples/00352.png 59
ucf/PlayingCello/samples/00353.png 59
ucf/PlayingCello/samples/00354.png 59
ucf/PlayingCello/samples/00355.png 59
ucf/PlayingCello/samples/00356.png 59
ucf/PlayingCello/samples/00357.png 59
ucf/PlayingCello/samples/00358.png 59
ucf/PlayingCello/samples/00359.png 59
ucf/PlayingCello/samples/00360.png 59
ucf/PlayingCello/samples/00361.png 59
ucf/PlayingCello/samples/00362.png 59
ucf/PlayingCello/samples/00363.png 59
ucf/PlayingCello/samples/00364.png 59
ucf/PlayingCello/samples/00365.png 59
ucf/PlayingCello/samples/00366.png 59
ucf/PlayingCello/samples/00367.png 59
ucf/PlayingCello/samples/00368.png 59
ucf/PlayingCello/samples/00369.png 59
ucf/PlayingCello/samples/00370.png 59
ucf/PlayingCello/samples/00371.png 59
ucf/PlayingCello/samples/00372.png 59
ucf/PlayingCello/samples/00373.png 59
ucf/PlayingCello/samples/00374.png 59
ucf/PlayingCello/samples/00375.png 59
ucf/PlayingCello/samples/00376.png 59
ucf/PlayingCello/samples/00377.png 59
ucf/PlayingCello/samples/00378.png 59
ucf/PlayingCello/samples/00379.png 59
ucf/PlayingCello/samples/00380.png 59
ucf/PlayingCello/samples/00381.png 59
ucf/PlayingCello/samples/00382.png 59
ucf/PlayingCello/samples/00383.png 59
ucf/PlayingCello/samples/00384.png 59
ucf/PlayingCello/samples/00385.png 59
ucf/PlayingCello/samples/00386.png 59
ucf/PlayingCello/samples/00387.png 59
ucf/PlayingCello/samples/00388.png 59
ucf/PlayingCello/samples/00389.png 59
ucf/PlayingCello/samples/00390.png 59
ucf/PlayingCello/samples/00391.png 59
ucf/PlayingCello/samples/00392.png 59
ucf/PlayingCello/samples/00393.png 59
ucf/PlayingCello/samples/00394.png 59
ucf/PlayingCello/samples/00395.png 59
ucf/PlayingCello/samples/00396.png 59
ucf/PlayingCello/samples/00397.png 59
ucf/PlayingCello/samples/00398.png 59
ucf/PlayingCello/samples/00399.png 59
ucf/PlayingCello/samples/00400.png 59
ucf/PlayingCello/samples/00401.png 59
ucf/PlayingCello/samples/00402.png 59
ucf/PlayingCello/samples/00403.png 59
ucf/PlayingCello/samples/00404.png 59
ucf/PlayingCello/samples/00405.png 59
ucf/PlayingCello/samples/00406.png 59
ucf/PlayingCello/samples/00407.png 59
ucf/PlayingCello/samples/00408.png 59
ucf/PlayingCello/samples/00409.png 59
ucf/PlayingCello/samples/00410.png 59
ucf/PlayingCello/samples/00411.png 59
ucf/PlayingCello/samples/00412.png 59
ucf/PlayingCello/samples/00413.png 59
ucf/PlayingCello/samples/00414.png 59
ucf/PlayingCello/samples/00415.png 59
ucf/PlayingCello/samples/00416.png 59
ucf/PlayingCello/samples/00417.png 59
ucf/PlayingCello/samples/00418.png 59
ucf/PlayingCello/samples/00419.png 59
ucf/PlayingCello/samples/00420.png 59
ucf/PlayingCello/samples/00421.png 59
ucf/PlayingCello/samples/00422.png 59
ucf/PlayingCello/samples/00423.png 59
ucf/PlayingCello/samples/00424.png 59
ucf/PlayingCello/samples/00425.png 59
ucf/PlayingCello/samples/00426.png 59
ucf/PlayingCello/samples/00427.png 59
ucf/PlayingCello/samples/00428.png 59
ucf/PlayingCello/samples/00429.png 59
ucf/PlayingCello/samples/00430.png 59
ucf/PlayingCello/samples/00431.png 59
ucf/PlayingCello/samples/00432.png 59
ucf/PlayingCello/samples/00433.png 59
ucf/PlayingCello/samples/00434.png 59
ucf/PlayingCello/samples/00435.png 59
ucf/PlayingCello/samples/00436.png 59
ucf/PlayingCello/samples/00437.png 59
ucf/PlayingCello/samples/00438.png 59
ucf/PlayingCello/samples/00439.png 59
ucf/PlayingCello/samples/00440.png 59
ucf/PlayingCello/samples/00441.png 59
ucf/PlayingCello/samples/00442.png 59
ucf/PlayingCello/samples/00443.png 59
ucf/PlayingCello/samples/00444.png 59
ucf/PlayingCello/samples/00445.png 59
ucf/PlayingCello/samples/00446.png 59
ucf/PlayingCello/samples/00447.png 59
ucf/PlayingCello/samples/00448.png 59
ucf/PlayingCello/samples/00449.png 59
ucf/PlayingCello/samples/00450.png 59
ucf/PlayingCello/samples/00451.png 59
ucf/PlayingCello/samples/00452.png 59
ucf/PlayingCello/samples/00453.png 59
ucf/PlayingCello/samples/00454.png 59
ucf/PlayingCello/samples/00455.png 59
ucf/PlayingCello/samples/00456.png 59
ucf/PlayingCello/samples/00457.png 59
ucf/PlayingCello/samples/00458.png 59
ucf/PlayingCello/samples/00459.png 59
ucf/PlayingCello/samples/00460.png 59
ucf/PlayingCello/samples/00461.png 59
ucf/PlayingCello/samples/00462.png 59
ucf/PlayingCello/samples/00463.png 59
ucf/PlayingCello/samples/00464.png 59
ucf/PlayingCello/samples/00465.png 59
ucf/PlayingCello/samples/00466.png 59
ucf/PlayingCello/samples/00467.png 59
ucf/PlayingCello/samples/00468.png 59
ucf/PlayingCello/samples/00469.png 59
ucf/PlayingCello/samples/00470.png 59
ucf/PlayingCello/samples/00471.png 59
ucf/PlayingCello/samples/00472.png 59
ucf/PlayingCello/samples/00473.png 59
ucf/PlayingCello/samples/00474.png 59
ucf/PlayingCello/samples/00475.png 59
ucf/PlayingCello/samples/00476.png 59
ucf/PlayingCello/samples/00477.png 59
ucf/PlayingCello/samples/00478.png 59
ucf/PlayingCello/samples/00479.png 59
ucf/PlayingCello/samples/00480.png 59
ucf/PlayingCello/samples/00481.png 59
ucf/PlayingCello/samples/00482.png 59
ucf/PlayingCello/samples/00483.png 59
ucf/PlayingCello/samples/00484.png 59
ucf/PlayingCello/samples/00485.png 59
ucf/PlayingCello/samples/00486.png 59
ucf/PlayingCello/samples/00487.png 59
ucf/PlayingCello/samples/00488.png 59
ucf/PlayingCello/samples/00489.png 59
ucf/PlayingCello/samples/00490.png 59
ucf/PlayingCello/samples/00491.png 59
ucf/PlayingCello/samples/00492.png 59
ucf/PlayingCello/samples/00493.png 59
ucf/PlayingCello/samples/00494.png 59
ucf/PlayingCello/samples/00495.png 59
ucf/PlayingCello/samples/00496.png 59
ucf/PlayingCello/samples/00497.png 59
ucf/PlayingCello/samples/00498.png 59
ucf/PlayingCello/samples/00499.png 59
ucf/PlayingCello/samples/00500.png 59
ucf/PlayingCello/samples/00501.png 59
ucf/PlayingCello/samples/00502.png 59
ucf/PlayingCello/samples/00503.png 59
ucf/PlayingCello/samples/00504.png 59
ucf/PlayingCello/samples/00505.png 59
ucf/PlayingCello/samples/00506.png 59
ucf/PlayingCello/samples/00507.png 59
ucf/PlayingCello/samples/00508.png 59
ucf/PlayingCello/samples/00509.png 59
ucf/PlayingCello/samples/00510.png 59
ucf/PlayingCello/samples/00511.png 59
ucf/PlayingCello/samples/00512.png 59
ucf/PlayingCello/samples/00513.png 59
ucf/PlayingCello/samples/00514.png 59
ucf/PlayingCello/samples/00515.png 59
ucf/PlayingCello/samples/00516.png 59
ucf/PlayingCello/samples/00517.png 59
ucf/PlayingCello/samples/00518.png 59
ucf/PlayingCello/samples/00519.png 59
ucf/PlayingCello/samples/00520.png 59
ucf/PlayingCello/samples/00521.png 59
ucf/PlayingCello/samples/00522.png 59
ucf/PlayingCello/samples/00523.png 59
ucf/PlayingCello/samples/00524.png 59
ucf/PlayingCello/samples/00525.png 59
ucf/PlayingCello/samples/00526.png 59
ucf/PlayingCello/samples/00527.png 59
ucf/PlayingCello/samples/00528.png 59
ucf/PlayingCello/samples/00529.png 59
ucf/PlayingCello/samples/00530.png 59
ucf/PlayingCello/samples/00531.png 59
ucf/PlayingCello/samples/00532.png 59
ucf/PlayingCello/samples/00533.png 59
ucf/PlayingCello/samples/00534.png 59
ucf/PlayingCello/samples/00535.png 59
ucf/PlayingCello/samples/00536.png 59
ucf/PlayingCello/samples/00537.png 59
ucf/PlayingCello/samples/00538.png 59
ucf/PlayingCello/samples/00539.png 59
ucf/PlayingCello/samples/00540.png 59
ucf/PlayingCello/samples/00541.png 59
ucf/PlayingCello/samples/00542.png 59
ucf/PlayingCello/samples/00543.png 59
ucf/PlayingCello/samples/00544.png 59
ucf/PlayingCello/samples/00545.png 59
ucf/PlayingCello/samples/00546.png 59
ucf/PlayingCello/samples/00547.png 59
ucf/PlayingCello/samples/00548.png 59
ucf/PlayingCello/samples/00549.png 59
ucf/PlayingCello/samples/00550.png 59
ucf/PlayingCello/samples/00551.png 59
ucf/PlayingCello/samples/00552.png 59
ucf/PlayingCello/samples/00553.png 59
ucf/PlayingCello/samples/00554.png 59
ucf/PlayingCello/samples/00555.png 59
ucf/PlayingCello/samples/00556.png 59
ucf/PlayingCello/samples/00557.png 59
ucf/PlayingCello/samples/00558.png 59
ucf/PlayingCello/samples/00559.png 59
ucf/PlayingCello/samples/00560.png 59
ucf/PlayingCello/samples/00561.png 59
ucf/PlayingCello/samples/00562.png 59
ucf/PlayingCello/samples/00563.png 59
ucf/PlayingCello/samples/00564.png 59
ucf/PlayingCello/samples/00565.png 59
ucf/PlayingCello/samples/00566.png 59
ucf/PlayingCello/samples/00567.png 59
ucf/PlayingCello/samples/00568.png 59
ucf/PlayingCello/samples/00569.png 59
ucf/PlayingCello/samples/00570.png 59
ucf/PlayingCello/samples/00571.png 59
ucf/PlayingCello/samples/00572.png 59
ucf/PlayingCello/samples/00573.png 59
ucf/PlayingCello/samples/00574.png 59
ucf/PlayingCello/samples/00575.png 59
ucf/PlayingCello/samples/00576.png 59
ucf/PlayingCello/samples/00577.png 59
ucf/PlayingCello/samples/00578.png 59
ucf/PlayingCello/samples/00579.png 59
ucf/PlayingCello/samples/00580.png 59
ucf/PlayingCello/samples/00581.png 59
ucf/PlayingCello/samples/00582.png 59
ucf/PlayingCello/samples/00583.png 59
ucf/PlayingCello/samples/00584.png 59
ucf/PlayingCello/samples/00585.png 59
ucf/PlayingCello/samples/00586.png 59
ucf/PlayingCello/samples/00587.png 59
ucf/PlayingCello/samples/00588.png 59
ucf/PlayingCello/samples/00589.png 59
ucf/PlayingCello/samples/00590.png 59
ucf/PlayingCello/samples/00591.png 59
ucf/PlayingCello/samples/00592.png 59
ucf/PlayingCello/samples/00593.png 59
ucf/PlayingCello/samples/00594.png 59
ucf/PlayingCello/samples/00595.png 59
ucf/PlayingCello/samples/00596.png 59
ucf/PlayingCello/samples/00597.png 59
ucf/PlayingCello/samples/00598.png 59
ucf/PlayingCello/samples/00599.png 59
ucf/PlayingCello/samples/00600.png 59
ucf/PlayingCello/samples/00601.png 59
ucf/PlayingCello/samples/00602.png 59
ucf/PlayingCello/samples/00603.png 59
ucf/PlayingCello/samples/00604.png 59
ucf/PlayingCello/samples/00605.png 59
ucf/PlayingCello/samples/00606.png 59
ucf/PlayingCello/samples/00607.png 59
ucf/PlayingCello/samples/00608.png 59
ucf/PlayingCello/samples/00609.png 59
ucf/PlayingCello/samples/00610.png 59
ucf/PlayingCello/samples/00611.png 59
ucf/PlayingCello/samples/00612.png 59
ucf/PlayingCello/samples/00613.png 59
ucf/PlayingCello/samples/00614.png 59
ucf/PlayingCello/samples/00615.png 59
ucf/PlayingCello/samples/00616.png 59
ucf/PlayingCello/samples/00617.png 59
ucf/PlayingCello/samples/00618.png 59
ucf/PlayingCello/samples/00619.png 59
ucf/PlayingCello/samples/00620.png 59
ucf/PlayingCello/samples/00621.png 59
ucf/PlayingCello/samples/00622.png 59
ucf/PlayingCello/samples/00623.png 59
ucf/PlayingCello/samples/00624.png 59
ucf/PlayingCello/samples/00625.png 59
ucf/PlayingCello/samples/00626.png 59
ucf/PlayingCello/samples/00627.png 59
ucf/PlayingCello/samples/00628.png 59
ucf/PlayingCello/samples/00629.png 59
ucf/PlayingCello/samples/00630.png 59
ucf/PlayingCello/samples/00631.png 59
ucf/PlayingCello/samples/00632.png 59
ucf/PlayingCello/samples/00633.png 59
ucf/PlayingCello/samples/00634.png 59
ucf/PlayingCello/samples/00635.png 59
ucf/PlayingCello/samples/00636.png 59
ucf/PlayingCello/samples/00637.png 59
ucf/PlayingCello/samples/00638.png 59
ucf/PlayingCello/samples/00639.png 59
ucf/PlayingCello/samples/00640.png 59
ucf/PlayingCello/samples/00641.png 59
ucf/PlayingCello/samples/00642.png 59
ucf/PlayingCello/samples/00643.png 59
ucf/PlayingCello/samples/00644.png 59
ucf/PlayingCello/samples/00645.png 59
ucf/PlayingCello/samples/00646.png 59
ucf/PlayingCello/samples/00647.png 59
ucf/PlayingCello/samples/00648.png 59
ucf/PlayingCello/samples/00649.png 59
ucf/PlayingCello/samples/00650.png 59
ucf/PlayingCello/samples/00651.png 59
ucf/PlayingCello/samples/00652.png 59
ucf/PlayingCello/samples/00653.png 59
ucf/PlayingCello/samples/00654.png 59
ucf/PlayingCello/samples/00655.png 59
ucf/PlayingCello/samples/00656.png 59
ucf/PlayingCello/samples/00657.png 59
ucf/PlayingCello/samples/00658.png 59
ucf/PlayingCello/samples/00659.png 59
ucf/PlayingCello/samples/00660.png 59
ucf/PlayingCello/samples/00661.png 59
ucf/PlayingCello/samples/00662.png 59
ucf/PlayingCello/samples/00663.png 59
ucf/PlayingCello/samples/00664.png 59
ucf/PlayingCello/samples/00665.png 59
ucf/PlayingCello/samples/00666.png 59
ucf/PlayingCello/samples/00667.png 59
ucf/PlayingCello/samples/00668.png 59
ucf/PlayingCello/samples/00669.png 59
ucf/PlayingCello/samples/00670.png 59
ucf/PlayingCello/samples/00671.png 59
ucf/PlayingCello/samples/00672.png 59
ucf/PlayingCello/samples/00673.png 59
ucf/PlayingCello/samples/00674.png 59
ucf/PlayingCello/samples/00675.png 59
ucf/PlayingCello/samples/00676.png 59
ucf/PlayingCello/samples/00677.png 59
ucf/PlayingCello/samples/00678.png 59
ucf/PlayingCello/samples/00679.png 59
ucf/PlayingCello/samples/00680.png 59
ucf/PlayingCello/samples/00681.png 59
ucf/PlayingCello/samples/00682.png 59
ucf/PlayingCello/samples/00683.png 59
ucf/PlayingCello/samples/00684.png 59
ucf/PlayingCello/samples/00685.png 59
ucf/PlayingCello/samples/00686.png 59
ucf/PlayingCello/samples/00687.png 59
ucf/PlayingCello/samples/00688.png 59
ucf/PlayingCello/samples/00689.png 59
ucf/PlayingCello/samples/00690.png 59
ucf/PlayingCello/samples/00691.png 59
ucf/PlayingCello/samples/00692.png 59
ucf/PlayingCello/samples/00693.png 59
ucf/PlayingCello/samples/00694.png 59
ucf/PlayingCello/samples/00695.png 59
ucf/PlayingCello/samples/00696.png 59
ucf/PlayingCello/samples/00697.png 59
ucf/PlayingCello/samples/00698.png 59
ucf/PlayingCello/samples/00699.png 59
ucf/PlayingCello/samples/00700.png 59
ucf/PlayingCello/samples/00701.png 59
ucf/PlayingCello/samples/00702.png 59
ucf/PlayingCello/samples/00703.png 59
ucf/PlayingCello/samples/00704.png 59
ucf/PlayingCello/samples/00705.png 59
ucf/PlayingCello/samples/00706.png 59
ucf/PlayingCello/samples/00707.png 59
ucf/PlayingCello/samples/00708.png 59
ucf/PlayingCello/samples/00709.png 59
ucf/PlayingCello/samples/00710.png 59
ucf/PlayingCello/samples/00711.png 59
ucf/PlayingCello/samples/00712.png 59
ucf/PlayingCello/samples/00713.png 59
ucf/PlayingCello/samples/00714.png 59
ucf/PlayingCello/samples/00715.png 59
ucf/PlayingCello/samples/00716.png 59
ucf/PlayingCello/samples/00717.png 59
ucf/PlayingCello/samples/00718.png 59
ucf/PlayingCello/samples/00719.png 59
ucf/PlayingCello/samples/00720.png 59
ucf/PlayingCello/samples/00721.png 59
ucf/PlayingCello/samples/00722.png 59
ucf/PlayingCello/samples/00723.png 59
ucf/PlayingCello/samples/00724.png 59
ucf/PlayingCello/samples/00725.png 59
ucf/PlayingCello/samples/00726.png 59
ucf/PlayingCello/samples/00727.png 59
ucf/PlayingCello/samples/00728.png 59
ucf/PlayingCello/samples/00729.png 59
ucf/PlayingCello/samples/00730.png 59
ucf/PlayingCello/samples/00731.png 59
ucf/PlayingCello/samples/00732.png 59
ucf/PlayingCello/samples/00733.png 59
ucf/PlayingCello/samples/00734.png 59
ucf/PlayingCello/samples/00735.png 59
ucf/PlayingCello/samples/00736.png 59
ucf/PlayingCello/samples/00737.png 59
ucf/PlayingCello/samples/00738.png 59
ucf/PlayingCello/samples/00739.png 59
ucf/PlayingCello/samples/00740.png 59
ucf/PlayingCello/samples/00741.png 59
ucf/PlayingCello/samples/00742.png 59
ucf/PlayingCello/samples/00743.png 59
ucf/PlayingCello/samples/00744.png 59
ucf/PlayingCello/samples/00745.png 59
ucf/PlayingCello/samples/00746.png 59
ucf/PlayingCello/samples/00747.png 59
ucf/PlayingCello/samples/00748.png 59
ucf/PlayingCello/samples/00749.png 59
ucf/PlayingCello/samples/00750.png 59
ucf/PlayingCello/samples/00751.png 59
ucf/PlayingCello/samples/00752.png 59
ucf/PlayingCello/samples/00753.png 59
ucf/PlayingCello/samples/00754.png 59
ucf/PlayingCello/samples/00755.png 59
ucf/PlayingCello/samples/00756.png 59
ucf/PlayingCello/samples/00757.png 59
ucf/PlayingCello/samples/00758.png 59
ucf/PlayingCello/samples/00759.png 59
ucf/PlayingCello/samples/00760.png 59
ucf/PlayingCello/samples/00761.png 59
ucf/PlayingCello/samples/00762.png 59
ucf/PlayingCello/samples/00763.png 59
ucf/PlayingCello/samples/00764.png 59
ucf/PlayingCello/samples/00765.png 59
ucf/PlayingCello/samples/00766.png 59
ucf/PlayingCello/samples/00767.png 59
ucf/PlayingCello/samples/00768.png 59
ucf/PlayingCello/samples/00769.png 59
ucf/PlayingCello/samples/00770.png 59
ucf/PlayingCello/samples/00771.png 59
ucf/PlayingCello/samples/00772.png 59
ucf/PlayingCello/samples/00773.png 59
ucf/PlayingCello/samples/00774.png 59
ucf/PlayingCello/samples/00775.png 59
ucf/PlayingCello/samples/00776.png 59
ucf/PlayingCello/samples/00777.png 59
ucf/PlayingCello/samples/00778.png 59
ucf/PlayingCello/samples/00779.png 59
ucf/PlayingCello/samples/00780.png 59
ucf/PlayingCello/samples/00781.png 59
ucf/PlayingCello/samples/00782.png 59
ucf/PlayingCello/samples/00783.png 59
ucf/PlayingCello/samples/00784.png 59
ucf/PlayingCello/samples/00785.png 59
ucf/PlayingCello/samples/00786.png 59
ucf/PlayingCello/samples/00787.png 59
ucf/PlayingCello/samples/00788.png 59
ucf/PlayingCello/samples/00789.png 59
ucf/PlayingCello/samples/00790.png 59
ucf/PlayingCello/samples/00791.png 59
ucf/PlayingCello/samples/00792.png 59
ucf/PlayingCello/samples/00793.png 59
ucf/PlayingCello/samples/00794.png 59
ucf/PlayingCello/samples/00795.png 59
ucf/PlayingCello/samples/00796.png 59
ucf/PlayingCello/samples/00797.png 59
ucf/PlayingCello/samples/00798.png 59
ucf/PlayingCello/samples/00799.png 59
ucf/PlayingCello/samples/00800.png 59
ucf/PlayingCello/samples/00801.png 59
ucf/PlayingCello/samples/00802.png 59
ucf/PlayingCello/samples/00803.png 59
ucf/PlayingCello/samples/00804.png 59
ucf/PlayingCello/samples/00805.png 59
ucf/PlayingCello/samples/00806.png 59
ucf/PlayingCello/samples/00807.png 59
ucf/PlayingCello/samples/00808.png 59
ucf/PlayingCello/samples/00809.png 59
ucf/PlayingCello/samples/00810.png 59
ucf/PlayingCello/samples/00811.png 59
ucf/PlayingCello/samples/00812.png 59
ucf/PlayingCello/samples/00813.png 59
ucf/PlayingCello/samples/00814.png 59
ucf/PlayingCello/samples/00815.png 59
ucf/PlayingCello/samples/00816.png 59
ucf/PlayingCello/samples/00817.png 59
ucf/PlayingCello/samples/00818.png 59
ucf/PlayingCello/samples/00819.png 59
ucf/PlayingCello/samples/00820.png 59
ucf/PlayingCello/samples/00821.png 59
ucf/PlayingCello/samples/00822.png 59
ucf/PlayingCello/samples/00823.png 59
ucf/PlayingCello/samples/00824.png 59
ucf/PlayingCello/samples/00825.png 59
ucf/PlayingCello/samples/00826.png 59
ucf/PlayingCello/samples/00827.png 59
ucf/PlayingCello/samples/00828.png 59
ucf/PlayingCello/samples/00829.png 59
ucf/PlayingCello/samples/00830.png 59
ucf/PlayingCello/samples/00831.png 59
ucf/PlayingCello/samples/00832.png 59
ucf/PlayingCello/samples/00833.png 59
ucf/PlayingCello/samples/00834.png 59
ucf/PlayingCello/samples/00835.png 59
ucf/PlayingCello/samples/00836.png 59
ucf/PlayingCello/samples/00837.png 59
ucf/PlayingCello/samples/00838.png 59
ucf/PlayingCello/samples/00839.png 59
ucf/PlayingCello/samples/00840.png 59
ucf/PlayingCello/samples/00841.png 59
ucf/PlayingCello/samples/00842.png 59
ucf/PlayingCello/samples/00843.png 59
ucf/PlayingCello/samples/00844.png 59
ucf/PlayingCello/samples/00845.png 59
ucf/PlayingCello/samples/00846.png 59
ucf/PlayingCello/samples/00847.png 59
ucf/PlayingCello/samples/00848.png 59
ucf/PlayingCello/samples/00849.png 59
ucf/PlayingCello/samples/00850.png 59
ucf/PlayingCello/samples/00851.png 59
ucf/PlayingCello/samples/00852.png 59
ucf/PlayingCello/samples/00853.png 59
ucf/PlayingCello/samples/00854.png 59
ucf/PlayingCello/samples/00855.png 59
ucf/PlayingCello/samples/00856.png 59
ucf/PlayingCello/samples/00857.png 59
ucf/PlayingCello/samples/00858.png 59
ucf/PlayingCello/samples/00859.png 59
ucf/PlayingCello/samples/00860.png 59
ucf/PlayingCello/samples/00861.png 59
ucf/PlayingCello/samples/00862.png 59
ucf/PlayingCello/samples/00863.png 59
ucf/PlayingCello/samples/00864.png 59
ucf/PlayingCello/samples/00865.png 59
ucf/PlayingCello/samples/00866.png 59
ucf/PlayingCello/samples/00867.png 59
ucf/PlayingCello/samples/00868.png 59
ucf/PlayingCello/samples/00869.png 59
ucf/PlayingCello/samples/00870.png 59
ucf/PlayingCello/samples/00871.png 59
ucf/PlayingCello/samples/00872.png 59
ucf/PlayingCello/samples/00873.png 59
ucf/PlayingCello/samples/00874.png 59
ucf/PlayingCello/samples/00875.png 59
ucf/PlayingCello/samples/00876.png 59
ucf/PlayingCello/samples/00877.png 59
ucf/PlayingCello/samples/00878.png 59
ucf/PlayingCello/samples/00879.png 59
ucf/PlayingCello/samples/00880.png 59
ucf/PlayingCello/samples/00881.png 59
ucf/PlayingCello/samples/00882.png 59
ucf/PlayingCello/samples/00883.png 59
ucf/PlayingCello/samples/00884.png 59
ucf/PlayingCello/samples/00885.png 59
ucf/PlayingCello/samples/00886.png 59
ucf/PlayingCello/samples/00887.png 59
ucf/PlayingCello/samples/00888.png 59
ucf/PlayingCello/samples/00889.png 59
ucf/PlayingCello/samples/00890.png 59
ucf/PlayingCello/samples/00891.png 59
ucf/PlayingCello/samples/00892.png 59
ucf/PlayingCello/samples/00893.png 59
ucf/PlayingCello/samples/00894.png 59
ucf/PlayingCello/samples/00895.png 59
ucf/PlayingCello/samples/00896.png 59
ucf/PlayingCello/samples/00897.png 59
ucf/PlayingCello/samples/00898.png 59
ucf/PlayingCello/samples/00899.png 59
ucf/PlayingCello/samples/00900.png 59
ucf/PlayingCello/samples/00901.png 59
ucf/PlayingCello/samples/00902.png 59
ucf/PlayingCello/samples/00903.png 59
ucf/PlayingCello/samples/00904.png 59
ucf/PlayingCello/samples/00905.png 59
ucf/PlayingCello/samples/00906.png 59
ucf/PlayingCello/samples/00907.png 59
ucf/PlayingCello/samples/00908.png 59
ucf/PlayingCello/samples/00909.png 59
ucf/PlayingCello/samples/00910.png 59
ucf/PlayingCello/samples/00911.png 59
ucf/PlayingCello/samples/00912.png 59
ucf/PlayingCello/samples/00913.png 59
ucf/PlayingCello/samples/00914.png 59
ucf/PlayingCello/samples/00915.png 59
ucf/PlayingCello/samples/00916.png 59
ucf/PlayingCello/samples/00917.png 59
ucf/PlayingCello/samples/00918.png 59
ucf/PlayingCello/samples/00919.png 59
ucf/PlayingCello/samples/00920.png 59
ucf/PlayingCello/samples/00921.png 59
ucf/PlayingCello/samples/00922.png 59
ucf/PlayingCello/samples/00923.png 59
ucf/PlayingCello/samples/00924.png 59
ucf/PlayingCello/samples/00925.png 59
ucf/PlayingCello/samples/00926.png 59
ucf/PlayingCello/samples/00927.png 59
ucf/PlayingCello/samples/00928.png 59
ucf/PlayingCello/samples/00929.png 59
ucf/PlayingCello/samples/00930.png 59
ucf/PlayingCello/samples/00931.png 59
ucf/PlayingCello/samples/00932.png 59
ucf/PlayingCello/samples/00933.png 59
ucf/PlayingCello/samples/00934.png 59
ucf/PlayingCello/samples/00935.png 59
ucf/PlayingCello/samples/00936.png 59
ucf/PlayingCello/samples/00937.png 59
ucf/PlayingCello/samples/00938.png 59
ucf/PlayingCello/samples/00939.png 59
ucf/PlayingCello/samples/00940.png 59
ucf/PlayingCello/samples/00941.png 59
ucf/PlayingCello/samples/00942.png 59
ucf/PlayingCello/samples/00943.png 59
ucf/PlayingCello/samples/00944.png 59
ucf/PlayingCello/samples/00945.png 59
ucf/PlayingCello/samples/00946.png 59
ucf/PlayingCello/samples/00947.png 59
ucf/PlayingCello/samples/00948.png 59
ucf/PlayingCello/samples/00949.png 59
ucf/PlayingCello/samples/00950.png 59
ucf/PlayingCello/samples/00951.png 59
ucf/PlayingCello/samples/00952.png 59
ucf/PlayingCello/samples/00953.png 59
ucf/PlayingCello/samples/00954.png 59
ucf/PlayingCello/samples/00955.png 59
ucf/PlayingCello/samples/00956.png 59
ucf/PlayingCello/samples/00957.png 59
ucf/PlayingCello/samples/00958.png 59
ucf/PlayingCello/samples/00959.png 59
ucf/PlayingCello/samples/00960.png 59
ucf/PlayingCello/samples/00961.png 59
ucf/PlayingCello/samples/00962.png 59
ucf/PlayingCello/samples/00963.png 59
ucf/PlayingCello/samples/00964.png 59
ucf/PlayingCello/samples/00965.png 59
ucf/PlayingCello/samples/00966.png 59
ucf/PlayingCello/samples/00967.png 59
ucf/PlayingCello/samples/00968.png 59
ucf/PlayingCello/samples/00969.png 59
ucf/PlayingCello/samples/00970.png 59
ucf/PlayingCello/samples/00971.png 59
ucf/PlayingCello/samples/00972.png 59
ucf/PlayingCello/samples/00973.png 59
ucf/PlayingCello/samples/00974.png 59
ucf/PlayingCello/samples/00975.png 59
ucf/PlayingCello/samples/00976.png 59
ucf/PlayingCello/samples/00977.png 59
ucf/PlayingCello/samples/00978.png 59
ucf/PlayingCello/samples/00979.png 59
ucf/PlayingCello/samples/00980.png 59
ucf/PlayingCello/samples/00981.png 59
ucf/PlayingCello/samples/00982.png 59
ucf/PlayingCello/samples/00983.png 59
ucf/PlayingCello/samples/00984.png 59
ucf/PlayingCello/samples/00985.png 59
ucf/PlayingCello/samples/00986.png 59
ucf/PlayingCello/samples/00987.png 59
ucf/PlayingCello/samples/00988.png 59
ucf/PlayingCello/samples/00989.png 59
ucf/PlayingCello/samples/00990.png 59
ucf/PlayingCello/samples/00991.png 59
ucf/PlayingCello/samples/00992.png 59
ucf/PlayingCello/samples/00993.png 59
ucf/PlayingCello/samples/00994.png 59
ucf/PlayingCello/samples/00995.png 59
ucf/PlayingCello/samples/00996.png 59
ucf/PlayingCello/samples/00997.png 59
ucf/PlayingCello/samples/00998.png 59
ucf/PlayingCello/samples/00999.png 59
ucf/PommelHorse/samples/00000.png 69
ucf/PommelHorse/samples/00001.png 69
ucf/PommelHorse/samples/00002.png 69
ucf/PommelHorse/samples/00003.png 69
ucf/PommelHorse/samples/00004.png 69
ucf/PommelHorse/samples/00005.png 69
ucf/PommelHorse/samples/00006.png 69
ucf/PommelHorse/samples/00007.png 69
ucf/PommelHorse/samples/00008.png 69
ucf/PommelHorse/samples/00009.png 69
ucf/PommelHorse/samples/00010.png 69
ucf/PommelHorse/samples/00011.png 69
ucf/PommelHorse/samples/00012.png 69
ucf/PommelHorse/samples/00013.png 69
ucf/PommelHorse/samples/00014.png 69
ucf/PommelHorse/samples/00015.png 69
ucf/PommelHorse/samples/00016.png 69
ucf/PommelHorse/samples/00017.png 69
ucf/PommelHorse/samples/00018.png 69
ucf/PommelHorse/samples/00019.png 69
ucf/PommelHorse/samples/00020.png 69
ucf/PommelHorse/samples/00021.png 69
ucf/PommelHorse/samples/00022.png 69
ucf/PommelHorse/samples/00023.png 69
ucf/PommelHorse/samples/00024.png 69
ucf/PommelHorse/samples/00025.png 69
ucf/PommelHorse/samples/00026.png 69
ucf/PommelHorse/samples/00027.png 69
ucf/PommelHorse/samples/00028.png 69
ucf/PommelHorse/samples/00029.png 69
ucf/PommelHorse/samples/00030.png 69
ucf/PommelHorse/samples/00031.png 69
ucf/PommelHorse/samples/00032.png 69
ucf/PommelHorse/samples/00033.png 69
ucf/PommelHorse/samples/00034.png 69
ucf/PommelHorse/samples/00035.png 69
ucf/PommelHorse/samples/00036.png 69
ucf/PommelHorse/samples/00037.png 69
ucf/PommelHorse/samples/00038.png 69
ucf/PommelHorse/samples/00039.png 69
ucf/PommelHorse/samples/00040.png 69
ucf/PommelHorse/samples/00041.png 69
ucf/PommelHorse/samples/00042.png 69
ucf/PommelHorse/samples/00043.png 69
ucf/PommelHorse/samples/00044.png 69
ucf/PommelHorse/samples/00045.png 69
ucf/PommelHorse/samples/00046.png 69
ucf/PommelHorse/samples/00047.png 69
ucf/PommelHorse/samples/00048.png 69
ucf/PommelHorse/samples/00049.png 69
ucf/PommelHorse/samples/00050.png 69
ucf/PommelHorse/samples/00051.png 69
ucf/PommelHorse/samples/00052.png 69
ucf/PommelHorse/samples/00053.png 69
ucf/PommelHorse/samples/00054.png 69
ucf/PommelHorse/samples/00055.png 69
ucf/PommelHorse/samples/00056.png 69
ucf/PommelHorse/samples/00057.png 69
ucf/PommelHorse/samples/00058.png 69
ucf/PommelHorse/samples/00059.png 69
ucf/PommelHorse/samples/00060.png 69
ucf/PommelHorse/samples/00061.png 69
ucf/PommelHorse/samples/00062.png 69
ucf/PommelHorse/samples/00063.png 69
ucf/PommelHorse/samples/00064.png 69
ucf/PommelHorse/samples/00065.png 69
ucf/PommelHorse/samples/00066.png 69
ucf/PommelHorse/samples/00067.png 69
ucf/PommelHorse/samples/00068.png 69
ucf/PommelHorse/samples/00069.png 69
ucf/PommelHorse/samples/00070.png 69
ucf/PommelHorse/samples/00071.png 69
ucf/PommelHorse/samples/00072.png 69
ucf/PommelHorse/samples/00073.png 69
ucf/PommelHorse/samples/00074.png 69
ucf/PommelHorse/samples/00075.png 69
ucf/PommelHorse/samples/00076.png 69
ucf/PommelHorse/samples/00077.png 69
ucf/PommelHorse/samples/00078.png 69
ucf/PommelHorse/samples/00079.png 69
ucf/PommelHorse/samples/00080.png 69
ucf/PommelHorse/samples/00081.png 69
ucf/PommelHorse/samples/00082.png 69
ucf/PommelHorse/samples/00083.png 69
ucf/PommelHorse/samples/00084.png 69
ucf/PommelHorse/samples/00085.png 69
ucf/PommelHorse/samples/00086.png 69
ucf/PommelHorse/samples/00087.png 69
ucf/PommelHorse/samples/00088.png 69
ucf/PommelHorse/samples/00089.png 69
ucf/PommelHorse/samples/00090.png 69
ucf/PommelHorse/samples/00091.png 69
ucf/PommelHorse/samples/00092.png 69
ucf/PommelHorse/samples/00093.png 69
ucf/PommelHorse/samples/00094.png 69
ucf/PommelHorse/samples/00095.png 69
ucf/PommelHorse/samples/00096.png 69
ucf/PommelHorse/samples/00097.png 69
ucf/PommelHorse/samples/00098.png 69
ucf/PommelHorse/samples/00099.png 69
ucf/PommelHorse/samples/00100.png 69
ucf/PommelHorse/samples/00101.png 69
ucf/PommelHorse/samples/00102.png 69
ucf/PommelHorse/samples/00103.png 69
ucf/PommelHorse/samples/00104.png 69
ucf/PommelHorse/samples/00105.png 69
ucf/PommelHorse/samples/00106.png 69
ucf/PommelHorse/samples/00107.png 69
ucf/PommelHorse/samples/00108.png 69
ucf/PommelHorse/samples/00109.png 69
ucf/PommelHorse/samples/00110.png 69
ucf/PommelHorse/samples/00111.png 69
ucf/PommelHorse/samples/00112.png 69
ucf/PommelHorse/samples/00113.png 69
ucf/PommelHorse/samples/00114.png 69
ucf/PommelHorse/samples/00115.png 69
ucf/PommelHorse/samples/00116.png 69
ucf/PommelHorse/samples/00117.png 69
ucf/PommelHorse/samples/00118.png 69
ucf/PommelHorse/samples/00119.png 69
ucf/PommelHorse/samples/00120.png 69
ucf/PommelHorse/samples/00121.png 69
ucf/PommelHorse/samples/00122.png 69
ucf/PommelHorse/samples/00123.png 69
ucf/PommelHorse/samples/00124.png 69
ucf/PommelHorse/samples/00125.png 69
ucf/PommelHorse/samples/00126.png 69
ucf/PommelHorse/samples/00127.png 69
ucf/PommelHorse/samples/00128.png 69
ucf/PommelHorse/samples/00129.png 69
ucf/PommelHorse/samples/00130.png 69
ucf/PommelHorse/samples/00131.png 69
ucf/PommelHorse/samples/00132.png 69
ucf/PommelHorse/samples/00133.png 69
ucf/PommelHorse/samples/00134.png 69
ucf/PommelHorse/samples/00135.png 69
ucf/PommelHorse/samples/00136.png 69
ucf/PommelHorse/samples/00137.png 69
ucf/PommelHorse/samples/00138.png 69
ucf/PommelHorse/samples/00139.png 69
ucf/PommelHorse/samples/00140.png 69
ucf/PommelHorse/samples/00141.png 69
ucf/PommelHorse/samples/00142.png 69
ucf/PommelHorse/samples/00143.png 69
ucf/PommelHorse/samples/00144.png 69
ucf/PommelHorse/samples/00145.png 69
ucf/PommelHorse/samples/00146.png 69
ucf/PommelHorse/samples/00147.png 69
ucf/PommelHorse/samples/00148.png 69
ucf/PommelHorse/samples/00149.png 69
ucf/PommelHorse/samples/00150.png 69
ucf/PommelHorse/samples/00151.png 69
ucf/PommelHorse/samples/00152.png 69
ucf/PommelHorse/samples/00153.png 69
ucf/PommelHorse/samples/00154.png 69
ucf/PommelHorse/samples/00155.png 69
ucf/PommelHorse/samples/00156.png 69
ucf/PommelHorse/samples/00157.png 69
ucf/PommelHorse/samples/00158.png 69
ucf/PommelHorse/samples/00159.png 69
ucf/PommelHorse/samples/00160.png 69
ucf/PommelHorse/samples/00161.png 69
ucf/PommelHorse/samples/00162.png 69
ucf/PommelHorse/samples/00163.png 69
ucf/PommelHorse/samples/00164.png 69
ucf/PommelHorse/samples/00165.png 69
ucf/PommelHorse/samples/00166.png 69
ucf/PommelHorse/samples/00167.png 69
ucf/PommelHorse/samples/00168.png 69
ucf/PommelHorse/samples/00169.png 69
ucf/PommelHorse/samples/00170.png 69
ucf/PommelHorse/samples/00171.png 69
ucf/PommelHorse/samples/00172.png 69
ucf/PommelHorse/samples/00173.png 69
ucf/PommelHorse/samples/00174.png 69
ucf/PommelHorse/samples/00175.png 69
ucf/PommelHorse/samples/00176.png 69
ucf/PommelHorse/samples/00177.png 69
ucf/PommelHorse/samples/00178.png 69
ucf/PommelHorse/samples/00179.png 69
ucf/PommelHorse/samples/00180.png 69
ucf/PommelHorse/samples/00181.png 69
ucf/PommelHorse/samples/00182.png 69
ucf/PommelHorse/samples/00183.png 69
ucf/PommelHorse/samples/00184.png 69
ucf/PommelHorse/samples/00185.png 69
ucf/PommelHorse/samples/00186.png 69
ucf/PommelHorse/samples/00187.png 69
ucf/PommelHorse/samples/00188.png 69
ucf/PommelHorse/samples/00189.png 69
ucf/PommelHorse/samples/00190.png 69
ucf/PommelHorse/samples/00191.png 69
ucf/PommelHorse/samples/00192.png 69
ucf/PommelHorse/samples/00193.png 69
ucf/PommelHorse/samples/00194.png 69
ucf/PommelHorse/samples/00195.png 69
ucf/PommelHorse/samples/00196.png 69
ucf/PommelHorse/samples/00197.png 69
ucf/PommelHorse/samples/00198.png 69
ucf/PommelHorse/samples/00199.png 69
ucf/PommelHorse/samples/00200.png 69
ucf/PommelHorse/samples/00201.png 69
ucf/PommelHorse/samples/00202.png 69
ucf/PommelHorse/samples/00203.png 69
ucf/PommelHorse/samples/00204.png 69
ucf/PommelHorse/samples/00205.png 69
ucf/PommelHorse/samples/00206.png 69
ucf/PommelHorse/samples/00207.png 69
ucf/PommelHorse/samples/00208.png 69
ucf/PommelHorse/samples/00209.png 69
ucf/PommelHorse/samples/00210.png 69
ucf/PommelHorse/samples/00211.png 69
ucf/PommelHorse/samples/00212.png 69
ucf/PommelHorse/samples/00213.png 69
ucf/PommelHorse/samples/00214.png 69
ucf/PommelHorse/samples/00215.png 69
ucf/PommelHorse/samples/00216.png 69
ucf/PommelHorse/samples/00217.png 69
ucf/PommelHorse/samples/00218.png 69
ucf/PommelHorse/samples/00219.png 69
ucf/PommelHorse/samples/00220.png 69
ucf/PommelHorse/samples/00221.png 69
ucf/PommelHorse/samples/00222.png 69
ucf/PommelHorse/samples/00223.png 69
ucf/PommelHorse/samples/00224.png 69
ucf/PommelHorse/samples/00225.png 69
ucf/PommelHorse/samples/00226.png 69
ucf/PommelHorse/samples/00227.png 69
ucf/PommelHorse/samples/00228.png 69
ucf/PommelHorse/samples/00229.png 69
ucf/PommelHorse/samples/00230.png 69
ucf/PommelHorse/samples/00231.png 69
ucf/PommelHorse/samples/00232.png 69
ucf/PommelHorse/samples/00233.png 69
ucf/PommelHorse/samples/00234.png 69
ucf/PommelHorse/samples/00235.png 69
ucf/PommelHorse/samples/00236.png 69
ucf/PommelHorse/samples/00237.png 69
ucf/PommelHorse/samples/00238.png 69
ucf/PommelHorse/samples/00239.png 69
ucf/PommelHorse/samples/00240.png 69
ucf/PommelHorse/samples/00241.png 69
ucf/PommelHorse/samples/00242.png 69
ucf/PommelHorse/samples/00243.png 69
ucf/PommelHorse/samples/00244.png 69
ucf/PommelHorse/samples/00245.png 69
ucf/PommelHorse/samples/00246.png 69
ucf/PommelHorse/samples/00247.png 69
ucf/PommelHorse/samples/00248.png 69
ucf/PommelHorse/samples/00249.png 69
ucf/PommelHorse/samples/00250.png 69
ucf/PommelHorse/samples/00251.png 69
ucf/PommelHorse/samples/00252.png 69
ucf/PommelHorse/samples/00253.png 69
ucf/PommelHorse/samples/00254.png 69
ucf/PommelHorse/samples/00255.png 69
ucf/PommelHorse/samples/00256.png 69
ucf/PommelHorse/samples/00257.png 69
ucf/PommelHorse/samples/00258.png 69
ucf/PommelHorse/samples/00259.png 69
ucf/PommelHorse/samples/00260.png 69
ucf/PommelHorse/samples/00261.png 69
ucf/PommelHorse/samples/00262.png 69
ucf/PommelHorse/samples/00263.png 69
ucf/PommelHorse/samples/00264.png 69
ucf/PommelHorse/samples/00265.png 69
ucf/PommelHorse/samples/00266.png 69
ucf/PommelHorse/samples/00267.png 69
ucf/PommelHorse/samples/00268.png 69
ucf/PommelHorse/samples/00269.png 69
ucf/PommelHorse/samples/00270.png 69
ucf/PommelHorse/samples/00271.png 69
ucf/PommelHorse/samples/00272.png 69
ucf/PommelHorse/samples/00273.png 69
ucf/PommelHorse/samples/00274.png 69
ucf/PommelHorse/samples/00275.png 69
ucf/PommelHorse/samples/00276.png 69
ucf/PommelHorse/samples/00277.png 69
ucf/PommelHorse/samples/00278.png 69
ucf/PommelHorse/samples/00279.png 69
ucf/PommelHorse/samples/00280.png 69
ucf/PommelHorse/samples/00281.png 69
ucf/PommelHorse/samples/00282.png 69
ucf/PommelHorse/samples/00283.png 69
ucf/PommelHorse/samples/00284.png 69
ucf/PommelHorse/samples/00285.png 69
ucf/PommelHorse/samples/00286.png 69
ucf/PommelHorse/samples/00287.png 69
ucf/PommelHorse/samples/00288.png 69
ucf/PommelHorse/samples/00289.png 69
ucf/PommelHorse/samples/00290.png 69
ucf/PommelHorse/samples/00291.png 69
ucf/PommelHorse/samples/00292.png 69
ucf/PommelHorse/samples/00293.png 69
ucf/PommelHorse/samples/00294.png 69
ucf/PommelHorse/samples/00295.png 69
ucf/PommelHorse/samples/00296.png 69
ucf/PommelHorse/samples/00297.png 69
ucf/PommelHorse/samples/00298.png 69
ucf/PommelHorse/samples/00299.png 69
ucf/PommelHorse/samples/00300.png 69
ucf/PommelHorse/samples/00301.png 69
ucf/PommelHorse/samples/00302.png 69
ucf/PommelHorse/samples/00303.png 69
ucf/PommelHorse/samples/00304.png 69
ucf/PommelHorse/samples/00305.png 69
ucf/PommelHorse/samples/00306.png 69
ucf/PommelHorse/samples/00307.png 69
ucf/PommelHorse/samples/00308.png 69
ucf/PommelHorse/samples/00309.png 69
ucf/PommelHorse/samples/00310.png 69
ucf/PommelHorse/samples/00311.png 69
ucf/PommelHorse/samples/00312.png 69
ucf/PommelHorse/samples/00313.png 69
ucf/PommelHorse/samples/00314.png 69
ucf/PommelHorse/samples/00315.png 69
ucf/PommelHorse/samples/00316.png 69
ucf/PommelHorse/samples/00317.png 69
ucf/PommelHorse/samples/00318.png 69
ucf/PommelHorse/samples/00319.png 69
ucf/PommelHorse/samples/00320.png 69
ucf/PommelHorse/samples/00321.png 69
ucf/PommelHorse/samples/00322.png 69
ucf/PommelHorse/samples/00323.png 69
ucf/PommelHorse/samples/00324.png 69
ucf/PommelHorse/samples/00325.png 69
ucf/PommelHorse/samples/00326.png 69
ucf/PommelHorse/samples/00327.png 69
ucf/PommelHorse/samples/00328.png 69
ucf/PommelHorse/samples/00329.png 69
ucf/PommelHorse/samples/00330.png 69
ucf/PommelHorse/samples/00331.png 69
ucf/PommelHorse/samples/00332.png 69
ucf/PommelHorse/samples/00333.png 69
ucf/PommelHorse/samples/00334.png 69
ucf/PommelHorse/samples/00335.png 69
ucf/PommelHorse/samples/00336.png 69
ucf/PommelHorse/samples/00337.png 69
ucf/PommelHorse/samples/00338.png 69
ucf/PommelHorse/samples/00339.png 69
ucf/PommelHorse/samples/00340.png 69
ucf/PommelHorse/samples/00341.png 69
ucf/PommelHorse/samples/00342.png 69
ucf/PommelHorse/samples/00343.png 69
ucf/PommelHorse/samples/00344.png 69
ucf/PommelHorse/samples/00345.png 69
ucf/PommelHorse/samples/00346.png 69
ucf/PommelHorse/samples/00347.png 69
ucf/PommelHorse/samples/00348.png 69
ucf/PommelHorse/samples/00349.png 69
ucf/PommelHorse/samples/00350.png 69
ucf/PommelHorse/samples/00351.png 69
ucf/PommelHorse/samples/00352.png 69
ucf/PommelHorse/samples/00353.png 69
ucf/PommelHorse/samples/00354.png 69
ucf/PommelHorse/samples/00355.png 69
ucf/PommelHorse/samples/00356.png 69
ucf/PommelHorse/samples/00357.png 69
ucf/PommelHorse/samples/00358.png 69
ucf/PommelHorse/samples/00359.png 69
ucf/PommelHorse/samples/00360.png 69
ucf/PommelHorse/samples/00361.png 69
ucf/PommelHorse/samples/00362.png 69
ucf/PommelHorse/samples/00363.png 69
ucf/PommelHorse/samples/00364.png 69
ucf/PommelHorse/samples/00365.png 69
ucf/PommelHorse/samples/00366.png 69
ucf/PommelHorse/samples/00367.png 69
ucf/PommelHorse/samples/00368.png 69
ucf/PommelHorse/samples/00369.png 69
ucf/PommelHorse/samples/00370.png 69
ucf/PommelHorse/samples/00371.png 69
ucf/PommelHorse/samples/00372.png 69
ucf/PommelHorse/samples/00373.png 69
ucf/PommelHorse/samples/00374.png 69
ucf/PommelHorse/samples/00375.png 69
ucf/PommelHorse/samples/00376.png 69
ucf/PommelHorse/samples/00377.png 69
ucf/PommelHorse/samples/00378.png 69
ucf/PommelHorse/samples/00379.png 69
ucf/PommelHorse/samples/00380.png 69
ucf/PommelHorse/samples/00381.png 69
ucf/PommelHorse/samples/00382.png 69
ucf/PommelHorse/samples/00383.png 69
ucf/PommelHorse/samples/00384.png 69
ucf/PommelHorse/samples/00385.png 69
ucf/PommelHorse/samples/00386.png 69
ucf/PommelHorse/samples/00387.png 69
ucf/PommelHorse/samples/00388.png 69
ucf/PommelHorse/samples/00389.png 69
ucf/PommelHorse/samples/00390.png 69
ucf/PommelHorse/samples/00391.png 69
ucf/PommelHorse/samples/00392.png 69
ucf/PommelHorse/samples/00393.png 69
ucf/PommelHorse/samples/00394.png 69
ucf/PommelHorse/samples/00395.png 69
ucf/PommelHorse/samples/00396.png 69
ucf/PommelHorse/samples/00397.png 69
ucf/PommelHorse/samples/00398.png 69
ucf/PommelHorse/samples/00399.png 69
ucf/PommelHorse/samples/00400.png 69
ucf/PommelHorse/samples/00401.png 69
ucf/PommelHorse/samples/00402.png 69
ucf/PommelHorse/samples/00403.png 69
ucf/PommelHorse/samples/00404.png 69
ucf/PommelHorse/samples/00405.png 69
ucf/PommelHorse/samples/00406.png 69
ucf/PommelHorse/samples/00407.png 69
ucf/PommelHorse/samples/00408.png 69
ucf/PommelHorse/samples/00409.png 69
ucf/PommelHorse/samples/00410.png 69
ucf/PommelHorse/samples/00411.png 69
ucf/PommelHorse/samples/00412.png 69
ucf/PommelHorse/samples/00413.png 69
ucf/PommelHorse/samples/00414.png 69
ucf/PommelHorse/samples/00415.png 69
ucf/PommelHorse/samples/00416.png 69
ucf/PommelHorse/samples/00417.png 69
ucf/PommelHorse/samples/00418.png 69
ucf/PommelHorse/samples/00419.png 69
ucf/PommelHorse/samples/00420.png 69
ucf/PommelHorse/samples/00421.png 69
ucf/PommelHorse/samples/00422.png 69
ucf/PommelHorse/samples/00423.png 69
ucf/PommelHorse/samples/00424.png 69
ucf/PommelHorse/samples/00425.png 69
ucf/PommelHorse/samples/00426.png 69
ucf/PommelHorse/samples/00427.png 69
ucf/PommelHorse/samples/00428.png 69
ucf/PommelHorse/samples/00429.png 69
ucf/PommelHorse/samples/00430.png 69
ucf/PommelHorse/samples/00431.png 69
ucf/PommelHorse/samples/00432.png 69
ucf/PommelHorse/samples/00433.png 69
ucf/PommelHorse/samples/00434.png 69
ucf/PommelHorse/samples/00435.png 69
ucf/PommelHorse/samples/00436.png 69
ucf/PommelHorse/samples/00437.png 69
ucf/PommelHorse/samples/00438.png 69
ucf/PommelHorse/samples/00439.png 69
ucf/PommelHorse/samples/00440.png 69
ucf/PommelHorse/samples/00441.png 69
ucf/PommelHorse/samples/00442.png 69
ucf/PommelHorse/samples/00443.png 69
ucf/PommelHorse/samples/00444.png 69
ucf/PommelHorse/samples/00445.png 69
ucf/PommelHorse/samples/00446.png 69
ucf/PommelHorse/samples/00447.png 69
ucf/PommelHorse/samples/00448.png 69
ucf/PommelHorse/samples/00449.png 69
ucf/PommelHorse/samples/00450.png 69
ucf/PommelHorse/samples/00451.png 69
ucf/PommelHorse/samples/00452.png 69
ucf/PommelHorse/samples/00453.png 69
ucf/PommelHorse/samples/00454.png 69
ucf/PommelHorse/samples/00455.png 69
ucf/PommelHorse/samples/00456.png 69
ucf/PommelHorse/samples/00457.png 69
ucf/PommelHorse/samples/00458.png 69
ucf/PommelHorse/samples/00459.png 69
ucf/PommelHorse/samples/00460.png 69
ucf/PommelHorse/samples/00461.png 69
ucf/PommelHorse/samples/00462.png 69
ucf/PommelHorse/samples/00463.png 69
ucf/PommelHorse/samples/00464.png 69
ucf/PommelHorse/samples/00465.png 69
ucf/PommelHorse/samples/00466.png 69
ucf/PommelHorse/samples/00467.png 69
ucf/PommelHorse/samples/00468.png 69
ucf/PommelHorse/samples/00469.png 69
ucf/PommelHorse/samples/00470.png 69
ucf/PommelHorse/samples/00471.png 69
ucf/PommelHorse/samples/00472.png 69
ucf/PommelHorse/samples/00473.png 69
ucf/PommelHorse/samples/00474.png 69
ucf/PommelHorse/samples/00475.png 69
ucf/PommelHorse/samples/00476.png 69
ucf/PommelHorse/samples/00477.png 69
ucf/PommelHorse/samples/00478.png 69
ucf/PommelHorse/samples/00479.png 69
ucf/PommelHorse/samples/00480.png 69
ucf/PommelHorse/samples/00481.png 69
ucf/PommelHorse/samples/00482.png 69
ucf/PommelHorse/samples/00483.png 69
ucf/PommelHorse/samples/00484.png 69
ucf/PommelHorse/samples/00485.png 69
ucf/PommelHorse/samples/00486.png 69
ucf/PommelHorse/samples/00487.png 69
ucf/PommelHorse/samples/00488.png 69
ucf/PommelHorse/samples/00489.png 69
ucf/PommelHorse/samples/00490.png 69
ucf/PommelHorse/samples/00491.png 69
ucf/PommelHorse/samples/00492.png 69
ucf/PommelHorse/samples/00493.png 69
ucf/PommelHorse/samples/00494.png 69
ucf/PommelHorse/samples/00495.png 69
ucf/PommelHorse/samples/00496.png 69
ucf/PommelHorse/samples/00497.png 69
ucf/PommelHorse/samples/00498.png 69
ucf/PommelHorse/samples/00499.png 69
ucf/PommelHorse/samples/00500.png 69
ucf/PommelHorse/samples/00501.png 69
ucf/PommelHorse/samples/00502.png 69
ucf/PommelHorse/samples/00503.png 69
ucf/PommelHorse/samples/00504.png 69
ucf/PommelHorse/samples/00505.png 69
ucf/PommelHorse/samples/00506.png 69
ucf/PommelHorse/samples/00507.png 69
ucf/PommelHorse/samples/00508.png 69
ucf/PommelHorse/samples/00509.png 69
ucf/PommelHorse/samples/00510.png 69
ucf/PommelHorse/samples/00511.png 69
ucf/PommelHorse/samples/00512.png 69
ucf/PommelHorse/samples/00513.png 69
ucf/PommelHorse/samples/00514.png 69
ucf/PommelHorse/samples/00515.png 69
ucf/PommelHorse/samples/00516.png 69
ucf/PommelHorse/samples/00517.png 69
ucf/PommelHorse/samples/00518.png 69
ucf/PommelHorse/samples/00519.png 69
ucf/PommelHorse/samples/00520.png 69
ucf/PommelHorse/samples/00521.png 69
ucf/PommelHorse/samples/00522.png 69
ucf/PommelHorse/samples/00523.png 69
ucf/PommelHorse/samples/00524.png 69
ucf/PommelHorse/samples/00525.png 69
ucf/PommelHorse/samples/00526.png 69
ucf/PommelHorse/samples/00527.png 69
ucf/PommelHorse/samples/00528.png 69
ucf/PommelHorse/samples/00529.png 69
ucf/PommelHorse/samples/00530.png 69
ucf/PommelHorse/samples/00531.png 69
ucf/PommelHorse/samples/00532.png 69
ucf/PommelHorse/samples/00533.png 69
ucf/PommelHorse/samples/00534.png 69
ucf/PommelHorse/samples/00535.png 69
ucf/PommelHorse/samples/00536.png 69
ucf/PommelHorse/samples/00537.png 69
ucf/PommelHorse/samples/00538.png 69
ucf/PommelHorse/samples/00539.png 69
ucf/PommelHorse/samples/00540.png 69
ucf/PommelHorse/samples/00541.png 69
ucf/PommelHorse/samples/00542.png 69
ucf/PommelHorse/samples/00543.png 69
ucf/PommelHorse/samples/00544.png 69
ucf/PommelHorse/samples/00545.png 69
ucf/PommelHorse/samples/00546.png 69
ucf/PommelHorse/samples/00547.png 69
ucf/PommelHorse/samples/00548.png 69
ucf/PommelHorse/samples/00549.png 69
ucf/PommelHorse/samples/00550.png 69
ucf/PommelHorse/samples/00551.png 69
ucf/PommelHorse/samples/00552.png 69
ucf/PommelHorse/samples/00553.png 69
ucf/PommelHorse/samples/00554.png 69
ucf/PommelHorse/samples/00555.png 69
ucf/PommelHorse/samples/00556.png 69
ucf/PommelHorse/samples/00557.png 69
ucf/PommelHorse/samples/00558.png 69
ucf/PommelHorse/samples/00559.png 69
ucf/PommelHorse/samples/00560.png 69
ucf/PommelHorse/samples/00561.png 69
ucf/PommelHorse/samples/00562.png 69
ucf/PommelHorse/samples/00563.png 69
ucf/PommelHorse/samples/00564.png 69
ucf/PommelHorse/samples/00565.png 69
ucf/PommelHorse/samples/00566.png 69
ucf/PommelHorse/samples/00567.png 69
ucf/PommelHorse/samples/00568.png 69
ucf/PommelHorse/samples/00569.png 69
ucf/PommelHorse/samples/00570.png 69
ucf/PommelHorse/samples/00571.png 69
ucf/PommelHorse/samples/00572.png 69
ucf/PommelHorse/samples/00573.png 69
ucf/PommelHorse/samples/00574.png 69
ucf/PommelHorse/samples/00575.png 69
ucf/PommelHorse/samples/00576.png 69
ucf/PommelHorse/samples/00577.png 69
ucf/PommelHorse/samples/00578.png 69
ucf/PommelHorse/samples/00579.png 69
ucf/PommelHorse/samples/00580.png 69
ucf/PommelHorse/samples/00581.png 69
ucf/PommelHorse/samples/00582.png 69
ucf/PommelHorse/samples/00583.png 69
ucf/PommelHorse/samples/00584.png 69
ucf/PommelHorse/samples/00585.png 69
ucf/PommelHorse/samples/00586.png 69
ucf/PommelHorse/samples/00587.png 69
ucf/PommelHorse/samples/00588.png 69
ucf/PommelHorse/samples/00589.png 69
ucf/PommelHorse/samples/00590.png 69
ucf/PommelHorse/samples/00591.png 69
ucf/PommelHorse/samples/00592.png 69
ucf/PommelHorse/samples/00593.png 69
ucf/PommelHorse/samples/00594.png 69
ucf/PommelHorse/samples/00595.png 69
ucf/PommelHorse/samples/00596.png 69
ucf/PommelHorse/samples/00597.png 69
ucf/PommelHorse/samples/00598.png 69
ucf/PommelHorse/samples/00599.png 69
ucf/PommelHorse/samples/00600.png 69
ucf/PommelHorse/samples/00601.png 69
ucf/PommelHorse/samples/00602.png 69
ucf/PommelHorse/samples/00603.png 69
ucf/PommelHorse/samples/00604.png 69
ucf/PommelHorse/samples/00605.png 69
ucf/PommelHorse/samples/00606.png 69
ucf/PommelHorse/samples/00607.png 69
ucf/PommelHorse/samples/00608.png 69
ucf/PommelHorse/samples/00609.png 69
ucf/PommelHorse/samples/00610.png 69
ucf/PommelHorse/samples/00611.png 69
ucf/PommelHorse/samples/00612.png 69
ucf/PommelHorse/samples/00613.png 69
ucf/PommelHorse/samples/00614.png 69
ucf/PommelHorse/samples/00615.png 69
ucf/PommelHorse/samples/00616.png 69
ucf/PommelHorse/samples/00617.png 69
ucf/PommelHorse/samples/00618.png 69
ucf/PommelHorse/samples/00619.png 69
ucf/PommelHorse/samples/00620.png 69
ucf/PommelHorse/samples/00621.png 69
ucf/PommelHorse/samples/00622.png 69
ucf/PommelHorse/samples/00623.png 69
ucf/PommelHorse/samples/00624.png 69
ucf/PommelHorse/samples/00625.png 69
ucf/PommelHorse/samples/00626.png 69
ucf/PommelHorse/samples/00627.png 69
ucf/PommelHorse/samples/00628.png 69
ucf/PommelHorse/samples/00629.png 69
ucf/PommelHorse/samples/00630.png 69
ucf/PommelHorse/samples/00631.png 69
ucf/PommelHorse/samples/00632.png 69
ucf/PommelHorse/samples/00633.png 69
ucf/PommelHorse/samples/00634.png 69
ucf/PommelHorse/samples/00635.png 69
ucf/PommelHorse/samples/00636.png 69
ucf/PommelHorse/samples/00637.png 69
ucf/PommelHorse/samples/00638.png 69
ucf/PommelHorse/samples/00639.png 69
ucf/PommelHorse/samples/00640.png 69
ucf/PommelHorse/samples/00641.png 69
ucf/PommelHorse/samples/00642.png 69
ucf/PommelHorse/samples/00643.png 69
ucf/PommelHorse/samples/00644.png 69
ucf/PommelHorse/samples/00645.png 69
ucf/PommelHorse/samples/00646.png 69
ucf/PommelHorse/samples/00647.png 69
ucf/PommelHorse/samples/00648.png 69
ucf/PommelHorse/samples/00649.png 69
ucf/PommelHorse/samples/00650.png 69
ucf/PommelHorse/samples/00651.png 69
ucf/PommelHorse/samples/00652.png 69
ucf/PommelHorse/samples/00653.png 69
ucf/PommelHorse/samples/00654.png 69
ucf/PommelHorse/samples/00655.png 69
ucf/PommelHorse/samples/00656.png 69
ucf/PommelHorse/samples/00657.png 69
ucf/PommelHorse/samples/00658.png 69
ucf/PommelHorse/samples/00659.png 69
ucf/PommelHorse/samples/00660.png 69
ucf/PommelHorse/samples/00661.png 69
ucf/PommelHorse/samples/00662.png 69
ucf/PommelHorse/samples/00663.png 69
ucf/PommelHorse/samples/00664.png 69
ucf/PommelHorse/samples/00665.png 69
ucf/PommelHorse/samples/00666.png 69
ucf/PommelHorse/samples/00667.png 69
ucf/PommelHorse/samples/00668.png 69
ucf/PommelHorse/samples/00669.png 69
ucf/PommelHorse/samples/00670.png 69
ucf/PommelHorse/samples/00671.png 69
ucf/PommelHorse/samples/00672.png 69
ucf/PommelHorse/samples/00673.png 69
ucf/PommelHorse/samples/00674.png 69
ucf/PommelHorse/samples/00675.png 69
ucf/PommelHorse/samples/00676.png 69
ucf/PommelHorse/samples/00677.png 69
ucf/PommelHorse/samples/00678.png 69
ucf/PommelHorse/samples/00679.png 69
ucf/PommelHorse/samples/00680.png 69
ucf/PommelHorse/samples/00681.png 69
ucf/PommelHorse/samples/00682.png 69
ucf/PommelHorse/samples/00683.png 69
ucf/PommelHorse/samples/00684.png 69
ucf/PommelHorse/samples/00685.png 69
ucf/PommelHorse/samples/00686.png 69
ucf/PommelHorse/samples/00687.png 69
ucf/PommelHorse/samples/00688.png 69
ucf/PommelHorse/samples/00689.png 69
ucf/PommelHorse/samples/00690.png 69
ucf/PommelHorse/samples/00691.png 69
ucf/PommelHorse/samples/00692.png 69
ucf/PommelHorse/samples/00693.png 69
ucf/PommelHorse/samples/00694.png 69
ucf/PommelHorse/samples/00695.png 69
ucf/PommelHorse/samples/00696.png 69
ucf/PommelHorse/samples/00697.png 69
ucf/PommelHorse/samples/00698.png 69
ucf/PommelHorse/samples/00699.png 69
ucf/PommelHorse/samples/00700.png 69
ucf/PommelHorse/samples/00701.png 69
ucf/PommelHorse/samples/00702.png 69
ucf/PommelHorse/samples/00703.png 69
ucf/PommelHorse/samples/00704.png 69
ucf/PommelHorse/samples/00705.png 69
ucf/PommelHorse/samples/00706.png 69
ucf/PommelHorse/samples/00707.png 69
ucf/PommelHorse/samples/00708.png 69
ucf/PommelHorse/samples/00709.png 69
ucf/PommelHorse/samples/00710.png 69
ucf/PommelHorse/samples/00711.png 69
ucf/PommelHorse/samples/00712.png 69
ucf/PommelHorse/samples/00713.png 69
ucf/PommelHorse/samples/00714.png 69
ucf/PommelHorse/samples/00715.png 69
ucf/PommelHorse/samples/00716.png 69
ucf/PommelHorse/samples/00717.png 69
ucf/PommelHorse/samples/00718.png 69
ucf/PommelHorse/samples/00719.png 69
ucf/PommelHorse/samples/00720.png 69
ucf/PommelHorse/samples/00721.png 69
ucf/PommelHorse/samples/00722.png 69
ucf/PommelHorse/samples/00723.png 69
ucf/PommelHorse/samples/00724.png 69
ucf/PommelHorse/samples/00725.png 69
ucf/PommelHorse/samples/00726.png 69
ucf/PommelHorse/samples/00727.png 69
ucf/PommelHorse/samples/00728.png 69
ucf/PommelHorse/samples/00729.png 69
ucf/PommelHorse/samples/00730.png 69
ucf/PommelHorse/samples/00731.png 69
ucf/PommelHorse/samples/00732.png 69
ucf/PommelHorse/samples/00733.png 69
ucf/PommelHorse/samples/00734.png 69
ucf/PommelHorse/samples/00735.png 69
ucf/PommelHorse/samples/00736.png 69
ucf/PommelHorse/samples/00737.png 69
ucf/PommelHorse/samples/00738.png 69
ucf/PommelHorse/samples/00739.png 69
ucf/PommelHorse/samples/00740.png 69
ucf/PommelHorse/samples/00741.png 69
ucf/PommelHorse/samples/00742.png 69
ucf/PommelHorse/samples/00743.png 69
ucf/PommelHorse/samples/00744.png 69
ucf/PommelHorse/samples/00745.png 69
ucf/PommelHorse/samples/00746.png 69
ucf/PommelHorse/samples/00747.png 69
ucf/PommelHorse/samples/00748.png 69
ucf/PommelHorse/samples/00749.png 69
ucf/PommelHorse/samples/00750.png 69
ucf/PommelHorse/samples/00751.png 69
ucf/PommelHorse/samples/00752.png 69
ucf/PommelHorse/samples/00753.png 69
ucf/PommelHorse/samples/00754.png 69
ucf/PommelHorse/samples/00755.png 69
ucf/PommelHorse/samples/00756.png 69
ucf/PommelHorse/samples/00757.png 69
ucf/PommelHorse/samples/00758.png 69
ucf/PommelHorse/samples/00759.png 69
ucf/PommelHorse/samples/00760.png 69
ucf/PommelHorse/samples/00761.png 69
ucf/PommelHorse/samples/00762.png 69
ucf/PommelHorse/samples/00763.png 69
ucf/PommelHorse/samples/00764.png 69
ucf/PommelHorse/samples/00765.png 69
ucf/PommelHorse/samples/00766.png 69
ucf/PommelHorse/samples/00767.png 69
ucf/PommelHorse/samples/00768.png 69
ucf/PommelHorse/samples/00769.png 69
ucf/PommelHorse/samples/00770.png 69
ucf/PommelHorse/samples/00771.png 69
ucf/PommelHorse/samples/00772.png 69
ucf/PommelHorse/samples/00773.png 69
ucf/PommelHorse/samples/00774.png 69
ucf/PommelHorse/samples/00775.png 69
ucf/PommelHorse/samples/00776.png 69
ucf/PommelHorse/samples/00777.png 69
ucf/PommelHorse/samples/00778.png 69
ucf/PommelHorse/samples/00779.png 69
ucf/PommelHorse/samples/00780.png 69
ucf/PommelHorse/samples/00781.png 69
ucf/PommelHorse/samples/00782.png 69
ucf/PommelHorse/samples/00783.png 69
ucf/PommelHorse/samples/00784.png 69
ucf/PommelHorse/samples/00785.png 69
ucf/PommelHorse/samples/00786.png 69
ucf/PommelHorse/samples/00787.png 69
ucf/PommelHorse/samples/00788.png 69
ucf/PommelHorse/samples/00789.png 69
ucf/PommelHorse/samples/00790.png 69
ucf/PommelHorse/samples/00791.png 69
ucf/PommelHorse/samples/00792.png 69
ucf/PommelHorse/samples/00793.png 69
ucf/PommelHorse/samples/00794.png 69
ucf/PommelHorse/samples/00795.png 69
ucf/PommelHorse/samples/00796.png 69
ucf/PommelHorse/samples/00797.png 69
ucf/PommelHorse/samples/00798.png 69
ucf/PommelHorse/samples/00799.png 69
ucf/PommelHorse/samples/00800.png 69
ucf/PommelHorse/samples/00801.png 69
ucf/PommelHorse/samples/00802.png 69
ucf/PommelHorse/samples/00803.png 69
ucf/PommelHorse/samples/00804.png 69
ucf/PommelHorse/samples/00805.png 69
ucf/PommelHorse/samples/00806.png 69
ucf/PommelHorse/samples/00807.png 69
ucf/PommelHorse/samples/00808.png 69
ucf/PommelHorse/samples/00809.png 69
ucf/PommelHorse/samples/00810.png 69
ucf/PommelHorse/samples/00811.png 69
ucf/PommelHorse/samples/00812.png 69
ucf/PommelHorse/samples/00813.png 69
ucf/PommelHorse/samples/00814.png 69
ucf/PommelHorse/samples/00815.png 69
ucf/PommelHorse/samples/00816.png 69
ucf/PommelHorse/samples/00817.png 69
ucf/PommelHorse/samples/00818.png 69
ucf/PommelHorse/samples/00819.png 69
ucf/PommelHorse/samples/00820.png 69
ucf/PommelHorse/samples/00821.png 69
ucf/PommelHorse/samples/00822.png 69
ucf/PommelHorse/samples/00823.png 69
ucf/PommelHorse/samples/00824.png 69
ucf/PommelHorse/samples/00825.png 69
ucf/PommelHorse/samples/00826.png 69
ucf/PommelHorse/samples/00827.png 69
ucf/PommelHorse/samples/00828.png 69
ucf/PommelHorse/samples/00829.png 69
ucf/PommelHorse/samples/00830.png 69
ucf/PommelHorse/samples/00831.png 69
ucf/PommelHorse/samples/00832.png 69
ucf/PommelHorse/samples/00833.png 69
ucf/PommelHorse/samples/00834.png 69
ucf/PommelHorse/samples/00835.png 69
ucf/PommelHorse/samples/00836.png 69
ucf/PommelHorse/samples/00837.png 69
ucf/PommelHorse/samples/00838.png 69
ucf/PommelHorse/samples/00839.png 69
ucf/PommelHorse/samples/00840.png 69
ucf/PommelHorse/samples/00841.png 69
ucf/PommelHorse/samples/00842.png 69
ucf/PommelHorse/samples/00843.png 69
ucf/PommelHorse/samples/00844.png 69
ucf/PommelHorse/samples/00845.png 69
ucf/PommelHorse/samples/00846.png 69
ucf/PommelHorse/samples/00847.png 69
ucf/PommelHorse/samples/00848.png 69
ucf/PommelHorse/samples/00849.png 69
ucf/PommelHorse/samples/00850.png 69
ucf/PommelHorse/samples/00851.png 69
ucf/PommelHorse/samples/00852.png 69
ucf/PommelHorse/samples/00853.png 69
ucf/PommelHorse/samples/00854.png 69
ucf/PommelHorse/samples/00855.png 69
ucf/PommelHorse/samples/00856.png 69
ucf/PommelHorse/samples/00857.png 69
ucf/PommelHorse/samples/00858.png 69
ucf/PommelHorse/samples/00859.png 69
ucf/PommelHorse/samples/00860.png 69
ucf/PommelHorse/samples/00861.png 69
ucf/PommelHorse/samples/00862.png 69
ucf/PommelHorse/samples/00863.png 69
ucf/PommelHorse/samples/00864.png 69
ucf/PommelHorse/samples/00865.png 69
ucf/PommelHorse/samples/00866.png 69
ucf/PommelHorse/samples/00867.png 69
ucf/PommelHorse/samples/00868.png 69
ucf/PommelHorse/samples/00869.png 69
ucf/PommelHorse/samples/00870.png 69
ucf/PommelHorse/samples/00871.png 69
ucf/PommelHorse/samples/00872.png 69
ucf/PommelHorse/samples/00873.png 69
ucf/PommelHorse/samples/00874.png 69
ucf/PommelHorse/samples/00875.png 69
ucf/PommelHorse/samples/00876.png 69
ucf/PommelHorse/samples/00877.png 69
ucf/PommelHorse/samples/00878.png 69
ucf/PommelHorse/samples/00879.png 69
ucf/PommelHorse/samples/00880.png 69
ucf/PommelHorse/samples/00881.png 69
ucf/PommelHorse/samples/00882.png 69
ucf/PommelHorse/samples/00883.png 69
ucf/PommelHorse/samples/00884.png 69
ucf/PommelHorse/samples/00885.png 69
ucf/PommelHorse/samples/00886.png 69
ucf/PommelHorse/samples/00887.png 69
ucf/PommelHorse/samples/00888.png 69
ucf/PommelHorse/samples/00889.png 69
ucf/PommelHorse/samples/00890.png 69
ucf/PommelHorse/samples/00891.png 69
ucf/PommelHorse/samples/00892.png 69
ucf/PommelHorse/samples/00893.png 69
ucf/PommelHorse/samples/00894.png 69
ucf/PommelHorse/samples/00895.png 69
ucf/PommelHorse/samples/00896.png 69
ucf/PommelHorse/samples/00897.png 69
ucf/PommelHorse/samples/00898.png 69
ucf/PommelHorse/samples/00899.png 69
ucf/PommelHorse/samples/00900.png 69
ucf/PommelHorse/samples/00901.png 69
ucf/PommelHorse/samples/00902.png 69
ucf/PommelHorse/samples/00903.png 69
ucf/PommelHorse/samples/00904.png 69
ucf/PommelHorse/samples/00905.png 69
ucf/PommelHorse/samples/00906.png 69
ucf/PommelHorse/samples/00907.png 69
ucf/PommelHorse/samples/00908.png 69
ucf/PommelHorse/samples/00909.png 69
ucf/PommelHorse/samples/00910.png 69
ucf/PommelHorse/samples/00911.png 69
ucf/PommelHorse/samples/00912.png 69
ucf/PommelHorse/samples/00913.png 69
ucf/PommelHorse/samples/00914.png 69
ucf/PommelHorse/samples/00915.png 69
ucf/PommelHorse/samples/00916.png 69
ucf/PommelHorse/samples/00917.png 69
ucf/PommelHorse/samples/00918.png 69
ucf/PommelHorse/samples/00919.png 69
ucf/PommelHorse/samples/00920.png 69
ucf/PommelHorse/samples/00921.png 69
ucf/PommelHorse/samples/00922.png 69
ucf/PommelHorse/samples/00923.png 69
ucf/PommelHorse/samples/00924.png 69
ucf/PommelHorse/samples/00925.png 69
ucf/PommelHorse/samples/00926.png 69
ucf/PommelHorse/samples/00927.png 69
ucf/PommelHorse/samples/00928.png 69
ucf/PommelHorse/samples/00929.png 69
ucf/PommelHorse/samples/00930.png 69
ucf/PommelHorse/samples/00931.png 69
ucf/PommelHorse/samples/00932.png 69
ucf/PommelHorse/samples/00933.png 69
ucf/PommelHorse/samples/00934.png 69
ucf/PommelHorse/samples/00935.png 69
ucf/PommelHorse/samples/00936.png 69
ucf/PommelHorse/samples/00937.png 69
ucf/PommelHorse/samples/00938.png 69
ucf/PommelHorse/samples/00939.png 69
ucf/PommelHorse/samples/00940.png 69
ucf/PommelHorse/samples/00941.png 69
ucf/PommelHorse/samples/00942.png 69
ucf/PommelHorse/samples/00943.png 69
ucf/PommelHorse/samples/00944.png 69
ucf/PommelHorse/samples/00945.png 69
ucf/PommelHorse/samples/00946.png 69
ucf/PommelHorse/samples/00947.png 69
ucf/PommelHorse/samples/00948.png 69
ucf/PommelHorse/samples/00949.png 69
ucf/PommelHorse/samples/00950.png 69
ucf/PommelHorse/samples/00951.png 69
ucf/PommelHorse/samples/00952.png 69
ucf/PommelHorse/samples/00953.png 69
ucf/PommelHorse/samples/00954.png 69
ucf/PommelHorse/samples/00955.png 69
ucf/PommelHorse/samples/00956.png 69
ucf/PommelHorse/samples/00957.png 69
ucf/PommelHorse/samples/00958.png 69
ucf/PommelHorse/samples/00959.png 69
ucf/PommelHorse/samples/00960.png 69
ucf/PommelHorse/samples/00961.png 69
ucf/PommelHorse/samples/00962.png 69
ucf/PommelHorse/samples/00963.png 69
ucf/PommelHorse/samples/00964.png 69
ucf/PommelHorse/samples/00965.png 69
ucf/PommelHorse/samples/00966.png 69
ucf/PommelHorse/samples/00967.png 69
ucf/PommelHorse/samples/00968.png 69
ucf/PommelHorse/samples/00969.png 69
ucf/PommelHorse/samples/00970.png 69
ucf/PommelHorse/samples/00971.png 69
ucf/PommelHorse/samples/00972.png 69
ucf/PommelHorse/samples/00973.png 69
ucf/PommelHorse/samples/00974.png 69
ucf/PommelHorse/samples/00975.png 69
ucf/PommelHorse/samples/00976.png 69
ucf/PommelHorse/samples/00977.png 69
ucf/PommelHorse/samples/00978.png 69
ucf/PommelHorse/samples/00979.png 69
ucf/PommelHorse/samples/00980.png 69
ucf/PommelHorse/samples/00981.png 69
ucf/PommelHorse/samples/00982.png 69
ucf/PommelHorse/samples/00983.png 69
ucf/PommelHorse/samples/00984.png 69
ucf/PommelHorse/samples/00985.png 69
ucf/PommelHorse/samples/00986.png 69
ucf/PommelHorse/samples/00987.png 69
ucf/PommelHorse/samples/00988.png 69
ucf/PommelHorse/samples/00989.png 69
ucf/PommelHorse/samples/00990.png 69
ucf/PommelHorse/samples/00991.png 69
ucf/PommelHorse/samples/00992.png 69
ucf/PommelHorse/samples/00993.png 69
ucf/PommelHorse/samples/00994.png 69
ucf/PommelHorse/samples/00995.png 69
ucf/PommelHorse/samples/00996.png 69
ucf/PommelHorse/samples/00997.png 69
ucf/PommelHorse/samples/00998.png 69
ucf/PommelHorse/samples/00999.png 69
ucf/Surfing/samples/00000.png 88
ucf/Surfing/samples/00001.png 88
ucf/Surfing/samples/00002.png 88
ucf/Surfing/samples/00003.png 88
ucf/Surfing/samples/00004.png 88
ucf/Surfing/samples/00005.png 88
ucf/Surfing/samples/00006.png 88
ucf/Surfing/samples/00007.png 88
ucf/Surfing/samples/00008.png 88
ucf/Surfing/samples/00009.png 88
ucf/Surfing/samples/00010.png 88
ucf/Surfing/samples/00011.png 88
ucf/Surfing/samples/00012.png 88
ucf/Surfing/samples/00013.png 88
ucf/Surfing/samples/00014.png 88
ucf/Surfing/samples/00015.png 88
ucf/Surfing/samples/00016.png 88
ucf/Surfing/samples/00017.png 88
ucf/Surfing/samples/00018.png 88
ucf/Surfing/samples/00019.png 88
ucf/Surfing/samples/00020.png 88
ucf/Surfing/samples/00021.png 88
ucf/Surfing/samples/00022.png 88
ucf/Surfing/samples/00023.png 88
ucf/Surfing/samples/00024.png 88
ucf/Surfing/samples/00025.png 88
ucf/Surfing/samples/00026.png 88
ucf/Surfing/samples/00027.png 88
ucf/Surfing/samples/00028.png 88
ucf/Surfing/samples/00029.png 88
ucf/Surfing/samples/00030.png 88
ucf/Surfing/samples/00031.png 88
ucf/Surfing/samples/00032.png 88
ucf/Surfing/samples/00033.png 88
ucf/Surfing/samples/00034.png 88
ucf/Surfing/samples/00035.png 88
ucf/Surfing/samples/00036.png 88
ucf/Surfing/samples/00037.png 88
ucf/Surfing/samples/00038.png 88
ucf/Surfing/samples/00039.png 88
ucf/Surfing/samples/00040.png 88
ucf/Surfing/samples/00041.png 88
ucf/Surfing/samples/00042.png 88
ucf/Surfing/samples/00043.png 88
ucf/Surfing/samples/00044.png 88
ucf/Surfing/samples/00045.png 88
ucf/Surfing/samples/00046.png 88
ucf/Surfing/samples/00047.png 88
ucf/Surfing/samples/00048.png 88
ucf/Surfing/samples/00049.png 88
ucf/Surfing/samples/00050.png 88
ucf/Surfing/samples/00051.png 88
ucf/Surfing/samples/00052.png 88
ucf/Surfing/samples/00053.png 88
ucf/Surfing/samples/00054.png 88
ucf/Surfing/samples/00055.png 88
ucf/Surfing/samples/00056.png 88
ucf/Surfing/samples/00057.png 88
ucf/Surfing/samples/00058.png 88
ucf/Surfing/samples/00059.png 88
ucf/Surfing/samples/00060.png 88
ucf/Surfing/samples/00061.png 88
ucf/Surfing/samples/00062.png 88
ucf/Surfing/samples/00063.png 88
ucf/Surfing/samples/00064.png 88
ucf/Surfing/samples/00065.png 88
ucf/Surfing/samples/00066.png 88
ucf/Surfing/samples/00067.png 88
ucf/Surfing/samples/00068.png 88
ucf/Surfing/samples/00069.png 88
ucf/Surfing/samples/00070.png 88
ucf/Surfing/samples/00071.png 88
ucf/Surfing/samples/00072.png 88
ucf/Surfing/samples/00073.png 88
ucf/Surfing/samples/00074.png 88
ucf/Surfing/samples/00075.png 88
ucf/Surfing/samples/00076.png 88
ucf/Surfing/samples/00077.png 88
ucf/Surfing/samples/00078.png 88
ucf/Surfing/samples/00079.png 88
ucf/Surfing/samples/00080.png 88
ucf/Surfing/samples/00081.png 88
ucf/Surfing/samples/00082.png 88
ucf/Surfing/samples/00083.png 88
ucf/Surfing/samples/00084.png 88
ucf/Surfing/samples/00085.png 88
ucf/Surfing/samples/00086.png 88
ucf/Surfing/samples/00087.png 88
ucf/Surfing/samples/00088.png 88
ucf/Surfing/samples/00089.png 88
ucf/Surfing/samples/00090.png 88
ucf/Surfing/samples/00091.png 88
ucf/Surfing/samples/00092.png 88
ucf/Surfing/samples/00093.png 88
ucf/Surfing/samples/00094.png 88
ucf/Surfing/samples/00095.png 88
ucf/Surfing/samples/00096.png 88
ucf/Surfing/samples/00097.png 88
ucf/Surfing/samples/00098.png 88
ucf/Surfing/samples/00099.png 88
ucf/Surfing/samples/00100.png 88
ucf/Surfing/samples/00101.png 88
ucf/Surfing/samples/00102.png 88
ucf/Surfing/samples/00103.png 88
ucf/Surfing/samples/00104.png 88
ucf/Surfing/samples/00105.png 88
ucf/Surfing/samples/00106.png 88
ucf/Surfing/samples/00107.png 88
ucf/Surfing/samples/00108.png 88
ucf/Surfing/samples/00109.png 88
ucf/Surfing/samples/00110.png 88
ucf/Surfing/samples/00111.png 88
ucf/Surfing/samples/00112.png 88
ucf/Surfing/samples/00113.png 88
ucf/Surfing/samples/00114.png 88
ucf/Surfing/samples/00115.png 88
ucf/Surfing/samples/00116.png 88
ucf/Surfing/samples/00117.png 88
ucf/Surfing/samples/00118.png 88
ucf/Surfing/samples/00119.png 88
ucf/Surfing/samples/00120.png 88
ucf/Surfing/samples/00121.png 88
ucf/Surfing/samples/00122.png 88
ucf/Surfing/samples/00123.png 88
ucf/Surfing/samples/00124.png 88
ucf/Surfing/samples/00125.png 88
ucf/Surfing/samples/00126.png 88
ucf/Surfing/samples/00127.png 88
ucf/Surfing/samples/00128.png 88
ucf/Surfing/samples/00129.png 88
ucf/Surfing/samples/00130.png 88
ucf/Surfing/samples/00131.png 88
ucf/Surfing/samples/00132.png 88
ucf/Surfing/samples/00133.png 88
ucf/Surfing/samples/00134.png 88
ucf/Surfing/samples/00135.png 88
ucf/Surfing/samples/00136.png 88
ucf/Surfing/samples/00137.png 88
ucf/Surfing/samples/00138.png 88
ucf/Surfing/samples/00139.png 88
ucf/Surfing/samples/00140.png 88
ucf/Surfing/samples/00141.png 88
ucf/Surfing/samples/00142.png 88
ucf/Surfing/samples/00143.png 88
ucf/Surfing/samples/00144.png 88
ucf/Surfing/samples/00145.png 88
ucf/Surfing/samples/00146.png 88
ucf/Surfing/samples/00147.png 88
ucf/Surfing/samples/00148.png 88
ucf/Surfing/samples/00149.png 88
ucf/Surfing/samples/00150.png 88
ucf/Surfing/samples/00151.png 88
ucf/Surfing/samples/00152.png 88
ucf/Surfing/samples/00153.png 88
ucf/Surfing/samples/00154.png 88
ucf/Surfing/samples/00155.png 88
ucf/Surfing/samples/00156.png 88
ucf/Surfing/samples/00157.png 88
ucf/Surfing/samples/00158.png 88
ucf/Surfing/samples/00159.png 88
ucf/Surfing/samples/00160.png 88
ucf/Surfing/samples/00161.png 88
ucf/Surfing/samples/00162.png 88
ucf/Surfing/samples/00163.png 88
ucf/Surfing/samples/00164.png 88
ucf/Surfing/samples/00165.png 88
ucf/Surfing/samples/00166.png 88
ucf/Surfing/samples/00167.png 88
ucf/Surfing/samples/00168.png 88
ucf/Surfing/samples/00169.png 88
ucf/Surfing/samples/00170.png 88
ucf/Surfing/samples/00171.png 88
ucf/Surfing/samples/00172.png 88
ucf/Surfing/samples/00173.png 88
ucf/Surfing/samples/00174.png 88
ucf/Surfing/samples/00175.png 88
ucf/Surfing/samples/00176.png 88
ucf/Surfing/samples/00177.png 88
ucf/Surfing/samples/00178.png 88
ucf/Surfing/samples/00179.png 88
ucf/Surfing/samples/00180.png 88
ucf/Surfing/samples/00181.png 88
ucf/Surfing/samples/00182.png 88
ucf/Surfing/samples/00183.png 88
ucf/Surfing/samples/00184.png 88
ucf/Surfing/samples/00185.png 88
ucf/Surfing/samples/00186.png 88
ucf/Surfing/samples/00187.png 88
ucf/Surfing/samples/00188.png 88
ucf/Surfing/samples/00189.png 88
ucf/Surfing/samples/00190.png 88
ucf/Surfing/samples/00191.png 88
ucf/Surfing/samples/00192.png 88
ucf/Surfing/samples/00193.png 88
ucf/Surfing/samples/00194.png 88
ucf/Surfing/samples/00195.png 88
ucf/Surfing/samples/00196.png 88
ucf/Surfing/samples/00197.png 88
ucf/Surfing/samples/00198.png 88
ucf/Surfing/samples/00199.png 88
ucf/Surfing/samples/00200.png 88
ucf/Surfing/samples/00201.png 88
ucf/Surfing/samples/00202.png 88
ucf/Surfing/samples/00203.png 88
ucf/Surfing/samples/00204.png 88
ucf/Surfing/samples/00205.png 88
ucf/Surfing/samples/00206.png 88
ucf/Surfing/samples/00207.png 88
ucf/Surfing/samples/00208.png 88
ucf/Surfing/samples/00209.png 88
ucf/Surfing/samples/00210.png 88
ucf/Surfing/samples/00211.png 88
ucf/Surfing/samples/00212.png 88
ucf/Surfing/samples/00213.png 88
ucf/Surfing/samples/00214.png 88
ucf/Surfing/samples/00215.png 88
ucf/Surfing/samples/00216.png 88
ucf/Surfing/samples/00217.png 88
ucf/Surfing/samples/00218.png 88
ucf/Surfing/samples/00219.png 88
ucf/Surfing/samples/00220.png 88
ucf/Surfing/samples/00221.png 88
ucf/Surfing/samples/00222.png 88
ucf/Surfing/samples/00223.png 88
ucf/Surfing/samples/00224.png 88
ucf/Surfing/samples/00225.png 88
ucf/Surfing/samples/00226.png 88
ucf/Surfing/samples/00227.png 88
ucf/Surfing/samples/00228.png 88
ucf/Surfing/samples/00229.png 88
ucf/Surfing/samples/00230.png 88
ucf/Surfing/samples/00231.png 88
ucf/Surfing/samples/00232.png 88
ucf/Surfing/samples/00233.png 88
ucf/Surfing/samples/00234.png 88
ucf/Surfing/samples/00235.png 88
ucf/Surfing/samples/00236.png 88
ucf/Surfing/samples/00237.png 88
ucf/Surfing/samples/00238.png 88
ucf/Surfing/samples/00239.png 88
ucf/Surfing/samples/00240.png 88
ucf/Surfing/samples/00241.png 88
ucf/Surfing/samples/00242.png 88
ucf/Surfing/samples/00243.png 88
ucf/Surfing/samples/00244.png 88
ucf/Surfing/samples/00245.png 88
ucf/Surfing/samples/00246.png 88
ucf/Surfing/samples/00247.png 88
ucf/Surfing/samples/00248.png 88
ucf/Surfing/samples/00249.png 88
ucf/Surfing/samples/00250.png 88
ucf/Surfing/samples/00251.png 88
ucf/Surfing/samples/00252.png 88
ucf/Surfing/samples/00253.png 88
ucf/Surfing/samples/00254.png 88
ucf/Surfing/samples/00255.png 88
ucf/Surfing/samples/00256.png 88
ucf/Surfing/samples/00257.png 88
ucf/Surfing/samples/00258.png 88
ucf/Surfing/samples/00259.png 88
ucf/Surfing/samples/00260.png 88
ucf/Surfing/samples/00261.png 88
ucf/Surfing/samples/00262.png 88
ucf/Surfing/samples/00263.png 88
ucf/Surfing/samples/00264.png 88
ucf/Surfing/samples/00265.png 88
ucf/Surfing/samples/00266.png 88
ucf/Surfing/samples/00267.png 88
ucf/Surfing/samples/00268.png 88
ucf/Surfing/samples/00269.png 88
ucf/Surfing/samples/00270.png 88
ucf/Surfing/samples/00271.png 88
ucf/Surfing/samples/00272.png 88
ucf/Surfing/samples/00273.png 88
ucf/Surfing/samples/00274.png 88
ucf/Surfing/samples/00275.png 88
ucf/Surfing/samples/00276.png 88
ucf/Surfing/samples/00277.png 88
ucf/Surfing/samples/00278.png 88
ucf/Surfing/samples/00279.png 88
ucf/Surfing/samples/00280.png 88
ucf/Surfing/samples/00281.png 88
ucf/Surfing/samples/00282.png 88
ucf/Surfing/samples/00283.png 88
ucf/Surfing/samples/00284.png 88
ucf/Surfing/samples/00285.png 88
ucf/Surfing/samples/00286.png 88
ucf/Surfing/samples/00287.png 88
ucf/Surfing/samples/00288.png 88
ucf/Surfing/samples/00289.png 88
ucf/Surfing/samples/00290.png 88
ucf/Surfing/samples/00291.png 88
ucf/Surfing/samples/00292.png 88
ucf/Surfing/samples/00293.png 88
ucf/Surfing/samples/00294.png 88
ucf/Surfing/samples/00295.png 88
ucf/Surfing/samples/00296.png 88
ucf/Surfing/samples/00297.png 88
ucf/Surfing/samples/00298.png 88
ucf/Surfing/samples/00299.png 88
ucf/Surfing/samples/00300.png 88
ucf/Surfing/samples/00301.png 88
ucf/Surfing/samples/00302.png 88
ucf/Surfing/samples/00303.png 88
ucf/Surfing/samples/00304.png 88
ucf/Surfing/samples/00305.png 88
ucf/Surfing/samples/00306.png 88
ucf/Surfing/samples/00307.png 88
ucf/Surfing/samples/00308.png 88
ucf/Surfing/samples/00309.png 88
ucf/Surfing/samples/00310.png 88
ucf/Surfing/samples/00311.png 88
ucf/Surfing/samples/00312.png 88
ucf/Surfing/samples/00313.png 88
ucf/Surfing/samples/00314.png 88
ucf/Surfing/samples/00315.png 88
ucf/Surfing/samples/00316.png 88
ucf/Surfing/samples/00317.png 88
ucf/Surfing/samples/00318.png 88
ucf/Surfing/samples/00319.png 88
ucf/Surfing/samples/00320.png 88
ucf/Surfing/samples/00321.png 88
ucf/Surfing/samples/00322.png 88
ucf/Surfing/samples/00323.png 88
ucf/Surfing/samples/00324.png 88
ucf/Surfing/samples/00325.png 88
ucf/Surfing/samples/00326.png 88
ucf/Surfing/samples/00327.png 88
ucf/Surfing/samples/00328.png 88
ucf/Surfing/samples/00329.png 88
ucf/Surfing/samples/00330.png 88
ucf/Surfing/samples/00331.png 88
ucf/Surfing/samples/00332.png 88
ucf/Surfing/samples/00333.png 88
ucf/Surfing/samples/00334.png 88
ucf/Surfing/samples/00335.png 88
ucf/Surfing/samples/00336.png 88
ucf/Surfing/samples/00337.png 88
ucf/Surfing/samples/00338.png 88
ucf/Surfing/samples/00339.png 88
ucf/Surfing/samples/00340.png 88
ucf/Surfing/samples/00341.png 88
ucf/Surfing/samples/00342.png 88
ucf/Surfing/samples/00343.png 88
ucf/Surfing/samples/00344.png 88
ucf/Surfing/samples/00345.png 88
ucf/Surfing/samples/00346.png 88
ucf/Surfing/samples/00347.png 88
ucf/Surfing/samples/00348.png 88
ucf/Surfing/samples/00349.png 88
ucf/Surfing/samples/00350.png 88
ucf/Surfing/samples/00351.png 88
ucf/Surfing/samples/00352.png 88
ucf/Surfing/samples/00353.png 88
ucf/Surfing/samples/00354.png 88
ucf/Surfing/samples/00355.png 88
ucf/Surfing/samples/00356.png 88
ucf/Surfing/samples/00357.png 88
ucf/Surfing/samples/00358.png 88
ucf/Surfing/samples/00359.png 88
ucf/Surfing/samples/00360.png 88
ucf/Surfing/samples/00361.png 88
ucf/Surfing/samples/00362.png 88
ucf/Surfing/samples/00363.png 88
ucf/Surfing/samples/00364.png 88
ucf/Surfing/samples/00365.png 88
ucf/Surfing/samples/00366.png 88
ucf/Surfing/samples/00367.png 88
ucf/Surfing/samples/00368.png 88
ucf/Surfing/samples/00369.png 88
ucf/Surfing/samples/00370.png 88
ucf/Surfing/samples/00371.png 88
ucf/Surfing/samples/00372.png 88
ucf/Surfing/samples/00373.png 88
ucf/Surfing/samples/00374.png 88
ucf/Surfing/samples/00375.png 88
ucf/Surfing/samples/00376.png 88
ucf/Surfing/samples/00377.png 88
ucf/Surfing/samples/00378.png 88
ucf/Surfing/samples/00379.png 88
ucf/Surfing/samples/00380.png 88
ucf/Surfing/samples/00381.png 88
ucf/Surfing/samples/00382.png 88
ucf/Surfing/samples/00383.png 88
ucf/Surfing/samples/00384.png 88
ucf/Surfing/samples/00385.png 88
ucf/Surfing/samples/00386.png 88
ucf/Surfing/samples/00387.png 88
ucf/Surfing/samples/00388.png 88
ucf/Surfing/samples/00389.png 88
ucf/Surfing/samples/00390.png 88
ucf/Surfing/samples/00391.png 88
ucf/Surfing/samples/00392.png 88
ucf/Surfing/samples/00393.png 88
ucf/Surfing/samples/00394.png 88
ucf/Surfing/samples/00395.png 88
ucf/Surfing/samples/00396.png 88
ucf/Surfing/samples/00397.png 88
ucf/Surfing/samples/00398.png 88
ucf/Surfing/samples/00399.png 88
ucf/Surfing/samples/00400.png 88
ucf/Surfing/samples/00401.png 88
ucf/Surfing/samples/00402.png 88
ucf/Surfing/samples/00403.png 88
ucf/Surfing/samples/00404.png 88
ucf/Surfing/samples/00405.png 88
ucf/Surfing/samples/00406.png 88
ucf/Surfing/samples/00407.png 88
ucf/Surfing/samples/00408.png 88
ucf/Surfing/samples/00409.png 88
ucf/Surfing/samples/00410.png 88
ucf/Surfing/samples/00411.png 88
ucf/Surfing/samples/00412.png 88
ucf/Surfing/samples/00413.png 88
ucf/Surfing/samples/00414.png 88
ucf/Surfing/samples/00415.png 88
ucf/Surfing/samples/00416.png 88
ucf/Surfing/samples/00417.png 88
ucf/Surfing/samples/00418.png 88
ucf/Surfing/samples/00419.png 88
ucf/Surfing/samples/00420.png 88
ucf/Surfing/samples/00421.png 88
ucf/Surfing/samples/00422.png 88
ucf/Surfing/samples/00423.png 88
ucf/Surfing/samples/00424.png 88
ucf/Surfing/samples/00425.png 88
ucf/Surfing/samples/00426.png 88
ucf/Surfing/samples/00427.png 88
ucf/Surfing/samples/00428.png 88
ucf/Surfing/samples/00429.png 88
ucf/Surfing/samples/00430.png 88
ucf/Surfing/samples/00431.png 88
ucf/Surfing/samples/00432.png 88
ucf/Surfing/samples/00433.png 88
ucf/Surfing/samples/00434.png 88
ucf/Surfing/samples/00435.png 88
ucf/Surfing/samples/00436.png 88
ucf/Surfing/samples/00437.png 88
ucf/Surfing/samples/00438.png 88
ucf/Surfing/samples/00439.png 88
ucf/Surfing/samples/00440.png 88
ucf/Surfing/samples/00441.png 88
ucf/Surfing/samples/00442.png 88
ucf/Surfing/samples/00443.png 88
ucf/Surfing/samples/00444.png 88
ucf/Surfing/samples/00445.png 88
ucf/Surfing/samples/00446.png 88
ucf/Surfing/samples/00447.png 88
ucf/Surfing/samples/00448.png 88
ucf/Surfing/samples/00449.png 88
ucf/Surfing/samples/00450.png 88
ucf/Surfing/samples/00451.png 88
ucf/Surfing/samples/00452.png 88
ucf/Surfing/samples/00453.png 88
ucf/Surfing/samples/00454.png 88
ucf/Surfing/samples/00455.png 88
ucf/Surfing/samples/00456.png 88
ucf/Surfing/samples/00457.png 88
ucf/Surfing/samples/00458.png 88
ucf/Surfing/samples/00459.png 88
ucf/Surfing/samples/00460.png 88
ucf/Surfing/samples/00461.png 88
ucf/Surfing/samples/00462.png 88
ucf/Surfing/samples/00463.png 88
ucf/Surfing/samples/00464.png 88
ucf/Surfing/samples/00465.png 88
ucf/Surfing/samples/00466.png 88
ucf/Surfing/samples/00467.png 88
ucf/Surfing/samples/00468.png 88
ucf/Surfing/samples/00469.png 88
ucf/Surfing/samples/00470.png 88
ucf/Surfing/samples/00471.png 88
ucf/Surfing/samples/00472.png 88
ucf/Surfing/samples/00473.png 88
ucf/Surfing/samples/00474.png 88
ucf/Surfing/samples/00475.png 88
ucf/Surfing/samples/00476.png 88
ucf/Surfing/samples/00477.png 88
ucf/Surfing/samples/00478.png 88
ucf/Surfing/samples/00479.png 88
ucf/Surfing/samples/00480.png 88
ucf/Surfing/samples/00481.png 88
ucf/Surfing/samples/00482.png 88
ucf/Surfing/samples/00483.png 88
ucf/Surfing/samples/00484.png 88
ucf/Surfing/samples/00485.png 88
ucf/Surfing/samples/00486.png 88
ucf/Surfing/samples/00487.png 88
ucf/Surfing/samples/00488.png 88
ucf/Surfing/samples/00489.png 88
ucf/Surfing/samples/00490.png 88
ucf/Surfing/samples/00491.png 88
ucf/Surfing/samples/00492.png 88
ucf/Surfing/samples/00493.png 88
ucf/Surfing/samples/00494.png 88
ucf/Surfing/samples/00495.png 88
ucf/Surfing/samples/00496.png 88
ucf/Surfing/samples/00497.png 88
ucf/Surfing/samples/00498.png 88
ucf/Surfing/samples/00499.png 88
ucf/Surfing/samples/00500.png 88
ucf/Surfing/samples/00501.png 88
ucf/Surfing/samples/00502.png 88
ucf/Surfing/samples/00503.png 88
ucf/Surfing/samples/00504.png 88
ucf/Surfing/samples/00505.png 88
ucf/Surfing/samples/00506.png 88
ucf/Surfing/samples/00507.png 88
ucf/Surfing/samples/00508.png 88
ucf/Surfing/samples/00509.png 88
ucf/Surfing/samples/00510.png 88
ucf/Surfing/samples/00511.png 88
ucf/Surfing/samples/00512.png 88
ucf/Surfing/samples/00513.png 88
ucf/Surfing/samples/00514.png 88
ucf/Surfing/samples/00515.png 88
ucf/Surfing/samples/00516.png 88
ucf/Surfing/samples/00517.png 88
ucf/Surfing/samples/00518.png 88
ucf/Surfing/samples/00519.png 88
ucf/Surfing/samples/00520.png 88
ucf/Surfing/samples/00521.png 88
ucf/Surfing/samples/00522.png 88
ucf/Surfing/samples/00523.png 88
ucf/Surfing/samples/00524.png 88
ucf/Surfing/samples/00525.png 88
ucf/Surfing/samples/00526.png 88
ucf/Surfing/samples/00527.png 88
ucf/Surfing/samples/00528.png 88
ucf/Surfing/samples/00529.png 88
ucf/Surfing/samples/00530.png 88
ucf/Surfing/samples/00531.png 88
ucf/Surfing/samples/00532.png 88
ucf/Surfing/samples/00533.png 88
ucf/Surfing/samples/00534.png 88
ucf/Surfing/samples/00535.png 88
ucf/Surfing/samples/00536.png 88
ucf/Surfing/samples/00537.png 88
ucf/Surfing/samples/00538.png 88
ucf/Surfing/samples/00539.png 88
ucf/Surfing/samples/00540.png 88
ucf/Surfing/samples/00541.png 88
ucf/Surfing/samples/00542.png 88
ucf/Surfing/samples/00543.png 88
ucf/Surfing/samples/00544.png 88
ucf/Surfing/samples/00545.png 88
ucf/Surfing/samples/00546.png 88
ucf/Surfing/samples/00547.png 88
ucf/Surfing/samples/00548.png 88
ucf/Surfing/samples/00549.png 88
ucf/Surfing/samples/00550.png 88
ucf/Surfing/samples/00551.png 88
ucf/Surfing/samples/00552.png 88
ucf/Surfing/samples/00553.png 88
ucf/Surfing/samples/00554.png 88
ucf/Surfing/samples/00555.png 88
ucf/Surfing/samples/00556.png 88
ucf/Surfing/samples/00557.png 88
ucf/Surfing/samples/00558.png 88
ucf/Surfing/samples/00559.png 88
ucf/Surfing/samples/00560.png 88
ucf/Surfing/samples/00561.png 88
ucf/Surfing/samples/00562.png 88
ucf/Surfing/samples/00563.png 88
ucf/Surfing/samples/00564.png 88
ucf/Surfing/samples/00565.png 88
ucf/Surfing/samples/00566.png 88
ucf/Surfing/samples/00567.png 88
ucf/Surfing/samples/00568.png 88
ucf/Surfing/samples/00569.png 88
ucf/Surfing/samples/00570.png 88
ucf/Surfing/samples/00571.png 88
ucf/Surfing/samples/00572.png 88
ucf/Surfing/samples/00573.png 88
ucf/Surfing/samples/00574.png 88
ucf/Surfing/samples/00575.png 88
ucf/Surfing/samples/00576.png 88
ucf/Surfing/samples/00577.png 88
ucf/Surfing/samples/00578.png 88
ucf/Surfing/samples/00579.png 88
ucf/Surfing/samples/00580.png 88
ucf/Surfing/samples/00581.png 88
ucf/Surfing/samples/00582.png 88
ucf/Surfing/samples/00583.png 88
ucf/Surfing/samples/00584.png 88
ucf/Surfing/samples/00585.png 88
ucf/Surfing/samples/00586.png 88
ucf/Surfing/samples/00587.png 88
ucf/Surfing/samples/00588.png 88
ucf/Surfing/samples/00589.png 88
ucf/Surfing/samples/00590.png 88
ucf/Surfing/samples/00591.png 88
ucf/Surfing/samples/00592.png 88
ucf/Surfing/samples/00593.png 88
ucf/Surfing/samples/00594.png 88
ucf/Surfing/samples/00595.png 88
ucf/Surfing/samples/00596.png 88
ucf/Surfing/samples/00597.png 88
ucf/Surfing/samples/00598.png 88
ucf/Surfing/samples/00599.png 88
ucf/Surfing/samples/00600.png 88
ucf/Surfing/samples/00601.png 88
ucf/Surfing/samples/00602.png 88
ucf/Surfing/samples/00603.png 88
ucf/Surfing/samples/00604.png 88
ucf/Surfing/samples/00605.png 88
ucf/Surfing/samples/00606.png 88
ucf/Surfing/samples/00607.png 88
ucf/Surfing/samples/00608.png 88
ucf/Surfing/samples/00609.png 88
ucf/Surfing/samples/00610.png 88
ucf/Surfing/samples/00611.png 88
ucf/Surfing/samples/00612.png 88
ucf/Surfing/samples/00613.png 88
ucf/Surfing/samples/00614.png 88
ucf/Surfing/samples/00615.png 88
ucf/Surfing/samples/00616.png 88
ucf/Surfing/samples/00617.png 88
ucf/Surfing/samples/00618.png 88
ucf/Surfing/samples/00619.png 88
ucf/Surfing/samples/00620.png 88
ucf/Surfing/samples/00621.png 88
ucf/Surfing/samples/00622.png 88
ucf/Surfing/samples/00623.png 88
ucf/Surfing/samples/00624.png 88
ucf/Surfing/samples/00625.png 88
ucf/Surfing/samples/00626.png 88
ucf/Surfing/samples/00627.png 88
ucf/Surfing/samples/00628.png 88
ucf/Surfing/samples/00629.png 88
ucf/Surfing/samples/00630.png 88
ucf/Surfing/samples/00631.png 88
ucf/Surfing/samples/00632.png 88
ucf/Surfing/samples/00633.png 88
ucf/Surfing/samples/00634.png 88
ucf/Surfing/samples/00635.png 88
ucf/Surfing/samples/00636.png 88
ucf/Surfing/samples/00637.png 88
ucf/Surfing/samples/00638.png 88
ucf/Surfing/samples/00639.png 88
ucf/Surfing/samples/00640.png 88
ucf/Surfing/samples/00641.png 88
ucf/Surfing/samples/00642.png 88
ucf/Surfing/samples/00643.png 88
ucf/Surfing/samples/00644.png 88
ucf/Surfing/samples/00645.png 88
ucf/Surfing/samples/00646.png 88
ucf/Surfing/samples/00647.png 88
ucf/Surfing/samples/00648.png 88
ucf/Surfing/samples/00649.png 88
ucf/Surfing/samples/00650.png 88
ucf/Surfing/samples/00651.png 88
ucf/Surfing/samples/00652.png 88
ucf/Surfing/samples/00653.png 88
ucf/Surfing/samples/00654.png 88
ucf/Surfing/samples/00655.png 88
ucf/Surfing/samples/00656.png 88
ucf/Surfing/samples/00657.png 88
ucf/Surfing/samples/00658.png 88
ucf/Surfing/samples/00659.png 88
ucf/Surfing/samples/00660.png 88
ucf/Surfing/samples/00661.png 88
ucf/Surfing/samples/00662.png 88
ucf/Surfing/samples/00663.png 88
ucf/Surfing/samples/00664.png 88
ucf/Surfing/samples/00665.png 88
ucf/Surfing/samples/00666.png 88
ucf/Surfing/samples/00667.png 88
ucf/Surfing/samples/00668.png 88
ucf/Surfing/samples/00669.png 88
ucf/Surfing/samples/00670.png 88
ucf/Surfing/samples/00671.png 88
ucf/Surfing/samples/00672.png 88
ucf/Surfing/samples/00673.png 88
ucf/Surfing/samples/00674.png 88
ucf/Surfing/samples/00675.png 88
ucf/Surfing/samples/00676.png 88
ucf/Surfing/samples/00677.png 88
ucf/Surfing/samples/00678.png 88
ucf/Surfing/samples/00679.png 88
ucf/Surfing/samples/00680.png 88
ucf/Surfing/samples/00681.png 88
ucf/Surfing/samples/00682.png 88
ucf/Surfing/samples/00683.png 88
ucf/Surfing/samples/00684.png 88
ucf/Surfing/samples/00685.png 88
ucf/Surfing/samples/00686.png 88
ucf/Surfing/samples/00687.png 88
ucf/Surfing/samples/00688.png 88
ucf/Surfing/samples/00689.png 88
ucf/Surfing/samples/00690.png 88
ucf/Surfing/samples/00691.png 88
ucf/Surfing/samples/00692.png 88
ucf/Surfing/samples/00693.png 88
ucf/Surfing/samples/00694.png 88
ucf/Surfing/samples/00695.png 88
ucf/Surfing/samples/00696.png 88
ucf/Surfing/samples/00697.png 88
ucf/Surfing/samples/00698.png 88
ucf/Surfing/samples/00699.png 88
ucf/Surfing/samples/00700.png 88
ucf/Surfing/samples/00701.png 88
ucf/Surfing/samples/00702.png 88
ucf/Surfing/samples/00703.png 88
ucf/Surfing/samples/00704.png 88
ucf/Surfing/samples/00705.png 88
ucf/Surfing/samples/00706.png 88
ucf/Surfing/samples/00707.png 88
ucf/Surfing/samples/00708.png 88
ucf/Surfing/samples/00709.png 88
ucf/Surfing/samples/00710.png 88
ucf/Surfing/samples/00711.png 88
ucf/Surfing/samples/00712.png 88
ucf/Surfing/samples/00713.png 88
ucf/Surfing/samples/00714.png 88
ucf/Surfing/samples/00715.png 88
ucf/Surfing/samples/00716.png 88
ucf/Surfing/samples/00717.png 88
ucf/Surfing/samples/00718.png 88
ucf/Surfing/samples/00719.png 88
ucf/Surfing/samples/00720.png 88
ucf/Surfing/samples/00721.png 88
ucf/Surfing/samples/00722.png 88
ucf/Surfing/samples/00723.png 88
ucf/Surfing/samples/00724.png 88
ucf/Surfing/samples/00725.png 88
ucf/Surfing/samples/00726.png 88
ucf/Surfing/samples/00727.png 88
ucf/Surfing/samples/00728.png 88
ucf/Surfing/samples/00729.png 88
ucf/Surfing/samples/00730.png 88
ucf/Surfing/samples/00731.png 88
ucf/Surfing/samples/00732.png 88
ucf/Surfing/samples/00733.png 88
ucf/Surfing/samples/00734.png 88
ucf/Surfing/samples/00735.png 88
ucf/Surfing/samples/00736.png 88
ucf/Surfing/samples/00737.png 88
ucf/Surfing/samples/00738.png 88
ucf/Surfing/samples/00739.png 88
ucf/Surfing/samples/00740.png 88
ucf/Surfing/samples/00741.png 88
ucf/Surfing/samples/00742.png 88
ucf/Surfing/samples/00743.png 88
ucf/Surfing/samples/00744.png 88
ucf/Surfing/samples/00745.png 88
ucf/Surfing/samples/00746.png 88
ucf/Surfing/samples/00747.png 88
ucf/Surfing/samples/00748.png 88
ucf/Surfing/samples/00749.png 88
ucf/Surfing/samples/00750.png 88
ucf/Surfing/samples/00751.png 88
ucf/Surfing/samples/00752.png 88
ucf/Surfing/samples/00753.png 88
ucf/Surfing/samples/00754.png 88
ucf/Surfing/samples/00755.png 88
ucf/Surfing/samples/00756.png 88
ucf/Surfing/samples/00757.png 88
ucf/Surfing/samples/00758.png 88
ucf/Surfing/samples/00759.png 88
ucf/Surfing/samples/00760.png 88
ucf/Surfing/samples/00761.png 88
ucf/Surfing/samples/00762.png 88
ucf/Surfing/samples/00763.png 88
ucf/Surfing/samples/00764.png 88
ucf/Surfing/samples/00765.png 88
ucf/Surfing/samples/00766.png 88
ucf/Surfing/samples/00767.png 88
ucf/Surfing/samples/00768.png 88
ucf/Surfing/samples/00769.png 88
ucf/Surfing/samples/00770.png 88
ucf/Surfing/samples/00771.png 88
ucf/Surfing/samples/00772.png 88
ucf/Surfing/samples/00773.png 88
ucf/Surfing/samples/00774.png 88
ucf/Surfing/samples/00775.png 88
ucf/Surfing/samples/00776.png 88
ucf/Surfing/samples/00777.png 88
ucf/Surfing/samples/00778.png 88
ucf/Surfing/samples/00779.png 88
ucf/Surfing/samples/00780.png 88
ucf/Surfing/samples/00781.png 88
ucf/Surfing/samples/00782.png 88
ucf/Surfing/samples/00783.png 88
ucf/Surfing/samples/00784.png 88
ucf/Surfing/samples/00785.png 88
ucf/Surfing/samples/00786.png 88
ucf/Surfing/samples/00787.png 88
ucf/Surfing/samples/00788.png 88
ucf/Surfing/samples/00789.png 88
ucf/Surfing/samples/00790.png 88
ucf/Surfing/samples/00791.png 88
ucf/Surfing/samples/00792.png 88
ucf/Surfing/samples/00793.png 88
ucf/Surfing/samples/00794.png 88
ucf/Surfing/samples/00795.png 88
ucf/Surfing/samples/00796.png 88
ucf/Surfing/samples/00797.png 88
ucf/Surfing/samples/00798.png 88
ucf/Surfing/samples/00799.png 88
ucf/Surfing/samples/00800.png 88
ucf/Surfing/samples/00801.png 88
ucf/Surfing/samples/00802.png 88
ucf/Surfing/samples/00803.png 88
ucf/Surfing/samples/00804.png 88
ucf/Surfing/samples/00805.png 88
ucf/Surfing/samples/00806.png 88
ucf/Surfing/samples/00807.png 88
ucf/Surfing/samples/00808.png 88
ucf/Surfing/samples/00809.png 88
ucf/Surfing/samples/00810.png 88
ucf/Surfing/samples/00811.png 88
ucf/Surfing/samples/00812.png 88
ucf/Surfing/samples/00813.png 88
ucf/Surfing/samples/00814.png 88
ucf/Surfing/samples/00815.png 88
ucf/Surfing/samples/00816.png 88
ucf/Surfing/samples/00817.png 88
ucf/Surfing/samples/00818.png 88
ucf/Surfing/samples/00819.png 88
ucf/Surfing/samples/00820.png 88
ucf/Surfing/samples/00821.png 88
ucf/Surfing/samples/00822.png 88
ucf/Surfing/samples/00823.png 88
ucf/Surfing/samples/00824.png 88
ucf/Surfing/samples/00825.png 88
ucf/Surfing/samples/00826.png 88
ucf/Surfing/samples/00827.png 88
ucf/Surfing/samples/00828.png 88
ucf/Surfing/samples/00829.png 88
ucf/Surfing/samples/00830.png 88
ucf/Surfing/samples/00831.png 88
ucf/Surfing/samples/00832.png 88
ucf/Surfing/samples/00833.png 88
ucf/Surfing/samples/00834.png 88
ucf/Surfing/samples/00835.png 88
ucf/Surfing/samples/00836.png 88
ucf/Surfing/samples/00837.png 88
ucf/Surfing/samples/00838.png 88
ucf/Surfing/samples/00839.png 88
ucf/Surfing/samples/00840.png 88
ucf/Surfing/samples/00841.png 88
ucf/Surfing/samples/00842.png 88
ucf/Surfing/samples/00843.png 88
ucf/Surfing/samples/00844.png 88
ucf/Surfing/samples/00845.png 88
ucf/Surfing/samples/00846.png 88
ucf/Surfing/samples/00847.png 88
ucf/Surfing/samples/00848.png 88
ucf/Surfing/samples/00849.png 88
ucf/Surfing/samples/00850.png 88
ucf/Surfing/samples/00851.png 88
ucf/Surfing/samples/00852.png 88
ucf/Surfing/samples/00853.png 88
ucf/Surfing/samples/00854.png 88
ucf/Surfing/samples/00855.png 88
ucf/Surfing/samples/00856.png 88
ucf/Surfing/samples/00857.png 88
ucf/Surfing/samples/00858.png 88
ucf/Surfing/samples/00859.png 88
ucf/Surfing/samples/00860.png 88
ucf/Surfing/samples/00861.png 88
ucf/Surfing/samples/00862.png 88
ucf/Surfing/samples/00863.png 88
ucf/Surfing/samples/00864.png 88
ucf/Surfing/samples/00865.png 88
ucf/Surfing/samples/00866.png 88
ucf/Surfing/samples/00867.png 88
ucf/Surfing/samples/00868.png 88
ucf/Surfing/samples/00869.png 88
ucf/Surfing/samples/00870.png 88
ucf/Surfing/samples/00871.png 88
ucf/Surfing/samples/00872.png 88
ucf/Surfing/samples/00873.png 88
ucf/Surfing/samples/00874.png 88
ucf/Surfing/samples/00875.png 88
ucf/Surfing/samples/00876.png 88
ucf/Surfing/samples/00877.png 88
ucf/Surfing/samples/00878.png 88
ucf/Surfing/samples/00879.png 88
ucf/Surfing/samples/00880.png 88
ucf/Surfing/samples/00881.png 88
ucf/Surfing/samples/00882.png 88
ucf/Surfing/samples/00883.png 88
ucf/Surfing/samples/00884.png 88
ucf/Surfing/samples/00885.png 88
ucf/Surfing/samples/00886.png 88
ucf/Surfing/samples/00887.png 88
ucf/Surfing/samples/00888.png 88
ucf/Surfing/samples/00889.png 88
ucf/Surfing/samples/00890.png 88
ucf/Surfing/samples/00891.png 88
ucf/Surfing/samples/00892.png 88
ucf/Surfing/samples/00893.png 88
ucf/Surfing/samples/00894.png 88
ucf/Surfing/samples/00895.png 88
ucf/Surfing/samples/00896.png 88
ucf/Surfing/samples/00897.png 88
ucf/Surfing/samples/00898.png 88
ucf/Surfing/samples/00899.png 88
ucf/Surfing/samples/00900.png 88
ucf/Surfing/samples/00901.png 88
ucf/Surfing/samples/00902.png 88
ucf/Surfing/samples/00903.png 88
ucf/Surfing/samples/00904.png 88
ucf/Surfing/samples/00905.png 88
ucf/Surfing/samples/00906.png 88
ucf/Surfing/samples/00907.png 88
ucf/Surfing/samples/00908.png 88
ucf/Surfing/samples/00909.png 88
ucf/Surfing/samples/00910.png 88
ucf/Surfing/samples/00911.png 88
ucf/Surfing/samples/00912.png 88
ucf/Surfing/samples/00913.png 88
ucf/Surfing/samples/00914.png 88
ucf/Surfing/samples/00915.png 88
ucf/Surfing/samples/00916.png 88
ucf/Surfing/samples/00917.png 88
ucf/Surfing/samples/00918.png 88
ucf/Surfing/samples/00919.png 88
ucf/Surfing/samples/00920.png 88
ucf/Surfing/samples/00921.png 88
ucf/Surfing/samples/00922.png 88
ucf/Surfing/samples/00923.png 88
ucf/Surfing/samples/00924.png 88
ucf/Surfing/samples/00925.png 88
ucf/Surfing/samples/00926.png 88
ucf/Surfing/samples/00927.png 88
ucf/Surfing/samples/00928.png 88
ucf/Surfing/samples/00929.png 88
ucf/Surfing/samples/00930.png 88
ucf/Surfing/samples/00931.png 88
ucf/Surfing/samples/00932.png 88
ucf/Surfing/samples/00933.png 88
ucf/Surfing/samples/00934.png 88
ucf/Surfing/samples/00935.png 88
ucf/Surfing/samples/00936.png 88
ucf/Surfing/samples/00937.png 88
ucf/Surfing/samples/00938.png 88
ucf/Surfing/samples/00939.png 88
ucf/Surfing/samples/00940.png 88
ucf/Surfing/samples/00941.png 88
ucf/Surfing/samples/00942.png 88
ucf/Surfing/samples/00943.png 88
ucf/Surfing/samples/00944.png 88
ucf/Surfing/samples/00945.png 88
ucf/Surfing/samples/00946.png 88
ucf/Surfing/samples/00947.png 88
ucf/Surfing/samples/00948.png 88
ucf/Surfing/samples/00949.png 88
ucf/Surfing/samples/00950.png 88
ucf/Surfing/samples/00951.png 88
ucf/Surfing/samples/00952.png 88
ucf/Surfing/samples/00953.png 88
ucf/Surfing/samples/00954.png 88
ucf/Surfing/samples/00955.png 88
ucf/Surfing/samples/00956.png 88
ucf/Surfing/samples/00957.png 88
ucf/Surfing/samples/00958.png 88
ucf/Surfing/samples/00959.png 88
ucf/Surfing/samples/00960.png 88
ucf/Surfing/samples/00961.png 88
ucf/Surfing/samples/00962.png 88
ucf/Surfing/samples/00963.png 88
ucf/Surfing/samples/00964.png 88
ucf/Surfing/samples/00965.png 88
ucf/Surfing/samples/00966.png 88
ucf/Surfing/samples/00967.png 88
ucf/Surfing/samples/00968.png 88
ucf/Surfing/samples/00969.png 88
ucf/Surfing/samples/00970.png 88
ucf/Surfing/samples/00971.png 88
ucf/Surfing/samples/00972.png 88
ucf/Surfing/samples/00973.png 88
ucf/Surfing/samples/00974.png 88
ucf/Surfing/samples/00975.png 88
ucf/Surfing/samples/00976.png 88
ucf/Surfing/samples/00977.png 88
ucf/Surfing/samples/00978.png 88
ucf/Surfing/samples/00979.png 88
ucf/Surfing/samples/00980.png 88
ucf/Surfing/samples/00981.png 88
ucf/Surfing/samples/00982.png 88
ucf/Surfing/samples/00983.png 88
ucf/Surfing/samples/00984.png 88
ucf/Surfing/samples/00985.png 88
ucf/Surfing/samples/00986.png 88
ucf/Surfing/samples/00987.png 88
ucf/Surfing/samples/00988.png 88
ucf/Surfing/samples/00989.png 88
ucf/Surfing/samples/00990.png 88
ucf/Surfing/samples/00991.png 88
ucf/Surfing/samples/00992.png 88
ucf/Surfing/samples/00993.png 88
ucf/Surfing/samples/00994.png 88
ucf/Surfing/samples/00995.png 88
ucf/Surfing/samples/00996.png 88
ucf/Surfing/samples/00997.png 88
ucf/Surfing/samples/00998.png 88
ucf/Surfing/samples/00999.png 88
ucf/Diving/samples/00000.png 26
ucf/Diving/samples/00001.png 26
ucf/Diving/samples/00002.png 26
ucf/Diving/samples/00003.png 26
ucf/Diving/samples/00004.png 26
ucf/Diving/samples/00005.png 26
ucf/Diving/samples/00006.png 26
ucf/Diving/samples/00007.png 26
ucf/Diving/samples/00008.png 26
ucf/Diving/samples/00009.png 26
ucf/Diving/samples/00010.png 26
ucf/Diving/samples/00011.png 26
ucf/Diving/samples/00012.png 26
ucf/Diving/samples/00013.png 26
ucf/Diving/samples/00014.png 26
ucf/Diving/samples/00015.png 26
ucf/Diving/samples/00016.png 26
ucf/Diving/samples/00017.png 26
ucf/Diving/samples/00018.png 26
ucf/Diving/samples/00019.png 26
ucf/Diving/samples/00020.png 26
ucf/Diving/samples/00021.png 26
ucf/Diving/samples/00022.png 26
ucf/Diving/samples/00023.png 26
ucf/Diving/samples/00024.png 26
ucf/Diving/samples/00025.png 26
ucf/Diving/samples/00026.png 26
ucf/Diving/samples/00027.png 26
ucf/Diving/samples/00028.png 26
ucf/Diving/samples/00029.png 26
ucf/Diving/samples/00030.png 26
ucf/Diving/samples/00031.png 26
ucf/Diving/samples/00032.png 26
ucf/Diving/samples/00033.png 26
ucf/Diving/samples/00034.png 26
ucf/Diving/samples/00035.png 26
ucf/Diving/samples/00036.png 26
ucf/Diving/samples/00037.png 26
ucf/Diving/samples/00038.png 26
ucf/Diving/samples/00039.png 26
ucf/Diving/samples/00040.png 26
ucf/Diving/samples/00041.png 26
ucf/Diving/samples/00042.png 26
ucf/Diving/samples/00043.png 26
ucf/Diving/samples/00044.png 26
ucf/Diving/samples/00045.png 26
ucf/Diving/samples/00046.png 26
ucf/Diving/samples/00047.png 26
ucf/Diving/samples/00048.png 26
ucf/Diving/samples/00049.png 26
ucf/Diving/samples/00050.png 26
ucf/Diving/samples/00051.png 26
ucf/Diving/samples/00052.png 26
ucf/Diving/samples/00053.png 26
ucf/Diving/samples/00054.png 26
ucf/Diving/samples/00055.png 26
ucf/Diving/samples/00056.png 26
ucf/Diving/samples/00057.png 26
ucf/Diving/samples/00058.png 26
ucf/Diving/samples/00059.png 26
ucf/Diving/samples/00060.png 26
ucf/Diving/samples/00061.png 26
ucf/Diving/samples/00062.png 26
ucf/Diving/samples/00063.png 26
ucf/Diving/samples/00064.png 26
ucf/Diving/samples/00065.png 26
ucf/Diving/samples/00066.png 26
ucf/Diving/samples/00067.png 26
ucf/Diving/samples/00068.png 26
ucf/Diving/samples/00069.png 26
ucf/Diving/samples/00070.png 26
ucf/Diving/samples/00071.png 26
ucf/Diving/samples/00072.png 26
ucf/Diving/samples/00073.png 26
ucf/Diving/samples/00074.png 26
ucf/Diving/samples/00075.png 26
ucf/Diving/samples/00076.png 26
ucf/Diving/samples/00077.png 26
ucf/Diving/samples/00078.png 26
ucf/Diving/samples/00079.png 26
ucf/Diving/samples/00080.png 26
ucf/Diving/samples/00081.png 26
ucf/Diving/samples/00082.png 26
ucf/Diving/samples/00083.png 26
ucf/Diving/samples/00084.png 26
ucf/Diving/samples/00085.png 26
ucf/Diving/samples/00086.png 26
ucf/Diving/samples/00087.png 26
ucf/Diving/samples/00088.png 26
ucf/Diving/samples/00089.png 26
ucf/Diving/samples/00090.png 26
ucf/Diving/samples/00091.png 26
ucf/Diving/samples/00092.png 26
ucf/Diving/samples/00093.png 26
ucf/Diving/samples/00094.png 26
ucf/Diving/samples/00095.png 26
ucf/Diving/samples/00096.png 26
ucf/Diving/samples/00097.png 26
ucf/Diving/samples/00098.png 26
ucf/Diving/samples/00099.png 26
ucf/Diving/samples/00100.png 26
ucf/Diving/samples/00101.png 26
ucf/Diving/samples/00102.png 26
ucf/Diving/samples/00103.png 26
ucf/Diving/samples/00104.png 26
ucf/Diving/samples/00105.png 26
ucf/Diving/samples/00106.png 26
ucf/Diving/samples/00107.png 26
ucf/Diving/samples/00108.png 26
ucf/Diving/samples/00109.png 26
ucf/Diving/samples/00110.png 26
ucf/Diving/samples/00111.png 26
ucf/Diving/samples/00112.png 26
ucf/Diving/samples/00113.png 26
ucf/Diving/samples/00114.png 26
ucf/Diving/samples/00115.png 26
ucf/Diving/samples/00116.png 26
ucf/Diving/samples/00117.png 26
ucf/Diving/samples/00118.png 26
ucf/Diving/samples/00119.png 26
ucf/Diving/samples/00120.png 26
ucf/Diving/samples/00121.png 26
ucf/Diving/samples/00122.png 26
ucf/Diving/samples/00123.png 26
ucf/Diving/samples/00124.png 26
ucf/Diving/samples/00125.png 26
ucf/Diving/samples/00126.png 26
ucf/Diving/samples/00127.png 26
ucf/Diving/samples/00128.png 26
ucf/Diving/samples/00129.png 26
ucf/Diving/samples/00130.png 26
ucf/Diving/samples/00131.png 26
ucf/Diving/samples/00132.png 26
ucf/Diving/samples/00133.png 26
ucf/Diving/samples/00134.png 26
ucf/Diving/samples/00135.png 26
ucf/Diving/samples/00136.png 26
ucf/Diving/samples/00137.png 26
ucf/Diving/samples/00138.png 26
ucf/Diving/samples/00139.png 26
ucf/Diving/samples/00140.png 26
ucf/Diving/samples/00141.png 26
ucf/Diving/samples/00142.png 26
ucf/Diving/samples/00143.png 26
ucf/Diving/samples/00144.png 26
ucf/Diving/samples/00145.png 26
ucf/Diving/samples/00146.png 26
ucf/Diving/samples/00147.png 26
ucf/Diving/samples/00148.png 26
ucf/Diving/samples/00149.png 26
ucf/Diving/samples/00150.png 26
ucf/Diving/samples/00151.png 26
ucf/Diving/samples/00152.png 26
ucf/Diving/samples/00153.png 26
ucf/Diving/samples/00154.png 26
ucf/Diving/samples/00155.png 26
ucf/Diving/samples/00156.png 26
ucf/Diving/samples/00157.png 26
ucf/Diving/samples/00158.png 26
ucf/Diving/samples/00159.png 26
ucf/Diving/samples/00160.png 26
ucf/Diving/samples/00161.png 26
ucf/Diving/samples/00162.png 26
ucf/Diving/samples/00163.png 26
ucf/Diving/samples/00164.png 26
ucf/Diving/samples/00165.png 26
ucf/Diving/samples/00166.png 26
ucf/Diving/samples/00167.png 26
ucf/Diving/samples/00168.png 26
ucf/Diving/samples/00169.png 26
ucf/Diving/samples/00170.png 26
ucf/Diving/samples/00171.png 26
ucf/Diving/samples/00172.png 26
ucf/Diving/samples/00173.png 26
ucf/Diving/samples/00174.png 26
ucf/Diving/samples/00175.png 26
ucf/Diving/samples/00176.png 26
ucf/Diving/samples/00177.png 26
ucf/Diving/samples/00178.png 26
ucf/Diving/samples/00179.png 26
ucf/Diving/samples/00180.png 26
ucf/Diving/samples/00181.png 26
ucf/Diving/samples/00182.png 26
ucf/Diving/samples/00183.png 26
ucf/Diving/samples/00184.png 26
ucf/Diving/samples/00185.png 26
ucf/Diving/samples/00186.png 26
ucf/Diving/samples/00187.png 26
ucf/Diving/samples/00188.png 26
ucf/Diving/samples/00189.png 26
ucf/Diving/samples/00190.png 26
ucf/Diving/samples/00191.png 26
ucf/Diving/samples/00192.png 26
ucf/Diving/samples/00193.png 26
ucf/Diving/samples/00194.png 26
ucf/Diving/samples/00195.png 26
ucf/Diving/samples/00196.png 26
ucf/Diving/samples/00197.png 26
ucf/Diving/samples/00198.png 26
ucf/Diving/samples/00199.png 26
ucf/Diving/samples/00200.png 26
ucf/Diving/samples/00201.png 26
ucf/Diving/samples/00202.png 26
ucf/Diving/samples/00203.png 26
ucf/Diving/samples/00204.png 26
ucf/Diving/samples/00205.png 26
ucf/Diving/samples/00206.png 26
ucf/Diving/samples/00207.png 26
ucf/Diving/samples/00208.png 26
ucf/Diving/samples/00209.png 26
ucf/Diving/samples/00210.png 26
ucf/Diving/samples/00211.png 26
ucf/Diving/samples/00212.png 26
ucf/Diving/samples/00213.png 26
ucf/Diving/samples/00214.png 26
ucf/Diving/samples/00215.png 26
ucf/Diving/samples/00216.png 26
ucf/Diving/samples/00217.png 26
ucf/Diving/samples/00218.png 26
ucf/Diving/samples/00219.png 26
ucf/Diving/samples/00220.png 26
ucf/Diving/samples/00221.png 26
ucf/Diving/samples/00222.png 26
ucf/Diving/samples/00223.png 26
ucf/Diving/samples/00224.png 26
ucf/Diving/samples/00225.png 26
ucf/Diving/samples/00226.png 26
ucf/Diving/samples/00227.png 26
ucf/Diving/samples/00228.png 26
ucf/Diving/samples/00229.png 26
ucf/Diving/samples/00230.png 26
ucf/Diving/samples/00231.png 26
ucf/Diving/samples/00232.png 26
ucf/Diving/samples/00233.png 26
ucf/Diving/samples/00234.png 26
ucf/Diving/samples/00235.png 26
ucf/Diving/samples/00236.png 26
ucf/Diving/samples/00237.png 26
ucf/Diving/samples/00238.png 26
ucf/Diving/samples/00239.png 26
ucf/Diving/samples/00240.png 26
ucf/Diving/samples/00241.png 26
ucf/Diving/samples/00242.png 26
ucf/Diving/samples/00243.png 26
ucf/Diving/samples/00244.png 26
ucf/Diving/samples/00245.png 26
ucf/Diving/samples/00246.png 26
ucf/Diving/samples/00247.png 26
ucf/Diving/samples/00248.png 26
ucf/Diving/samples/00249.png 26
ucf/Diving/samples/00250.png 26
ucf/Diving/samples/00251.png 26
ucf/Diving/samples/00252.png 26
ucf/Diving/samples/00253.png 26
ucf/Diving/samples/00254.png 26
ucf/Diving/samples/00255.png 26
ucf/Diving/samples/00256.png 26
ucf/Diving/samples/00257.png 26
ucf/Diving/samples/00258.png 26
ucf/Diving/samples/00259.png 26
ucf/Diving/samples/00260.png 26
ucf/Diving/samples/00261.png 26
ucf/Diving/samples/00262.png 26
ucf/Diving/samples/00263.png 26
ucf/Diving/samples/00264.png 26
ucf/Diving/samples/00265.png 26
ucf/Diving/samples/00266.png 26
ucf/Diving/samples/00267.png 26
ucf/Diving/samples/00268.png 26
ucf/Diving/samples/00269.png 26
ucf/Diving/samples/00270.png 26
ucf/Diving/samples/00271.png 26
ucf/Diving/samples/00272.png 26
ucf/Diving/samples/00273.png 26
ucf/Diving/samples/00274.png 26
ucf/Diving/samples/00275.png 26
ucf/Diving/samples/00276.png 26
ucf/Diving/samples/00277.png 26
ucf/Diving/samples/00278.png 26
ucf/Diving/samples/00279.png 26
ucf/Diving/samples/00280.png 26
ucf/Diving/samples/00281.png 26
ucf/Diving/samples/00282.png 26
ucf/Diving/samples/00283.png 26
ucf/Diving/samples/00284.png 26
ucf/Diving/samples/00285.png 26
ucf/Diving/samples/00286.png 26
ucf/Diving/samples/00287.png 26
ucf/Diving/samples/00288.png 26
ucf/Diving/samples/00289.png 26
ucf/Diving/samples/00290.png 26
ucf/Diving/samples/00291.png 26
ucf/Diving/samples/00292.png 26
ucf/Diving/samples/00293.png 26
ucf/Diving/samples/00294.png 26
ucf/Diving/samples/00295.png 26
ucf/Diving/samples/00296.png 26
ucf/Diving/samples/00297.png 26
ucf/Diving/samples/00298.png 26
ucf/Diving/samples/00299.png 26
ucf/Diving/samples/00300.png 26
ucf/Diving/samples/00301.png 26
ucf/Diving/samples/00302.png 26
ucf/Diving/samples/00303.png 26
ucf/Diving/samples/00304.png 26
ucf/Diving/samples/00305.png 26
ucf/Diving/samples/00306.png 26
ucf/Diving/samples/00307.png 26
ucf/Diving/samples/00308.png 26
ucf/Diving/samples/00309.png 26
ucf/Diving/samples/00310.png 26
ucf/Diving/samples/00311.png 26
ucf/Diving/samples/00312.png 26
ucf/Diving/samples/00313.png 26
ucf/Diving/samples/00314.png 26
ucf/Diving/samples/00315.png 26
ucf/Diving/samples/00316.png 26
ucf/Diving/samples/00317.png 26
ucf/Diving/samples/00318.png 26
ucf/Diving/samples/00319.png 26
ucf/Diving/samples/00320.png 26
ucf/Diving/samples/00321.png 26
ucf/Diving/samples/00322.png 26
ucf/Diving/samples/00323.png 26
ucf/Diving/samples/00324.png 26
ucf/Diving/samples/00325.png 26
ucf/Diving/samples/00326.png 26
ucf/Diving/samples/00327.png 26
ucf/Diving/samples/00328.png 26
ucf/Diving/samples/00329.png 26
ucf/Diving/samples/00330.png 26
ucf/Diving/samples/00331.png 26
ucf/Diving/samples/00332.png 26
ucf/Diving/samples/00333.png 26
ucf/Diving/samples/00334.png 26
ucf/Diving/samples/00335.png 26
ucf/Diving/samples/00336.png 26
ucf/Diving/samples/00337.png 26
ucf/Diving/samples/00338.png 26
ucf/Diving/samples/00339.png 26
ucf/Diving/samples/00340.png 26
ucf/Diving/samples/00341.png 26
ucf/Diving/samples/00342.png 26
ucf/Diving/samples/00343.png 26
ucf/Diving/samples/00344.png 26
ucf/Diving/samples/00345.png 26
ucf/Diving/samples/00346.png 26
ucf/Diving/samples/00347.png 26
ucf/Diving/samples/00348.png 26
ucf/Diving/samples/00349.png 26
ucf/Diving/samples/00350.png 26
ucf/Diving/samples/00351.png 26
ucf/Diving/samples/00352.png 26
ucf/Diving/samples/00353.png 26
ucf/Diving/samples/00354.png 26
ucf/Diving/samples/00355.png 26
ucf/Diving/samples/00356.png 26
ucf/Diving/samples/00357.png 26
ucf/Diving/samples/00358.png 26
ucf/Diving/samples/00359.png 26
ucf/Diving/samples/00360.png 26
ucf/Diving/samples/00361.png 26
ucf/Diving/samples/00362.png 26
ucf/Diving/samples/00363.png 26
ucf/Diving/samples/00364.png 26
ucf/Diving/samples/00365.png 26
ucf/Diving/samples/00366.png 26
ucf/Diving/samples/00367.png 26
ucf/Diving/samples/00368.png 26
ucf/Diving/samples/00369.png 26
ucf/Diving/samples/00370.png 26
ucf/Diving/samples/00371.png 26
ucf/Diving/samples/00372.png 26
ucf/Diving/samples/00373.png 26
ucf/Diving/samples/00374.png 26
ucf/Diving/samples/00375.png 26
ucf/Diving/samples/00376.png 26
ucf/Diving/samples/00377.png 26
ucf/Diving/samples/00378.png 26
ucf/Diving/samples/00379.png 26
ucf/Diving/samples/00380.png 26
ucf/Diving/samples/00381.png 26
ucf/Diving/samples/00382.png 26
ucf/Diving/samples/00383.png 26
ucf/Diving/samples/00384.png 26
ucf/Diving/samples/00385.png 26
ucf/Diving/samples/00386.png 26
ucf/Diving/samples/00387.png 26
ucf/Diving/samples/00388.png 26
ucf/Diving/samples/00389.png 26
ucf/Diving/samples/00390.png 26
ucf/Diving/samples/00391.png 26
ucf/Diving/samples/00392.png 26
ucf/Diving/samples/00393.png 26
ucf/Diving/samples/00394.png 26
ucf/Diving/samples/00395.png 26
ucf/Diving/samples/00396.png 26
ucf/Diving/samples/00397.png 26
ucf/Diving/samples/00398.png 26
ucf/Diving/samples/00399.png 26
ucf/Diving/samples/00400.png 26
ucf/Diving/samples/00401.png 26
ucf/Diving/samples/00402.png 26
ucf/Diving/samples/00403.png 26
ucf/Diving/samples/00404.png 26
ucf/Diving/samples/00405.png 26
ucf/Diving/samples/00406.png 26
ucf/Diving/samples/00407.png 26
ucf/Diving/samples/00408.png 26
ucf/Diving/samples/00409.png 26
ucf/Diving/samples/00410.png 26
ucf/Diving/samples/00411.png 26
ucf/Diving/samples/00412.png 26
ucf/Diving/samples/00413.png 26
ucf/Diving/samples/00414.png 26
ucf/Diving/samples/00415.png 26
ucf/Diving/samples/00416.png 26
ucf/Diving/samples/00417.png 26
ucf/Diving/samples/00418.png 26
ucf/Diving/samples/00419.png 26
ucf/Diving/samples/00420.png 26
ucf/Diving/samples/00421.png 26
ucf/Diving/samples/00422.png 26
ucf/Diving/samples/00423.png 26
ucf/Diving/samples/00424.png 26
ucf/Diving/samples/00425.png 26
ucf/Diving/samples/00426.png 26
ucf/Diving/samples/00427.png 26
ucf/Diving/samples/00428.png 26
ucf/Diving/samples/00429.png 26
ucf/Diving/samples/00430.png 26
ucf/Diving/samples/00431.png 26
ucf/Diving/samples/00432.png 26
ucf/Diving/samples/00433.png 26
ucf/Diving/samples/00434.png 26
ucf/Diving/samples/00435.png 26
ucf/Diving/samples/00436.png 26
ucf/Diving/samples/00437.png 26
ucf/Diving/samples/00438.png 26
ucf/Diving/samples/00439.png 26
ucf/Diving/samples/00440.png 26
ucf/Diving/samples/00441.png 26
ucf/Diving/samples/00442.png 26
ucf/Diving/samples/00443.png 26
ucf/Diving/samples/00444.png 26
ucf/Diving/samples/00445.png 26
ucf/Diving/samples/00446.png 26
ucf/Diving/samples/00447.png 26
ucf/Diving/samples/00448.png 26
ucf/Diving/samples/00449.png 26
ucf/Diving/samples/00450.png 26
ucf/Diving/samples/00451.png 26
ucf/Diving/samples/00452.png 26
ucf/Diving/samples/00453.png 26
ucf/Diving/samples/00454.png 26
ucf/Diving/samples/00455.png 26
ucf/Diving/samples/00456.png 26
ucf/Diving/samples/00457.png 26
ucf/Diving/samples/00458.png 26
ucf/Diving/samples/00459.png 26
ucf/Diving/samples/00460.png 26
ucf/Diving/samples/00461.png 26
ucf/Diving/samples/00462.png 26
ucf/Diving/samples/00463.png 26
ucf/Diving/samples/00464.png 26
ucf/Diving/samples/00465.png 26
ucf/Diving/samples/00466.png 26
ucf/Diving/samples/00467.png 26
ucf/Diving/samples/00468.png 26
ucf/Diving/samples/00469.png 26
ucf/Diving/samples/00470.png 26
ucf/Diving/samples/00471.png 26
ucf/Diving/samples/00472.png 26
ucf/Diving/samples/00473.png 26
ucf/Diving/samples/00474.png 26
ucf/Diving/samples/00475.png 26
ucf/Diving/samples/00476.png 26
ucf/Diving/samples/00477.png 26
ucf/Diving/samples/00478.png 26
ucf/Diving/samples/00479.png 26
ucf/Diving/samples/00480.png 26
ucf/Diving/samples/00481.png 26
ucf/Diving/samples/00482.png 26
ucf/Diving/samples/00483.png 26
ucf/Diving/samples/00484.png 26
ucf/Diving/samples/00485.png 26
ucf/Diving/samples/00486.png 26
ucf/Diving/samples/00487.png 26
ucf/Diving/samples/00488.png 26
ucf/Diving/samples/00489.png 26
ucf/Diving/samples/00490.png 26
ucf/Diving/samples/00491.png 26
ucf/Diving/samples/00492.png 26
ucf/Diving/samples/00493.png 26
ucf/Diving/samples/00494.png 26
ucf/Diving/samples/00495.png 26
ucf/Diving/samples/00496.png 26
ucf/Diving/samples/00497.png 26
ucf/Diving/samples/00498.png 26
ucf/Diving/samples/00499.png 26
ucf/Diving/samples/00500.png 26
ucf/Diving/samples/00501.png 26
ucf/Diving/samples/00502.png 26
ucf/Diving/samples/00503.png 26
ucf/Diving/samples/00504.png 26
ucf/Diving/samples/00505.png 26
ucf/Diving/samples/00506.png 26
ucf/Diving/samples/00507.png 26
ucf/Diving/samples/00508.png 26
ucf/Diving/samples/00509.png 26
ucf/Diving/samples/00510.png 26
ucf/Diving/samples/00511.png 26
ucf/Diving/samples/00512.png 26
ucf/Diving/samples/00513.png 26
ucf/Diving/samples/00514.png 26
ucf/Diving/samples/00515.png 26
ucf/Diving/samples/00516.png 26
ucf/Diving/samples/00517.png 26
ucf/Diving/samples/00518.png 26
ucf/Diving/samples/00519.png 26
ucf/Diving/samples/00520.png 26
ucf/Diving/samples/00521.png 26
ucf/Diving/samples/00522.png 26
ucf/Diving/samples/00523.png 26
ucf/Diving/samples/00524.png 26
ucf/Diving/samples/00525.png 26
ucf/Diving/samples/00526.png 26
ucf/Diving/samples/00527.png 26
ucf/Diving/samples/00528.png 26
ucf/Diving/samples/00529.png 26
ucf/Diving/samples/00530.png 26
ucf/Diving/samples/00531.png 26
ucf/Diving/samples/00532.png 26
ucf/Diving/samples/00533.png 26
ucf/Diving/samples/00534.png 26
ucf/Diving/samples/00535.png 26
ucf/Diving/samples/00536.png 26
ucf/Diving/samples/00537.png 26
ucf/Diving/samples/00538.png 26
ucf/Diving/samples/00539.png 26
ucf/Diving/samples/00540.png 26
ucf/Diving/samples/00541.png 26
ucf/Diving/samples/00542.png 26
ucf/Diving/samples/00543.png 26
ucf/Diving/samples/00544.png 26
ucf/Diving/samples/00545.png 26
ucf/Diving/samples/00546.png 26
ucf/Diving/samples/00547.png 26
ucf/Diving/samples/00548.png 26
ucf/Diving/samples/00549.png 26
ucf/Diving/samples/00550.png 26
ucf/Diving/samples/00551.png 26
ucf/Diving/samples/00552.png 26
ucf/Diving/samples/00553.png 26
ucf/Diving/samples/00554.png 26
ucf/Diving/samples/00555.png 26
ucf/Diving/samples/00556.png 26
ucf/Diving/samples/00557.png 26
ucf/Diving/samples/00558.png 26
ucf/Diving/samples/00559.png 26
ucf/Diving/samples/00560.png 26
ucf/Diving/samples/00561.png 26
ucf/Diving/samples/00562.png 26
ucf/Diving/samples/00563.png 26
ucf/Diving/samples/00564.png 26
ucf/Diving/samples/00565.png 26
ucf/Diving/samples/00566.png 26
ucf/Diving/samples/00567.png 26
ucf/Diving/samples/00568.png 26
ucf/Diving/samples/00569.png 26
ucf/Diving/samples/00570.png 26
ucf/Diving/samples/00571.png 26
ucf/Diving/samples/00572.png 26
ucf/Diving/samples/00573.png 26
ucf/Diving/samples/00574.png 26
ucf/Diving/samples/00575.png 26
ucf/Diving/samples/00576.png 26
ucf/Diving/samples/00577.png 26
ucf/Diving/samples/00578.png 26
ucf/Diving/samples/00579.png 26
ucf/Diving/samples/00580.png 26
ucf/Diving/samples/00581.png 26
ucf/Diving/samples/00582.png 26
ucf/Diving/samples/00583.png 26
ucf/Diving/samples/00584.png 26
ucf/Diving/samples/00585.png 26
ucf/Diving/samples/00586.png 26
ucf/Diving/samples/00587.png 26
ucf/Diving/samples/00588.png 26
ucf/Diving/samples/00589.png 26
ucf/Diving/samples/00590.png 26
ucf/Diving/samples/00591.png 26
ucf/Diving/samples/00592.png 26
ucf/Diving/samples/00593.png 26
ucf/Diving/samples/00594.png 26
ucf/Diving/samples/00595.png 26
ucf/Diving/samples/00596.png 26
ucf/Diving/samples/00597.png 26
ucf/Diving/samples/00598.png 26
ucf/Diving/samples/00599.png 26
ucf/Diving/samples/00600.png 26
ucf/Diving/samples/00601.png 26
ucf/Diving/samples/00602.png 26
ucf/Diving/samples/00603.png 26
ucf/Diving/samples/00604.png 26
ucf/Diving/samples/00605.png 26
ucf/Diving/samples/00606.png 26
ucf/Diving/samples/00607.png 26
ucf/Diving/samples/00608.png 26
ucf/Diving/samples/00609.png 26
ucf/Diving/samples/00610.png 26
ucf/Diving/samples/00611.png 26
ucf/Diving/samples/00612.png 26
ucf/Diving/samples/00613.png 26
ucf/Diving/samples/00614.png 26
ucf/Diving/samples/00615.png 26
ucf/Diving/samples/00616.png 26
ucf/Diving/samples/00617.png 26
ucf/Diving/samples/00618.png 26
ucf/Diving/samples/00619.png 26
ucf/Diving/samples/00620.png 26
ucf/Diving/samples/00621.png 26
ucf/Diving/samples/00622.png 26
ucf/Diving/samples/00623.png 26
ucf/Diving/samples/00624.png 26
ucf/Diving/samples/00625.png 26
ucf/Diving/samples/00626.png 26
ucf/Diving/samples/00627.png 26
ucf/Diving/samples/00628.png 26
ucf/Diving/samples/00629.png 26
ucf/Diving/samples/00630.png 26
ucf/Diving/samples/00631.png 26
ucf/Diving/samples/00632.png 26
ucf/Diving/samples/00633.png 26
ucf/Diving/samples/00634.png 26
ucf/Diving/samples/00635.png 26
ucf/Diving/samples/00636.png 26
ucf/Diving/samples/00637.png 26
ucf/Diving/samples/00638.png 26
ucf/Diving/samples/00639.png 26
ucf/Diving/samples/00640.png 26
ucf/Diving/samples/00641.png 26
ucf/Diving/samples/00642.png 26
ucf/Diving/samples/00643.png 26
ucf/Diving/samples/00644.png 26
ucf/Diving/samples/00645.png 26
ucf/Diving/samples/00646.png 26
ucf/Diving/samples/00647.png 26
ucf/Diving/samples/00648.png 26
ucf/Diving/samples/00649.png 26
ucf/Diving/samples/00650.png 26
ucf/Diving/samples/00651.png 26
ucf/Diving/samples/00652.png 26
ucf/Diving/samples/00653.png 26
ucf/Diving/samples/00654.png 26
ucf/Diving/samples/00655.png 26
ucf/Diving/samples/00656.png 26
ucf/Diving/samples/00657.png 26
ucf/Diving/samples/00658.png 26
ucf/Diving/samples/00659.png 26
ucf/Diving/samples/00660.png 26
ucf/Diving/samples/00661.png 26
ucf/Diving/samples/00662.png 26
ucf/Diving/samples/00663.png 26
ucf/Diving/samples/00664.png 26
ucf/Diving/samples/00665.png 26
ucf/Diving/samples/00666.png 26
ucf/Diving/samples/00667.png 26
ucf/Diving/samples/00668.png 26
ucf/Diving/samples/00669.png 26
ucf/Diving/samples/00670.png 26
ucf/Diving/samples/00671.png 26
ucf/Diving/samples/00672.png 26
ucf/Diving/samples/00673.png 26
ucf/Diving/samples/00674.png 26
ucf/Diving/samples/00675.png 26
ucf/Diving/samples/00676.png 26
ucf/Diving/samples/00677.png 26
ucf/Diving/samples/00678.png 26
ucf/Diving/samples/00679.png 26
ucf/Diving/samples/00680.png 26
ucf/Diving/samples/00681.png 26
ucf/Diving/samples/00682.png 26
ucf/Diving/samples/00683.png 26
ucf/Diving/samples/00684.png 26
ucf/Diving/samples/00685.png 26
ucf/Diving/samples/00686.png 26
ucf/Diving/samples/00687.png 26
ucf/Diving/samples/00688.png 26
ucf/Diving/samples/00689.png 26
ucf/Diving/samples/00690.png 26
ucf/Diving/samples/00691.png 26
ucf/Diving/samples/00692.png 26
ucf/Diving/samples/00693.png 26
ucf/Diving/samples/00694.png 26
ucf/Diving/samples/00695.png 26
ucf/Diving/samples/00696.png 26
ucf/Diving/samples/00697.png 26
ucf/Diving/samples/00698.png 26
ucf/Diving/samples/00699.png 26
ucf/Diving/samples/00700.png 26
ucf/Diving/samples/00701.png 26
ucf/Diving/samples/00702.png 26
ucf/Diving/samples/00703.png 26
ucf/Diving/samples/00704.png 26
ucf/Diving/samples/00705.png 26
ucf/Diving/samples/00706.png 26
ucf/Diving/samples/00707.png 26
ucf/Diving/samples/00708.png 26
ucf/Diving/samples/00709.png 26
ucf/Diving/samples/00710.png 26
ucf/Diving/samples/00711.png 26
ucf/Diving/samples/00712.png 26
ucf/Diving/samples/00713.png 26
ucf/Diving/samples/00714.png 26
ucf/Diving/samples/00715.png 26
ucf/Diving/samples/00716.png 26
ucf/Diving/samples/00717.png 26
ucf/Diving/samples/00718.png 26
ucf/Diving/samples/00719.png 26
ucf/Diving/samples/00720.png 26
ucf/Diving/samples/00721.png 26
ucf/Diving/samples/00722.png 26
ucf/Diving/samples/00723.png 26
ucf/Diving/samples/00724.png 26
ucf/Diving/samples/00725.png 26
ucf/Diving/samples/00726.png 26
ucf/Diving/samples/00727.png 26
ucf/Diving/samples/00728.png 26
ucf/Diving/samples/00729.png 26
ucf/Diving/samples/00730.png 26
ucf/Diving/samples/00731.png 26
ucf/Diving/samples/00732.png 26
ucf/Diving/samples/00733.png 26
ucf/Diving/samples/00734.png 26
ucf/Diving/samples/00735.png 26
ucf/Diving/samples/00736.png 26
ucf/Diving/samples/00737.png 26
ucf/Diving/samples/00738.png 26
ucf/Diving/samples/00739.png 26
ucf/Diving/samples/00740.png 26
ucf/Diving/samples/00741.png 26
ucf/Diving/samples/00742.png 26
ucf/Diving/samples/00743.png 26
ucf/Diving/samples/00744.png 26
ucf/Diving/samples/00745.png 26
ucf/Diving/samples/00746.png 26
ucf/Diving/samples/00747.png 26
ucf/Diving/samples/00748.png 26
ucf/Diving/samples/00749.png 26
ucf/Diving/samples/00750.png 26
ucf/Diving/samples/00751.png 26
ucf/Diving/samples/00752.png 26
ucf/Diving/samples/00753.png 26
ucf/Diving/samples/00754.png 26
ucf/Diving/samples/00755.png 26
ucf/Diving/samples/00756.png 26
ucf/Diving/samples/00757.png 26
ucf/Diving/samples/00758.png 26
ucf/Diving/samples/00759.png 26
ucf/Diving/samples/00760.png 26
ucf/Diving/samples/00761.png 26
ucf/Diving/samples/00762.png 26
ucf/Diving/samples/00763.png 26
ucf/Diving/samples/00764.png 26
ucf/Diving/samples/00765.png 26
ucf/Diving/samples/00766.png 26
ucf/Diving/samples/00767.png 26
ucf/Diving/samples/00768.png 26
ucf/Diving/samples/00769.png 26
ucf/Diving/samples/00770.png 26
ucf/Diving/samples/00771.png 26
ucf/Diving/samples/00772.png 26
ucf/Diving/samples/00773.png 26
ucf/Diving/samples/00774.png 26
ucf/Diving/samples/00775.png 26
ucf/Diving/samples/00776.png 26
ucf/Diving/samples/00777.png 26
ucf/Diving/samples/00778.png 26
ucf/Diving/samples/00779.png 26
ucf/Diving/samples/00780.png 26
ucf/Diving/samples/00781.png 26
ucf/Diving/samples/00782.png 26
ucf/Diving/samples/00783.png 26
ucf/Diving/samples/00784.png 26
ucf/Diving/samples/00785.png 26
ucf/Diving/samples/00786.png 26
ucf/Diving/samples/00787.png 26
ucf/Diving/samples/00788.png 26
ucf/Diving/samples/00789.png 26
ucf/Diving/samples/00790.png 26
ucf/Diving/samples/00791.png 26
ucf/Diving/samples/00792.png 26
ucf/Diving/samples/00793.png 26
ucf/Diving/samples/00794.png 26
ucf/Diving/samples/00795.png 26
ucf/Diving/samples/00796.png 26
ucf/Diving/samples/00797.png 26
ucf/Diving/samples/00798.png 26
ucf/Diving/samples/00799.png 26
ucf/Diving/samples/00800.png 26
ucf/Diving/samples/00801.png 26
ucf/Diving/samples/00802.png 26
ucf/Diving/samples/00803.png 26
ucf/Diving/samples/00804.png 26
ucf/Diving/samples/00805.png 26
ucf/Diving/samples/00806.png 26
ucf/Diving/samples/00807.png 26
ucf/Diving/samples/00808.png 26
ucf/Diving/samples/00809.png 26
ucf/Diving/samples/00810.png 26
ucf/Diving/samples/00811.png 26
ucf/Diving/samples/00812.png 26
ucf/Diving/samples/00813.png 26
ucf/Diving/samples/00814.png 26
ucf/Diving/samples/00815.png 26
ucf/Diving/samples/00816.png 26
ucf/Diving/samples/00817.png 26
ucf/Diving/samples/00818.png 26
ucf/Diving/samples/00819.png 26
ucf/Diving/samples/00820.png 26
ucf/Diving/samples/00821.png 26
ucf/Diving/samples/00822.png 26
ucf/Diving/samples/00823.png 26
ucf/Diving/samples/00824.png 26
ucf/Diving/samples/00825.png 26
ucf/Diving/samples/00826.png 26
ucf/Diving/samples/00827.png 26
ucf/Diving/samples/00828.png 26
ucf/Diving/samples/00829.png 26
ucf/Diving/samples/00830.png 26
ucf/Diving/samples/00831.png 26
ucf/Diving/samples/00832.png 26
ucf/Diving/samples/00833.png 26
ucf/Diving/samples/00834.png 26
ucf/Diving/samples/00835.png 26
ucf/Diving/samples/00836.png 26
ucf/Diving/samples/00837.png 26
ucf/Diving/samples/00838.png 26
ucf/Diving/samples/00839.png 26
ucf/Diving/samples/00840.png 26
ucf/Diving/samples/00841.png 26
ucf/Diving/samples/00842.png 26
ucf/Diving/samples/00843.png 26
ucf/Diving/samples/00844.png 26
ucf/Diving/samples/00845.png 26
ucf/Diving/samples/00846.png 26
ucf/Diving/samples/00847.png 26
ucf/Diving/samples/00848.png 26
ucf/Diving/samples/00849.png 26
ucf/Diving/samples/00850.png 26
ucf/Diving/samples/00851.png 26
ucf/Diving/samples/00852.png 26
ucf/Diving/samples/00853.png 26
ucf/Diving/samples/00854.png 26
ucf/Diving/samples/00855.png 26
ucf/Diving/samples/00856.png 26
ucf/Diving/samples/00857.png 26
ucf/Diving/samples/00858.png 26
ucf/Diving/samples/00859.png 26
ucf/Diving/samples/00860.png 26
ucf/Diving/samples/00861.png 26
ucf/Diving/samples/00862.png 26
ucf/Diving/samples/00863.png 26
ucf/Diving/samples/00864.png 26
ucf/Diving/samples/00865.png 26
ucf/Diving/samples/00866.png 26
ucf/Diving/samples/00867.png 26
ucf/Diving/samples/00868.png 26
ucf/Diving/samples/00869.png 26
ucf/Diving/samples/00870.png 26
ucf/Diving/samples/00871.png 26
ucf/Diving/samples/00872.png 26
ucf/Diving/samples/00873.png 26
ucf/Diving/samples/00874.png 26
ucf/Diving/samples/00875.png 26
ucf/Diving/samples/00876.png 26
ucf/Diving/samples/00877.png 26
ucf/Diving/samples/00878.png 26
ucf/Diving/samples/00879.png 26
ucf/Diving/samples/00880.png 26
ucf/Diving/samples/00881.png 26
ucf/Diving/samples/00882.png 26
ucf/Diving/samples/00883.png 26
ucf/Diving/samples/00884.png 26
ucf/Diving/samples/00885.png 26
ucf/Diving/samples/00886.png 26
ucf/Diving/samples/00887.png 26
ucf/Diving/samples/00888.png 26
ucf/Diving/samples/00889.png 26
ucf/Diving/samples/00890.png 26
ucf/Diving/samples/00891.png 26
ucf/Diving/samples/00892.png 26
ucf/Diving/samples/00893.png 26
ucf/Diving/samples/00894.png 26
ucf/Diving/samples/00895.png 26
ucf/Diving/samples/00896.png 26
ucf/Diving/samples/00897.png 26
ucf/Diving/samples/00898.png 26
ucf/Diving/samples/00899.png 26
ucf/Diving/samples/00900.png 26
ucf/Diving/samples/00901.png 26
ucf/Diving/samples/00902.png 26
ucf/Diving/samples/00903.png 26
ucf/Diving/samples/00904.png 26
ucf/Diving/samples/00905.png 26
ucf/Diving/samples/00906.png 26
ucf/Diving/samples/00907.png 26
ucf/Diving/samples/00908.png 26
ucf/Diving/samples/00909.png 26
ucf/Diving/samples/00910.png 26
ucf/Diving/samples/00911.png 26
ucf/Diving/samples/00912.png 26
ucf/Diving/samples/00913.png 26
ucf/Diving/samples/00914.png 26
ucf/Diving/samples/00915.png 26
ucf/Diving/samples/00916.png 26
ucf/Diving/samples/00917.png 26
ucf/Diving/samples/00918.png 26
ucf/Diving/samples/00919.png 26
ucf/Diving/samples/00920.png 26
ucf/Diving/samples/00921.png 26
ucf/Diving/samples/00922.png 26
ucf/Diving/samples/00923.png 26
ucf/Diving/samples/00924.png 26
ucf/Diving/samples/00925.png 26
ucf/Diving/samples/00926.png 26
ucf/Diving/samples/00927.png 26
ucf/Diving/samples/00928.png 26
ucf/Diving/samples/00929.png 26
ucf/Diving/samples/00930.png 26
ucf/Diving/samples/00931.png 26
ucf/Diving/samples/00932.png 26
ucf/Diving/samples/00933.png 26
ucf/Diving/samples/00934.png 26
ucf/Diving/samples/00935.png 26
ucf/Diving/samples/00936.png 26
ucf/Diving/samples/00937.png 26
ucf/Diving/samples/00938.png 26
ucf/Diving/samples/00939.png 26
ucf/Diving/samples/00940.png 26
ucf/Diving/samples/00941.png 26
ucf/Diving/samples/00942.png 26
ucf/Diving/samples/00943.png 26
ucf/Diving/samples/00944.png 26
ucf/Diving/samples/00945.png 26
ucf/Diving/samples/00946.png 26
ucf/Diving/samples/00947.png 26
ucf/Diving/samples/00948.png 26
ucf/Diving/samples/00949.png 26
ucf/Diving/samples/00950.png 26
ucf/Diving/samples/00951.png 26
ucf/Diving/samples/00952.png 26
ucf/Diving/samples/00953.png 26
ucf/Diving/samples/00954.png 26
ucf/Diving/samples/00955.png 26
ucf/Diving/samples/00956.png 26
ucf/Diving/samples/00957.png 26
ucf/Diving/samples/00958.png 26
ucf/Diving/samples/00959.png 26
ucf/Diving/samples/00960.png 26
ucf/Diving/samples/00961.png 26
ucf/Diving/samples/00962.png 26
ucf/Diving/samples/00963.png 26
ucf/Diving/samples/00964.png 26
ucf/Diving/samples/00965.png 26
ucf/Diving/samples/00966.png 26
ucf/Diving/samples/00967.png 26
ucf/Diving/samples/00968.png 26
ucf/Diving/samples/00969.png 26
ucf/Diving/samples/00970.png 26
ucf/Diving/samples/00971.png 26
ucf/Diving/samples/00972.png 26
ucf/Diving/samples/00973.png 26
ucf/Diving/samples/00974.png 26
ucf/Diving/samples/00975.png 26
ucf/Diving/samples/00976.png 26
ucf/Diving/samples/00977.png 26
ucf/Diving/samples/00978.png 26
ucf/Diving/samples/00979.png 26
ucf/Diving/samples/00980.png 26
ucf/Diving/samples/00981.png 26
ucf/Diving/samples/00982.png 26
ucf/Diving/samples/00983.png 26
ucf/Diving/samples/00984.png 26
ucf/Diving/samples/00985.png 26
ucf/Diving/samples/00986.png 26
ucf/Diving/samples/00987.png 26
ucf/Diving/samples/00988.png 26
ucf/Diving/samples/00989.png 26
ucf/Diving/samples/00990.png 26
ucf/Diving/samples/00991.png 26
ucf/Diving/samples/00992.png 26
ucf/Diving/samples/00993.png 26
ucf/Diving/samples/00994.png 26
ucf/Diving/samples/00995.png 26
ucf/Diving/samples/00996.png 26
ucf/Diving/samples/00997.png 26
ucf/Diving/samples/00998.png 26
ucf/Diving/samples/00999.png 26
ucf/Skiing/samples/00000.png 81
ucf/Skiing/samples/00001.png 81
ucf/Skiing/samples/00002.png 81
ucf/Skiing/samples/00003.png 81
ucf/Skiing/samples/00004.png 81
ucf/Skiing/samples/00005.png 81
ucf/Skiing/samples/00006.png 81
ucf/Skiing/samples/00007.png 81
ucf/Skiing/samples/00008.png 81
ucf/Skiing/samples/00009.png 81
ucf/Skiing/samples/00010.png 81
ucf/Skiing/samples/00011.png 81
ucf/Skiing/samples/00012.png 81
ucf/Skiing/samples/00013.png 81
ucf/Skiing/samples/00014.png 81
ucf/Skiing/samples/00015.png 81
ucf/Skiing/samples/00016.png 81
ucf/Skiing/samples/00017.png 81
ucf/Skiing/samples/00018.png 81
ucf/Skiing/samples/00019.png 81
ucf/Skiing/samples/00020.png 81
ucf/Skiing/samples/00021.png 81
ucf/Skiing/samples/00022.png 81
ucf/Skiing/samples/00023.png 81
ucf/Skiing/samples/00024.png 81
ucf/Skiing/samples/00025.png 81
ucf/Skiing/samples/00026.png 81
ucf/Skiing/samples/00027.png 81
ucf/Skiing/samples/00028.png 81
ucf/Skiing/samples/00029.png 81
ucf/Skiing/samples/00030.png 81
ucf/Skiing/samples/00031.png 81
ucf/Skiing/samples/00032.png 81
ucf/Skiing/samples/00033.png 81
ucf/Skiing/samples/00034.png 81
ucf/Skiing/samples/00035.png 81
ucf/Skiing/samples/00036.png 81
ucf/Skiing/samples/00037.png 81
ucf/Skiing/samples/00038.png 81
ucf/Skiing/samples/00039.png 81
ucf/Skiing/samples/00040.png 81
ucf/Skiing/samples/00041.png 81
ucf/Skiing/samples/00042.png 81
ucf/Skiing/samples/00043.png 81
ucf/Skiing/samples/00044.png 81
ucf/Skiing/samples/00045.png 81
ucf/Skiing/samples/00046.png 81
ucf/Skiing/samples/00047.png 81
ucf/Skiing/samples/00048.png 81
ucf/Skiing/samples/00049.png 81
ucf/Skiing/samples/00050.png 81
ucf/Skiing/samples/00051.png 81
ucf/Skiing/samples/00052.png 81
ucf/Skiing/samples/00053.png 81
ucf/Skiing/samples/00054.png 81
ucf/Skiing/samples/00055.png 81
ucf/Skiing/samples/00056.png 81
ucf/Skiing/samples/00057.png 81
ucf/Skiing/samples/00058.png 81
ucf/Skiing/samples/00059.png 81
ucf/Skiing/samples/00060.png 81
ucf/Skiing/samples/00061.png 81
ucf/Skiing/samples/00062.png 81
ucf/Skiing/samples/00063.png 81
ucf/Skiing/samples/00064.png 81
ucf/Skiing/samples/00065.png 81
ucf/Skiing/samples/00066.png 81
ucf/Skiing/samples/00067.png 81
ucf/Skiing/samples/00068.png 81
ucf/Skiing/samples/00069.png 81
ucf/Skiing/samples/00070.png 81
ucf/Skiing/samples/00071.png 81
ucf/Skiing/samples/00072.png 81
ucf/Skiing/samples/00073.png 81
ucf/Skiing/samples/00074.png 81
ucf/Skiing/samples/00075.png 81
ucf/Skiing/samples/00076.png 81
ucf/Skiing/samples/00077.png 81
ucf/Skiing/samples/00078.png 81
ucf/Skiing/samples/00079.png 81
ucf/Skiing/samples/00080.png 81
ucf/Skiing/samples/00081.png 81
ucf/Skiing/samples/00082.png 81
ucf/Skiing/samples/00083.png 81
ucf/Skiing/samples/00084.png 81
ucf/Skiing/samples/00085.png 81
ucf/Skiing/samples/00086.png 81
ucf/Skiing/samples/00087.png 81
ucf/Skiing/samples/00088.png 81
ucf/Skiing/samples/00089.png 81
ucf/Skiing/samples/00090.png 81
ucf/Skiing/samples/00091.png 81
ucf/Skiing/samples/00092.png 81
ucf/Skiing/samples/00093.png 81
ucf/Skiing/samples/00094.png 81
ucf/Skiing/samples/00095.png 81
ucf/Skiing/samples/00096.png 81
ucf/Skiing/samples/00097.png 81
ucf/Skiing/samples/00098.png 81
ucf/Skiing/samples/00099.png 81
ucf/Skiing/samples/00100.png 81
ucf/Skiing/samples/00101.png 81
ucf/Skiing/samples/00102.png 81
ucf/Skiing/samples/00103.png 81
ucf/Skiing/samples/00104.png 81
ucf/Skiing/samples/00105.png 81
ucf/Skiing/samples/00106.png 81
ucf/Skiing/samples/00107.png 81
ucf/Skiing/samples/00108.png 81
ucf/Skiing/samples/00109.png 81
ucf/Skiing/samples/00110.png 81
ucf/Skiing/samples/00111.png 81
ucf/Skiing/samples/00112.png 81
ucf/Skiing/samples/00113.png 81
ucf/Skiing/samples/00114.png 81
ucf/Skiing/samples/00115.png 81
ucf/Skiing/samples/00116.png 81
ucf/Skiing/samples/00117.png 81
ucf/Skiing/samples/00118.png 81
ucf/Skiing/samples/00119.png 81
ucf/Skiing/samples/00120.png 81
ucf/Skiing/samples/00121.png 81
ucf/Skiing/samples/00122.png 81
ucf/Skiing/samples/00123.png 81
ucf/Skiing/samples/00124.png 81
ucf/Skiing/samples/00125.png 81
ucf/Skiing/samples/00126.png 81
ucf/Skiing/samples/00127.png 81
ucf/Skiing/samples/00128.png 81
ucf/Skiing/samples/00129.png 81
ucf/Skiing/samples/00130.png 81
ucf/Skiing/samples/00131.png 81
ucf/Skiing/samples/00132.png 81
ucf/Skiing/samples/00133.png 81
ucf/Skiing/samples/00134.png 81
ucf/Skiing/samples/00135.png 81
ucf/Skiing/samples/00136.png 81
ucf/Skiing/samples/00137.png 81
ucf/Skiing/samples/00138.png 81
ucf/Skiing/samples/00139.png 81
ucf/Skiing/samples/00140.png 81
ucf/Skiing/samples/00141.png 81
ucf/Skiing/samples/00142.png 81
ucf/Skiing/samples/00143.png 81
ucf/Skiing/samples/00144.png 81
ucf/Skiing/samples/00145.png 81
ucf/Skiing/samples/00146.png 81
ucf/Skiing/samples/00147.png 81
ucf/Skiing/samples/00148.png 81
ucf/Skiing/samples/00149.png 81
ucf/Skiing/samples/00150.png 81
ucf/Skiing/samples/00151.png 81
ucf/Skiing/samples/00152.png 81
ucf/Skiing/samples/00153.png 81
ucf/Skiing/samples/00154.png 81
ucf/Skiing/samples/00155.png 81
ucf/Skiing/samples/00156.png 81
ucf/Skiing/samples/00157.png 81
ucf/Skiing/samples/00158.png 81
ucf/Skiing/samples/00159.png 81
ucf/Skiing/samples/00160.png 81
ucf/Skiing/samples/00161.png 81
ucf/Skiing/samples/00162.png 81
ucf/Skiing/samples/00163.png 81
ucf/Skiing/samples/00164.png 81
ucf/Skiing/samples/00165.png 81
ucf/Skiing/samples/00166.png 81
ucf/Skiing/samples/00167.png 81
ucf/Skiing/samples/00168.png 81
ucf/Skiing/samples/00169.png 81
ucf/Skiing/samples/00170.png 81
ucf/Skiing/samples/00171.png 81
ucf/Skiing/samples/00172.png 81
ucf/Skiing/samples/00173.png 81
ucf/Skiing/samples/00174.png 81
ucf/Skiing/samples/00175.png 81
ucf/Skiing/samples/00176.png 81
ucf/Skiing/samples/00177.png 81
ucf/Skiing/samples/00178.png 81
ucf/Skiing/samples/00179.png 81
ucf/Skiing/samples/00180.png 81
ucf/Skiing/samples/00181.png 81
ucf/Skiing/samples/00182.png 81
ucf/Skiing/samples/00183.png 81
ucf/Skiing/samples/00184.png 81
ucf/Skiing/samples/00185.png 81
ucf/Skiing/samples/00186.png 81
ucf/Skiing/samples/00187.png 81
ucf/Skiing/samples/00188.png 81
ucf/Skiing/samples/00189.png 81
ucf/Skiing/samples/00190.png 81
ucf/Skiing/samples/00191.png 81
ucf/Skiing/samples/00192.png 81
ucf/Skiing/samples/00193.png 81
ucf/Skiing/samples/00194.png 81
ucf/Skiing/samples/00195.png 81
ucf/Skiing/samples/00196.png 81
ucf/Skiing/samples/00197.png 81
ucf/Skiing/samples/00198.png 81
ucf/Skiing/samples/00199.png 81
ucf/Skiing/samples/00200.png 81
ucf/Skiing/samples/00201.png 81
ucf/Skiing/samples/00202.png 81
ucf/Skiing/samples/00203.png 81
ucf/Skiing/samples/00204.png 81
ucf/Skiing/samples/00205.png 81
ucf/Skiing/samples/00206.png 81
ucf/Skiing/samples/00207.png 81
ucf/Skiing/samples/00208.png 81
ucf/Skiing/samples/00209.png 81
ucf/Skiing/samples/00210.png 81
ucf/Skiing/samples/00211.png 81
ucf/Skiing/samples/00212.png 81
ucf/Skiing/samples/00213.png 81
ucf/Skiing/samples/00214.png 81
ucf/Skiing/samples/00215.png 81
ucf/Skiing/samples/00216.png 81
ucf/Skiing/samples/00217.png 81
ucf/Skiing/samples/00218.png 81
ucf/Skiing/samples/00219.png 81
ucf/Skiing/samples/00220.png 81
ucf/Skiing/samples/00221.png 81
ucf/Skiing/samples/00222.png 81
ucf/Skiing/samples/00223.png 81
ucf/Skiing/samples/00224.png 81
ucf/Skiing/samples/00225.png 81
ucf/Skiing/samples/00226.png 81
ucf/Skiing/samples/00227.png 81
ucf/Skiing/samples/00228.png 81
ucf/Skiing/samples/00229.png 81
ucf/Skiing/samples/00230.png 81
ucf/Skiing/samples/00231.png 81
ucf/Skiing/samples/00232.png 81
ucf/Skiing/samples/00233.png 81
ucf/Skiing/samples/00234.png 81
ucf/Skiing/samples/00235.png 81
ucf/Skiing/samples/00236.png 81
ucf/Skiing/samples/00237.png 81
ucf/Skiing/samples/00238.png 81
ucf/Skiing/samples/00239.png 81
ucf/Skiing/samples/00240.png 81
ucf/Skiing/samples/00241.png 81
ucf/Skiing/samples/00242.png 81
ucf/Skiing/samples/00243.png 81
ucf/Skiing/samples/00244.png 81
ucf/Skiing/samples/00245.png 81
ucf/Skiing/samples/00246.png 81
ucf/Skiing/samples/00247.png 81
ucf/Skiing/samples/00248.png 81
ucf/Skiing/samples/00249.png 81
ucf/Skiing/samples/00250.png 81
ucf/Skiing/samples/00251.png 81
ucf/Skiing/samples/00252.png 81
ucf/Skiing/samples/00253.png 81
ucf/Skiing/samples/00254.png 81
ucf/Skiing/samples/00255.png 81
ucf/Skiing/samples/00256.png 81
ucf/Skiing/samples/00257.png 81
ucf/Skiing/samples/00258.png 81
ucf/Skiing/samples/00259.png 81
ucf/Skiing/samples/00260.png 81
ucf/Skiing/samples/00261.png 81
ucf/Skiing/samples/00262.png 81
ucf/Skiing/samples/00263.png 81
ucf/Skiing/samples/00264.png 81
ucf/Skiing/samples/00265.png 81
ucf/Skiing/samples/00266.png 81
ucf/Skiing/samples/00267.png 81
ucf/Skiing/samples/00268.png 81
ucf/Skiing/samples/00269.png 81
ucf/Skiing/samples/00270.png 81
ucf/Skiing/samples/00271.png 81
ucf/Skiing/samples/00272.png 81
ucf/Skiing/samples/00273.png 81
ucf/Skiing/samples/00274.png 81
ucf/Skiing/samples/00275.png 81
ucf/Skiing/samples/00276.png 81
ucf/Skiing/samples/00277.png 81
ucf/Skiing/samples/00278.png 81
ucf/Skiing/samples/00279.png 81
ucf/Skiing/samples/00280.png 81
ucf/Skiing/samples/00281.png 81
ucf/Skiing/samples/00282.png 81
ucf/Skiing/samples/00283.png 81
ucf/Skiing/samples/00284.png 81
ucf/Skiing/samples/00285.png 81
ucf/Skiing/samples/00286.png 81
ucf/Skiing/samples/00287.png 81
ucf/Skiing/samples/00288.png 81
ucf/Skiing/samples/00289.png 81
ucf/Skiing/samples/00290.png 81
ucf/Skiing/samples/00291.png 81
ucf/Skiing/samples/00292.png 81
ucf/Skiing/samples/00293.png 81
ucf/Skiing/samples/00294.png 81
ucf/Skiing/samples/00295.png 81
ucf/Skiing/samples/00296.png 81
ucf/Skiing/samples/00297.png 81
ucf/Skiing/samples/00298.png 81
ucf/Skiing/samples/00299.png 81
ucf/Skiing/samples/00300.png 81
ucf/Skiing/samples/00301.png 81
ucf/Skiing/samples/00302.png 81
ucf/Skiing/samples/00303.png 81
ucf/Skiing/samples/00304.png 81
ucf/Skiing/samples/00305.png 81
ucf/Skiing/samples/00306.png 81
ucf/Skiing/samples/00307.png 81
ucf/Skiing/samples/00308.png 81
ucf/Skiing/samples/00309.png 81
ucf/Skiing/samples/00310.png 81
ucf/Skiing/samples/00311.png 81
ucf/Skiing/samples/00312.png 81
ucf/Skiing/samples/00313.png 81
ucf/Skiing/samples/00314.png 81
ucf/Skiing/samples/00315.png 81
ucf/Skiing/samples/00316.png 81
ucf/Skiing/samples/00317.png 81
ucf/Skiing/samples/00318.png 81
ucf/Skiing/samples/00319.png 81
ucf/Skiing/samples/00320.png 81
ucf/Skiing/samples/00321.png 81
ucf/Skiing/samples/00322.png 81
ucf/Skiing/samples/00323.png 81
ucf/Skiing/samples/00324.png 81
ucf/Skiing/samples/00325.png 81
ucf/Skiing/samples/00326.png 81
ucf/Skiing/samples/00327.png 81
ucf/Skiing/samples/00328.png 81
ucf/Skiing/samples/00329.png 81
ucf/Skiing/samples/00330.png 81
ucf/Skiing/samples/00331.png 81
ucf/Skiing/samples/00332.png 81
ucf/Skiing/samples/00333.png 81
ucf/Skiing/samples/00334.png 81
ucf/Skiing/samples/00335.png 81
ucf/Skiing/samples/00336.png 81
ucf/Skiing/samples/00337.png 81
ucf/Skiing/samples/00338.png 81
ucf/Skiing/samples/00339.png 81
ucf/Skiing/samples/00340.png 81
ucf/Skiing/samples/00341.png 81
ucf/Skiing/samples/00342.png 81
ucf/Skiing/samples/00343.png 81
ucf/Skiing/samples/00344.png 81
ucf/Skiing/samples/00345.png 81
ucf/Skiing/samples/00346.png 81
ucf/Skiing/samples/00347.png 81
ucf/Skiing/samples/00348.png 81
ucf/Skiing/samples/00349.png 81
ucf/Skiing/samples/00350.png 81
ucf/Skiing/samples/00351.png 81
ucf/Skiing/samples/00352.png 81
ucf/Skiing/samples/00353.png 81
ucf/Skiing/samples/00354.png 81
ucf/Skiing/samples/00355.png 81
ucf/Skiing/samples/00356.png 81
ucf/Skiing/samples/00357.png 81
ucf/Skiing/samples/00358.png 81
ucf/Skiing/samples/00359.png 81
ucf/Skiing/samples/00360.png 81
ucf/Skiing/samples/00361.png 81
ucf/Skiing/samples/00362.png 81
ucf/Skiing/samples/00363.png 81
ucf/Skiing/samples/00364.png 81
ucf/Skiing/samples/00365.png 81
ucf/Skiing/samples/00366.png 81
ucf/Skiing/samples/00367.png 81
ucf/Skiing/samples/00368.png 81
ucf/Skiing/samples/00369.png 81
ucf/Skiing/samples/00370.png 81
ucf/Skiing/samples/00371.png 81
ucf/Skiing/samples/00372.png 81
ucf/Skiing/samples/00373.png 81
ucf/Skiing/samples/00374.png 81
ucf/Skiing/samples/00375.png 81
ucf/Skiing/samples/00376.png 81
ucf/Skiing/samples/00377.png 81
ucf/Skiing/samples/00378.png 81
ucf/Skiing/samples/00379.png 81
ucf/Skiing/samples/00380.png 81
ucf/Skiing/samples/00381.png 81
ucf/Skiing/samples/00382.png 81
ucf/Skiing/samples/00383.png 81
ucf/Skiing/samples/00384.png 81
ucf/Skiing/samples/00385.png 81
ucf/Skiing/samples/00386.png 81
ucf/Skiing/samples/00387.png 81
ucf/Skiing/samples/00388.png 81
ucf/Skiing/samples/00389.png 81
ucf/Skiing/samples/00390.png 81
ucf/Skiing/samples/00391.png 81
ucf/Skiing/samples/00392.png 81
ucf/Skiing/samples/00393.png 81
ucf/Skiing/samples/00394.png 81
ucf/Skiing/samples/00395.png 81
ucf/Skiing/samples/00396.png 81
ucf/Skiing/samples/00397.png 81
ucf/Skiing/samples/00398.png 81
ucf/Skiing/samples/00399.png 81
ucf/Skiing/samples/00400.png 81
ucf/Skiing/samples/00401.png 81
ucf/Skiing/samples/00402.png 81
ucf/Skiing/samples/00403.png 81
ucf/Skiing/samples/00404.png 81
ucf/Skiing/samples/00405.png 81
ucf/Skiing/samples/00406.png 81
ucf/Skiing/samples/00407.png 81
ucf/Skiing/samples/00408.png 81
ucf/Skiing/samples/00409.png 81
ucf/Skiing/samples/00410.png 81
ucf/Skiing/samples/00411.png 81
ucf/Skiing/samples/00412.png 81
ucf/Skiing/samples/00413.png 81
ucf/Skiing/samples/00414.png 81
ucf/Skiing/samples/00415.png 81
ucf/Skiing/samples/00416.png 81
ucf/Skiing/samples/00417.png 81
ucf/Skiing/samples/00418.png 81
ucf/Skiing/samples/00419.png 81
ucf/Skiing/samples/00420.png 81
ucf/Skiing/samples/00421.png 81
ucf/Skiing/samples/00422.png 81
ucf/Skiing/samples/00423.png 81
ucf/Skiing/samples/00424.png 81
ucf/Skiing/samples/00425.png 81
ucf/Skiing/samples/00426.png 81
ucf/Skiing/samples/00427.png 81
ucf/Skiing/samples/00428.png 81
ucf/Skiing/samples/00429.png 81
ucf/Skiing/samples/00430.png 81
ucf/Skiing/samples/00431.png 81
ucf/Skiing/samples/00432.png 81
ucf/Skiing/samples/00433.png 81
ucf/Skiing/samples/00434.png 81
ucf/Skiing/samples/00435.png 81
ucf/Skiing/samples/00436.png 81
ucf/Skiing/samples/00437.png 81
ucf/Skiing/samples/00438.png 81
ucf/Skiing/samples/00439.png 81
ucf/Skiing/samples/00440.png 81
ucf/Skiing/samples/00441.png 81
ucf/Skiing/samples/00442.png 81
ucf/Skiing/samples/00443.png 81
ucf/Skiing/samples/00444.png 81
ucf/Skiing/samples/00445.png 81
ucf/Skiing/samples/00446.png 81
ucf/Skiing/samples/00447.png 81
ucf/Skiing/samples/00448.png 81
ucf/Skiing/samples/00449.png 81
ucf/Skiing/samples/00450.png 81
ucf/Skiing/samples/00451.png 81
ucf/Skiing/samples/00452.png 81
ucf/Skiing/samples/00453.png 81
ucf/Skiing/samples/00454.png 81
ucf/Skiing/samples/00455.png 81
ucf/Skiing/samples/00456.png 81
ucf/Skiing/samples/00457.png 81
ucf/Skiing/samples/00458.png 81
ucf/Skiing/samples/00459.png 81
ucf/Skiing/samples/00460.png 81
ucf/Skiing/samples/00461.png 81
ucf/Skiing/samples/00462.png 81
ucf/Skiing/samples/00463.png 81
ucf/Skiing/samples/00464.png 81
ucf/Skiing/samples/00465.png 81
ucf/Skiing/samples/00466.png 81
ucf/Skiing/samples/00467.png 81
ucf/Skiing/samples/00468.png 81
ucf/Skiing/samples/00469.png 81
ucf/Skiing/samples/00470.png 81
ucf/Skiing/samples/00471.png 81
ucf/Skiing/samples/00472.png 81
ucf/Skiing/samples/00473.png 81
ucf/Skiing/samples/00474.png 81
ucf/Skiing/samples/00475.png 81
ucf/Skiing/samples/00476.png 81
ucf/Skiing/samples/00477.png 81
ucf/Skiing/samples/00478.png 81
ucf/Skiing/samples/00479.png 81
ucf/Skiing/samples/00480.png 81
ucf/Skiing/samples/00481.png 81
ucf/Skiing/samples/00482.png 81
ucf/Skiing/samples/00483.png 81
ucf/Skiing/samples/00484.png 81
ucf/Skiing/samples/00485.png 81
ucf/Skiing/samples/00486.png 81
ucf/Skiing/samples/00487.png 81
ucf/Skiing/samples/00488.png 81
ucf/Skiing/samples/00489.png 81
ucf/Skiing/samples/00490.png 81
ucf/Skiing/samples/00491.png 81
ucf/Skiing/samples/00492.png 81
ucf/Skiing/samples/00493.png 81
ucf/Skiing/samples/00494.png 81
ucf/Skiing/samples/00495.png 81
ucf/Skiing/samples/00496.png 81
ucf/Skiing/samples/00497.png 81
ucf/Skiing/samples/00498.png 81
ucf/Skiing/samples/00499.png 81
ucf/Skiing/samples/00500.png 81
ucf/Skiing/samples/00501.png 81
ucf/Skiing/samples/00502.png 81
ucf/Skiing/samples/00503.png 81
ucf/Skiing/samples/00504.png 81
ucf/Skiing/samples/00505.png 81
ucf/Skiing/samples/00506.png 81
ucf/Skiing/samples/00507.png 81
ucf/Skiing/samples/00508.png 81
ucf/Skiing/samples/00509.png 81
ucf/Skiing/samples/00510.png 81
ucf/Skiing/samples/00511.png 81
ucf/Skiing/samples/00512.png 81
ucf/Skiing/samples/00513.png 81
ucf/Skiing/samples/00514.png 81
ucf/Skiing/samples/00515.png 81
ucf/Skiing/samples/00516.png 81
ucf/Skiing/samples/00517.png 81
ucf/Skiing/samples/00518.png 81
ucf/Skiing/samples/00519.png 81
ucf/Skiing/samples/00520.png 81
ucf/Skiing/samples/00521.png 81
ucf/Skiing/samples/00522.png 81
ucf/Skiing/samples/00523.png 81
ucf/Skiing/samples/00524.png 81
ucf/Skiing/samples/00525.png 81
ucf/Skiing/samples/00526.png 81
ucf/Skiing/samples/00527.png 81
ucf/Skiing/samples/00528.png 81
ucf/Skiing/samples/00529.png 81
ucf/Skiing/samples/00530.png 81
ucf/Skiing/samples/00531.png 81
ucf/Skiing/samples/00532.png 81
ucf/Skiing/samples/00533.png 81
ucf/Skiing/samples/00534.png 81
ucf/Skiing/samples/00535.png 81
ucf/Skiing/samples/00536.png 81
ucf/Skiing/samples/00537.png 81
ucf/Skiing/samples/00538.png 81
ucf/Skiing/samples/00539.png 81
ucf/Skiing/samples/00540.png 81
ucf/Skiing/samples/00541.png 81
ucf/Skiing/samples/00542.png 81
ucf/Skiing/samples/00543.png 81
ucf/Skiing/samples/00544.png 81
ucf/Skiing/samples/00545.png 81
ucf/Skiing/samples/00546.png 81
ucf/Skiing/samples/00547.png 81
ucf/Skiing/samples/00548.png 81
ucf/Skiing/samples/00549.png 81
ucf/Skiing/samples/00550.png 81
ucf/Skiing/samples/00551.png 81
ucf/Skiing/samples/00552.png 81
ucf/Skiing/samples/00553.png 81
ucf/Skiing/samples/00554.png 81
ucf/Skiing/samples/00555.png 81
ucf/Skiing/samples/00556.png 81
ucf/Skiing/samples/00557.png 81
ucf/Skiing/samples/00558.png 81
ucf/Skiing/samples/00559.png 81
ucf/Skiing/samples/00560.png 81
ucf/Skiing/samples/00561.png 81
ucf/Skiing/samples/00562.png 81
ucf/Skiing/samples/00563.png 81
ucf/Skiing/samples/00564.png 81
ucf/Skiing/samples/00565.png 81
ucf/Skiing/samples/00566.png 81
ucf/Skiing/samples/00567.png 81
ucf/Skiing/samples/00568.png 81
ucf/Skiing/samples/00569.png 81
ucf/Skiing/samples/00570.png 81
ucf/Skiing/samples/00571.png 81
ucf/Skiing/samples/00572.png 81
ucf/Skiing/samples/00573.png 81
ucf/Skiing/samples/00574.png 81
ucf/Skiing/samples/00575.png 81
ucf/Skiing/samples/00576.png 81
ucf/Skiing/samples/00577.png 81
ucf/Skiing/samples/00578.png 81
ucf/Skiing/samples/00579.png 81
ucf/Skiing/samples/00580.png 81
ucf/Skiing/samples/00581.png 81
ucf/Skiing/samples/00582.png 81
ucf/Skiing/samples/00583.png 81
ucf/Skiing/samples/00584.png 81
ucf/Skiing/samples/00585.png 81
ucf/Skiing/samples/00586.png 81
ucf/Skiing/samples/00587.png 81
ucf/Skiing/samples/00588.png 81
ucf/Skiing/samples/00589.png 81
ucf/Skiing/samples/00590.png 81
ucf/Skiing/samples/00591.png 81
ucf/Skiing/samples/00592.png 81
ucf/Skiing/samples/00593.png 81
ucf/Skiing/samples/00594.png 81
ucf/Skiing/samples/00595.png 81
ucf/Skiing/samples/00596.png 81
ucf/Skiing/samples/00597.png 81
ucf/Skiing/samples/00598.png 81
ucf/Skiing/samples/00599.png 81
ucf/Skiing/samples/00600.png 81
ucf/Skiing/samples/00601.png 81
ucf/Skiing/samples/00602.png 81
ucf/Skiing/samples/00603.png 81
ucf/Skiing/samples/00604.png 81
ucf/Skiing/samples/00605.png 81
ucf/Skiing/samples/00606.png 81
ucf/Skiing/samples/00607.png 81
ucf/Skiing/samples/00608.png 81
ucf/Skiing/samples/00609.png 81
ucf/Skiing/samples/00610.png 81
ucf/Skiing/samples/00611.png 81
ucf/Skiing/samples/00612.png 81
ucf/Skiing/samples/00613.png 81
ucf/Skiing/samples/00614.png 81
ucf/Skiing/samples/00615.png 81
ucf/Skiing/samples/00616.png 81
ucf/Skiing/samples/00617.png 81
ucf/Skiing/samples/00618.png 81
ucf/Skiing/samples/00619.png 81
ucf/Skiing/samples/00620.png 81
ucf/Skiing/samples/00621.png 81
ucf/Skiing/samples/00622.png 81
ucf/Skiing/samples/00623.png 81
ucf/Skiing/samples/00624.png 81
ucf/Skiing/samples/00625.png 81
ucf/Skiing/samples/00626.png 81
ucf/Skiing/samples/00627.png 81
ucf/Skiing/samples/00628.png 81
ucf/Skiing/samples/00629.png 81
ucf/Skiing/samples/00630.png 81
ucf/Skiing/samples/00631.png 81
ucf/Skiing/samples/00632.png 81
ucf/Skiing/samples/00633.png 81
ucf/Skiing/samples/00634.png 81
ucf/Skiing/samples/00635.png 81
ucf/Skiing/samples/00636.png 81
ucf/Skiing/samples/00637.png 81
ucf/Skiing/samples/00638.png 81
ucf/Skiing/samples/00639.png 81
ucf/Skiing/samples/00640.png 81
ucf/Skiing/samples/00641.png 81
ucf/Skiing/samples/00642.png 81
ucf/Skiing/samples/00643.png 81
ucf/Skiing/samples/00644.png 81
ucf/Skiing/samples/00645.png 81
ucf/Skiing/samples/00646.png 81
ucf/Skiing/samples/00647.png 81
ucf/Skiing/samples/00648.png 81
ucf/Skiing/samples/00649.png 81
ucf/Skiing/samples/00650.png 81
ucf/Skiing/samples/00651.png 81
ucf/Skiing/samples/00652.png 81
ucf/Skiing/samples/00653.png 81
ucf/Skiing/samples/00654.png 81
ucf/Skiing/samples/00655.png 81
ucf/Skiing/samples/00656.png 81
ucf/Skiing/samples/00657.png 81
ucf/Skiing/samples/00658.png 81
ucf/Skiing/samples/00659.png 81
ucf/Skiing/samples/00660.png 81
ucf/Skiing/samples/00661.png 81
ucf/Skiing/samples/00662.png 81
ucf/Skiing/samples/00663.png 81
ucf/Skiing/samples/00664.png 81
ucf/Skiing/samples/00665.png 81
ucf/Skiing/samples/00666.png 81
ucf/Skiing/samples/00667.png 81
ucf/Skiing/samples/00668.png 81
ucf/Skiing/samples/00669.png 81
ucf/Skiing/samples/00670.png 81
ucf/Skiing/samples/00671.png 81
ucf/Skiing/samples/00672.png 81
ucf/Skiing/samples/00673.png 81
ucf/Skiing/samples/00674.png 81
ucf/Skiing/samples/00675.png 81
ucf/Skiing/samples/00676.png 81
ucf/Skiing/samples/00677.png 81
ucf/Skiing/samples/00678.png 81
ucf/Skiing/samples/00679.png 81
ucf/Skiing/samples/00680.png 81
ucf/Skiing/samples/00681.png 81
ucf/Skiing/samples/00682.png 81
ucf/Skiing/samples/00683.png 81
ucf/Skiing/samples/00684.png 81
ucf/Skiing/samples/00685.png 81
ucf/Skiing/samples/00686.png 81
ucf/Skiing/samples/00687.png 81
ucf/Skiing/samples/00688.png 81
ucf/Skiing/samples/00689.png 81
ucf/Skiing/samples/00690.png 81
ucf/Skiing/samples/00691.png 81
ucf/Skiing/samples/00692.png 81
ucf/Skiing/samples/00693.png 81
ucf/Skiing/samples/00694.png 81
ucf/Skiing/samples/00695.png 81
ucf/Skiing/samples/00696.png 81
ucf/Skiing/samples/00697.png 81
ucf/Skiing/samples/00698.png 81
ucf/Skiing/samples/00699.png 81
ucf/Skiing/samples/00700.png 81
ucf/Skiing/samples/00701.png 81
ucf/Skiing/samples/00702.png 81
ucf/Skiing/samples/00703.png 81
ucf/Skiing/samples/00704.png 81
ucf/Skiing/samples/00705.png 81
ucf/Skiing/samples/00706.png 81
ucf/Skiing/samples/00707.png 81
ucf/Skiing/samples/00708.png 81
ucf/Skiing/samples/00709.png 81
ucf/Skiing/samples/00710.png 81
ucf/Skiing/samples/00711.png 81
ucf/Skiing/samples/00712.png 81
ucf/Skiing/samples/00713.png 81
ucf/Skiing/samples/00714.png 81
ucf/Skiing/samples/00715.png 81
ucf/Skiing/samples/00716.png 81
ucf/Skiing/samples/00717.png 81
ucf/Skiing/samples/00718.png 81
ucf/Skiing/samples/00719.png 81
ucf/Skiing/samples/00720.png 81
ucf/Skiing/samples/00721.png 81
ucf/Skiing/samples/00722.png 81
ucf/Skiing/samples/00723.png 81
ucf/Skiing/samples/00724.png 81
ucf/Skiing/samples/00725.png 81
ucf/Skiing/samples/00726.png 81
ucf/Skiing/samples/00727.png 81
ucf/Skiing/samples/00728.png 81
ucf/Skiing/samples/00729.png 81
ucf/Skiing/samples/00730.png 81
ucf/Skiing/samples/00731.png 81
ucf/Skiing/samples/00732.png 81
ucf/Skiing/samples/00733.png 81
ucf/Skiing/samples/00734.png 81
ucf/Skiing/samples/00735.png 81
ucf/Skiing/samples/00736.png 81
ucf/Skiing/samples/00737.png 81
ucf/Skiing/samples/00738.png 81
ucf/Skiing/samples/00739.png 81
ucf/Skiing/samples/00740.png 81
ucf/Skiing/samples/00741.png 81
ucf/Skiing/samples/00742.png 81
ucf/Skiing/samples/00743.png 81
ucf/Skiing/samples/00744.png 81
ucf/Skiing/samples/00745.png 81
ucf/Skiing/samples/00746.png 81
ucf/Skiing/samples/00747.png 81
ucf/Skiing/samples/00748.png 81
ucf/Skiing/samples/00749.png 81
ucf/Skiing/samples/00750.png 81
ucf/Skiing/samples/00751.png 81
ucf/Skiing/samples/00752.png 81
ucf/Skiing/samples/00753.png 81
ucf/Skiing/samples/00754.png 81
ucf/Skiing/samples/00755.png 81
ucf/Skiing/samples/00756.png 81
ucf/Skiing/samples/00757.png 81
ucf/Skiing/samples/00758.png 81
ucf/Skiing/samples/00759.png 81
ucf/Skiing/samples/00760.png 81
ucf/Skiing/samples/00761.png 81
ucf/Skiing/samples/00762.png 81
ucf/Skiing/samples/00763.png 81
ucf/Skiing/samples/00764.png 81
ucf/Skiing/samples/00765.png 81
ucf/Skiing/samples/00766.png 81
ucf/Skiing/samples/00767.png 81
ucf/Skiing/samples/00768.png 81
ucf/Skiing/samples/00769.png 81
ucf/Skiing/samples/00770.png 81
ucf/Skiing/samples/00771.png 81
ucf/Skiing/samples/00772.png 81
ucf/Skiing/samples/00773.png 81
ucf/Skiing/samples/00774.png 81
ucf/Skiing/samples/00775.png 81
ucf/Skiing/samples/00776.png 81
ucf/Skiing/samples/00777.png 81
ucf/Skiing/samples/00778.png 81
ucf/Skiing/samples/00779.png 81
ucf/Skiing/samples/00780.png 81
ucf/Skiing/samples/00781.png 81
ucf/Skiing/samples/00782.png 81
ucf/Skiing/samples/00783.png 81
ucf/Skiing/samples/00784.png 81
ucf/Skiing/samples/00785.png 81
ucf/Skiing/samples/00786.png 81
ucf/Skiing/samples/00787.png 81
ucf/Skiing/samples/00788.png 81
ucf/Skiing/samples/00789.png 81
ucf/Skiing/samples/00790.png 81
ucf/Skiing/samples/00791.png 81
ucf/Skiing/samples/00792.png 81
ucf/Skiing/samples/00793.png 81
ucf/Skiing/samples/00794.png 81
ucf/Skiing/samples/00795.png 81
ucf/Skiing/samples/00796.png 81
ucf/Skiing/samples/00797.png 81
ucf/Skiing/samples/00798.png 81
ucf/Skiing/samples/00799.png 81
ucf/Skiing/samples/00800.png 81
ucf/Skiing/samples/00801.png 81
ucf/Skiing/samples/00802.png 81
ucf/Skiing/samples/00803.png 81
ucf/Skiing/samples/00804.png 81
ucf/Skiing/samples/00805.png 81
ucf/Skiing/samples/00806.png 81
ucf/Skiing/samples/00807.png 81
ucf/Skiing/samples/00808.png 81
ucf/Skiing/samples/00809.png 81
ucf/Skiing/samples/00810.png 81
ucf/Skiing/samples/00811.png 81
ucf/Skiing/samples/00812.png 81
ucf/Skiing/samples/00813.png 81
ucf/Skiing/samples/00814.png 81
ucf/Skiing/samples/00815.png 81
ucf/Skiing/samples/00816.png 81
ucf/Skiing/samples/00817.png 81
ucf/Skiing/samples/00818.png 81
ucf/Skiing/samples/00819.png 81
ucf/Skiing/samples/00820.png 81
ucf/Skiing/samples/00821.png 81
ucf/Skiing/samples/00822.png 81
ucf/Skiing/samples/00823.png 81
ucf/Skiing/samples/00824.png 81
ucf/Skiing/samples/00825.png 81
ucf/Skiing/samples/00826.png 81
ucf/Skiing/samples/00827.png 81
ucf/Skiing/samples/00828.png 81
ucf/Skiing/samples/00829.png 81
ucf/Skiing/samples/00830.png 81
ucf/Skiing/samples/00831.png 81
ucf/Skiing/samples/00832.png 81
ucf/Skiing/samples/00833.png 81
ucf/Skiing/samples/00834.png 81
ucf/Skiing/samples/00835.png 81
ucf/Skiing/samples/00836.png 81
ucf/Skiing/samples/00837.png 81
ucf/Skiing/samples/00838.png 81
ucf/Skiing/samples/00839.png 81
ucf/Skiing/samples/00840.png 81
ucf/Skiing/samples/00841.png 81
ucf/Skiing/samples/00842.png 81
ucf/Skiing/samples/00843.png 81
ucf/Skiing/samples/00844.png 81
ucf/Skiing/samples/00845.png 81
ucf/Skiing/samples/00846.png 81
ucf/Skiing/samples/00847.png 81
ucf/Skiing/samples/00848.png 81
ucf/Skiing/samples/00849.png 81
ucf/Skiing/samples/00850.png 81
ucf/Skiing/samples/00851.png 81
ucf/Skiing/samples/00852.png 81
ucf/Skiing/samples/00853.png 81
ucf/Skiing/samples/00854.png 81
ucf/Skiing/samples/00855.png 81
ucf/Skiing/samples/00856.png 81
ucf/Skiing/samples/00857.png 81
ucf/Skiing/samples/00858.png 81
ucf/Skiing/samples/00859.png 81
ucf/Skiing/samples/00860.png 81
ucf/Skiing/samples/00861.png 81
ucf/Skiing/samples/00862.png 81
ucf/Skiing/samples/00863.png 81
ucf/Skiing/samples/00864.png 81
ucf/Skiing/samples/00865.png 81
ucf/Skiing/samples/00866.png 81
ucf/Skiing/samples/00867.png 81
ucf/Skiing/samples/00868.png 81
ucf/Skiing/samples/00869.png 81
ucf/Skiing/samples/00870.png 81
ucf/Skiing/samples/00871.png 81
ucf/Skiing/samples/00872.png 81
ucf/Skiing/samples/00873.png 81
ucf/Skiing/samples/00874.png 81
ucf/Skiing/samples/00875.png 81
ucf/Skiing/samples/00876.png 81
ucf/Skiing/samples/00877.png 81
ucf/Skiing/samples/00878.png 81
ucf/Skiing/samples/00879.png 81
ucf/Skiing/samples/00880.png 81
ucf/Skiing/samples/00881.png 81
ucf/Skiing/samples/00882.png 81
ucf/Skiing/samples/00883.png 81
ucf/Skiing/samples/00884.png 81
ucf/Skiing/samples/00885.png 81
ucf/Skiing/samples/00886.png 81
ucf/Skiing/samples/00887.png 81
ucf/Skiing/samples/00888.png 81
ucf/Skiing/samples/00889.png 81
ucf/Skiing/samples/00890.png 81
ucf/Skiing/samples/00891.png 81
ucf/Skiing/samples/00892.png 81
ucf/Skiing/samples/00893.png 81
ucf/Skiing/samples/00894.png 81
ucf/Skiing/samples/00895.png 81
ucf/Skiing/samples/00896.png 81
ucf/Skiing/samples/00897.png 81
ucf/Skiing/samples/00898.png 81
ucf/Skiing/samples/00899.png 81
ucf/Skiing/samples/00900.png 81
ucf/Skiing/samples/00901.png 81
ucf/Skiing/samples/00902.png 81
ucf/Skiing/samples/00903.png 81
ucf/Skiing/samples/00904.png 81
ucf/Skiing/samples/00905.png 81
ucf/Skiing/samples/00906.png 81
ucf/Skiing/samples/00907.png 81
ucf/Skiing/samples/00908.png 81
ucf/Skiing/samples/00909.png 81
ucf/Skiing/samples/00910.png 81
ucf/Skiing/samples/00911.png 81
ucf/Skiing/samples/00912.png 81
ucf/Skiing/samples/00913.png 81
ucf/Skiing/samples/00914.png 81
ucf/Skiing/samples/00915.png 81
ucf/Skiing/samples/00916.png 81
ucf/Skiing/samples/00917.png 81
ucf/Skiing/samples/00918.png 81
ucf/Skiing/samples/00919.png 81
ucf/Skiing/samples/00920.png 81
ucf/Skiing/samples/00921.png 81
ucf/Skiing/samples/00922.png 81
ucf/Skiing/samples/00923.png 81
ucf/Skiing/samples/00924.png 81
ucf/Skiing/samples/00925.png 81
ucf/Skiing/samples/00926.png 81
ucf/Skiing/samples/00927.png 81
ucf/Skiing/samples/00928.png 81
ucf/Skiing/samples/00929.png 81
ucf/Skiing/samples/00930.png 81
ucf/Skiing/samples/00931.png 81
ucf/Skiing/samples/00932.png 81
ucf/Skiing/samples/00933.png 81
ucf/Skiing/samples/00934.png 81
ucf/Skiing/samples/00935.png 81
ucf/Skiing/samples/00936.png 81
ucf/Skiing/samples/00937.png 81
ucf/Skiing/samples/00938.png 81
ucf/Skiing/samples/00939.png 81
ucf/Skiing/samples/00940.png 81
ucf/Skiing/samples/00941.png 81
ucf/Skiing/samples/00942.png 81
ucf/Skiing/samples/00943.png 81
ucf/Skiing/samples/00944.png 81
ucf/Skiing/samples/00945.png 81
ucf/Skiing/samples/00946.png 81
ucf/Skiing/samples/00947.png 81
ucf/Skiing/samples/00948.png 81
ucf/Skiing/samples/00949.png 81
ucf/Skiing/samples/00950.png 81
ucf/Skiing/samples/00951.png 81
ucf/Skiing/samples/00952.png 81
ucf/Skiing/samples/00953.png 81
ucf/Skiing/samples/00954.png 81
ucf/Skiing/samples/00955.png 81
ucf/Skiing/samples/00956.png 81
ucf/Skiing/samples/00957.png 81
ucf/Skiing/samples/00958.png 81
ucf/Skiing/samples/00959.png 81
ucf/Skiing/samples/00960.png 81
ucf/Skiing/samples/00961.png 81
ucf/Skiing/samples/00962.png 81
ucf/Skiing/samples/00963.png 81
ucf/Skiing/samples/00964.png 81
ucf/Skiing/samples/00965.png 81
ucf/Skiing/samples/00966.png 81
ucf/Skiing/samples/00967.png 81
ucf/Skiing/samples/00968.png 81
ucf/Skiing/samples/00969.png 81
ucf/Skiing/samples/00970.png 81
ucf/Skiing/samples/00971.png 81
ucf/Skiing/samples/00972.png 81
ucf/Skiing/samples/00973.png 81
ucf/Skiing/samples/00974.png 81
ucf/Skiing/samples/00975.png 81
ucf/Skiing/samples/00976.png 81
ucf/Skiing/samples/00977.png 81
ucf/Skiing/samples/00978.png 81
ucf/Skiing/samples/00979.png 81
ucf/Skiing/samples/00980.png 81
ucf/Skiing/samples/00981.png 81
ucf/Skiing/samples/00982.png 81
ucf/Skiing/samples/00983.png 81
ucf/Skiing/samples/00984.png 81
ucf/Skiing/samples/00985.png 81
ucf/Skiing/samples/00986.png 81
ucf/Skiing/samples/00987.png 81
ucf/Skiing/samples/00988.png 81
ucf/Skiing/samples/00989.png 81
ucf/Skiing/samples/00990.png 81
ucf/Skiing/samples/00991.png 81
ucf/Skiing/samples/00992.png 81
ucf/Skiing/samples/00993.png 81
ucf/Skiing/samples/00994.png 81
ucf/Skiing/samples/00995.png 81
ucf/Skiing/samples/00996.png 81
ucf/Skiing/samples/00997.png 81
ucf/Skiing/samples/00998.png 81
ucf/Skiing/samples/00999.png 81
ucf/Drumming/samples/00000.png 27
ucf/Drumming/samples/00001.png 27
ucf/Drumming/samples/00002.png 27
ucf/Drumming/samples/00003.png 27
ucf/Drumming/samples/00004.png 27
ucf/Drumming/samples/00005.png 27
ucf/Drumming/samples/00006.png 27
ucf/Drumming/samples/00007.png 27
ucf/Drumming/samples/00008.png 27
ucf/Drumming/samples/00009.png 27
ucf/Drumming/samples/00010.png 27
ucf/Drumming/samples/00011.png 27
ucf/Drumming/samples/00012.png 27
ucf/Drumming/samples/00013.png 27
ucf/Drumming/samples/00014.png 27
ucf/Drumming/samples/00015.png 27
ucf/Drumming/samples/00016.png 27
ucf/Drumming/samples/00017.png 27
ucf/Drumming/samples/00018.png 27
ucf/Drumming/samples/00019.png 27
ucf/Drumming/samples/00020.png 27
ucf/Drumming/samples/00021.png 27
ucf/Drumming/samples/00022.png 27
ucf/Drumming/samples/00023.png 27
ucf/Drumming/samples/00024.png 27
ucf/Drumming/samples/00025.png 27
ucf/Drumming/samples/00026.png 27
ucf/Drumming/samples/00027.png 27
ucf/Drumming/samples/00028.png 27
ucf/Drumming/samples/00029.png 27
ucf/Drumming/samples/00030.png 27
ucf/Drumming/samples/00031.png 27
ucf/Drumming/samples/00032.png 27
ucf/Drumming/samples/00033.png 27
ucf/Drumming/samples/00034.png 27
ucf/Drumming/samples/00035.png 27
ucf/Drumming/samples/00036.png 27
ucf/Drumming/samples/00037.png 27
ucf/Drumming/samples/00038.png 27
ucf/Drumming/samples/00039.png 27
ucf/Drumming/samples/00040.png 27
ucf/Drumming/samples/00041.png 27
ucf/Drumming/samples/00042.png 27
ucf/Drumming/samples/00043.png 27
ucf/Drumming/samples/00044.png 27
ucf/Drumming/samples/00045.png 27
ucf/Drumming/samples/00046.png 27
ucf/Drumming/samples/00047.png 27
ucf/Drumming/samples/00048.png 27
ucf/Drumming/samples/00049.png 27
ucf/Drumming/samples/00050.png 27
ucf/Drumming/samples/00051.png 27
ucf/Drumming/samples/00052.png 27
ucf/Drumming/samples/00053.png 27
ucf/Drumming/samples/00054.png 27
ucf/Drumming/samples/00055.png 27
ucf/Drumming/samples/00056.png 27
ucf/Drumming/samples/00057.png 27
ucf/Drumming/samples/00058.png 27
ucf/Drumming/samples/00059.png 27
ucf/Drumming/samples/00060.png 27
ucf/Drumming/samples/00061.png 27
ucf/Drumming/samples/00062.png 27
ucf/Drumming/samples/00063.png 27
ucf/Drumming/samples/00064.png 27
ucf/Drumming/samples/00065.png 27
ucf/Drumming/samples/00066.png 27
ucf/Drumming/samples/00067.png 27
ucf/Drumming/samples/00068.png 27
ucf/Drumming/samples/00069.png 27
ucf/Drumming/samples/00070.png 27
ucf/Drumming/samples/00071.png 27
ucf/Drumming/samples/00072.png 27
ucf/Drumming/samples/00073.png 27
ucf/Drumming/samples/00074.png 27
ucf/Drumming/samples/00075.png 27
ucf/Drumming/samples/00076.png 27
ucf/Drumming/samples/00077.png 27
ucf/Drumming/samples/00078.png 27
ucf/Drumming/samples/00079.png 27
ucf/Drumming/samples/00080.png 27
ucf/Drumming/samples/00081.png 27
ucf/Drumming/samples/00082.png 27
ucf/Drumming/samples/00083.png 27
ucf/Drumming/samples/00084.png 27
ucf/Drumming/samples/00085.png 27
ucf/Drumming/samples/00086.png 27
ucf/Drumming/samples/00087.png 27
ucf/Drumming/samples/00088.png 27
ucf/Drumming/samples/00089.png 27
ucf/Drumming/samples/00090.png 27
ucf/Drumming/samples/00091.png 27
ucf/Drumming/samples/00092.png 27
ucf/Drumming/samples/00093.png 27
ucf/Drumming/samples/00094.png 27
ucf/Drumming/samples/00095.png 27
ucf/Drumming/samples/00096.png 27
ucf/Drumming/samples/00097.png 27
ucf/Drumming/samples/00098.png 27
ucf/Drumming/samples/00099.png 27
ucf/Drumming/samples/00100.png 27
ucf/Drumming/samples/00101.png 27
ucf/Drumming/samples/00102.png 27
ucf/Drumming/samples/00103.png 27
ucf/Drumming/samples/00104.png 27
ucf/Drumming/samples/00105.png 27
ucf/Drumming/samples/00106.png 27
ucf/Drumming/samples/00107.png 27
ucf/Drumming/samples/00108.png 27
ucf/Drumming/samples/00109.png 27
ucf/Drumming/samples/00110.png 27
ucf/Drumming/samples/00111.png 27
ucf/Drumming/samples/00112.png 27
ucf/Drumming/samples/00113.png 27
ucf/Drumming/samples/00114.png 27
ucf/Drumming/samples/00115.png 27
ucf/Drumming/samples/00116.png 27
ucf/Drumming/samples/00117.png 27
ucf/Drumming/samples/00118.png 27
ucf/Drumming/samples/00119.png 27
ucf/Drumming/samples/00120.png 27
ucf/Drumming/samples/00121.png 27
ucf/Drumming/samples/00122.png 27
ucf/Drumming/samples/00123.png 27
ucf/Drumming/samples/00124.png 27
ucf/Drumming/samples/00125.png 27
ucf/Drumming/samples/00126.png 27
ucf/Drumming/samples/00127.png 27
ucf/Drumming/samples/00128.png 27
ucf/Drumming/samples/00129.png 27
ucf/Drumming/samples/00130.png 27
ucf/Drumming/samples/00131.png 27
ucf/Drumming/samples/00132.png 27
ucf/Drumming/samples/00133.png 27
ucf/Drumming/samples/00134.png 27
ucf/Drumming/samples/00135.png 27
ucf/Drumming/samples/00136.png 27
ucf/Drumming/samples/00137.png 27
ucf/Drumming/samples/00138.png 27
ucf/Drumming/samples/00139.png 27
ucf/Drumming/samples/00140.png 27
ucf/Drumming/samples/00141.png 27
ucf/Drumming/samples/00142.png 27
ucf/Drumming/samples/00143.png 27
ucf/Drumming/samples/00144.png 27
ucf/Drumming/samples/00145.png 27
ucf/Drumming/samples/00146.png 27
ucf/Drumming/samples/00147.png 27
ucf/Drumming/samples/00148.png 27
ucf/Drumming/samples/00149.png 27
ucf/Drumming/samples/00150.png 27
ucf/Drumming/samples/00151.png 27
ucf/Drumming/samples/00152.png 27
ucf/Drumming/samples/00153.png 27
ucf/Drumming/samples/00154.png 27
ucf/Drumming/samples/00155.png 27
ucf/Drumming/samples/00156.png 27
ucf/Drumming/samples/00157.png 27
ucf/Drumming/samples/00158.png 27
ucf/Drumming/samples/00159.png 27
ucf/Drumming/samples/00160.png 27
ucf/Drumming/samples/00161.png 27
ucf/Drumming/samples/00162.png 27
ucf/Drumming/samples/00163.png 27
ucf/Drumming/samples/00164.png 27
ucf/Drumming/samples/00165.png 27
ucf/Drumming/samples/00166.png 27
ucf/Drumming/samples/00167.png 27
ucf/Drumming/samples/00168.png 27
ucf/Drumming/samples/00169.png 27
ucf/Drumming/samples/00170.png 27
ucf/Drumming/samples/00171.png 27
ucf/Drumming/samples/00172.png 27
ucf/Drumming/samples/00173.png 27
ucf/Drumming/samples/00174.png 27
ucf/Drumming/samples/00175.png 27
ucf/Drumming/samples/00176.png 27
ucf/Drumming/samples/00177.png 27
ucf/Drumming/samples/00178.png 27
ucf/Drumming/samples/00179.png 27
ucf/Drumming/samples/00180.png 27
ucf/Drumming/samples/00181.png 27
ucf/Drumming/samples/00182.png 27
ucf/Drumming/samples/00183.png 27
ucf/Drumming/samples/00184.png 27
ucf/Drumming/samples/00185.png 27
ucf/Drumming/samples/00186.png 27
ucf/Drumming/samples/00187.png 27
ucf/Drumming/samples/00188.png 27
ucf/Drumming/samples/00189.png 27
ucf/Drumming/samples/00190.png 27
ucf/Drumming/samples/00191.png 27
ucf/Drumming/samples/00192.png 27
ucf/Drumming/samples/00193.png 27
ucf/Drumming/samples/00194.png 27
ucf/Drumming/samples/00195.png 27
ucf/Drumming/samples/00196.png 27
ucf/Drumming/samples/00197.png 27
ucf/Drumming/samples/00198.png 27
ucf/Drumming/samples/00199.png 27
ucf/Drumming/samples/00200.png 27
ucf/Drumming/samples/00201.png 27
ucf/Drumming/samples/00202.png 27
ucf/Drumming/samples/00203.png 27
ucf/Drumming/samples/00204.png 27
ucf/Drumming/samples/00205.png 27
ucf/Drumming/samples/00206.png 27
ucf/Drumming/samples/00207.png 27
ucf/Drumming/samples/00208.png 27
ucf/Drumming/samples/00209.png 27
ucf/Drumming/samples/00210.png 27
ucf/Drumming/samples/00211.png 27
ucf/Drumming/samples/00212.png 27
ucf/Drumming/samples/00213.png 27
ucf/Drumming/samples/00214.png 27
ucf/Drumming/samples/00215.png 27
ucf/Drumming/samples/00216.png 27
ucf/Drumming/samples/00217.png 27
ucf/Drumming/samples/00218.png 27
ucf/Drumming/samples/00219.png 27
ucf/Drumming/samples/00220.png 27
ucf/Drumming/samples/00221.png 27
ucf/Drumming/samples/00222.png 27
ucf/Drumming/samples/00223.png 27
ucf/Drumming/samples/00224.png 27
ucf/Drumming/samples/00225.png 27
ucf/Drumming/samples/00226.png 27
ucf/Drumming/samples/00227.png 27
ucf/Drumming/samples/00228.png 27
ucf/Drumming/samples/00229.png 27
ucf/Drumming/samples/00230.png 27
ucf/Drumming/samples/00231.png 27
ucf/Drumming/samples/00232.png 27
ucf/Drumming/samples/00233.png 27
ucf/Drumming/samples/00234.png 27
ucf/Drumming/samples/00235.png 27
ucf/Drumming/samples/00236.png 27
ucf/Drumming/samples/00237.png 27
ucf/Drumming/samples/00238.png 27
ucf/Drumming/samples/00239.png 27
ucf/Drumming/samples/00240.png 27
ucf/Drumming/samples/00241.png 27
ucf/Drumming/samples/00242.png 27
ucf/Drumming/samples/00243.png 27
ucf/Drumming/samples/00244.png 27
ucf/Drumming/samples/00245.png 27
ucf/Drumming/samples/00246.png 27
ucf/Drumming/samples/00247.png 27
ucf/Drumming/samples/00248.png 27
ucf/Drumming/samples/00249.png 27
ucf/Drumming/samples/00250.png 27
ucf/Drumming/samples/00251.png 27
ucf/Drumming/samples/00252.png 27
ucf/Drumming/samples/00253.png 27
ucf/Drumming/samples/00254.png 27
ucf/Drumming/samples/00255.png 27
ucf/Drumming/samples/00256.png 27
ucf/Drumming/samples/00257.png 27
ucf/Drumming/samples/00258.png 27
ucf/Drumming/samples/00259.png 27
ucf/Drumming/samples/00260.png 27
ucf/Drumming/samples/00261.png 27
ucf/Drumming/samples/00262.png 27
ucf/Drumming/samples/00263.png 27
ucf/Drumming/samples/00264.png 27
ucf/Drumming/samples/00265.png 27
ucf/Drumming/samples/00266.png 27
ucf/Drumming/samples/00267.png 27
ucf/Drumming/samples/00268.png 27
ucf/Drumming/samples/00269.png 27
ucf/Drumming/samples/00270.png 27
ucf/Drumming/samples/00271.png 27
ucf/Drumming/samples/00272.png 27
ucf/Drumming/samples/00273.png 27
ucf/Drumming/samples/00274.png 27
ucf/Drumming/samples/00275.png 27
ucf/Drumming/samples/00276.png 27
ucf/Drumming/samples/00277.png 27
ucf/Drumming/samples/00278.png 27
ucf/Drumming/samples/00279.png 27
ucf/Drumming/samples/00280.png 27
ucf/Drumming/samples/00281.png 27
ucf/Drumming/samples/00282.png 27
ucf/Drumming/samples/00283.png 27
ucf/Drumming/samples/00284.png 27
ucf/Drumming/samples/00285.png 27
ucf/Drumming/samples/00286.png 27
ucf/Drumming/samples/00287.png 27
ucf/Drumming/samples/00288.png 27
ucf/Drumming/samples/00289.png 27
ucf/Drumming/samples/00290.png 27
ucf/Drumming/samples/00291.png 27
ucf/Drumming/samples/00292.png 27
ucf/Drumming/samples/00293.png 27
ucf/Drumming/samples/00294.png 27
ucf/Drumming/samples/00295.png 27
ucf/Drumming/samples/00296.png 27
ucf/Drumming/samples/00297.png 27
ucf/Drumming/samples/00298.png 27
ucf/Drumming/samples/00299.png 27
ucf/Drumming/samples/00300.png 27
ucf/Drumming/samples/00301.png 27
ucf/Drumming/samples/00302.png 27
ucf/Drumming/samples/00303.png 27
ucf/Drumming/samples/00304.png 27
ucf/Drumming/samples/00305.png 27
ucf/Drumming/samples/00306.png 27
ucf/Drumming/samples/00307.png 27
ucf/Drumming/samples/00308.png 27
ucf/Drumming/samples/00309.png 27
ucf/Drumming/samples/00310.png 27
ucf/Drumming/samples/00311.png 27
ucf/Drumming/samples/00312.png 27
ucf/Drumming/samples/00313.png 27
ucf/Drumming/samples/00314.png 27
ucf/Drumming/samples/00315.png 27
ucf/Drumming/samples/00316.png 27
ucf/Drumming/samples/00317.png 27
ucf/Drumming/samples/00318.png 27
ucf/Drumming/samples/00319.png 27
ucf/Drumming/samples/00320.png 27
ucf/Drumming/samples/00321.png 27
ucf/Drumming/samples/00322.png 27
ucf/Drumming/samples/00323.png 27
ucf/Drumming/samples/00324.png 27
ucf/Drumming/samples/00325.png 27
ucf/Drumming/samples/00326.png 27
ucf/Drumming/samples/00327.png 27
ucf/Drumming/samples/00328.png 27
ucf/Drumming/samples/00329.png 27
ucf/Drumming/samples/00330.png 27
ucf/Drumming/samples/00331.png 27
ucf/Drumming/samples/00332.png 27
ucf/Drumming/samples/00333.png 27
ucf/Drumming/samples/00334.png 27
ucf/Drumming/samples/00335.png 27
ucf/Drumming/samples/00336.png 27
ucf/Drumming/samples/00337.png 27
ucf/Drumming/samples/00338.png 27
ucf/Drumming/samples/00339.png 27
ucf/Drumming/samples/00340.png 27
ucf/Drumming/samples/00341.png 27
ucf/Drumming/samples/00342.png 27
ucf/Drumming/samples/00343.png 27
ucf/Drumming/samples/00344.png 27
ucf/Drumming/samples/00345.png 27
ucf/Drumming/samples/00346.png 27
ucf/Drumming/samples/00347.png 27
ucf/Drumming/samples/00348.png 27
ucf/Drumming/samples/00349.png 27
ucf/Drumming/samples/00350.png 27
ucf/Drumming/samples/00351.png 27
ucf/Drumming/samples/00352.png 27
ucf/Drumming/samples/00353.png 27
ucf/Drumming/samples/00354.png 27
ucf/Drumming/samples/00355.png 27
ucf/Drumming/samples/00356.png 27
ucf/Drumming/samples/00357.png 27
ucf/Drumming/samples/00358.png 27
ucf/Drumming/samples/00359.png 27
ucf/Drumming/samples/00360.png 27
ucf/Drumming/samples/00361.png 27
ucf/Drumming/samples/00362.png 27
ucf/Drumming/samples/00363.png 27
ucf/Drumming/samples/00364.png 27
ucf/Drumming/samples/00365.png 27
ucf/Drumming/samples/00366.png 27
ucf/Drumming/samples/00367.png 27
ucf/Drumming/samples/00368.png 27
ucf/Drumming/samples/00369.png 27
ucf/Drumming/samples/00370.png 27
ucf/Drumming/samples/00371.png 27
ucf/Drumming/samples/00372.png 27
ucf/Drumming/samples/00373.png 27
ucf/Drumming/samples/00374.png 27
ucf/Drumming/samples/00375.png 27
ucf/Drumming/samples/00376.png 27
ucf/Drumming/samples/00377.png 27
ucf/Drumming/samples/00378.png 27
ucf/Drumming/samples/00379.png 27
ucf/Drumming/samples/00380.png 27
ucf/Drumming/samples/00381.png 27
ucf/Drumming/samples/00382.png 27
ucf/Drumming/samples/00383.png 27
ucf/Drumming/samples/00384.png 27
ucf/Drumming/samples/00385.png 27
ucf/Drumming/samples/00386.png 27
ucf/Drumming/samples/00387.png 27
ucf/Drumming/samples/00388.png 27
ucf/Drumming/samples/00389.png 27
ucf/Drumming/samples/00390.png 27
ucf/Drumming/samples/00391.png 27
ucf/Drumming/samples/00392.png 27
ucf/Drumming/samples/00393.png 27
ucf/Drumming/samples/00394.png 27
ucf/Drumming/samples/00395.png 27
ucf/Drumming/samples/00396.png 27
ucf/Drumming/samples/00397.png 27
ucf/Drumming/samples/00398.png 27
ucf/Drumming/samples/00399.png 27
ucf/Drumming/samples/00400.png 27
ucf/Drumming/samples/00401.png 27
ucf/Drumming/samples/00402.png 27
ucf/Drumming/samples/00403.png 27
ucf/Drumming/samples/00404.png 27
ucf/Drumming/samples/00405.png 27
ucf/Drumming/samples/00406.png 27
ucf/Drumming/samples/00407.png 27
ucf/Drumming/samples/00408.png 27
ucf/Drumming/samples/00409.png 27
ucf/Drumming/samples/00410.png 27
ucf/Drumming/samples/00411.png 27
ucf/Drumming/samples/00412.png 27
ucf/Drumming/samples/00413.png 27
ucf/Drumming/samples/00414.png 27
ucf/Drumming/samples/00415.png 27
ucf/Drumming/samples/00416.png 27
ucf/Drumming/samples/00417.png 27
ucf/Drumming/samples/00418.png 27
ucf/Drumming/samples/00419.png 27
ucf/Drumming/samples/00420.png 27
ucf/Drumming/samples/00421.png 27
ucf/Drumming/samples/00422.png 27
ucf/Drumming/samples/00423.png 27
ucf/Drumming/samples/00424.png 27
ucf/Drumming/samples/00425.png 27
ucf/Drumming/samples/00426.png 27
ucf/Drumming/samples/00427.png 27
ucf/Drumming/samples/00428.png 27
ucf/Drumming/samples/00429.png 27
ucf/Drumming/samples/00430.png 27
ucf/Drumming/samples/00431.png 27
ucf/Drumming/samples/00432.png 27
ucf/Drumming/samples/00433.png 27
ucf/Drumming/samples/00434.png 27
ucf/Drumming/samples/00435.png 27
ucf/Drumming/samples/00436.png 27
ucf/Drumming/samples/00437.png 27
ucf/Drumming/samples/00438.png 27
ucf/Drumming/samples/00439.png 27
ucf/Drumming/samples/00440.png 27
ucf/Drumming/samples/00441.png 27
ucf/Drumming/samples/00442.png 27
ucf/Drumming/samples/00443.png 27
ucf/Drumming/samples/00444.png 27
ucf/Drumming/samples/00445.png 27
ucf/Drumming/samples/00446.png 27
ucf/Drumming/samples/00447.png 27
ucf/Drumming/samples/00448.png 27
ucf/Drumming/samples/00449.png 27
ucf/Drumming/samples/00450.png 27
ucf/Drumming/samples/00451.png 27
ucf/Drumming/samples/00452.png 27
ucf/Drumming/samples/00453.png 27
ucf/Drumming/samples/00454.png 27
ucf/Drumming/samples/00455.png 27
ucf/Drumming/samples/00456.png 27
ucf/Drumming/samples/00457.png 27
ucf/Drumming/samples/00458.png 27
ucf/Drumming/samples/00459.png 27
ucf/Drumming/samples/00460.png 27
ucf/Drumming/samples/00461.png 27
ucf/Drumming/samples/00462.png 27
ucf/Drumming/samples/00463.png 27
ucf/Drumming/samples/00464.png 27
ucf/Drumming/samples/00465.png 27
ucf/Drumming/samples/00466.png 27
ucf/Drumming/samples/00467.png 27
ucf/Drumming/samples/00468.png 27
ucf/Drumming/samples/00469.png 27
ucf/Drumming/samples/00470.png 27
ucf/Drumming/samples/00471.png 27
ucf/Drumming/samples/00472.png 27
ucf/Drumming/samples/00473.png 27
ucf/Drumming/samples/00474.png 27
ucf/Drumming/samples/00475.png 27
ucf/Drumming/samples/00476.png 27
ucf/Drumming/samples/00477.png 27
ucf/Drumming/samples/00478.png 27
ucf/Drumming/samples/00479.png 27
ucf/Drumming/samples/00480.png 27
ucf/Drumming/samples/00481.png 27
ucf/Drumming/samples/00482.png 27
ucf/Drumming/samples/00483.png 27
ucf/Drumming/samples/00484.png 27
ucf/Drumming/samples/00485.png 27
ucf/Drumming/samples/00486.png 27
ucf/Drumming/samples/00487.png 27
ucf/Drumming/samples/00488.png 27
ucf/Drumming/samples/00489.png 27
ucf/Drumming/samples/00490.png 27
ucf/Drumming/samples/00491.png 27
ucf/Drumming/samples/00492.png 27
ucf/Drumming/samples/00493.png 27
ucf/Drumming/samples/00494.png 27
ucf/Drumming/samples/00495.png 27
ucf/Drumming/samples/00496.png 27
ucf/Drumming/samples/00497.png 27
ucf/Drumming/samples/00498.png 27
ucf/Drumming/samples/00499.png 27
ucf/Drumming/samples/00500.png 27
ucf/Drumming/samples/00501.png 27
ucf/Drumming/samples/00502.png 27
ucf/Drumming/samples/00503.png 27
ucf/Drumming/samples/00504.png 27
ucf/Drumming/samples/00505.png 27
ucf/Drumming/samples/00506.png 27
ucf/Drumming/samples/00507.png 27
ucf/Drumming/samples/00508.png 27
ucf/Drumming/samples/00509.png 27
ucf/Drumming/samples/00510.png 27
ucf/Drumming/samples/00511.png 27
ucf/Drumming/samples/00512.png 27
ucf/Drumming/samples/00513.png 27
ucf/Drumming/samples/00514.png 27
ucf/Drumming/samples/00515.png 27
ucf/Drumming/samples/00516.png 27
ucf/Drumming/samples/00517.png 27
ucf/Drumming/samples/00518.png 27
ucf/Drumming/samples/00519.png 27
ucf/Drumming/samples/00520.png 27
ucf/Drumming/samples/00521.png 27
ucf/Drumming/samples/00522.png 27
ucf/Drumming/samples/00523.png 27
ucf/Drumming/samples/00524.png 27
ucf/Drumming/samples/00525.png 27
ucf/Drumming/samples/00526.png 27
ucf/Drumming/samples/00527.png 27
ucf/Drumming/samples/00528.png 27
ucf/Drumming/samples/00529.png 27
ucf/Drumming/samples/00530.png 27
ucf/Drumming/samples/00531.png 27
ucf/Drumming/samples/00532.png 27
ucf/Drumming/samples/00533.png 27
ucf/Drumming/samples/00534.png 27
ucf/Drumming/samples/00535.png 27
ucf/Drumming/samples/00536.png 27
ucf/Drumming/samples/00537.png 27
ucf/Drumming/samples/00538.png 27
ucf/Drumming/samples/00539.png 27
ucf/Drumming/samples/00540.png 27
ucf/Drumming/samples/00541.png 27
ucf/Drumming/samples/00542.png 27
ucf/Drumming/samples/00543.png 27
ucf/Drumming/samples/00544.png 27
ucf/Drumming/samples/00545.png 27
ucf/Drumming/samples/00546.png 27
ucf/Drumming/samples/00547.png 27
ucf/Drumming/samples/00548.png 27
ucf/Drumming/samples/00549.png 27
ucf/Drumming/samples/00550.png 27
ucf/Drumming/samples/00551.png 27
ucf/Drumming/samples/00552.png 27
ucf/Drumming/samples/00553.png 27
ucf/Drumming/samples/00554.png 27
ucf/Drumming/samples/00555.png 27
ucf/Drumming/samples/00556.png 27
ucf/Drumming/samples/00557.png 27
ucf/Drumming/samples/00558.png 27
ucf/Drumming/samples/00559.png 27
ucf/Drumming/samples/00560.png 27
ucf/Drumming/samples/00561.png 27
ucf/Drumming/samples/00562.png 27
ucf/Drumming/samples/00563.png 27
ucf/Drumming/samples/00564.png 27
ucf/Drumming/samples/00565.png 27
ucf/Drumming/samples/00566.png 27
ucf/Drumming/samples/00567.png 27
ucf/Drumming/samples/00568.png 27
ucf/Drumming/samples/00569.png 27
ucf/Drumming/samples/00570.png 27
ucf/Drumming/samples/00571.png 27
ucf/Drumming/samples/00572.png 27
ucf/Drumming/samples/00573.png 27
ucf/Drumming/samples/00574.png 27
ucf/Drumming/samples/00575.png 27
ucf/Drumming/samples/00576.png 27
ucf/Drumming/samples/00577.png 27
ucf/Drumming/samples/00578.png 27
ucf/Drumming/samples/00579.png 27
ucf/Drumming/samples/00580.png 27
ucf/Drumming/samples/00581.png 27
ucf/Drumming/samples/00582.png 27
ucf/Drumming/samples/00583.png 27
ucf/Drumming/samples/00584.png 27
ucf/Drumming/samples/00585.png 27
ucf/Drumming/samples/00586.png 27
ucf/Drumming/samples/00587.png 27
ucf/Drumming/samples/00588.png 27
ucf/Drumming/samples/00589.png 27
ucf/Drumming/samples/00590.png 27
ucf/Drumming/samples/00591.png 27
ucf/Drumming/samples/00592.png 27
ucf/Drumming/samples/00593.png 27
ucf/Drumming/samples/00594.png 27
ucf/Drumming/samples/00595.png 27
ucf/Drumming/samples/00596.png 27
ucf/Drumming/samples/00597.png 27
ucf/Drumming/samples/00598.png 27
ucf/Drumming/samples/00599.png 27
ucf/Drumming/samples/00600.png 27
ucf/Drumming/samples/00601.png 27
ucf/Drumming/samples/00602.png 27
ucf/Drumming/samples/00603.png 27
ucf/Drumming/samples/00604.png 27
ucf/Drumming/samples/00605.png 27
ucf/Drumming/samples/00606.png 27
ucf/Drumming/samples/00607.png 27
ucf/Drumming/samples/00608.png 27
ucf/Drumming/samples/00609.png 27
ucf/Drumming/samples/00610.png 27
ucf/Drumming/samples/00611.png 27
ucf/Drumming/samples/00612.png 27
ucf/Drumming/samples/00613.png 27
ucf/Drumming/samples/00614.png 27
ucf/Drumming/samples/00615.png 27
ucf/Drumming/samples/00616.png 27
ucf/Drumming/samples/00617.png 27
ucf/Drumming/samples/00618.png 27
ucf/Drumming/samples/00619.png 27
ucf/Drumming/samples/00620.png 27
ucf/Drumming/samples/00621.png 27
ucf/Drumming/samples/00622.png 27
ucf/Drumming/samples/00623.png 27
ucf/Drumming/samples/00624.png 27
ucf/Drumming/samples/00625.png 27
ucf/Drumming/samples/00626.png 27
ucf/Drumming/samples/00627.png 27
ucf/Drumming/samples/00628.png 27
ucf/Drumming/samples/00629.png 27
ucf/Drumming/samples/00630.png 27
ucf/Drumming/samples/00631.png 27
ucf/Drumming/samples/00632.png 27
ucf/Drumming/samples/00633.png 27
ucf/Drumming/samples/00634.png 27
ucf/Drumming/samples/00635.png 27
ucf/Drumming/samples/00636.png 27
ucf/Drumming/samples/00637.png 27
ucf/Drumming/samples/00638.png 27
ucf/Drumming/samples/00639.png 27
ucf/Drumming/samples/00640.png 27
ucf/Drumming/samples/00641.png 27
ucf/Drumming/samples/00642.png 27
ucf/Drumming/samples/00643.png 27
ucf/Drumming/samples/00644.png 27
ucf/Drumming/samples/00645.png 27
ucf/Drumming/samples/00646.png 27
ucf/Drumming/samples/00647.png 27
ucf/Drumming/samples/00648.png 27
ucf/Drumming/samples/00649.png 27
ucf/Drumming/samples/00650.png 27
ucf/Drumming/samples/00651.png 27
ucf/Drumming/samples/00652.png 27
ucf/Drumming/samples/00653.png 27
ucf/Drumming/samples/00654.png 27
ucf/Drumming/samples/00655.png 27
ucf/Drumming/samples/00656.png 27
ucf/Drumming/samples/00657.png 27
ucf/Drumming/samples/00658.png 27
ucf/Drumming/samples/00659.png 27
ucf/Drumming/samples/00660.png 27
ucf/Drumming/samples/00661.png 27
ucf/Drumming/samples/00662.png 27
ucf/Drumming/samples/00663.png 27
ucf/Drumming/samples/00664.png 27
ucf/Drumming/samples/00665.png 27
ucf/Drumming/samples/00666.png 27
ucf/Drumming/samples/00667.png 27
ucf/Drumming/samples/00668.png 27
ucf/Drumming/samples/00669.png 27
ucf/Drumming/samples/00670.png 27
ucf/Drumming/samples/00671.png 27
ucf/Drumming/samples/00672.png 27
ucf/Drumming/samples/00673.png 27
ucf/Drumming/samples/00674.png 27
ucf/Drumming/samples/00675.png 27
ucf/Drumming/samples/00676.png 27
ucf/Drumming/samples/00677.png 27
ucf/Drumming/samples/00678.png 27
ucf/Drumming/samples/00679.png 27
ucf/Drumming/samples/00680.png 27
ucf/Drumming/samples/00681.png 27
ucf/Drumming/samples/00682.png 27
ucf/Drumming/samples/00683.png 27
ucf/Drumming/samples/00684.png 27
ucf/Drumming/samples/00685.png 27
ucf/Drumming/samples/00686.png 27
ucf/Drumming/samples/00687.png 27
ucf/Drumming/samples/00688.png 27
ucf/Drumming/samples/00689.png 27
ucf/Drumming/samples/00690.png 27
ucf/Drumming/samples/00691.png 27
ucf/Drumming/samples/00692.png 27
ucf/Drumming/samples/00693.png 27
ucf/Drumming/samples/00694.png 27
ucf/Drumming/samples/00695.png 27
ucf/Drumming/samples/00696.png 27
ucf/Drumming/samples/00697.png 27
ucf/Drumming/samples/00698.png 27
ucf/Drumming/samples/00699.png 27
ucf/Drumming/samples/00700.png 27
ucf/Drumming/samples/00701.png 27
ucf/Drumming/samples/00702.png 27
ucf/Drumming/samples/00703.png 27
ucf/Drumming/samples/00704.png 27
ucf/Drumming/samples/00705.png 27
ucf/Drumming/samples/00706.png 27
ucf/Drumming/samples/00707.png 27
ucf/Drumming/samples/00708.png 27
ucf/Drumming/samples/00709.png 27
ucf/Drumming/samples/00710.png 27
ucf/Drumming/samples/00711.png 27
ucf/Drumming/samples/00712.png 27
ucf/Drumming/samples/00713.png 27
ucf/Drumming/samples/00714.png 27
ucf/Drumming/samples/00715.png 27
ucf/Drumming/samples/00716.png 27
ucf/Drumming/samples/00717.png 27
ucf/Drumming/samples/00718.png 27
ucf/Drumming/samples/00719.png 27
ucf/Drumming/samples/00720.png 27
ucf/Drumming/samples/00721.png 27
ucf/Drumming/samples/00722.png 27
ucf/Drumming/samples/00723.png 27
ucf/Drumming/samples/00724.png 27
ucf/Drumming/samples/00725.png 27
ucf/Drumming/samples/00726.png 27
ucf/Drumming/samples/00727.png 27
ucf/Drumming/samples/00728.png 27
ucf/Drumming/samples/00729.png 27
ucf/Drumming/samples/00730.png 27
ucf/Drumming/samples/00731.png 27
ucf/Drumming/samples/00732.png 27
ucf/Drumming/samples/00733.png 27
ucf/Drumming/samples/00734.png 27
ucf/Drumming/samples/00735.png 27
ucf/Drumming/samples/00736.png 27
ucf/Drumming/samples/00737.png 27
ucf/Drumming/samples/00738.png 27
ucf/Drumming/samples/00739.png 27
ucf/Drumming/samples/00740.png 27
ucf/Drumming/samples/00741.png 27
ucf/Drumming/samples/00742.png 27
ucf/Drumming/samples/00743.png 27
ucf/Drumming/samples/00744.png 27
ucf/Drumming/samples/00745.png 27
ucf/Drumming/samples/00746.png 27
ucf/Drumming/samples/00747.png 27
ucf/Drumming/samples/00748.png 27
ucf/Drumming/samples/00749.png 27
ucf/Drumming/samples/00750.png 27
ucf/Drumming/samples/00751.png 27
ucf/Drumming/samples/00752.png 27
ucf/Drumming/samples/00753.png 27
ucf/Drumming/samples/00754.png 27
ucf/Drumming/samples/00755.png 27
ucf/Drumming/samples/00756.png 27
ucf/Drumming/samples/00757.png 27
ucf/Drumming/samples/00758.png 27
ucf/Drumming/samples/00759.png 27
ucf/Drumming/samples/00760.png 27
ucf/Drumming/samples/00761.png 27
ucf/Drumming/samples/00762.png 27
ucf/Drumming/samples/00763.png 27
ucf/Drumming/samples/00764.png 27
ucf/Drumming/samples/00765.png 27
ucf/Drumming/samples/00766.png 27
ucf/Drumming/samples/00767.png 27
ucf/Drumming/samples/00768.png 27
ucf/Drumming/samples/00769.png 27
ucf/Drumming/samples/00770.png 27
ucf/Drumming/samples/00771.png 27
ucf/Drumming/samples/00772.png 27
ucf/Drumming/samples/00773.png 27
ucf/Drumming/samples/00774.png 27
ucf/Drumming/samples/00775.png 27
ucf/Drumming/samples/00776.png 27
ucf/Drumming/samples/00777.png 27
ucf/Drumming/samples/00778.png 27
ucf/Drumming/samples/00779.png 27
ucf/Drumming/samples/00780.png 27
ucf/Drumming/samples/00781.png 27
ucf/Drumming/samples/00782.png 27
ucf/Drumming/samples/00783.png 27
ucf/Drumming/samples/00784.png 27
ucf/Drumming/samples/00785.png 27
ucf/Drumming/samples/00786.png 27
ucf/Drumming/samples/00787.png 27
ucf/Drumming/samples/00788.png 27
ucf/Drumming/samples/00789.png 27
ucf/Drumming/samples/00790.png 27
ucf/Drumming/samples/00791.png 27
ucf/Drumming/samples/00792.png 27
ucf/Drumming/samples/00793.png 27
ucf/Drumming/samples/00794.png 27
ucf/Drumming/samples/00795.png 27
ucf/Drumming/samples/00796.png 27
ucf/Drumming/samples/00797.png 27
ucf/Drumming/samples/00798.png 27
ucf/Drumming/samples/00799.png 27
ucf/Drumming/samples/00800.png 27
ucf/Drumming/samples/00801.png 27
ucf/Drumming/samples/00802.png 27
ucf/Drumming/samples/00803.png 27
ucf/Drumming/samples/00804.png 27
ucf/Drumming/samples/00805.png 27
ucf/Drumming/samples/00806.png 27
ucf/Drumming/samples/00807.png 27
ucf/Drumming/samples/00808.png 27
ucf/Drumming/samples/00809.png 27
ucf/Drumming/samples/00810.png 27
ucf/Drumming/samples/00811.png 27
ucf/Drumming/samples/00812.png 27
ucf/Drumming/samples/00813.png 27
ucf/Drumming/samples/00814.png 27
ucf/Drumming/samples/00815.png 27
ucf/Drumming/samples/00816.png 27
ucf/Drumming/samples/00817.png 27
ucf/Drumming/samples/00818.png 27
ucf/Drumming/samples/00819.png 27
ucf/Drumming/samples/00820.png 27
ucf/Drumming/samples/00821.png 27
ucf/Drumming/samples/00822.png 27
ucf/Drumming/samples/00823.png 27
ucf/Drumming/samples/00824.png 27
ucf/Drumming/samples/00825.png 27
ucf/Drumming/samples/00826.png 27
ucf/Drumming/samples/00827.png 27
ucf/Drumming/samples/00828.png 27
ucf/Drumming/samples/00829.png 27
ucf/Drumming/samples/00830.png 27
ucf/Drumming/samples/00831.png 27
ucf/Drumming/samples/00832.png 27
ucf/Drumming/samples/00833.png 27
ucf/Drumming/samples/00834.png 27
ucf/Drumming/samples/00835.png 27
ucf/Drumming/samples/00836.png 27
ucf/Drumming/samples/00837.png 27
ucf/Drumming/samples/00838.png 27
ucf/Drumming/samples/00839.png 27
ucf/Drumming/samples/00840.png 27
ucf/Drumming/samples/00841.png 27
ucf/Drumming/samples/00842.png 27
ucf/Drumming/samples/00843.png 27
ucf/Drumming/samples/00844.png 27
ucf/Drumming/samples/00845.png 27
ucf/Drumming/samples/00846.png 27
ucf/Drumming/samples/00847.png 27
ucf/Drumming/samples/00848.png 27
ucf/Drumming/samples/00849.png 27
ucf/Drumming/samples/00850.png 27
ucf/Drumming/samples/00851.png 27
ucf/Drumming/samples/00852.png 27
ucf/Drumming/samples/00853.png 27
ucf/Drumming/samples/00854.png 27
ucf/Drumming/samples/00855.png 27
ucf/Drumming/samples/00856.png 27
ucf/Drumming/samples/00857.png 27
ucf/Drumming/samples/00858.png 27
ucf/Drumming/samples/00859.png 27
ucf/Drumming/samples/00860.png 27
ucf/Drumming/samples/00861.png 27
ucf/Drumming/samples/00862.png 27
ucf/Drumming/samples/00863.png 27
ucf/Drumming/samples/00864.png 27
ucf/Drumming/samples/00865.png 27
ucf/Drumming/samples/00866.png 27
ucf/Drumming/samples/00867.png 27
ucf/Drumming/samples/00868.png 27
ucf/Drumming/samples/00869.png 27
ucf/Drumming/samples/00870.png 27
ucf/Drumming/samples/00871.png 27
ucf/Drumming/samples/00872.png 27
ucf/Drumming/samples/00873.png 27
ucf/Drumming/samples/00874.png 27
ucf/Drumming/samples/00875.png 27
ucf/Drumming/samples/00876.png 27
ucf/Drumming/samples/00877.png 27
ucf/Drumming/samples/00878.png 27
ucf/Drumming/samples/00879.png 27
ucf/Drumming/samples/00880.png 27
ucf/Drumming/samples/00881.png 27
ucf/Drumming/samples/00882.png 27
ucf/Drumming/samples/00883.png 27
ucf/Drumming/samples/00884.png 27
ucf/Drumming/samples/00885.png 27
ucf/Drumming/samples/00886.png 27
ucf/Drumming/samples/00887.png 27
ucf/Drumming/samples/00888.png 27
ucf/Drumming/samples/00889.png 27
ucf/Drumming/samples/00890.png 27
ucf/Drumming/samples/00891.png 27
ucf/Drumming/samples/00892.png 27
ucf/Drumming/samples/00893.png 27
ucf/Drumming/samples/00894.png 27
ucf/Drumming/samples/00895.png 27
ucf/Drumming/samples/00896.png 27
ucf/Drumming/samples/00897.png 27
ucf/Drumming/samples/00898.png 27
ucf/Drumming/samples/00899.png 27
ucf/Drumming/samples/00900.png 27
ucf/Drumming/samples/00901.png 27
ucf/Drumming/samples/00902.png 27
ucf/Drumming/samples/00903.png 27
ucf/Drumming/samples/00904.png 27
ucf/Drumming/samples/00905.png 27
ucf/Drumming/samples/00906.png 27
ucf/Drumming/samples/00907.png 27
ucf/Drumming/samples/00908.png 27
ucf/Drumming/samples/00909.png 27
ucf/Drumming/samples/00910.png 27
ucf/Drumming/samples/00911.png 27
ucf/Drumming/samples/00912.png 27
ucf/Drumming/samples/00913.png 27
ucf/Drumming/samples/00914.png 27
ucf/Drumming/samples/00915.png 27
ucf/Drumming/samples/00916.png 27
ucf/Drumming/samples/00917.png 27
ucf/Drumming/samples/00918.png 27
ucf/Drumming/samples/00919.png 27
ucf/Drumming/samples/00920.png 27
ucf/Drumming/samples/00921.png 27
ucf/Drumming/samples/00922.png 27
ucf/Drumming/samples/00923.png 27
ucf/Drumming/samples/00924.png 27
ucf/Drumming/samples/00925.png 27
ucf/Drumming/samples/00926.png 27
ucf/Drumming/samples/00927.png 27
ucf/Drumming/samples/00928.png 27
ucf/Drumming/samples/00929.png 27
ucf/Drumming/samples/00930.png 27
ucf/Drumming/samples/00931.png 27
ucf/Drumming/samples/00932.png 27
ucf/Drumming/samples/00933.png 27
ucf/Drumming/samples/00934.png 27
ucf/Drumming/samples/00935.png 27
ucf/Drumming/samples/00936.png 27
ucf/Drumming/samples/00937.png 27
ucf/Drumming/samples/00938.png 27
ucf/Drumming/samples/00939.png 27
ucf/Drumming/samples/00940.png 27
ucf/Drumming/samples/00941.png 27
ucf/Drumming/samples/00942.png 27
ucf/Drumming/samples/00943.png 27
ucf/Drumming/samples/00944.png 27
ucf/Drumming/samples/00945.png 27
ucf/Drumming/samples/00946.png 27
ucf/Drumming/samples/00947.png 27
ucf/Drumming/samples/00948.png 27
ucf/Drumming/samples/00949.png 27
ucf/Drumming/samples/00950.png 27
ucf/Drumming/samples/00951.png 27
ucf/Drumming/samples/00952.png 27
ucf/Drumming/samples/00953.png 27
ucf/Drumming/samples/00954.png 27
ucf/Drumming/samples/00955.png 27
ucf/Drumming/samples/00956.png 27
ucf/Drumming/samples/00957.png 27
ucf/Drumming/samples/00958.png 27
ucf/Drumming/samples/00959.png 27
ucf/Drumming/samples/00960.png 27
ucf/Drumming/samples/00961.png 27
ucf/Drumming/samples/00962.png 27
ucf/Drumming/samples/00963.png 27
ucf/Drumming/samples/00964.png 27
ucf/Drumming/samples/00965.png 27
ucf/Drumming/samples/00966.png 27
ucf/Drumming/samples/00967.png 27
ucf/Drumming/samples/00968.png 27
ucf/Drumming/samples/00969.png 27
ucf/Drumming/samples/00970.png 27
ucf/Drumming/samples/00971.png 27
ucf/Drumming/samples/00972.png 27
ucf/Drumming/samples/00973.png 27
ucf/Drumming/samples/00974.png 27
ucf/Drumming/samples/00975.png 27
ucf/Drumming/samples/00976.png 27
ucf/Drumming/samples/00977.png 27
ucf/Drumming/samples/00978.png 27
ucf/Drumming/samples/00979.png 27
ucf/Drumming/samples/00980.png 27
ucf/Drumming/samples/00981.png 27
ucf/Drumming/samples/00982.png 27
ucf/Drumming/samples/00983.png 27
ucf/Drumming/samples/00984.png 27
ucf/Drumming/samples/00985.png 27
ucf/Drumming/samples/00986.png 27
ucf/Drumming/samples/00987.png 27
ucf/Drumming/samples/00988.png 27
ucf/Drumming/samples/00989.png 27
ucf/Drumming/samples/00990.png 27
ucf/Drumming/samples/00991.png 27
ucf/Drumming/samples/00992.png 27
ucf/Drumming/samples/00993.png 27
ucf/Drumming/samples/00994.png 27
ucf/Drumming/samples/00995.png 27
ucf/Drumming/samples/00996.png 27
ucf/Drumming/samples/00997.png 27
ucf/Drumming/samples/00998.png 27
ucf/Drumming/samples/00999.png 27
ucf/HorseRiding/samples/00000.png 42
ucf/HorseRiding/samples/00001.png 42
ucf/HorseRiding/samples/00002.png 42
ucf/HorseRiding/samples/00003.png 42
ucf/HorseRiding/samples/00004.png 42
ucf/HorseRiding/samples/00005.png 42
ucf/HorseRiding/samples/00006.png 42
ucf/HorseRiding/samples/00007.png 42
ucf/HorseRiding/samples/00008.png 42
ucf/HorseRiding/samples/00009.png 42
ucf/HorseRiding/samples/00010.png 42
ucf/HorseRiding/samples/00011.png 42
ucf/HorseRiding/samples/00012.png 42
ucf/HorseRiding/samples/00013.png 42
ucf/HorseRiding/samples/00014.png 42
ucf/HorseRiding/samples/00015.png 42
ucf/HorseRiding/samples/00016.png 42
ucf/HorseRiding/samples/00017.png 42
ucf/HorseRiding/samples/00018.png 42
ucf/HorseRiding/samples/00019.png 42
ucf/HorseRiding/samples/00020.png 42
ucf/HorseRiding/samples/00021.png 42
ucf/HorseRiding/samples/00022.png 42
ucf/HorseRiding/samples/00023.png 42
ucf/HorseRiding/samples/00024.png 42
ucf/HorseRiding/samples/00025.png 42
ucf/HorseRiding/samples/00026.png 42
ucf/HorseRiding/samples/00027.png 42
ucf/HorseRiding/samples/00028.png 42
ucf/HorseRiding/samples/00029.png 42
ucf/HorseRiding/samples/00030.png 42
ucf/HorseRiding/samples/00031.png 42
ucf/HorseRiding/samples/00032.png 42
ucf/HorseRiding/samples/00033.png 42
ucf/HorseRiding/samples/00034.png 42
ucf/HorseRiding/samples/00035.png 42
ucf/HorseRiding/samples/00036.png 42
ucf/HorseRiding/samples/00037.png 42
ucf/HorseRiding/samples/00038.png 42
ucf/HorseRiding/samples/00039.png 42
ucf/HorseRiding/samples/00040.png 42
ucf/HorseRiding/samples/00041.png 42
ucf/HorseRiding/samples/00042.png 42
ucf/HorseRiding/samples/00043.png 42
ucf/HorseRiding/samples/00044.png 42
ucf/HorseRiding/samples/00045.png 42
ucf/HorseRiding/samples/00046.png 42
ucf/HorseRiding/samples/00047.png 42
ucf/HorseRiding/samples/00048.png 42
ucf/HorseRiding/samples/00049.png 42
ucf/HorseRiding/samples/00050.png 42
ucf/HorseRiding/samples/00051.png 42
ucf/HorseRiding/samples/00052.png 42
ucf/HorseRiding/samples/00053.png 42
ucf/HorseRiding/samples/00054.png 42
ucf/HorseRiding/samples/00055.png 42
ucf/HorseRiding/samples/00056.png 42
ucf/HorseRiding/samples/00057.png 42
ucf/HorseRiding/samples/00058.png 42
ucf/HorseRiding/samples/00059.png 42
ucf/HorseRiding/samples/00060.png 42
ucf/HorseRiding/samples/00061.png 42
ucf/HorseRiding/samples/00062.png 42
ucf/HorseRiding/samples/00063.png 42
ucf/HorseRiding/samples/00064.png 42
ucf/HorseRiding/samples/00065.png 42
ucf/HorseRiding/samples/00066.png 42
ucf/HorseRiding/samples/00067.png 42
ucf/HorseRiding/samples/00068.png 42
ucf/HorseRiding/samples/00069.png 42
ucf/HorseRiding/samples/00070.png 42
ucf/HorseRiding/samples/00071.png 42
ucf/HorseRiding/samples/00072.png 42
ucf/HorseRiding/samples/00073.png 42
ucf/HorseRiding/samples/00074.png 42
ucf/HorseRiding/samples/00075.png 42
ucf/HorseRiding/samples/00076.png 42
ucf/HorseRiding/samples/00077.png 42
ucf/HorseRiding/samples/00078.png 42
ucf/HorseRiding/samples/00079.png 42
ucf/HorseRiding/samples/00080.png 42
ucf/HorseRiding/samples/00081.png 42
ucf/HorseRiding/samples/00082.png 42
ucf/HorseRiding/samples/00083.png 42
ucf/HorseRiding/samples/00084.png 42
ucf/HorseRiding/samples/00085.png 42
ucf/HorseRiding/samples/00086.png 42
ucf/HorseRiding/samples/00087.png 42
ucf/HorseRiding/samples/00088.png 42
ucf/HorseRiding/samples/00089.png 42
ucf/HorseRiding/samples/00090.png 42
ucf/HorseRiding/samples/00091.png 42
ucf/HorseRiding/samples/00092.png 42
ucf/HorseRiding/samples/00093.png 42
ucf/HorseRiding/samples/00094.png 42
ucf/HorseRiding/samples/00095.png 42
ucf/HorseRiding/samples/00096.png 42
ucf/HorseRiding/samples/00097.png 42
ucf/HorseRiding/samples/00098.png 42
ucf/HorseRiding/samples/00099.png 42
ucf/HorseRiding/samples/00100.png 42
ucf/HorseRiding/samples/00101.png 42
ucf/HorseRiding/samples/00102.png 42
ucf/HorseRiding/samples/00103.png 42
ucf/HorseRiding/samples/00104.png 42
ucf/HorseRiding/samples/00105.png 42
ucf/HorseRiding/samples/00106.png 42
ucf/HorseRiding/samples/00107.png 42
ucf/HorseRiding/samples/00108.png 42
ucf/HorseRiding/samples/00109.png 42
ucf/HorseRiding/samples/00110.png 42
ucf/HorseRiding/samples/00111.png 42
ucf/HorseRiding/samples/00112.png 42
ucf/HorseRiding/samples/00113.png 42
ucf/HorseRiding/samples/00114.png 42
ucf/HorseRiding/samples/00115.png 42
ucf/HorseRiding/samples/00116.png 42
ucf/HorseRiding/samples/00117.png 42
ucf/HorseRiding/samples/00118.png 42
ucf/HorseRiding/samples/00119.png 42
ucf/HorseRiding/samples/00120.png 42
ucf/HorseRiding/samples/00121.png 42
ucf/HorseRiding/samples/00122.png 42
ucf/HorseRiding/samples/00123.png 42
ucf/HorseRiding/samples/00124.png 42
ucf/HorseRiding/samples/00125.png 42
ucf/HorseRiding/samples/00126.png 42
ucf/HorseRiding/samples/00127.png 42
ucf/HorseRiding/samples/00128.png 42
ucf/HorseRiding/samples/00129.png 42
ucf/HorseRiding/samples/00130.png 42
ucf/HorseRiding/samples/00131.png 42
ucf/HorseRiding/samples/00132.png 42
ucf/HorseRiding/samples/00133.png 42
ucf/HorseRiding/samples/00134.png 42
ucf/HorseRiding/samples/00135.png 42
ucf/HorseRiding/samples/00136.png 42
ucf/HorseRiding/samples/00137.png 42
ucf/HorseRiding/samples/00138.png 42
ucf/HorseRiding/samples/00139.png 42
ucf/HorseRiding/samples/00140.png 42
ucf/HorseRiding/samples/00141.png 42
ucf/HorseRiding/samples/00142.png 42
ucf/HorseRiding/samples/00143.png 42
ucf/HorseRiding/samples/00144.png 42
ucf/HorseRiding/samples/00145.png 42
ucf/HorseRiding/samples/00146.png 42
ucf/HorseRiding/samples/00147.png 42
ucf/HorseRiding/samples/00148.png 42
ucf/HorseRiding/samples/00149.png 42
ucf/HorseRiding/samples/00150.png 42
ucf/HorseRiding/samples/00151.png 42
ucf/HorseRiding/samples/00152.png 42
ucf/HorseRiding/samples/00153.png 42
ucf/HorseRiding/samples/00154.png 42
ucf/HorseRiding/samples/00155.png 42
ucf/HorseRiding/samples/00156.png 42
ucf/HorseRiding/samples/00157.png 42
ucf/HorseRiding/samples/00158.png 42
ucf/HorseRiding/samples/00159.png 42
ucf/HorseRiding/samples/00160.png 42
ucf/HorseRiding/samples/00161.png 42
ucf/HorseRiding/samples/00162.png 42
ucf/HorseRiding/samples/00163.png 42
ucf/HorseRiding/samples/00164.png 42
ucf/HorseRiding/samples/00165.png 42
ucf/HorseRiding/samples/00166.png 42
ucf/HorseRiding/samples/00167.png 42
ucf/HorseRiding/samples/00168.png 42
ucf/HorseRiding/samples/00169.png 42
ucf/HorseRiding/samples/00170.png 42
ucf/HorseRiding/samples/00171.png 42
ucf/HorseRiding/samples/00172.png 42
ucf/HorseRiding/samples/00173.png 42
ucf/HorseRiding/samples/00174.png 42
ucf/HorseRiding/samples/00175.png 42
ucf/HorseRiding/samples/00176.png 42
ucf/HorseRiding/samples/00177.png 42
ucf/HorseRiding/samples/00178.png 42
ucf/HorseRiding/samples/00179.png 42
ucf/HorseRiding/samples/00180.png 42
ucf/HorseRiding/samples/00181.png 42
ucf/HorseRiding/samples/00182.png 42
ucf/HorseRiding/samples/00183.png 42
ucf/HorseRiding/samples/00184.png 42
ucf/HorseRiding/samples/00185.png 42
ucf/HorseRiding/samples/00186.png 42
ucf/HorseRiding/samples/00187.png 42
ucf/HorseRiding/samples/00188.png 42
ucf/HorseRiding/samples/00189.png 42
ucf/HorseRiding/samples/00190.png 42
ucf/HorseRiding/samples/00191.png 42
ucf/HorseRiding/samples/00192.png 42
ucf/HorseRiding/samples/00193.png 42
ucf/HorseRiding/samples/00194.png 42
ucf/HorseRiding/samples/00195.png 42
ucf/HorseRiding/samples/00196.png 42
ucf/HorseRiding/samples/00197.png 42
ucf/HorseRiding/samples/00198.png 42
ucf/HorseRiding/samples/00199.png 42
ucf/HorseRiding/samples/00200.png 42
ucf/HorseRiding/samples/00201.png 42
ucf/HorseRiding/samples/00202.png 42
ucf/HorseRiding/samples/00203.png 42
ucf/HorseRiding/samples/00204.png 42
ucf/HorseRiding/samples/00205.png 42
ucf/HorseRiding/samples/00206.png 42
ucf/HorseRiding/samples/00207.png 42
ucf/HorseRiding/samples/00208.png 42
ucf/HorseRiding/samples/00209.png 42
ucf/HorseRiding/samples/00210.png 42
ucf/HorseRiding/samples/00211.png 42
ucf/HorseRiding/samples/00212.png 42
ucf/HorseRiding/samples/00213.png 42
ucf/HorseRiding/samples/00214.png 42
ucf/HorseRiding/samples/00215.png 42
ucf/HorseRiding/samples/00216.png 42
ucf/HorseRiding/samples/00217.png 42
ucf/HorseRiding/samples/00218.png 42
ucf/HorseRiding/samples/00219.png 42
ucf/HorseRiding/samples/00220.png 42
ucf/HorseRiding/samples/00221.png 42
ucf/HorseRiding/samples/00222.png 42
ucf/HorseRiding/samples/00223.png 42
ucf/HorseRiding/samples/00224.png 42
ucf/HorseRiding/samples/00225.png 42
ucf/HorseRiding/samples/00226.png 42
ucf/HorseRiding/samples/00227.png 42
ucf/HorseRiding/samples/00228.png 42
ucf/HorseRiding/samples/00229.png 42
ucf/HorseRiding/samples/00230.png 42
ucf/HorseRiding/samples/00231.png 42
ucf/HorseRiding/samples/00232.png 42
ucf/HorseRiding/samples/00233.png 42
ucf/HorseRiding/samples/00234.png 42
ucf/HorseRiding/samples/00235.png 42
ucf/HorseRiding/samples/00236.png 42
ucf/HorseRiding/samples/00237.png 42
ucf/HorseRiding/samples/00238.png 42
ucf/HorseRiding/samples/00239.png 42
ucf/HorseRiding/samples/00240.png 42
ucf/HorseRiding/samples/00241.png 42
ucf/HorseRiding/samples/00242.png 42
ucf/HorseRiding/samples/00243.png 42
ucf/HorseRiding/samples/00244.png 42
ucf/HorseRiding/samples/00245.png 42
ucf/HorseRiding/samples/00246.png 42
ucf/HorseRiding/samples/00247.png 42
ucf/HorseRiding/samples/00248.png 42
ucf/HorseRiding/samples/00249.png 42
ucf/HorseRiding/samples/00250.png 42
ucf/HorseRiding/samples/00251.png 42
ucf/HorseRiding/samples/00252.png 42
ucf/HorseRiding/samples/00253.png 42
ucf/HorseRiding/samples/00254.png 42
ucf/HorseRiding/samples/00255.png 42
ucf/HorseRiding/samples/00256.png 42
ucf/HorseRiding/samples/00257.png 42
ucf/HorseRiding/samples/00258.png 42
ucf/HorseRiding/samples/00259.png 42
ucf/HorseRiding/samples/00260.png 42
ucf/HorseRiding/samples/00261.png 42
ucf/HorseRiding/samples/00262.png 42
ucf/HorseRiding/samples/00263.png 42
ucf/HorseRiding/samples/00264.png 42
ucf/HorseRiding/samples/00265.png 42
ucf/HorseRiding/samples/00266.png 42
ucf/HorseRiding/samples/00267.png 42
ucf/HorseRiding/samples/00268.png 42
ucf/HorseRiding/samples/00269.png 42
ucf/HorseRiding/samples/00270.png 42
ucf/HorseRiding/samples/00271.png 42
ucf/HorseRiding/samples/00272.png 42
ucf/HorseRiding/samples/00273.png 42
ucf/HorseRiding/samples/00274.png 42
ucf/HorseRiding/samples/00275.png 42
ucf/HorseRiding/samples/00276.png 42
ucf/HorseRiding/samples/00277.png 42
ucf/HorseRiding/samples/00278.png 42
ucf/HorseRiding/samples/00279.png 42
ucf/HorseRiding/samples/00280.png 42
ucf/HorseRiding/samples/00281.png 42
ucf/HorseRiding/samples/00282.png 42
ucf/HorseRiding/samples/00283.png 42
ucf/HorseRiding/samples/00284.png 42
ucf/HorseRiding/samples/00285.png 42
ucf/HorseRiding/samples/00286.png 42
ucf/HorseRiding/samples/00287.png 42
ucf/HorseRiding/samples/00288.png 42
ucf/HorseRiding/samples/00289.png 42
ucf/HorseRiding/samples/00290.png 42
ucf/HorseRiding/samples/00291.png 42
ucf/HorseRiding/samples/00292.png 42
ucf/HorseRiding/samples/00293.png 42
ucf/HorseRiding/samples/00294.png 42
ucf/HorseRiding/samples/00295.png 42
ucf/HorseRiding/samples/00296.png 42
ucf/HorseRiding/samples/00297.png 42
ucf/HorseRiding/samples/00298.png 42
ucf/HorseRiding/samples/00299.png 42
ucf/HorseRiding/samples/00300.png 42
ucf/HorseRiding/samples/00301.png 42
ucf/HorseRiding/samples/00302.png 42
ucf/HorseRiding/samples/00303.png 42
ucf/HorseRiding/samples/00304.png 42
ucf/HorseRiding/samples/00305.png 42
ucf/HorseRiding/samples/00306.png 42
ucf/HorseRiding/samples/00307.png 42
ucf/HorseRiding/samples/00308.png 42
ucf/HorseRiding/samples/00309.png 42
ucf/HorseRiding/samples/00310.png 42
ucf/HorseRiding/samples/00311.png 42
ucf/HorseRiding/samples/00312.png 42
ucf/HorseRiding/samples/00313.png 42
ucf/HorseRiding/samples/00314.png 42
ucf/HorseRiding/samples/00315.png 42
ucf/HorseRiding/samples/00316.png 42
ucf/HorseRiding/samples/00317.png 42
ucf/HorseRiding/samples/00318.png 42
ucf/HorseRiding/samples/00319.png 42
ucf/HorseRiding/samples/00320.png 42
ucf/HorseRiding/samples/00321.png 42
ucf/HorseRiding/samples/00322.png 42
ucf/HorseRiding/samples/00323.png 42
ucf/HorseRiding/samples/00324.png 42
ucf/HorseRiding/samples/00325.png 42
ucf/HorseRiding/samples/00326.png 42
ucf/HorseRiding/samples/00327.png 42
ucf/HorseRiding/samples/00328.png 42
ucf/HorseRiding/samples/00329.png 42
ucf/HorseRiding/samples/00330.png 42
ucf/HorseRiding/samples/00331.png 42
ucf/HorseRiding/samples/00332.png 42
ucf/HorseRiding/samples/00333.png 42
ucf/HorseRiding/samples/00334.png 42
ucf/HorseRiding/samples/00335.png 42
ucf/HorseRiding/samples/00336.png 42
ucf/HorseRiding/samples/00337.png 42
ucf/HorseRiding/samples/00338.png 42
ucf/HorseRiding/samples/00339.png 42
ucf/HorseRiding/samples/00340.png 42
ucf/HorseRiding/samples/00341.png 42
ucf/HorseRiding/samples/00342.png 42
ucf/HorseRiding/samples/00343.png 42
ucf/HorseRiding/samples/00344.png 42
ucf/HorseRiding/samples/00345.png 42
ucf/HorseRiding/samples/00346.png 42
ucf/HorseRiding/samples/00347.png 42
ucf/HorseRiding/samples/00348.png 42
ucf/HorseRiding/samples/00349.png 42
ucf/HorseRiding/samples/00350.png 42
ucf/HorseRiding/samples/00351.png 42
ucf/HorseRiding/samples/00352.png 42
ucf/HorseRiding/samples/00353.png 42
ucf/HorseRiding/samples/00354.png 42
ucf/HorseRiding/samples/00355.png 42
ucf/HorseRiding/samples/00356.png 42
ucf/HorseRiding/samples/00357.png 42
ucf/HorseRiding/samples/00358.png 42
ucf/HorseRiding/samples/00359.png 42
ucf/HorseRiding/samples/00360.png 42
ucf/HorseRiding/samples/00361.png 42
ucf/HorseRiding/samples/00362.png 42
ucf/HorseRiding/samples/00363.png 42
ucf/HorseRiding/samples/00364.png 42
ucf/HorseRiding/samples/00365.png 42
ucf/HorseRiding/samples/00366.png 42
ucf/HorseRiding/samples/00367.png 42
ucf/HorseRiding/samples/00368.png 42
ucf/HorseRiding/samples/00369.png 42
ucf/HorseRiding/samples/00370.png 42
ucf/HorseRiding/samples/00371.png 42
ucf/HorseRiding/samples/00372.png 42
ucf/HorseRiding/samples/00373.png 42
ucf/HorseRiding/samples/00374.png 42
ucf/HorseRiding/samples/00375.png 42
ucf/HorseRiding/samples/00376.png 42
ucf/HorseRiding/samples/00377.png 42
ucf/HorseRiding/samples/00378.png 42
ucf/HorseRiding/samples/00379.png 42
ucf/HorseRiding/samples/00380.png 42
ucf/HorseRiding/samples/00381.png 42
ucf/HorseRiding/samples/00382.png 42
ucf/HorseRiding/samples/00383.png 42
ucf/HorseRiding/samples/00384.png 42
ucf/HorseRiding/samples/00385.png 42
ucf/HorseRiding/samples/00386.png 42
ucf/HorseRiding/samples/00387.png 42
ucf/HorseRiding/samples/00388.png 42
ucf/HorseRiding/samples/00389.png 42
ucf/HorseRiding/samples/00390.png 42
ucf/HorseRiding/samples/00391.png 42
ucf/HorseRiding/samples/00392.png 42
ucf/HorseRiding/samples/00393.png 42
ucf/HorseRiding/samples/00394.png 42
ucf/HorseRiding/samples/00395.png 42
ucf/HorseRiding/samples/00396.png 42
ucf/HorseRiding/samples/00397.png 42
ucf/HorseRiding/samples/00398.png 42
ucf/HorseRiding/samples/00399.png 42
ucf/HorseRiding/samples/00400.png 42
ucf/HorseRiding/samples/00401.png 42
ucf/HorseRiding/samples/00402.png 42
ucf/HorseRiding/samples/00403.png 42
ucf/HorseRiding/samples/00404.png 42
ucf/HorseRiding/samples/00405.png 42
ucf/HorseRiding/samples/00406.png 42
ucf/HorseRiding/samples/00407.png 42
ucf/HorseRiding/samples/00408.png 42
ucf/HorseRiding/samples/00409.png 42
ucf/HorseRiding/samples/00410.png 42
ucf/HorseRiding/samples/00411.png 42
ucf/HorseRiding/samples/00412.png 42
ucf/HorseRiding/samples/00413.png 42
ucf/HorseRiding/samples/00414.png 42
ucf/HorseRiding/samples/00415.png 42
ucf/HorseRiding/samples/00416.png 42
ucf/HorseRiding/samples/00417.png 42
ucf/HorseRiding/samples/00418.png 42
ucf/HorseRiding/samples/00419.png 42
ucf/HorseRiding/samples/00420.png 42
ucf/HorseRiding/samples/00421.png 42
ucf/HorseRiding/samples/00422.png 42
ucf/HorseRiding/samples/00423.png 42
ucf/HorseRiding/samples/00424.png 42
ucf/HorseRiding/samples/00425.png 42
ucf/HorseRiding/samples/00426.png 42
ucf/HorseRiding/samples/00427.png 42
ucf/HorseRiding/samples/00428.png 42
ucf/HorseRiding/samples/00429.png 42
ucf/HorseRiding/samples/00430.png 42
ucf/HorseRiding/samples/00431.png 42
ucf/HorseRiding/samples/00432.png 42
ucf/HorseRiding/samples/00433.png 42
ucf/HorseRiding/samples/00434.png 42
ucf/HorseRiding/samples/00435.png 42
ucf/HorseRiding/samples/00436.png 42
ucf/HorseRiding/samples/00437.png 42
ucf/HorseRiding/samples/00438.png 42
ucf/HorseRiding/samples/00439.png 42
ucf/HorseRiding/samples/00440.png 42
ucf/HorseRiding/samples/00441.png 42
ucf/HorseRiding/samples/00442.png 42
ucf/HorseRiding/samples/00443.png 42
ucf/HorseRiding/samples/00444.png 42
ucf/HorseRiding/samples/00445.png 42
ucf/HorseRiding/samples/00446.png 42
ucf/HorseRiding/samples/00447.png 42
ucf/HorseRiding/samples/00448.png 42
ucf/HorseRiding/samples/00449.png 42
ucf/HorseRiding/samples/00450.png 42
ucf/HorseRiding/samples/00451.png 42
ucf/HorseRiding/samples/00452.png 42
ucf/HorseRiding/samples/00453.png 42
ucf/HorseRiding/samples/00454.png 42
ucf/HorseRiding/samples/00455.png 42
ucf/HorseRiding/samples/00456.png 42
ucf/HorseRiding/samples/00457.png 42
ucf/HorseRiding/samples/00458.png 42
ucf/HorseRiding/samples/00459.png 42
ucf/HorseRiding/samples/00460.png 42
ucf/HorseRiding/samples/00461.png 42
ucf/HorseRiding/samples/00462.png 42
ucf/HorseRiding/samples/00463.png 42
ucf/HorseRiding/samples/00464.png 42
ucf/HorseRiding/samples/00465.png 42
ucf/HorseRiding/samples/00466.png 42
ucf/HorseRiding/samples/00467.png 42
ucf/HorseRiding/samples/00468.png 42
ucf/HorseRiding/samples/00469.png 42
ucf/HorseRiding/samples/00470.png 42
ucf/HorseRiding/samples/00471.png 42
ucf/HorseRiding/samples/00472.png 42
ucf/HorseRiding/samples/00473.png 42
ucf/HorseRiding/samples/00474.png 42
ucf/HorseRiding/samples/00475.png 42
ucf/HorseRiding/samples/00476.png 42
ucf/HorseRiding/samples/00477.png 42
ucf/HorseRiding/samples/00478.png 42
ucf/HorseRiding/samples/00479.png 42
ucf/HorseRiding/samples/00480.png 42
ucf/HorseRiding/samples/00481.png 42
ucf/HorseRiding/samples/00482.png 42
ucf/HorseRiding/samples/00483.png 42
ucf/HorseRiding/samples/00484.png 42
ucf/HorseRiding/samples/00485.png 42
ucf/HorseRiding/samples/00486.png 42
ucf/HorseRiding/samples/00487.png 42
ucf/HorseRiding/samples/00488.png 42
ucf/HorseRiding/samples/00489.png 42
ucf/HorseRiding/samples/00490.png 42
ucf/HorseRiding/samples/00491.png 42
ucf/HorseRiding/samples/00492.png 42
ucf/HorseRiding/samples/00493.png 42
ucf/HorseRiding/samples/00494.png 42
ucf/HorseRiding/samples/00495.png 42
ucf/HorseRiding/samples/00496.png 42
ucf/HorseRiding/samples/00497.png 42
ucf/HorseRiding/samples/00498.png 42
ucf/HorseRiding/samples/00499.png 42
ucf/HorseRiding/samples/00500.png 42
ucf/HorseRiding/samples/00501.png 42
ucf/HorseRiding/samples/00502.png 42
ucf/HorseRiding/samples/00503.png 42
ucf/HorseRiding/samples/00504.png 42
ucf/HorseRiding/samples/00505.png 42
ucf/HorseRiding/samples/00506.png 42
ucf/HorseRiding/samples/00507.png 42
ucf/HorseRiding/samples/00508.png 42
ucf/HorseRiding/samples/00509.png 42
ucf/HorseRiding/samples/00510.png 42
ucf/HorseRiding/samples/00511.png 42
ucf/HorseRiding/samples/00512.png 42
ucf/HorseRiding/samples/00513.png 42
ucf/HorseRiding/samples/00514.png 42
ucf/HorseRiding/samples/00515.png 42
ucf/HorseRiding/samples/00516.png 42
ucf/HorseRiding/samples/00517.png 42
ucf/HorseRiding/samples/00518.png 42
ucf/HorseRiding/samples/00519.png 42
ucf/HorseRiding/samples/00520.png 42
ucf/HorseRiding/samples/00521.png 42
ucf/HorseRiding/samples/00522.png 42
ucf/HorseRiding/samples/00523.png 42
ucf/HorseRiding/samples/00524.png 42
ucf/HorseRiding/samples/00525.png 42
ucf/HorseRiding/samples/00526.png 42
ucf/HorseRiding/samples/00527.png 42
ucf/HorseRiding/samples/00528.png 42
ucf/HorseRiding/samples/00529.png 42
ucf/HorseRiding/samples/00530.png 42
ucf/HorseRiding/samples/00531.png 42
ucf/HorseRiding/samples/00532.png 42
ucf/HorseRiding/samples/00533.png 42
ucf/HorseRiding/samples/00534.png 42
ucf/HorseRiding/samples/00535.png 42
ucf/HorseRiding/samples/00536.png 42
ucf/HorseRiding/samples/00537.png 42
ucf/HorseRiding/samples/00538.png 42
ucf/HorseRiding/samples/00539.png 42
ucf/HorseRiding/samples/00540.png 42
ucf/HorseRiding/samples/00541.png 42
ucf/HorseRiding/samples/00542.png 42
ucf/HorseRiding/samples/00543.png 42
ucf/HorseRiding/samples/00544.png 42
ucf/HorseRiding/samples/00545.png 42
ucf/HorseRiding/samples/00546.png 42
ucf/HorseRiding/samples/00547.png 42
ucf/HorseRiding/samples/00548.png 42
ucf/HorseRiding/samples/00549.png 42
ucf/HorseRiding/samples/00550.png 42
ucf/HorseRiding/samples/00551.png 42
ucf/HorseRiding/samples/00552.png 42
ucf/HorseRiding/samples/00553.png 42
ucf/HorseRiding/samples/00554.png 42
ucf/HorseRiding/samples/00555.png 42
ucf/HorseRiding/samples/00556.png 42
ucf/HorseRiding/samples/00557.png 42
ucf/HorseRiding/samples/00558.png 42
ucf/HorseRiding/samples/00559.png 42
ucf/HorseRiding/samples/00560.png 42
ucf/HorseRiding/samples/00561.png 42
ucf/HorseRiding/samples/00562.png 42
ucf/HorseRiding/samples/00563.png 42
ucf/HorseRiding/samples/00564.png 42
ucf/HorseRiding/samples/00565.png 42
ucf/HorseRiding/samples/00566.png 42
ucf/HorseRiding/samples/00567.png 42
ucf/HorseRiding/samples/00568.png 42
ucf/HorseRiding/samples/00569.png 42
ucf/HorseRiding/samples/00570.png 42
ucf/HorseRiding/samples/00571.png 42
ucf/HorseRiding/samples/00572.png 42
ucf/HorseRiding/samples/00573.png 42
ucf/HorseRiding/samples/00574.png 42
ucf/HorseRiding/samples/00575.png 42
ucf/HorseRiding/samples/00576.png 42
ucf/HorseRiding/samples/00577.png 42
ucf/HorseRiding/samples/00578.png 42
ucf/HorseRiding/samples/00579.png 42
ucf/HorseRiding/samples/00580.png 42
ucf/HorseRiding/samples/00581.png 42
ucf/HorseRiding/samples/00582.png 42
ucf/HorseRiding/samples/00583.png 42
ucf/HorseRiding/samples/00584.png 42
ucf/HorseRiding/samples/00585.png 42
ucf/HorseRiding/samples/00586.png 42
ucf/HorseRiding/samples/00587.png 42
ucf/HorseRiding/samples/00588.png 42
ucf/HorseRiding/samples/00589.png 42
ucf/HorseRiding/samples/00590.png 42
ucf/HorseRiding/samples/00591.png 42
ucf/HorseRiding/samples/00592.png 42
ucf/HorseRiding/samples/00593.png 42
ucf/HorseRiding/samples/00594.png 42
ucf/HorseRiding/samples/00595.png 42
ucf/HorseRiding/samples/00596.png 42
ucf/HorseRiding/samples/00597.png 42
ucf/HorseRiding/samples/00598.png 42
ucf/HorseRiding/samples/00599.png 42
ucf/HorseRiding/samples/00600.png 42
ucf/HorseRiding/samples/00601.png 42
ucf/HorseRiding/samples/00602.png 42
ucf/HorseRiding/samples/00603.png 42
ucf/HorseRiding/samples/00604.png 42
ucf/HorseRiding/samples/00605.png 42
ucf/HorseRiding/samples/00606.png 42
ucf/HorseRiding/samples/00607.png 42
ucf/HorseRiding/samples/00608.png 42
ucf/HorseRiding/samples/00609.png 42
ucf/HorseRiding/samples/00610.png 42
ucf/HorseRiding/samples/00611.png 42
ucf/HorseRiding/samples/00612.png 42
ucf/HorseRiding/samples/00613.png 42
ucf/HorseRiding/samples/00614.png 42
ucf/HorseRiding/samples/00615.png 42
ucf/HorseRiding/samples/00616.png 42
ucf/HorseRiding/samples/00617.png 42
ucf/HorseRiding/samples/00618.png 42
ucf/HorseRiding/samples/00619.png 42
ucf/HorseRiding/samples/00620.png 42
ucf/HorseRiding/samples/00621.png 42
ucf/HorseRiding/samples/00622.png 42
ucf/HorseRiding/samples/00623.png 42
ucf/HorseRiding/samples/00624.png 42
ucf/HorseRiding/samples/00625.png 42
ucf/HorseRiding/samples/00626.png 42
ucf/HorseRiding/samples/00627.png 42
ucf/HorseRiding/samples/00628.png 42
ucf/HorseRiding/samples/00629.png 42
ucf/HorseRiding/samples/00630.png 42
ucf/HorseRiding/samples/00631.png 42
ucf/HorseRiding/samples/00632.png 42
ucf/HorseRiding/samples/00633.png 42
ucf/HorseRiding/samples/00634.png 42
ucf/HorseRiding/samples/00635.png 42
ucf/HorseRiding/samples/00636.png 42
ucf/HorseRiding/samples/00637.png 42
ucf/HorseRiding/samples/00638.png 42
ucf/HorseRiding/samples/00639.png 42
ucf/HorseRiding/samples/00640.png 42
ucf/HorseRiding/samples/00641.png 42
ucf/HorseRiding/samples/00642.png 42
ucf/HorseRiding/samples/00643.png 42
ucf/HorseRiding/samples/00644.png 42
ucf/HorseRiding/samples/00645.png 42
ucf/HorseRiding/samples/00646.png 42
ucf/HorseRiding/samples/00647.png 42
ucf/HorseRiding/samples/00648.png 42
ucf/HorseRiding/samples/00649.png 42
ucf/HorseRiding/samples/00650.png 42
ucf/HorseRiding/samples/00651.png 42
ucf/HorseRiding/samples/00652.png 42
ucf/HorseRiding/samples/00653.png 42
ucf/HorseRiding/samples/00654.png 42
ucf/HorseRiding/samples/00655.png 42
ucf/HorseRiding/samples/00656.png 42
ucf/HorseRiding/samples/00657.png 42
ucf/HorseRiding/samples/00658.png 42
ucf/HorseRiding/samples/00659.png 42
ucf/HorseRiding/samples/00660.png 42
ucf/HorseRiding/samples/00661.png 42
ucf/HorseRiding/samples/00662.png 42
ucf/HorseRiding/samples/00663.png 42
ucf/HorseRiding/samples/00664.png 42
ucf/HorseRiding/samples/00665.png 42
ucf/HorseRiding/samples/00666.png 42
ucf/HorseRiding/samples/00667.png 42
ucf/HorseRiding/samples/00668.png 42
ucf/HorseRiding/samples/00669.png 42
ucf/HorseRiding/samples/00670.png 42
ucf/HorseRiding/samples/00671.png 42
ucf/HorseRiding/samples/00672.png 42
ucf/HorseRiding/samples/00673.png 42
ucf/HorseRiding/samples/00674.png 42
ucf/HorseRiding/samples/00675.png 42
ucf/HorseRiding/samples/00676.png 42
ucf/HorseRiding/samples/00677.png 42
ucf/HorseRiding/samples/00678.png 42
ucf/HorseRiding/samples/00679.png 42
ucf/HorseRiding/samples/00680.png 42
ucf/HorseRiding/samples/00681.png 42
ucf/HorseRiding/samples/00682.png 42
ucf/HorseRiding/samples/00683.png 42
ucf/HorseRiding/samples/00684.png 42
ucf/HorseRiding/samples/00685.png 42
ucf/HorseRiding/samples/00686.png 42
ucf/HorseRiding/samples/00687.png 42
ucf/HorseRiding/samples/00688.png 42
ucf/HorseRiding/samples/00689.png 42
ucf/HorseRiding/samples/00690.png 42
ucf/HorseRiding/samples/00691.png 42
ucf/HorseRiding/samples/00692.png 42
ucf/HorseRiding/samples/00693.png 42
ucf/HorseRiding/samples/00694.png 42
ucf/HorseRiding/samples/00695.png 42
ucf/HorseRiding/samples/00696.png 42
ucf/HorseRiding/samples/00697.png 42
ucf/HorseRiding/samples/00698.png 42
ucf/HorseRiding/samples/00699.png 42
ucf/HorseRiding/samples/00700.png 42
ucf/HorseRiding/samples/00701.png 42
ucf/HorseRiding/samples/00702.png 42
ucf/HorseRiding/samples/00703.png 42
ucf/HorseRiding/samples/00704.png 42
ucf/HorseRiding/samples/00705.png 42
ucf/HorseRiding/samples/00706.png 42
ucf/HorseRiding/samples/00707.png 42
ucf/HorseRiding/samples/00708.png 42
ucf/HorseRiding/samples/00709.png 42
ucf/HorseRiding/samples/00710.png 42
ucf/HorseRiding/samples/00711.png 42
ucf/HorseRiding/samples/00712.png 42
ucf/HorseRiding/samples/00713.png 42
ucf/HorseRiding/samples/00714.png 42
ucf/HorseRiding/samples/00715.png 42
ucf/HorseRiding/samples/00716.png 42
ucf/HorseRiding/samples/00717.png 42
ucf/HorseRiding/samples/00718.png 42
ucf/HorseRiding/samples/00719.png 42
ucf/HorseRiding/samples/00720.png 42
ucf/HorseRiding/samples/00721.png 42
ucf/HorseRiding/samples/00722.png 42
ucf/HorseRiding/samples/00723.png 42
ucf/HorseRiding/samples/00724.png 42
ucf/HorseRiding/samples/00725.png 42
ucf/HorseRiding/samples/00726.png 42
ucf/HorseRiding/samples/00727.png 42
ucf/HorseRiding/samples/00728.png 42
ucf/HorseRiding/samples/00729.png 42
ucf/HorseRiding/samples/00730.png 42
ucf/HorseRiding/samples/00731.png 42
ucf/HorseRiding/samples/00732.png 42
ucf/HorseRiding/samples/00733.png 42
ucf/HorseRiding/samples/00734.png 42
ucf/HorseRiding/samples/00735.png 42
ucf/HorseRiding/samples/00736.png 42
ucf/HorseRiding/samples/00737.png 42
ucf/HorseRiding/samples/00738.png 42
ucf/HorseRiding/samples/00739.png 42
ucf/HorseRiding/samples/00740.png 42
ucf/HorseRiding/samples/00741.png 42
ucf/HorseRiding/samples/00742.png 42
ucf/HorseRiding/samples/00743.png 42
ucf/HorseRiding/samples/00744.png 42
ucf/HorseRiding/samples/00745.png 42
ucf/HorseRiding/samples/00746.png 42
ucf/HorseRiding/samples/00747.png 42
ucf/HorseRiding/samples/00748.png 42
ucf/HorseRiding/samples/00749.png 42
ucf/HorseRiding/samples/00750.png 42
ucf/HorseRiding/samples/00751.png 42
ucf/HorseRiding/samples/00752.png 42
ucf/HorseRiding/samples/00753.png 42
ucf/HorseRiding/samples/00754.png 42
ucf/HorseRiding/samples/00755.png 42
ucf/HorseRiding/samples/00756.png 42
ucf/HorseRiding/samples/00757.png 42
ucf/HorseRiding/samples/00758.png 42
ucf/HorseRiding/samples/00759.png 42
ucf/HorseRiding/samples/00760.png 42
ucf/HorseRiding/samples/00761.png 42
ucf/HorseRiding/samples/00762.png 42
ucf/HorseRiding/samples/00763.png 42
ucf/HorseRiding/samples/00764.png 42
ucf/HorseRiding/samples/00765.png 42
ucf/HorseRiding/samples/00766.png 42
ucf/HorseRiding/samples/00767.png 42
ucf/HorseRiding/samples/00768.png 42
ucf/HorseRiding/samples/00769.png 42
ucf/HorseRiding/samples/00770.png 42
ucf/HorseRiding/samples/00771.png 42
ucf/HorseRiding/samples/00772.png 42
ucf/HorseRiding/samples/00773.png 42
ucf/HorseRiding/samples/00774.png 42
ucf/HorseRiding/samples/00775.png 42
ucf/HorseRiding/samples/00776.png 42
ucf/HorseRiding/samples/00777.png 42
ucf/HorseRiding/samples/00778.png 42
ucf/HorseRiding/samples/00779.png 42
ucf/HorseRiding/samples/00780.png 42
ucf/HorseRiding/samples/00781.png 42
ucf/HorseRiding/samples/00782.png 42
ucf/HorseRiding/samples/00783.png 42
ucf/HorseRiding/samples/00784.png 42
ucf/HorseRiding/samples/00785.png 42
ucf/HorseRiding/samples/00786.png 42
ucf/HorseRiding/samples/00787.png 42
ucf/HorseRiding/samples/00788.png 42
ucf/HorseRiding/samples/00789.png 42
ucf/HorseRiding/samples/00790.png 42
ucf/HorseRiding/samples/00791.png 42
ucf/HorseRiding/samples/00792.png 42
ucf/HorseRiding/samples/00793.png 42
ucf/HorseRiding/samples/00794.png 42
ucf/HorseRiding/samples/00795.png 42
ucf/HorseRiding/samples/00796.png 42
ucf/HorseRiding/samples/00797.png 42
ucf/HorseRiding/samples/00798.png 42
ucf/HorseRiding/samples/00799.png 42
ucf/HorseRiding/samples/00800.png 42
ucf/HorseRiding/samples/00801.png 42
ucf/HorseRiding/samples/00802.png 42
ucf/HorseRiding/samples/00803.png 42
ucf/HorseRiding/samples/00804.png 42
ucf/HorseRiding/samples/00805.png 42
ucf/HorseRiding/samples/00806.png 42
ucf/HorseRiding/samples/00807.png 42
ucf/HorseRiding/samples/00808.png 42
ucf/HorseRiding/samples/00809.png 42
ucf/HorseRiding/samples/00810.png 42
ucf/HorseRiding/samples/00811.png 42
ucf/HorseRiding/samples/00812.png 42
ucf/HorseRiding/samples/00813.png 42
ucf/HorseRiding/samples/00814.png 42
ucf/HorseRiding/samples/00815.png 42
ucf/HorseRiding/samples/00816.png 42
ucf/HorseRiding/samples/00817.png 42
ucf/HorseRiding/samples/00818.png 42
ucf/HorseRiding/samples/00819.png 42
ucf/HorseRiding/samples/00820.png 42
ucf/HorseRiding/samples/00821.png 42
ucf/HorseRiding/samples/00822.png 42
ucf/HorseRiding/samples/00823.png 42
ucf/HorseRiding/samples/00824.png 42
ucf/HorseRiding/samples/00825.png 42
ucf/HorseRiding/samples/00826.png 42
ucf/HorseRiding/samples/00827.png 42
ucf/HorseRiding/samples/00828.png 42
ucf/HorseRiding/samples/00829.png 42
ucf/HorseRiding/samples/00830.png 42
ucf/HorseRiding/samples/00831.png 42
ucf/HorseRiding/samples/00832.png 42
ucf/HorseRiding/samples/00833.png 42
ucf/HorseRiding/samples/00834.png 42
ucf/HorseRiding/samples/00835.png 42
ucf/HorseRiding/samples/00836.png 42
ucf/HorseRiding/samples/00837.png 42
ucf/HorseRiding/samples/00838.png 42
ucf/HorseRiding/samples/00839.png 42
ucf/HorseRiding/samples/00840.png 42
ucf/HorseRiding/samples/00841.png 42
ucf/HorseRiding/samples/00842.png 42
ucf/HorseRiding/samples/00843.png 42
ucf/HorseRiding/samples/00844.png 42
ucf/HorseRiding/samples/00845.png 42
ucf/HorseRiding/samples/00846.png 42
ucf/HorseRiding/samples/00847.png 42
ucf/HorseRiding/samples/00848.png 42
ucf/HorseRiding/samples/00849.png 42
ucf/HorseRiding/samples/00850.png 42
ucf/HorseRiding/samples/00851.png 42
ucf/HorseRiding/samples/00852.png 42
ucf/HorseRiding/samples/00853.png 42
ucf/HorseRiding/samples/00854.png 42
ucf/HorseRiding/samples/00855.png 42
ucf/HorseRiding/samples/00856.png 42
ucf/HorseRiding/samples/00857.png 42
ucf/HorseRiding/samples/00858.png 42
ucf/HorseRiding/samples/00859.png 42
ucf/HorseRiding/samples/00860.png 42
ucf/HorseRiding/samples/00861.png 42
ucf/HorseRiding/samples/00862.png 42
ucf/HorseRiding/samples/00863.png 42
ucf/HorseRiding/samples/00864.png 42
ucf/HorseRiding/samples/00865.png 42
ucf/HorseRiding/samples/00866.png 42
ucf/HorseRiding/samples/00867.png 42
ucf/HorseRiding/samples/00868.png 42
ucf/HorseRiding/samples/00869.png 42
ucf/HorseRiding/samples/00870.png 42
ucf/HorseRiding/samples/00871.png 42
ucf/HorseRiding/samples/00872.png 42
ucf/HorseRiding/samples/00873.png 42
ucf/HorseRiding/samples/00874.png 42
ucf/HorseRiding/samples/00875.png 42
ucf/HorseRiding/samples/00876.png 42
ucf/HorseRiding/samples/00877.png 42
ucf/HorseRiding/samples/00878.png 42
ucf/HorseRiding/samples/00879.png 42
ucf/HorseRiding/samples/00880.png 42
ucf/HorseRiding/samples/00881.png 42
ucf/HorseRiding/samples/00882.png 42
ucf/HorseRiding/samples/00883.png 42
ucf/HorseRiding/samples/00884.png 42
ucf/HorseRiding/samples/00885.png 42
ucf/HorseRiding/samples/00886.png 42
ucf/HorseRiding/samples/00887.png 42
ucf/HorseRiding/samples/00888.png 42
ucf/HorseRiding/samples/00889.png 42
ucf/HorseRiding/samples/00890.png 42
ucf/HorseRiding/samples/00891.png 42
ucf/HorseRiding/samples/00892.png 42
ucf/HorseRiding/samples/00893.png 42
ucf/HorseRiding/samples/00894.png 42
ucf/HorseRiding/samples/00895.png 42
ucf/HorseRiding/samples/00896.png 42
ucf/HorseRiding/samples/00897.png 42
ucf/HorseRiding/samples/00898.png 42
ucf/HorseRiding/samples/00899.png 42
ucf/HorseRiding/samples/00900.png 42
ucf/HorseRiding/samples/00901.png 42
ucf/HorseRiding/samples/00902.png 42
ucf/HorseRiding/samples/00903.png 42
ucf/HorseRiding/samples/00904.png 42
ucf/HorseRiding/samples/00905.png 42
ucf/HorseRiding/samples/00906.png 42
ucf/HorseRiding/samples/00907.png 42
ucf/HorseRiding/samples/00908.png 42
ucf/HorseRiding/samples/00909.png 42
ucf/HorseRiding/samples/00910.png 42
ucf/HorseRiding/samples/00911.png 42
ucf/HorseRiding/samples/00912.png 42
ucf/HorseRiding/samples/00913.png 42
ucf/HorseRiding/samples/00914.png 42
ucf/HorseRiding/samples/00915.png 42
ucf/HorseRiding/samples/00916.png 42
ucf/HorseRiding/samples/00917.png 42
ucf/HorseRiding/samples/00918.png 42
ucf/HorseRiding/samples/00919.png 42
ucf/HorseRiding/samples/00920.png 42
ucf/HorseRiding/samples/00921.png 42
ucf/HorseRiding/samples/00922.png 42
ucf/HorseRiding/samples/00923.png 42
ucf/HorseRiding/samples/00924.png 42
ucf/HorseRiding/samples/00925.png 42
ucf/HorseRiding/samples/00926.png 42
ucf/HorseRiding/samples/00927.png 42
ucf/HorseRiding/samples/00928.png 42
ucf/HorseRiding/samples/00929.png 42
ucf/HorseRiding/samples/00930.png 42
ucf/HorseRiding/samples/00931.png 42
ucf/HorseRiding/samples/00932.png 42
ucf/HorseRiding/samples/00933.png 42
ucf/HorseRiding/samples/00934.png 42
ucf/HorseRiding/samples/00935.png 42
ucf/HorseRiding/samples/00936.png 42
ucf/HorseRiding/samples/00937.png 42
ucf/HorseRiding/samples/00938.png 42
ucf/HorseRiding/samples/00939.png 42
ucf/HorseRiding/samples/00940.png 42
ucf/HorseRiding/samples/00941.png 42
ucf/HorseRiding/samples/00942.png 42
ucf/HorseRiding/samples/00943.png 42
ucf/HorseRiding/samples/00944.png 42
ucf/HorseRiding/samples/00945.png 42
ucf/HorseRiding/samples/00946.png 42
ucf/HorseRiding/samples/00947.png 42
ucf/HorseRiding/samples/00948.png 42
ucf/HorseRiding/samples/00949.png 42
ucf/HorseRiding/samples/00950.png 42
ucf/HorseRiding/samples/00951.png 42
ucf/HorseRiding/samples/00952.png 42
ucf/HorseRiding/samples/00953.png 42
ucf/HorseRiding/samples/00954.png 42
ucf/HorseRiding/samples/00955.png 42
ucf/HorseRiding/samples/00956.png 42
ucf/HorseRiding/samples/00957.png 42
ucf/HorseRiding/samples/00958.png 42
ucf/HorseRiding/samples/00959.png 42
ucf/HorseRiding/samples/00960.png 42
ucf/HorseRiding/samples/00961.png 42
ucf/HorseRiding/samples/00962.png 42
ucf/HorseRiding/samples/00963.png 42
ucf/HorseRiding/samples/00964.png 42
ucf/HorseRiding/samples/00965.png 42
ucf/HorseRiding/samples/00966.png 42
ucf/HorseRiding/samples/00967.png 42
ucf/HorseRiding/samples/00968.png 42
ucf/HorseRiding/samples/00969.png 42
ucf/HorseRiding/samples/00970.png 42
ucf/HorseRiding/samples/00971.png 42
ucf/HorseRiding/samples/00972.png 42
ucf/HorseRiding/samples/00973.png 42
ucf/HorseRiding/samples/00974.png 42
ucf/HorseRiding/samples/00975.png 42
ucf/HorseRiding/samples/00976.png 42
ucf/HorseRiding/samples/00977.png 42
ucf/HorseRiding/samples/00978.png 42
ucf/HorseRiding/samples/00979.png 42
ucf/HorseRiding/samples/00980.png 42
ucf/HorseRiding/samples/00981.png 42
ucf/HorseRiding/samples/00982.png 42
ucf/HorseRiding/samples/00983.png 42
ucf/HorseRiding/samples/00984.png 42
ucf/HorseRiding/samples/00985.png 42
ucf/HorseRiding/samples/00986.png 42
ucf/HorseRiding/samples/00987.png 42
ucf/HorseRiding/samples/00988.png 42
ucf/HorseRiding/samples/00989.png 42
ucf/HorseRiding/samples/00990.png 42
ucf/HorseRiding/samples/00991.png 42
ucf/HorseRiding/samples/00992.png 42
ucf/HorseRiding/samples/00993.png 42
ucf/HorseRiding/samples/00994.png 42
ucf/HorseRiding/samples/00995.png 42
ucf/HorseRiding/samples/00996.png 42
ucf/HorseRiding/samples/00997.png 42
ucf/HorseRiding/samples/00998.png 42
ucf/HorseRiding/samples/00999.png 42
ucf/JumpingJack/samples/00000.png 47
ucf/JumpingJack/samples/00001.png 47
ucf/JumpingJack/samples/00002.png 47
ucf/JumpingJack/samples/00003.png 47
ucf/JumpingJack/samples/00004.png 47
ucf/JumpingJack/samples/00005.png 47
ucf/JumpingJack/samples/00006.png 47
ucf/JumpingJack/samples/00007.png 47
ucf/JumpingJack/samples/00008.png 47
ucf/JumpingJack/samples/00009.png 47
ucf/JumpingJack/samples/00010.png 47
ucf/JumpingJack/samples/00011.png 47
ucf/JumpingJack/samples/00012.png 47
ucf/JumpingJack/samples/00013.png 47
ucf/JumpingJack/samples/00014.png 47
ucf/JumpingJack/samples/00015.png 47
ucf/JumpingJack/samples/00016.png 47
ucf/JumpingJack/samples/00017.png 47
ucf/JumpingJack/samples/00018.png 47
ucf/JumpingJack/samples/00019.png 47
ucf/JumpingJack/samples/00020.png 47
ucf/JumpingJack/samples/00021.png 47
ucf/JumpingJack/samples/00022.png 47
ucf/JumpingJack/samples/00023.png 47
ucf/JumpingJack/samples/00024.png 47
ucf/JumpingJack/samples/00025.png 47
ucf/JumpingJack/samples/00026.png 47
ucf/JumpingJack/samples/00027.png 47
ucf/JumpingJack/samples/00028.png 47
ucf/JumpingJack/samples/00029.png 47
ucf/JumpingJack/samples/00030.png 47
ucf/JumpingJack/samples/00031.png 47
ucf/JumpingJack/samples/00032.png 47
ucf/JumpingJack/samples/00033.png 47
ucf/JumpingJack/samples/00034.png 47
ucf/JumpingJack/samples/00035.png 47
ucf/JumpingJack/samples/00036.png 47
ucf/JumpingJack/samples/00037.png 47
ucf/JumpingJack/samples/00038.png 47
ucf/JumpingJack/samples/00039.png 47
ucf/JumpingJack/samples/00040.png 47
ucf/JumpingJack/samples/00041.png 47
ucf/JumpingJack/samples/00042.png 47
ucf/JumpingJack/samples/00043.png 47
ucf/JumpingJack/samples/00044.png 47
ucf/JumpingJack/samples/00045.png 47
ucf/JumpingJack/samples/00046.png 47
ucf/JumpingJack/samples/00047.png 47
ucf/JumpingJack/samples/00048.png 47
ucf/JumpingJack/samples/00049.png 47
ucf/JumpingJack/samples/00050.png 47
ucf/JumpingJack/samples/00051.png 47
ucf/JumpingJack/samples/00052.png 47
ucf/JumpingJack/samples/00053.png 47
ucf/JumpingJack/samples/00054.png 47
ucf/JumpingJack/samples/00055.png 47
ucf/JumpingJack/samples/00056.png 47
ucf/JumpingJack/samples/00057.png 47
ucf/JumpingJack/samples/00058.png 47
ucf/JumpingJack/samples/00059.png 47
ucf/JumpingJack/samples/00060.png 47
ucf/JumpingJack/samples/00061.png 47
ucf/JumpingJack/samples/00062.png 47
ucf/JumpingJack/samples/00063.png 47
ucf/JumpingJack/samples/00064.png 47
ucf/JumpingJack/samples/00065.png 47
ucf/JumpingJack/samples/00066.png 47
ucf/JumpingJack/samples/00067.png 47
ucf/JumpingJack/samples/00068.png 47
ucf/JumpingJack/samples/00069.png 47
ucf/JumpingJack/samples/00070.png 47
ucf/JumpingJack/samples/00071.png 47
ucf/JumpingJack/samples/00072.png 47
ucf/JumpingJack/samples/00073.png 47
ucf/JumpingJack/samples/00074.png 47
ucf/JumpingJack/samples/00075.png 47
ucf/JumpingJack/samples/00076.png 47
ucf/JumpingJack/samples/00077.png 47
ucf/JumpingJack/samples/00078.png 47
ucf/JumpingJack/samples/00079.png 47
ucf/JumpingJack/samples/00080.png 47
ucf/JumpingJack/samples/00081.png 47
ucf/JumpingJack/samples/00082.png 47
ucf/JumpingJack/samples/00083.png 47
ucf/JumpingJack/samples/00084.png 47
ucf/JumpingJack/samples/00085.png 47
ucf/JumpingJack/samples/00086.png 47
ucf/JumpingJack/samples/00087.png 47
ucf/JumpingJack/samples/00088.png 47
ucf/JumpingJack/samples/00089.png 47
ucf/JumpingJack/samples/00090.png 47
ucf/JumpingJack/samples/00091.png 47
ucf/JumpingJack/samples/00092.png 47
ucf/JumpingJack/samples/00093.png 47
ucf/JumpingJack/samples/00094.png 47
ucf/JumpingJack/samples/00095.png 47
ucf/JumpingJack/samples/00096.png 47
ucf/JumpingJack/samples/00097.png 47
ucf/JumpingJack/samples/00098.png 47
ucf/JumpingJack/samples/00099.png 47
ucf/JumpingJack/samples/00100.png 47
ucf/JumpingJack/samples/00101.png 47
ucf/JumpingJack/samples/00102.png 47
ucf/JumpingJack/samples/00103.png 47
ucf/JumpingJack/samples/00104.png 47
ucf/JumpingJack/samples/00105.png 47
ucf/JumpingJack/samples/00106.png 47
ucf/JumpingJack/samples/00107.png 47
ucf/JumpingJack/samples/00108.png 47
ucf/JumpingJack/samples/00109.png 47
ucf/JumpingJack/samples/00110.png 47
ucf/JumpingJack/samples/00111.png 47
ucf/JumpingJack/samples/00112.png 47
ucf/JumpingJack/samples/00113.png 47
ucf/JumpingJack/samples/00114.png 47
ucf/JumpingJack/samples/00115.png 47
ucf/JumpingJack/samples/00116.png 47
ucf/JumpingJack/samples/00117.png 47
ucf/JumpingJack/samples/00118.png 47
ucf/JumpingJack/samples/00119.png 47
ucf/JumpingJack/samples/00120.png 47
ucf/JumpingJack/samples/00121.png 47
ucf/JumpingJack/samples/00122.png 47
ucf/JumpingJack/samples/00123.png 47
ucf/JumpingJack/samples/00124.png 47
ucf/JumpingJack/samples/00125.png 47
ucf/JumpingJack/samples/00126.png 47
ucf/JumpingJack/samples/00127.png 47
ucf/JumpingJack/samples/00128.png 47
ucf/JumpingJack/samples/00129.png 47
ucf/JumpingJack/samples/00130.png 47
ucf/JumpingJack/samples/00131.png 47
ucf/JumpingJack/samples/00132.png 47
ucf/JumpingJack/samples/00133.png 47
ucf/JumpingJack/samples/00134.png 47
ucf/JumpingJack/samples/00135.png 47
ucf/JumpingJack/samples/00136.png 47
ucf/JumpingJack/samples/00137.png 47
ucf/JumpingJack/samples/00138.png 47
ucf/JumpingJack/samples/00139.png 47
ucf/JumpingJack/samples/00140.png 47
ucf/JumpingJack/samples/00141.png 47
ucf/JumpingJack/samples/00142.png 47
ucf/JumpingJack/samples/00143.png 47
ucf/JumpingJack/samples/00144.png 47
ucf/JumpingJack/samples/00145.png 47
ucf/JumpingJack/samples/00146.png 47
ucf/JumpingJack/samples/00147.png 47
ucf/JumpingJack/samples/00148.png 47
ucf/JumpingJack/samples/00149.png 47
ucf/JumpingJack/samples/00150.png 47
ucf/JumpingJack/samples/00151.png 47
ucf/JumpingJack/samples/00152.png 47
ucf/JumpingJack/samples/00153.png 47
ucf/JumpingJack/samples/00154.png 47
ucf/JumpingJack/samples/00155.png 47
ucf/JumpingJack/samples/00156.png 47
ucf/JumpingJack/samples/00157.png 47
ucf/JumpingJack/samples/00158.png 47
ucf/JumpingJack/samples/00159.png 47
ucf/JumpingJack/samples/00160.png 47
ucf/JumpingJack/samples/00161.png 47
ucf/JumpingJack/samples/00162.png 47
ucf/JumpingJack/samples/00163.png 47
ucf/JumpingJack/samples/00164.png 47
ucf/JumpingJack/samples/00165.png 47
ucf/JumpingJack/samples/00166.png 47
ucf/JumpingJack/samples/00167.png 47
ucf/JumpingJack/samples/00168.png 47
ucf/JumpingJack/samples/00169.png 47
ucf/JumpingJack/samples/00170.png 47
ucf/JumpingJack/samples/00171.png 47
ucf/JumpingJack/samples/00172.png 47
ucf/JumpingJack/samples/00173.png 47
ucf/JumpingJack/samples/00174.png 47
ucf/JumpingJack/samples/00175.png 47
ucf/JumpingJack/samples/00176.png 47
ucf/JumpingJack/samples/00177.png 47
ucf/JumpingJack/samples/00178.png 47
ucf/JumpingJack/samples/00179.png 47
ucf/JumpingJack/samples/00180.png 47
ucf/JumpingJack/samples/00181.png 47
ucf/JumpingJack/samples/00182.png 47
ucf/JumpingJack/samples/00183.png 47
ucf/JumpingJack/samples/00184.png 47
ucf/JumpingJack/samples/00185.png 47
ucf/JumpingJack/samples/00186.png 47
ucf/JumpingJack/samples/00187.png 47
ucf/JumpingJack/samples/00188.png 47
ucf/JumpingJack/samples/00189.png 47
ucf/JumpingJack/samples/00190.png 47
ucf/JumpingJack/samples/00191.png 47
ucf/JumpingJack/samples/00192.png 47
ucf/JumpingJack/samples/00193.png 47
ucf/JumpingJack/samples/00194.png 47
ucf/JumpingJack/samples/00195.png 47
ucf/JumpingJack/samples/00196.png 47
ucf/JumpingJack/samples/00197.png 47
ucf/JumpingJack/samples/00198.png 47
ucf/JumpingJack/samples/00199.png 47
ucf/JumpingJack/samples/00200.png 47
ucf/JumpingJack/samples/00201.png 47
ucf/JumpingJack/samples/00202.png 47
ucf/JumpingJack/samples/00203.png 47
ucf/JumpingJack/samples/00204.png 47
ucf/JumpingJack/samples/00205.png 47
ucf/JumpingJack/samples/00206.png 47
ucf/JumpingJack/samples/00207.png 47
ucf/JumpingJack/samples/00208.png 47
ucf/JumpingJack/samples/00209.png 47
ucf/JumpingJack/samples/00210.png 47
ucf/JumpingJack/samples/00211.png 47
ucf/JumpingJack/samples/00212.png 47
ucf/JumpingJack/samples/00213.png 47
ucf/JumpingJack/samples/00214.png 47
ucf/JumpingJack/samples/00215.png 47
ucf/JumpingJack/samples/00216.png 47
ucf/JumpingJack/samples/00217.png 47
ucf/JumpingJack/samples/00218.png 47
ucf/JumpingJack/samples/00219.png 47
ucf/JumpingJack/samples/00220.png 47
ucf/JumpingJack/samples/00221.png 47
ucf/JumpingJack/samples/00222.png 47
ucf/JumpingJack/samples/00223.png 47
ucf/JumpingJack/samples/00224.png 47
ucf/JumpingJack/samples/00225.png 47
ucf/JumpingJack/samples/00226.png 47
ucf/JumpingJack/samples/00227.png 47
ucf/JumpingJack/samples/00228.png 47
ucf/JumpingJack/samples/00229.png 47
ucf/JumpingJack/samples/00230.png 47
ucf/JumpingJack/samples/00231.png 47
ucf/JumpingJack/samples/00232.png 47
ucf/JumpingJack/samples/00233.png 47
ucf/JumpingJack/samples/00234.png 47
ucf/JumpingJack/samples/00235.png 47
ucf/JumpingJack/samples/00236.png 47
ucf/JumpingJack/samples/00237.png 47
ucf/JumpingJack/samples/00238.png 47
ucf/JumpingJack/samples/00239.png 47
ucf/JumpingJack/samples/00240.png 47
ucf/JumpingJack/samples/00241.png 47
ucf/JumpingJack/samples/00242.png 47
ucf/JumpingJack/samples/00243.png 47
ucf/JumpingJack/samples/00244.png 47
ucf/JumpingJack/samples/00245.png 47
ucf/JumpingJack/samples/00246.png 47
ucf/JumpingJack/samples/00247.png 47
ucf/JumpingJack/samples/00248.png 47
ucf/JumpingJack/samples/00249.png 47
ucf/JumpingJack/samples/00250.png 47
ucf/JumpingJack/samples/00251.png 47
ucf/JumpingJack/samples/00252.png 47
ucf/JumpingJack/samples/00253.png 47
ucf/JumpingJack/samples/00254.png 47
ucf/JumpingJack/samples/00255.png 47
ucf/JumpingJack/samples/00256.png 47
ucf/JumpingJack/samples/00257.png 47
ucf/JumpingJack/samples/00258.png 47
ucf/JumpingJack/samples/00259.png 47
ucf/JumpingJack/samples/00260.png 47
ucf/JumpingJack/samples/00261.png 47
ucf/JumpingJack/samples/00262.png 47
ucf/JumpingJack/samples/00263.png 47
ucf/JumpingJack/samples/00264.png 47
ucf/JumpingJack/samples/00265.png 47
ucf/JumpingJack/samples/00266.png 47
ucf/JumpingJack/samples/00267.png 47
ucf/JumpingJack/samples/00268.png 47
ucf/JumpingJack/samples/00269.png 47
ucf/JumpingJack/samples/00270.png 47
ucf/JumpingJack/samples/00271.png 47
ucf/JumpingJack/samples/00272.png 47
ucf/JumpingJack/samples/00273.png 47
ucf/JumpingJack/samples/00274.png 47
ucf/JumpingJack/samples/00275.png 47
ucf/JumpingJack/samples/00276.png 47
ucf/JumpingJack/samples/00277.png 47
ucf/JumpingJack/samples/00278.png 47
ucf/JumpingJack/samples/00279.png 47
ucf/JumpingJack/samples/00280.png 47
ucf/JumpingJack/samples/00281.png 47
ucf/JumpingJack/samples/00282.png 47
ucf/JumpingJack/samples/00283.png 47
ucf/JumpingJack/samples/00284.png 47
ucf/JumpingJack/samples/00285.png 47
ucf/JumpingJack/samples/00286.png 47
ucf/JumpingJack/samples/00287.png 47
ucf/JumpingJack/samples/00288.png 47
ucf/JumpingJack/samples/00289.png 47
ucf/JumpingJack/samples/00290.png 47
ucf/JumpingJack/samples/00291.png 47
ucf/JumpingJack/samples/00292.png 47
ucf/JumpingJack/samples/00293.png 47
ucf/JumpingJack/samples/00294.png 47
ucf/JumpingJack/samples/00295.png 47
ucf/JumpingJack/samples/00296.png 47
ucf/JumpingJack/samples/00297.png 47
ucf/JumpingJack/samples/00298.png 47
ucf/JumpingJack/samples/00299.png 47
ucf/JumpingJack/samples/00300.png 47
ucf/JumpingJack/samples/00301.png 47
ucf/JumpingJack/samples/00302.png 47
ucf/JumpingJack/samples/00303.png 47
ucf/JumpingJack/samples/00304.png 47
ucf/JumpingJack/samples/00305.png 47
ucf/JumpingJack/samples/00306.png 47
ucf/JumpingJack/samples/00307.png 47
ucf/JumpingJack/samples/00308.png 47
ucf/JumpingJack/samples/00309.png 47
ucf/JumpingJack/samples/00310.png 47
ucf/JumpingJack/samples/00311.png 47
ucf/JumpingJack/samples/00312.png 47
ucf/JumpingJack/samples/00313.png 47
ucf/JumpingJack/samples/00314.png 47
ucf/JumpingJack/samples/00315.png 47
ucf/JumpingJack/samples/00316.png 47
ucf/JumpingJack/samples/00317.png 47
ucf/JumpingJack/samples/00318.png 47
ucf/JumpingJack/samples/00319.png 47
ucf/JumpingJack/samples/00320.png 47
ucf/JumpingJack/samples/00321.png 47
ucf/JumpingJack/samples/00322.png 47
ucf/JumpingJack/samples/00323.png 47
ucf/JumpingJack/samples/00324.png 47
ucf/JumpingJack/samples/00325.png 47
ucf/JumpingJack/samples/00326.png 47
ucf/JumpingJack/samples/00327.png 47
ucf/JumpingJack/samples/00328.png 47
ucf/JumpingJack/samples/00329.png 47
ucf/JumpingJack/samples/00330.png 47
ucf/JumpingJack/samples/00331.png 47
ucf/JumpingJack/samples/00332.png 47
ucf/JumpingJack/samples/00333.png 47
ucf/JumpingJack/samples/00334.png 47
ucf/JumpingJack/samples/00335.png 47
ucf/JumpingJack/samples/00336.png 47
ucf/JumpingJack/samples/00337.png 47
ucf/JumpingJack/samples/00338.png 47
ucf/JumpingJack/samples/00339.png 47
ucf/JumpingJack/samples/00340.png 47
ucf/JumpingJack/samples/00341.png 47
ucf/JumpingJack/samples/00342.png 47
ucf/JumpingJack/samples/00343.png 47
ucf/JumpingJack/samples/00344.png 47
ucf/JumpingJack/samples/00345.png 47
ucf/JumpingJack/samples/00346.png 47
ucf/JumpingJack/samples/00347.png 47
ucf/JumpingJack/samples/00348.png 47
ucf/JumpingJack/samples/00349.png 47
ucf/JumpingJack/samples/00350.png 47
ucf/JumpingJack/samples/00351.png 47
ucf/JumpingJack/samples/00352.png 47
ucf/JumpingJack/samples/00353.png 47
ucf/JumpingJack/samples/00354.png 47
ucf/JumpingJack/samples/00355.png 47
ucf/JumpingJack/samples/00356.png 47
ucf/JumpingJack/samples/00357.png 47
ucf/JumpingJack/samples/00358.png 47
ucf/JumpingJack/samples/00359.png 47
ucf/JumpingJack/samples/00360.png 47
ucf/JumpingJack/samples/00361.png 47
ucf/JumpingJack/samples/00362.png 47
ucf/JumpingJack/samples/00363.png 47
ucf/JumpingJack/samples/00364.png 47
ucf/JumpingJack/samples/00365.png 47
ucf/JumpingJack/samples/00366.png 47
ucf/JumpingJack/samples/00367.png 47
ucf/JumpingJack/samples/00368.png 47
ucf/JumpingJack/samples/00369.png 47
ucf/JumpingJack/samples/00370.png 47
ucf/JumpingJack/samples/00371.png 47
ucf/JumpingJack/samples/00372.png 47
ucf/JumpingJack/samples/00373.png 47
ucf/JumpingJack/samples/00374.png 47
ucf/JumpingJack/samples/00375.png 47
ucf/JumpingJack/samples/00376.png 47
ucf/JumpingJack/samples/00377.png 47
ucf/JumpingJack/samples/00378.png 47
ucf/JumpingJack/samples/00379.png 47
ucf/JumpingJack/samples/00380.png 47
ucf/JumpingJack/samples/00381.png 47
ucf/JumpingJack/samples/00382.png 47
ucf/JumpingJack/samples/00383.png 47
ucf/JumpingJack/samples/00384.png 47
ucf/JumpingJack/samples/00385.png 47
ucf/JumpingJack/samples/00386.png 47
ucf/JumpingJack/samples/00387.png 47
ucf/JumpingJack/samples/00388.png 47
ucf/JumpingJack/samples/00389.png 47
ucf/JumpingJack/samples/00390.png 47
ucf/JumpingJack/samples/00391.png 47
ucf/JumpingJack/samples/00392.png 47
ucf/JumpingJack/samples/00393.png 47
ucf/JumpingJack/samples/00394.png 47
ucf/JumpingJack/samples/00395.png 47
ucf/JumpingJack/samples/00396.png 47
ucf/JumpingJack/samples/00397.png 47
ucf/JumpingJack/samples/00398.png 47
ucf/JumpingJack/samples/00399.png 47
ucf/JumpingJack/samples/00400.png 47
ucf/JumpingJack/samples/00401.png 47
ucf/JumpingJack/samples/00402.png 47
ucf/JumpingJack/samples/00403.png 47
ucf/JumpingJack/samples/00404.png 47
ucf/JumpingJack/samples/00405.png 47
ucf/JumpingJack/samples/00406.png 47
ucf/JumpingJack/samples/00407.png 47
ucf/JumpingJack/samples/00408.png 47
ucf/JumpingJack/samples/00409.png 47
ucf/JumpingJack/samples/00410.png 47
ucf/JumpingJack/samples/00411.png 47
ucf/JumpingJack/samples/00412.png 47
ucf/JumpingJack/samples/00413.png 47
ucf/JumpingJack/samples/00414.png 47
ucf/JumpingJack/samples/00415.png 47
ucf/JumpingJack/samples/00416.png 47
ucf/JumpingJack/samples/00417.png 47
ucf/JumpingJack/samples/00418.png 47
ucf/JumpingJack/samples/00419.png 47
ucf/JumpingJack/samples/00420.png 47
ucf/JumpingJack/samples/00421.png 47
ucf/JumpingJack/samples/00422.png 47
ucf/JumpingJack/samples/00423.png 47
ucf/JumpingJack/samples/00424.png 47
ucf/JumpingJack/samples/00425.png 47
ucf/JumpingJack/samples/00426.png 47
ucf/JumpingJack/samples/00427.png 47
ucf/JumpingJack/samples/00428.png 47
ucf/JumpingJack/samples/00429.png 47
ucf/JumpingJack/samples/00430.png 47
ucf/JumpingJack/samples/00431.png 47
ucf/JumpingJack/samples/00432.png 47
ucf/JumpingJack/samples/00433.png 47
ucf/JumpingJack/samples/00434.png 47
ucf/JumpingJack/samples/00435.png 47
ucf/JumpingJack/samples/00436.png 47
ucf/JumpingJack/samples/00437.png 47
ucf/JumpingJack/samples/00438.png 47
ucf/JumpingJack/samples/00439.png 47
ucf/JumpingJack/samples/00440.png 47
ucf/JumpingJack/samples/00441.png 47
ucf/JumpingJack/samples/00442.png 47
ucf/JumpingJack/samples/00443.png 47
ucf/JumpingJack/samples/00444.png 47
ucf/JumpingJack/samples/00445.png 47
ucf/JumpingJack/samples/00446.png 47
ucf/JumpingJack/samples/00447.png 47
ucf/JumpingJack/samples/00448.png 47
ucf/JumpingJack/samples/00449.png 47
ucf/JumpingJack/samples/00450.png 47
ucf/JumpingJack/samples/00451.png 47
ucf/JumpingJack/samples/00452.png 47
ucf/JumpingJack/samples/00453.png 47
ucf/JumpingJack/samples/00454.png 47
ucf/JumpingJack/samples/00455.png 47
ucf/JumpingJack/samples/00456.png 47
ucf/JumpingJack/samples/00457.png 47
ucf/JumpingJack/samples/00458.png 47
ucf/JumpingJack/samples/00459.png 47
ucf/JumpingJack/samples/00460.png 47
ucf/JumpingJack/samples/00461.png 47
ucf/JumpingJack/samples/00462.png 47
ucf/JumpingJack/samples/00463.png 47
ucf/JumpingJack/samples/00464.png 47
ucf/JumpingJack/samples/00465.png 47
ucf/JumpingJack/samples/00466.png 47
ucf/JumpingJack/samples/00467.png 47
ucf/JumpingJack/samples/00468.png 47
ucf/JumpingJack/samples/00469.png 47
ucf/JumpingJack/samples/00470.png 47
ucf/JumpingJack/samples/00471.png 47
ucf/JumpingJack/samples/00472.png 47
ucf/JumpingJack/samples/00473.png 47
ucf/JumpingJack/samples/00474.png 47
ucf/JumpingJack/samples/00475.png 47
ucf/JumpingJack/samples/00476.png 47
ucf/JumpingJack/samples/00477.png 47
ucf/JumpingJack/samples/00478.png 47
ucf/JumpingJack/samples/00479.png 47
ucf/JumpingJack/samples/00480.png 47
ucf/JumpingJack/samples/00481.png 47
ucf/JumpingJack/samples/00482.png 47
ucf/JumpingJack/samples/00483.png 47
ucf/JumpingJack/samples/00484.png 47
ucf/JumpingJack/samples/00485.png 47
ucf/JumpingJack/samples/00486.png 47
ucf/JumpingJack/samples/00487.png 47
ucf/JumpingJack/samples/00488.png 47
ucf/JumpingJack/samples/00489.png 47
ucf/JumpingJack/samples/00490.png 47
ucf/JumpingJack/samples/00491.png 47
ucf/JumpingJack/samples/00492.png 47
ucf/JumpingJack/samples/00493.png 47
ucf/JumpingJack/samples/00494.png 47
ucf/JumpingJack/samples/00495.png 47
ucf/JumpingJack/samples/00496.png 47
ucf/JumpingJack/samples/00497.png 47
ucf/JumpingJack/samples/00498.png 47
ucf/JumpingJack/samples/00499.png 47
ucf/JumpingJack/samples/00500.png 47
ucf/JumpingJack/samples/00501.png 47
ucf/JumpingJack/samples/00502.png 47
ucf/JumpingJack/samples/00503.png 47
ucf/JumpingJack/samples/00504.png 47
ucf/JumpingJack/samples/00505.png 47
ucf/JumpingJack/samples/00506.png 47
ucf/JumpingJack/samples/00507.png 47
ucf/JumpingJack/samples/00508.png 47
ucf/JumpingJack/samples/00509.png 47
ucf/JumpingJack/samples/00510.png 47
ucf/JumpingJack/samples/00511.png 47
ucf/JumpingJack/samples/00512.png 47
ucf/JumpingJack/samples/00513.png 47
ucf/JumpingJack/samples/00514.png 47
ucf/JumpingJack/samples/00515.png 47
ucf/JumpingJack/samples/00516.png 47
ucf/JumpingJack/samples/00517.png 47
ucf/JumpingJack/samples/00518.png 47
ucf/JumpingJack/samples/00519.png 47
ucf/JumpingJack/samples/00520.png 47
ucf/JumpingJack/samples/00521.png 47
ucf/JumpingJack/samples/00522.png 47
ucf/JumpingJack/samples/00523.png 47
ucf/JumpingJack/samples/00524.png 47
ucf/JumpingJack/samples/00525.png 47
ucf/JumpingJack/samples/00526.png 47
ucf/JumpingJack/samples/00527.png 47
ucf/JumpingJack/samples/00528.png 47
ucf/JumpingJack/samples/00529.png 47
ucf/JumpingJack/samples/00530.png 47
ucf/JumpingJack/samples/00531.png 47
ucf/JumpingJack/samples/00532.png 47
ucf/JumpingJack/samples/00533.png 47
ucf/JumpingJack/samples/00534.png 47
ucf/JumpingJack/samples/00535.png 47
ucf/JumpingJack/samples/00536.png 47
ucf/JumpingJack/samples/00537.png 47
ucf/JumpingJack/samples/00538.png 47
ucf/JumpingJack/samples/00539.png 47
ucf/JumpingJack/samples/00540.png 47
ucf/JumpingJack/samples/00541.png 47
ucf/JumpingJack/samples/00542.png 47
ucf/JumpingJack/samples/00543.png 47
ucf/JumpingJack/samples/00544.png 47
ucf/JumpingJack/samples/00545.png 47
ucf/JumpingJack/samples/00546.png 47
ucf/JumpingJack/samples/00547.png 47
ucf/JumpingJack/samples/00548.png 47
ucf/JumpingJack/samples/00549.png 47
ucf/JumpingJack/samples/00550.png 47
ucf/JumpingJack/samples/00551.png 47
ucf/JumpingJack/samples/00552.png 47
ucf/JumpingJack/samples/00553.png 47
ucf/JumpingJack/samples/00554.png 47
ucf/JumpingJack/samples/00555.png 47
ucf/JumpingJack/samples/00556.png 47
ucf/JumpingJack/samples/00557.png 47
ucf/JumpingJack/samples/00558.png 47
ucf/JumpingJack/samples/00559.png 47
ucf/JumpingJack/samples/00560.png 47
ucf/JumpingJack/samples/00561.png 47
ucf/JumpingJack/samples/00562.png 47
ucf/JumpingJack/samples/00563.png 47
ucf/JumpingJack/samples/00564.png 47
ucf/JumpingJack/samples/00565.png 47
ucf/JumpingJack/samples/00566.png 47
ucf/JumpingJack/samples/00567.png 47
ucf/JumpingJack/samples/00568.png 47
ucf/JumpingJack/samples/00569.png 47
ucf/JumpingJack/samples/00570.png 47
ucf/JumpingJack/samples/00571.png 47
ucf/JumpingJack/samples/00572.png 47
ucf/JumpingJack/samples/00573.png 47
ucf/JumpingJack/samples/00574.png 47
ucf/JumpingJack/samples/00575.png 47
ucf/JumpingJack/samples/00576.png 47
ucf/JumpingJack/samples/00577.png 47
ucf/JumpingJack/samples/00578.png 47
ucf/JumpingJack/samples/00579.png 47
ucf/JumpingJack/samples/00580.png 47
ucf/JumpingJack/samples/00581.png 47
ucf/JumpingJack/samples/00582.png 47
ucf/JumpingJack/samples/00583.png 47
ucf/JumpingJack/samples/00584.png 47
ucf/JumpingJack/samples/00585.png 47
ucf/JumpingJack/samples/00586.png 47
ucf/JumpingJack/samples/00587.png 47
ucf/JumpingJack/samples/00588.png 47
ucf/JumpingJack/samples/00589.png 47
ucf/JumpingJack/samples/00590.png 47
ucf/JumpingJack/samples/00591.png 47
ucf/JumpingJack/samples/00592.png 47
ucf/JumpingJack/samples/00593.png 47
ucf/JumpingJack/samples/00594.png 47
ucf/JumpingJack/samples/00595.png 47
ucf/JumpingJack/samples/00596.png 47
ucf/JumpingJack/samples/00597.png 47
ucf/JumpingJack/samples/00598.png 47
ucf/JumpingJack/samples/00599.png 47
ucf/JumpingJack/samples/00600.png 47
ucf/JumpingJack/samples/00601.png 47
ucf/JumpingJack/samples/00602.png 47
ucf/JumpingJack/samples/00603.png 47
ucf/JumpingJack/samples/00604.png 47
ucf/JumpingJack/samples/00605.png 47
ucf/JumpingJack/samples/00606.png 47
ucf/JumpingJack/samples/00607.png 47
ucf/JumpingJack/samples/00608.png 47
ucf/JumpingJack/samples/00609.png 47
ucf/JumpingJack/samples/00610.png 47
ucf/JumpingJack/samples/00611.png 47
ucf/JumpingJack/samples/00612.png 47
ucf/JumpingJack/samples/00613.png 47
ucf/JumpingJack/samples/00614.png 47
ucf/JumpingJack/samples/00615.png 47
ucf/JumpingJack/samples/00616.png 47
ucf/JumpingJack/samples/00617.png 47
ucf/JumpingJack/samples/00618.png 47
ucf/JumpingJack/samples/00619.png 47
ucf/JumpingJack/samples/00620.png 47
ucf/JumpingJack/samples/00621.png 47
ucf/JumpingJack/samples/00622.png 47
ucf/JumpingJack/samples/00623.png 47
ucf/JumpingJack/samples/00624.png 47
ucf/JumpingJack/samples/00625.png 47
ucf/JumpingJack/samples/00626.png 47
ucf/JumpingJack/samples/00627.png 47
ucf/JumpingJack/samples/00628.png 47
ucf/JumpingJack/samples/00629.png 47
ucf/JumpingJack/samples/00630.png 47
ucf/JumpingJack/samples/00631.png 47
ucf/JumpingJack/samples/00632.png 47
ucf/JumpingJack/samples/00633.png 47
ucf/JumpingJack/samples/00634.png 47
ucf/JumpingJack/samples/00635.png 47
ucf/JumpingJack/samples/00636.png 47
ucf/JumpingJack/samples/00637.png 47
ucf/JumpingJack/samples/00638.png 47
ucf/JumpingJack/samples/00639.png 47
ucf/JumpingJack/samples/00640.png 47
ucf/JumpingJack/samples/00641.png 47
ucf/JumpingJack/samples/00642.png 47
ucf/JumpingJack/samples/00643.png 47
ucf/JumpingJack/samples/00644.png 47
ucf/JumpingJack/samples/00645.png 47
ucf/JumpingJack/samples/00646.png 47
ucf/JumpingJack/samples/00647.png 47
ucf/JumpingJack/samples/00648.png 47
ucf/JumpingJack/samples/00649.png 47
ucf/JumpingJack/samples/00650.png 47
ucf/JumpingJack/samples/00651.png 47
ucf/JumpingJack/samples/00652.png 47
ucf/JumpingJack/samples/00653.png 47
ucf/JumpingJack/samples/00654.png 47
ucf/JumpingJack/samples/00655.png 47
ucf/JumpingJack/samples/00656.png 47
ucf/JumpingJack/samples/00657.png 47
ucf/JumpingJack/samples/00658.png 47
ucf/JumpingJack/samples/00659.png 47
ucf/JumpingJack/samples/00660.png 47
ucf/JumpingJack/samples/00661.png 47
ucf/JumpingJack/samples/00662.png 47
ucf/JumpingJack/samples/00663.png 47
ucf/JumpingJack/samples/00664.png 47
ucf/JumpingJack/samples/00665.png 47
ucf/JumpingJack/samples/00666.png 47
ucf/JumpingJack/samples/00667.png 47
ucf/JumpingJack/samples/00668.png 47
ucf/JumpingJack/samples/00669.png 47
ucf/JumpingJack/samples/00670.png 47
ucf/JumpingJack/samples/00671.png 47
ucf/JumpingJack/samples/00672.png 47
ucf/JumpingJack/samples/00673.png 47
ucf/JumpingJack/samples/00674.png 47
ucf/JumpingJack/samples/00675.png 47
ucf/JumpingJack/samples/00676.png 47
ucf/JumpingJack/samples/00677.png 47
ucf/JumpingJack/samples/00678.png 47
ucf/JumpingJack/samples/00679.png 47
ucf/JumpingJack/samples/00680.png 47
ucf/JumpingJack/samples/00681.png 47
ucf/JumpingJack/samples/00682.png 47
ucf/JumpingJack/samples/00683.png 47
ucf/JumpingJack/samples/00684.png 47
ucf/JumpingJack/samples/00685.png 47
ucf/JumpingJack/samples/00686.png 47
ucf/JumpingJack/samples/00687.png 47
ucf/JumpingJack/samples/00688.png 47
ucf/JumpingJack/samples/00689.png 47
ucf/JumpingJack/samples/00690.png 47
ucf/JumpingJack/samples/00691.png 47
ucf/JumpingJack/samples/00692.png 47
ucf/JumpingJack/samples/00693.png 47
ucf/JumpingJack/samples/00694.png 47
ucf/JumpingJack/samples/00695.png 47
ucf/JumpingJack/samples/00696.png 47
ucf/JumpingJack/samples/00697.png 47
ucf/JumpingJack/samples/00698.png 47
ucf/JumpingJack/samples/00699.png 47
ucf/JumpingJack/samples/00700.png 47
ucf/JumpingJack/samples/00701.png 47
ucf/JumpingJack/samples/00702.png 47
ucf/JumpingJack/samples/00703.png 47
ucf/JumpingJack/samples/00704.png 47
ucf/JumpingJack/samples/00705.png 47
ucf/JumpingJack/samples/00706.png 47
ucf/JumpingJack/samples/00707.png 47
ucf/JumpingJack/samples/00708.png 47
ucf/JumpingJack/samples/00709.png 47
ucf/JumpingJack/samples/00710.png 47
ucf/JumpingJack/samples/00711.png 47
ucf/JumpingJack/samples/00712.png 47
ucf/JumpingJack/samples/00713.png 47
ucf/JumpingJack/samples/00714.png 47
ucf/JumpingJack/samples/00715.png 47
ucf/JumpingJack/samples/00716.png 47
ucf/JumpingJack/samples/00717.png 47
ucf/JumpingJack/samples/00718.png 47
ucf/JumpingJack/samples/00719.png 47
ucf/JumpingJack/samples/00720.png 47
ucf/JumpingJack/samples/00721.png 47
ucf/JumpingJack/samples/00722.png 47
ucf/JumpingJack/samples/00723.png 47
ucf/JumpingJack/samples/00724.png 47
ucf/JumpingJack/samples/00725.png 47
ucf/JumpingJack/samples/00726.png 47
ucf/JumpingJack/samples/00727.png 47
ucf/JumpingJack/samples/00728.png 47
ucf/JumpingJack/samples/00729.png 47
ucf/JumpingJack/samples/00730.png 47
ucf/JumpingJack/samples/00731.png 47
ucf/JumpingJack/samples/00732.png 47
ucf/JumpingJack/samples/00733.png 47
ucf/JumpingJack/samples/00734.png 47
ucf/JumpingJack/samples/00735.png 47
ucf/JumpingJack/samples/00736.png 47
ucf/JumpingJack/samples/00737.png 47
ucf/JumpingJack/samples/00738.png 47
ucf/JumpingJack/samples/00739.png 47
ucf/JumpingJack/samples/00740.png 47
ucf/JumpingJack/samples/00741.png 47
ucf/JumpingJack/samples/00742.png 47
ucf/JumpingJack/samples/00743.png 47
ucf/JumpingJack/samples/00744.png 47
ucf/JumpingJack/samples/00745.png 47
ucf/JumpingJack/samples/00746.png 47
ucf/JumpingJack/samples/00747.png 47
ucf/JumpingJack/samples/00748.png 47
ucf/JumpingJack/samples/00749.png 47
ucf/JumpingJack/samples/00750.png 47
ucf/JumpingJack/samples/00751.png 47
ucf/JumpingJack/samples/00752.png 47
ucf/JumpingJack/samples/00753.png 47
ucf/JumpingJack/samples/00754.png 47
ucf/JumpingJack/samples/00755.png 47
ucf/JumpingJack/samples/00756.png 47
ucf/JumpingJack/samples/00757.png 47
ucf/JumpingJack/samples/00758.png 47
ucf/JumpingJack/samples/00759.png 47
ucf/JumpingJack/samples/00760.png 47
ucf/JumpingJack/samples/00761.png 47
ucf/JumpingJack/samples/00762.png 47
ucf/JumpingJack/samples/00763.png 47
ucf/JumpingJack/samples/00764.png 47
ucf/JumpingJack/samples/00765.png 47
ucf/JumpingJack/samples/00766.png 47
ucf/JumpingJack/samples/00767.png 47
ucf/JumpingJack/samples/00768.png 47
ucf/JumpingJack/samples/00769.png 47
ucf/JumpingJack/samples/00770.png 47
ucf/JumpingJack/samples/00771.png 47
ucf/JumpingJack/samples/00772.png 47
ucf/JumpingJack/samples/00773.png 47
ucf/JumpingJack/samples/00774.png 47
ucf/JumpingJack/samples/00775.png 47
ucf/JumpingJack/samples/00776.png 47
ucf/JumpingJack/samples/00777.png 47
ucf/JumpingJack/samples/00778.png 47
ucf/JumpingJack/samples/00779.png 47
ucf/JumpingJack/samples/00780.png 47
ucf/JumpingJack/samples/00781.png 47
ucf/JumpingJack/samples/00782.png 47
ucf/JumpingJack/samples/00783.png 47
ucf/JumpingJack/samples/00784.png 47
ucf/JumpingJack/samples/00785.png 47
ucf/JumpingJack/samples/00786.png 47
ucf/JumpingJack/samples/00787.png 47
ucf/JumpingJack/samples/00788.png 47
ucf/JumpingJack/samples/00789.png 47
ucf/JumpingJack/samples/00790.png 47
ucf/JumpingJack/samples/00791.png 47
ucf/JumpingJack/samples/00792.png 47
ucf/JumpingJack/samples/00793.png 47
ucf/JumpingJack/samples/00794.png 47
ucf/JumpingJack/samples/00795.png 47
ucf/JumpingJack/samples/00796.png 47
ucf/JumpingJack/samples/00797.png 47
ucf/JumpingJack/samples/00798.png 47
ucf/JumpingJack/samples/00799.png 47
ucf/JumpingJack/samples/00800.png 47
ucf/JumpingJack/samples/00801.png 47
ucf/JumpingJack/samples/00802.png 47
ucf/JumpingJack/samples/00803.png 47
ucf/JumpingJack/samples/00804.png 47
ucf/JumpingJack/samples/00805.png 47
ucf/JumpingJack/samples/00806.png 47
ucf/JumpingJack/samples/00807.png 47
ucf/JumpingJack/samples/00808.png 47
ucf/JumpingJack/samples/00809.png 47
ucf/JumpingJack/samples/00810.png 47
ucf/JumpingJack/samples/00811.png 47
ucf/JumpingJack/samples/00812.png 47
ucf/JumpingJack/samples/00813.png 47
ucf/JumpingJack/samples/00814.png 47
ucf/JumpingJack/samples/00815.png 47
ucf/JumpingJack/samples/00816.png 47
ucf/JumpingJack/samples/00817.png 47
ucf/JumpingJack/samples/00818.png 47
ucf/JumpingJack/samples/00819.png 47
ucf/JumpingJack/samples/00820.png 47
ucf/JumpingJack/samples/00821.png 47
ucf/JumpingJack/samples/00822.png 47
ucf/JumpingJack/samples/00823.png 47
ucf/JumpingJack/samples/00824.png 47
ucf/JumpingJack/samples/00825.png 47
ucf/JumpingJack/samples/00826.png 47
ucf/JumpingJack/samples/00827.png 47
ucf/JumpingJack/samples/00828.png 47
ucf/JumpingJack/samples/00829.png 47
ucf/JumpingJack/samples/00830.png 47
ucf/JumpingJack/samples/00831.png 47
ucf/JumpingJack/samples/00832.png 47
ucf/JumpingJack/samples/00833.png 47
ucf/JumpingJack/samples/00834.png 47
ucf/JumpingJack/samples/00835.png 47
ucf/JumpingJack/samples/00836.png 47
ucf/JumpingJack/samples/00837.png 47
ucf/JumpingJack/samples/00838.png 47
ucf/JumpingJack/samples/00839.png 47
ucf/JumpingJack/samples/00840.png 47
ucf/JumpingJack/samples/00841.png 47
ucf/JumpingJack/samples/00842.png 47
ucf/JumpingJack/samples/00843.png 47
ucf/JumpingJack/samples/00844.png 47
ucf/JumpingJack/samples/00845.png 47
ucf/JumpingJack/samples/00846.png 47
ucf/JumpingJack/samples/00847.png 47
ucf/JumpingJack/samples/00848.png 47
ucf/JumpingJack/samples/00849.png 47
ucf/JumpingJack/samples/00850.png 47
ucf/JumpingJack/samples/00851.png 47
ucf/JumpingJack/samples/00852.png 47
ucf/JumpingJack/samples/00853.png 47
ucf/JumpingJack/samples/00854.png 47
ucf/JumpingJack/samples/00855.png 47
ucf/JumpingJack/samples/00856.png 47
ucf/JumpingJack/samples/00857.png 47
ucf/JumpingJack/samples/00858.png 47
ucf/JumpingJack/samples/00859.png 47
ucf/JumpingJack/samples/00860.png 47
ucf/JumpingJack/samples/00861.png 47
ucf/JumpingJack/samples/00862.png 47
ucf/JumpingJack/samples/00863.png 47
ucf/JumpingJack/samples/00864.png 47
ucf/JumpingJack/samples/00865.png 47
ucf/JumpingJack/samples/00866.png 47
ucf/JumpingJack/samples/00867.png 47
ucf/JumpingJack/samples/00868.png 47
ucf/JumpingJack/samples/00869.png 47
ucf/JumpingJack/samples/00870.png 47
ucf/JumpingJack/samples/00871.png 47
ucf/JumpingJack/samples/00872.png 47
ucf/JumpingJack/samples/00873.png 47
ucf/JumpingJack/samples/00874.png 47
ucf/JumpingJack/samples/00875.png 47
ucf/JumpingJack/samples/00876.png 47
ucf/JumpingJack/samples/00877.png 47
ucf/JumpingJack/samples/00878.png 47
ucf/JumpingJack/samples/00879.png 47
ucf/JumpingJack/samples/00880.png 47
ucf/JumpingJack/samples/00881.png 47
ucf/JumpingJack/samples/00882.png 47
ucf/JumpingJack/samples/00883.png 47
ucf/JumpingJack/samples/00884.png 47
ucf/JumpingJack/samples/00885.png 47
ucf/JumpingJack/samples/00886.png 47
ucf/JumpingJack/samples/00887.png 47
ucf/JumpingJack/samples/00888.png 47
ucf/JumpingJack/samples/00889.png 47
ucf/JumpingJack/samples/00890.png 47
ucf/JumpingJack/samples/00891.png 47
ucf/JumpingJack/samples/00892.png 47
ucf/JumpingJack/samples/00893.png 47
ucf/JumpingJack/samples/00894.png 47
ucf/JumpingJack/samples/00895.png 47
ucf/JumpingJack/samples/00896.png 47
ucf/JumpingJack/samples/00897.png 47
ucf/JumpingJack/samples/00898.png 47
ucf/JumpingJack/samples/00899.png 47
ucf/JumpingJack/samples/00900.png 47
ucf/JumpingJack/samples/00901.png 47
ucf/JumpingJack/samples/00902.png 47
ucf/JumpingJack/samples/00903.png 47
ucf/JumpingJack/samples/00904.png 47
ucf/JumpingJack/samples/00905.png 47
ucf/JumpingJack/samples/00906.png 47
ucf/JumpingJack/samples/00907.png 47
ucf/JumpingJack/samples/00908.png 47
ucf/JumpingJack/samples/00909.png 47
ucf/JumpingJack/samples/00910.png 47
ucf/JumpingJack/samples/00911.png 47
ucf/JumpingJack/samples/00912.png 47
ucf/JumpingJack/samples/00913.png 47
ucf/JumpingJack/samples/00914.png 47
ucf/JumpingJack/samples/00915.png 47
ucf/JumpingJack/samples/00916.png 47
ucf/JumpingJack/samples/00917.png 47
ucf/JumpingJack/samples/00918.png 47
ucf/JumpingJack/samples/00919.png 47
ucf/JumpingJack/samples/00920.png 47
ucf/JumpingJack/samples/00921.png 47
ucf/JumpingJack/samples/00922.png 47
ucf/JumpingJack/samples/00923.png 47
ucf/JumpingJack/samples/00924.png 47
ucf/JumpingJack/samples/00925.png 47
ucf/JumpingJack/samples/00926.png 47
ucf/JumpingJack/samples/00927.png 47
ucf/JumpingJack/samples/00928.png 47
ucf/JumpingJack/samples/00929.png 47
ucf/JumpingJack/samples/00930.png 47
ucf/JumpingJack/samples/00931.png 47
ucf/JumpingJack/samples/00932.png 47
ucf/JumpingJack/samples/00933.png 47
ucf/JumpingJack/samples/00934.png 47
ucf/JumpingJack/samples/00935.png 47
ucf/JumpingJack/samples/00936.png 47
ucf/JumpingJack/samples/00937.png 47
ucf/JumpingJack/samples/00938.png 47
ucf/JumpingJack/samples/00939.png 47
ucf/JumpingJack/samples/00940.png 47
ucf/JumpingJack/samples/00941.png 47
ucf/JumpingJack/samples/00942.png 47
ucf/JumpingJack/samples/00943.png 47
ucf/JumpingJack/samples/00944.png 47
ucf/JumpingJack/samples/00945.png 47
ucf/JumpingJack/samples/00946.png 47
ucf/JumpingJack/samples/00947.png 47
ucf/JumpingJack/samples/00948.png 47
ucf/JumpingJack/samples/00949.png 47
ucf/JumpingJack/samples/00950.png 47
ucf/JumpingJack/samples/00951.png 47
ucf/JumpingJack/samples/00952.png 47
ucf/JumpingJack/samples/00953.png 47
ucf/JumpingJack/samples/00954.png 47
ucf/JumpingJack/samples/00955.png 47
ucf/JumpingJack/samples/00956.png 47
ucf/JumpingJack/samples/00957.png 47
ucf/JumpingJack/samples/00958.png 47
ucf/JumpingJack/samples/00959.png 47
ucf/JumpingJack/samples/00960.png 47
ucf/JumpingJack/samples/00961.png 47
ucf/JumpingJack/samples/00962.png 47
ucf/JumpingJack/samples/00963.png 47
ucf/JumpingJack/samples/00964.png 47
ucf/JumpingJack/samples/00965.png 47
ucf/JumpingJack/samples/00966.png 47
ucf/JumpingJack/samples/00967.png 47
ucf/JumpingJack/samples/00968.png 47
ucf/JumpingJack/samples/00969.png 47
ucf/JumpingJack/samples/00970.png 47
ucf/JumpingJack/samples/00971.png 47
ucf/JumpingJack/samples/00972.png 47
ucf/JumpingJack/samples/00973.png 47
ucf/JumpingJack/samples/00974.png 47
ucf/JumpingJack/samples/00975.png 47
ucf/JumpingJack/samples/00976.png 47
ucf/JumpingJack/samples/00977.png 47
ucf/JumpingJack/samples/00978.png 47
ucf/JumpingJack/samples/00979.png 47
ucf/JumpingJack/samples/00980.png 47
ucf/JumpingJack/samples/00981.png 47
ucf/JumpingJack/samples/00982.png 47
ucf/JumpingJack/samples/00983.png 47
ucf/JumpingJack/samples/00984.png 47
ucf/JumpingJack/samples/00985.png 47
ucf/JumpingJack/samples/00986.png 47
ucf/JumpingJack/samples/00987.png 47
ucf/JumpingJack/samples/00988.png 47
ucf/JumpingJack/samples/00989.png 47
ucf/JumpingJack/samples/00990.png 47
ucf/JumpingJack/samples/00991.png 47
ucf/JumpingJack/samples/00992.png 47
ucf/JumpingJack/samples/00993.png 47
ucf/JumpingJack/samples/00994.png 47
ucf/JumpingJack/samples/00995.png 47
ucf/JumpingJack/samples/00996.png 47
ucf/JumpingJack/samples/00997.png 47
ucf/JumpingJack/samples/00998.png 47
ucf/JumpingJack/samples/00999.png 47
ucf/Nunchucks/samples/00000.png 56
ucf/Nunchucks/samples/00001.png 56
ucf/Nunchucks/samples/00002.png 56
ucf/Nunchucks/samples/00003.png 56
ucf/Nunchucks/samples/00004.png 56
ucf/Nunchucks/samples/00005.png 56
ucf/Nunchucks/samples/00006.png 56
ucf/Nunchucks/samples/00007.png 56
ucf/Nunchucks/samples/00008.png 56
ucf/Nunchucks/samples/00009.png 56
ucf/Nunchucks/samples/00010.png 56
ucf/Nunchucks/samples/00011.png 56
ucf/Nunchucks/samples/00012.png 56
ucf/Nunchucks/samples/00013.png 56
ucf/Nunchucks/samples/00014.png 56
ucf/Nunchucks/samples/00015.png 56
ucf/Nunchucks/samples/00016.png 56
ucf/Nunchucks/samples/00017.png 56
ucf/Nunchucks/samples/00018.png 56
ucf/Nunchucks/samples/00019.png 56
ucf/Nunchucks/samples/00020.png 56
ucf/Nunchucks/samples/00021.png 56
ucf/Nunchucks/samples/00022.png 56
ucf/Nunchucks/samples/00023.png 56
ucf/Nunchucks/samples/00024.png 56
ucf/Nunchucks/samples/00025.png 56
ucf/Nunchucks/samples/00026.png 56
ucf/Nunchucks/samples/00027.png 56
ucf/Nunchucks/samples/00028.png 56
ucf/Nunchucks/samples/00029.png 56
ucf/Nunchucks/samples/00030.png 56
ucf/Nunchucks/samples/00031.png 56
ucf/Nunchucks/samples/00032.png 56
ucf/Nunchucks/samples/00033.png 56
ucf/Nunchucks/samples/00034.png 56
ucf/Nunchucks/samples/00035.png 56
ucf/Nunchucks/samples/00036.png 56
ucf/Nunchucks/samples/00037.png 56
ucf/Nunchucks/samples/00038.png 56
ucf/Nunchucks/samples/00039.png 56
ucf/Nunchucks/samples/00040.png 56
ucf/Nunchucks/samples/00041.png 56
ucf/Nunchucks/samples/00042.png 56
ucf/Nunchucks/samples/00043.png 56
ucf/Nunchucks/samples/00044.png 56
ucf/Nunchucks/samples/00045.png 56
ucf/Nunchucks/samples/00046.png 56
ucf/Nunchucks/samples/00047.png 56
ucf/Nunchucks/samples/00048.png 56
ucf/Nunchucks/samples/00049.png 56
ucf/Nunchucks/samples/00050.png 56
ucf/Nunchucks/samples/00051.png 56
ucf/Nunchucks/samples/00052.png 56
ucf/Nunchucks/samples/00053.png 56
ucf/Nunchucks/samples/00054.png 56
ucf/Nunchucks/samples/00055.png 56
ucf/Nunchucks/samples/00056.png 56
ucf/Nunchucks/samples/00057.png 56
ucf/Nunchucks/samples/00058.png 56
ucf/Nunchucks/samples/00059.png 56
ucf/Nunchucks/samples/00060.png 56
ucf/Nunchucks/samples/00061.png 56
ucf/Nunchucks/samples/00062.png 56
ucf/Nunchucks/samples/00063.png 56
ucf/Nunchucks/samples/00064.png 56
ucf/Nunchucks/samples/00065.png 56
ucf/Nunchucks/samples/00066.png 56
ucf/Nunchucks/samples/00067.png 56
ucf/Nunchucks/samples/00068.png 56
ucf/Nunchucks/samples/00069.png 56
ucf/Nunchucks/samples/00070.png 56
ucf/Nunchucks/samples/00071.png 56
ucf/Nunchucks/samples/00072.png 56
ucf/Nunchucks/samples/00073.png 56
ucf/Nunchucks/samples/00074.png 56
ucf/Nunchucks/samples/00075.png 56
ucf/Nunchucks/samples/00076.png 56
ucf/Nunchucks/samples/00077.png 56
ucf/Nunchucks/samples/00078.png 56
ucf/Nunchucks/samples/00079.png 56
ucf/Nunchucks/samples/00080.png 56
ucf/Nunchucks/samples/00081.png 56
ucf/Nunchucks/samples/00082.png 56
ucf/Nunchucks/samples/00083.png 56
ucf/Nunchucks/samples/00084.png 56
ucf/Nunchucks/samples/00085.png 56
ucf/Nunchucks/samples/00086.png 56
ucf/Nunchucks/samples/00087.png 56
ucf/Nunchucks/samples/00088.png 56
ucf/Nunchucks/samples/00089.png 56
ucf/Nunchucks/samples/00090.png 56
ucf/Nunchucks/samples/00091.png 56
ucf/Nunchucks/samples/00092.png 56
ucf/Nunchucks/samples/00093.png 56
ucf/Nunchucks/samples/00094.png 56
ucf/Nunchucks/samples/00095.png 56
ucf/Nunchucks/samples/00096.png 56
ucf/Nunchucks/samples/00097.png 56
ucf/Nunchucks/samples/00098.png 56
ucf/Nunchucks/samples/00099.png 56
ucf/Nunchucks/samples/00100.png 56
ucf/Nunchucks/samples/00101.png 56
ucf/Nunchucks/samples/00102.png 56
ucf/Nunchucks/samples/00103.png 56
ucf/Nunchucks/samples/00104.png 56
ucf/Nunchucks/samples/00105.png 56
ucf/Nunchucks/samples/00106.png 56
ucf/Nunchucks/samples/00107.png 56
ucf/Nunchucks/samples/00108.png 56
ucf/Nunchucks/samples/00109.png 56
ucf/Nunchucks/samples/00110.png 56
ucf/Nunchucks/samples/00111.png 56
ucf/Nunchucks/samples/00112.png 56
ucf/Nunchucks/samples/00113.png 56
ucf/Nunchucks/samples/00114.png 56
ucf/Nunchucks/samples/00115.png 56
ucf/Nunchucks/samples/00116.png 56
ucf/Nunchucks/samples/00117.png 56
ucf/Nunchucks/samples/00118.png 56
ucf/Nunchucks/samples/00119.png 56
ucf/Nunchucks/samples/00120.png 56
ucf/Nunchucks/samples/00121.png 56
ucf/Nunchucks/samples/00122.png 56
ucf/Nunchucks/samples/00123.png 56
ucf/Nunchucks/samples/00124.png 56
ucf/Nunchucks/samples/00125.png 56
ucf/Nunchucks/samples/00126.png 56
ucf/Nunchucks/samples/00127.png 56
ucf/Nunchucks/samples/00128.png 56
ucf/Nunchucks/samples/00129.png 56
ucf/Nunchucks/samples/00130.png 56
ucf/Nunchucks/samples/00131.png 56
ucf/Nunchucks/samples/00132.png 56
ucf/Nunchucks/samples/00133.png 56
ucf/Nunchucks/samples/00134.png 56
ucf/Nunchucks/samples/00135.png 56
ucf/Nunchucks/samples/00136.png 56
ucf/Nunchucks/samples/00137.png 56
ucf/Nunchucks/samples/00138.png 56
ucf/Nunchucks/samples/00139.png 56
ucf/Nunchucks/samples/00140.png 56
ucf/Nunchucks/samples/00141.png 56
ucf/Nunchucks/samples/00142.png 56
ucf/Nunchucks/samples/00143.png 56
ucf/Nunchucks/samples/00144.png 56
ucf/Nunchucks/samples/00145.png 56
ucf/Nunchucks/samples/00146.png 56
ucf/Nunchucks/samples/00147.png 56
ucf/Nunchucks/samples/00148.png 56
ucf/Nunchucks/samples/00149.png 56
ucf/Nunchucks/samples/00150.png 56
ucf/Nunchucks/samples/00151.png 56
ucf/Nunchucks/samples/00152.png 56
ucf/Nunchucks/samples/00153.png 56
ucf/Nunchucks/samples/00154.png 56
ucf/Nunchucks/samples/00155.png 56
ucf/Nunchucks/samples/00156.png 56
ucf/Nunchucks/samples/00157.png 56
ucf/Nunchucks/samples/00158.png 56
ucf/Nunchucks/samples/00159.png 56
ucf/Nunchucks/samples/00160.png 56
ucf/Nunchucks/samples/00161.png 56
ucf/Nunchucks/samples/00162.png 56
ucf/Nunchucks/samples/00163.png 56
ucf/Nunchucks/samples/00164.png 56
ucf/Nunchucks/samples/00165.png 56
ucf/Nunchucks/samples/00166.png 56
ucf/Nunchucks/samples/00167.png 56
ucf/Nunchucks/samples/00168.png 56
ucf/Nunchucks/samples/00169.png 56
ucf/Nunchucks/samples/00170.png 56
ucf/Nunchucks/samples/00171.png 56
ucf/Nunchucks/samples/00172.png 56
ucf/Nunchucks/samples/00173.png 56
ucf/Nunchucks/samples/00174.png 56
ucf/Nunchucks/samples/00175.png 56
ucf/Nunchucks/samples/00176.png 56
ucf/Nunchucks/samples/00177.png 56
ucf/Nunchucks/samples/00178.png 56
ucf/Nunchucks/samples/00179.png 56
ucf/Nunchucks/samples/00180.png 56
ucf/Nunchucks/samples/00181.png 56
ucf/Nunchucks/samples/00182.png 56
ucf/Nunchucks/samples/00183.png 56
ucf/Nunchucks/samples/00184.png 56
ucf/Nunchucks/samples/00185.png 56
ucf/Nunchucks/samples/00186.png 56
ucf/Nunchucks/samples/00187.png 56
ucf/Nunchucks/samples/00188.png 56
ucf/Nunchucks/samples/00189.png 56
ucf/Nunchucks/samples/00190.png 56
ucf/Nunchucks/samples/00191.png 56
ucf/Nunchucks/samples/00192.png 56
ucf/Nunchucks/samples/00193.png 56
ucf/Nunchucks/samples/00194.png 56
ucf/Nunchucks/samples/00195.png 56
ucf/Nunchucks/samples/00196.png 56
ucf/Nunchucks/samples/00197.png 56
ucf/Nunchucks/samples/00198.png 56
ucf/Nunchucks/samples/00199.png 56
ucf/Nunchucks/samples/00200.png 56
ucf/Nunchucks/samples/00201.png 56
ucf/Nunchucks/samples/00202.png 56
ucf/Nunchucks/samples/00203.png 56
ucf/Nunchucks/samples/00204.png 56
ucf/Nunchucks/samples/00205.png 56
ucf/Nunchucks/samples/00206.png 56
ucf/Nunchucks/samples/00207.png 56
ucf/Nunchucks/samples/00208.png 56
ucf/Nunchucks/samples/00209.png 56
ucf/Nunchucks/samples/00210.png 56
ucf/Nunchucks/samples/00211.png 56
ucf/Nunchucks/samples/00212.png 56
ucf/Nunchucks/samples/00213.png 56
ucf/Nunchucks/samples/00214.png 56
ucf/Nunchucks/samples/00215.png 56
ucf/Nunchucks/samples/00216.png 56
ucf/Nunchucks/samples/00217.png 56
ucf/Nunchucks/samples/00218.png 56
ucf/Nunchucks/samples/00219.png 56
ucf/Nunchucks/samples/00220.png 56
ucf/Nunchucks/samples/00221.png 56
ucf/Nunchucks/samples/00222.png 56
ucf/Nunchucks/samples/00223.png 56
ucf/Nunchucks/samples/00224.png 56
ucf/Nunchucks/samples/00225.png 56
ucf/Nunchucks/samples/00226.png 56
ucf/Nunchucks/samples/00227.png 56
ucf/Nunchucks/samples/00228.png 56
ucf/Nunchucks/samples/00229.png 56
ucf/Nunchucks/samples/00230.png 56
ucf/Nunchucks/samples/00231.png 56
ucf/Nunchucks/samples/00232.png 56
ucf/Nunchucks/samples/00233.png 56
ucf/Nunchucks/samples/00234.png 56
ucf/Nunchucks/samples/00235.png 56
ucf/Nunchucks/samples/00236.png 56
ucf/Nunchucks/samples/00237.png 56
ucf/Nunchucks/samples/00238.png 56
ucf/Nunchucks/samples/00239.png 56
ucf/Nunchucks/samples/00240.png 56
ucf/Nunchucks/samples/00241.png 56
ucf/Nunchucks/samples/00242.png 56
ucf/Nunchucks/samples/00243.png 56
ucf/Nunchucks/samples/00244.png 56
ucf/Nunchucks/samples/00245.png 56
ucf/Nunchucks/samples/00246.png 56
ucf/Nunchucks/samples/00247.png 56
ucf/Nunchucks/samples/00248.png 56
ucf/Nunchucks/samples/00249.png 56
ucf/Nunchucks/samples/00250.png 56
ucf/Nunchucks/samples/00251.png 56
ucf/Nunchucks/samples/00252.png 56
ucf/Nunchucks/samples/00253.png 56
ucf/Nunchucks/samples/00254.png 56
ucf/Nunchucks/samples/00255.png 56
ucf/Nunchucks/samples/00256.png 56
ucf/Nunchucks/samples/00257.png 56
ucf/Nunchucks/samples/00258.png 56
ucf/Nunchucks/samples/00259.png 56
ucf/Nunchucks/samples/00260.png 56
ucf/Nunchucks/samples/00261.png 56
ucf/Nunchucks/samples/00262.png 56
ucf/Nunchucks/samples/00263.png 56
ucf/Nunchucks/samples/00264.png 56
ucf/Nunchucks/samples/00265.png 56
ucf/Nunchucks/samples/00266.png 56
ucf/Nunchucks/samples/00267.png 56
ucf/Nunchucks/samples/00268.png 56
ucf/Nunchucks/samples/00269.png 56
ucf/Nunchucks/samples/00270.png 56
ucf/Nunchucks/samples/00271.png 56
ucf/Nunchucks/samples/00272.png 56
ucf/Nunchucks/samples/00273.png 56
ucf/Nunchucks/samples/00274.png 56
ucf/Nunchucks/samples/00275.png 56
ucf/Nunchucks/samples/00276.png 56
ucf/Nunchucks/samples/00277.png 56
ucf/Nunchucks/samples/00278.png 56
ucf/Nunchucks/samples/00279.png 56
ucf/Nunchucks/samples/00280.png 56
ucf/Nunchucks/samples/00281.png 56
ucf/Nunchucks/samples/00282.png 56
ucf/Nunchucks/samples/00283.png 56
ucf/Nunchucks/samples/00284.png 56
ucf/Nunchucks/samples/00285.png 56
ucf/Nunchucks/samples/00286.png 56
ucf/Nunchucks/samples/00287.png 56
ucf/Nunchucks/samples/00288.png 56
ucf/Nunchucks/samples/00289.png 56
ucf/Nunchucks/samples/00290.png 56
ucf/Nunchucks/samples/00291.png 56
ucf/Nunchucks/samples/00292.png 56
ucf/Nunchucks/samples/00293.png 56
ucf/Nunchucks/samples/00294.png 56
ucf/Nunchucks/samples/00295.png 56
ucf/Nunchucks/samples/00296.png 56
ucf/Nunchucks/samples/00297.png 56
ucf/Nunchucks/samples/00298.png 56
ucf/Nunchucks/samples/00299.png 56
ucf/Nunchucks/samples/00300.png 56
ucf/Nunchucks/samples/00301.png 56
ucf/Nunchucks/samples/00302.png 56
ucf/Nunchucks/samples/00303.png 56
ucf/Nunchucks/samples/00304.png 56
ucf/Nunchucks/samples/00305.png 56
ucf/Nunchucks/samples/00306.png 56
ucf/Nunchucks/samples/00307.png 56
ucf/Nunchucks/samples/00308.png 56
ucf/Nunchucks/samples/00309.png 56
ucf/Nunchucks/samples/00310.png 56
ucf/Nunchucks/samples/00311.png 56
ucf/Nunchucks/samples/00312.png 56
ucf/Nunchucks/samples/00313.png 56
ucf/Nunchucks/samples/00314.png 56
ucf/Nunchucks/samples/00315.png 56
ucf/Nunchucks/samples/00316.png 56
ucf/Nunchucks/samples/00317.png 56
ucf/Nunchucks/samples/00318.png 56
ucf/Nunchucks/samples/00319.png 56
ucf/Nunchucks/samples/00320.png 56
ucf/Nunchucks/samples/00321.png 56
ucf/Nunchucks/samples/00322.png 56
ucf/Nunchucks/samples/00323.png 56
ucf/Nunchucks/samples/00324.png 56
ucf/Nunchucks/samples/00325.png 56
ucf/Nunchucks/samples/00326.png 56
ucf/Nunchucks/samples/00327.png 56
ucf/Nunchucks/samples/00328.png 56
ucf/Nunchucks/samples/00329.png 56
ucf/Nunchucks/samples/00330.png 56
ucf/Nunchucks/samples/00331.png 56
ucf/Nunchucks/samples/00332.png 56
ucf/Nunchucks/samples/00333.png 56
ucf/Nunchucks/samples/00334.png 56
ucf/Nunchucks/samples/00335.png 56
ucf/Nunchucks/samples/00336.png 56
ucf/Nunchucks/samples/00337.png 56
ucf/Nunchucks/samples/00338.png 56
ucf/Nunchucks/samples/00339.png 56
ucf/Nunchucks/samples/00340.png 56
ucf/Nunchucks/samples/00341.png 56
ucf/Nunchucks/samples/00342.png 56
ucf/Nunchucks/samples/00343.png 56
ucf/Nunchucks/samples/00344.png 56
ucf/Nunchucks/samples/00345.png 56
ucf/Nunchucks/samples/00346.png 56
ucf/Nunchucks/samples/00347.png 56
ucf/Nunchucks/samples/00348.png 56
ucf/Nunchucks/samples/00349.png 56
ucf/Nunchucks/samples/00350.png 56
ucf/Nunchucks/samples/00351.png 56
ucf/Nunchucks/samples/00352.png 56
ucf/Nunchucks/samples/00353.png 56
ucf/Nunchucks/samples/00354.png 56
ucf/Nunchucks/samples/00355.png 56
ucf/Nunchucks/samples/00356.png 56
ucf/Nunchucks/samples/00357.png 56
ucf/Nunchucks/samples/00358.png 56
ucf/Nunchucks/samples/00359.png 56
ucf/Nunchucks/samples/00360.png 56
ucf/Nunchucks/samples/00361.png 56
ucf/Nunchucks/samples/00362.png 56
ucf/Nunchucks/samples/00363.png 56
ucf/Nunchucks/samples/00364.png 56
ucf/Nunchucks/samples/00365.png 56
ucf/Nunchucks/samples/00366.png 56
ucf/Nunchucks/samples/00367.png 56
ucf/Nunchucks/samples/00368.png 56
ucf/Nunchucks/samples/00369.png 56
ucf/Nunchucks/samples/00370.png 56
ucf/Nunchucks/samples/00371.png 56
ucf/Nunchucks/samples/00372.png 56
ucf/Nunchucks/samples/00373.png 56
ucf/Nunchucks/samples/00374.png 56
ucf/Nunchucks/samples/00375.png 56
ucf/Nunchucks/samples/00376.png 56
ucf/Nunchucks/samples/00377.png 56
ucf/Nunchucks/samples/00378.png 56
ucf/Nunchucks/samples/00379.png 56
ucf/Nunchucks/samples/00380.png 56
ucf/Nunchucks/samples/00381.png 56
ucf/Nunchucks/samples/00382.png 56
ucf/Nunchucks/samples/00383.png 56
ucf/Nunchucks/samples/00384.png 56
ucf/Nunchucks/samples/00385.png 56
ucf/Nunchucks/samples/00386.png 56
ucf/Nunchucks/samples/00387.png 56
ucf/Nunchucks/samples/00388.png 56
ucf/Nunchucks/samples/00389.png 56
ucf/Nunchucks/samples/00390.png 56
ucf/Nunchucks/samples/00391.png 56
ucf/Nunchucks/samples/00392.png 56
ucf/Nunchucks/samples/00393.png 56
ucf/Nunchucks/samples/00394.png 56
ucf/Nunchucks/samples/00395.png 56
ucf/Nunchucks/samples/00396.png 56
ucf/Nunchucks/samples/00397.png 56
ucf/Nunchucks/samples/00398.png 56
ucf/Nunchucks/samples/00399.png 56
ucf/Nunchucks/samples/00400.png 56
ucf/Nunchucks/samples/00401.png 56
ucf/Nunchucks/samples/00402.png 56
ucf/Nunchucks/samples/00403.png 56
ucf/Nunchucks/samples/00404.png 56
ucf/Nunchucks/samples/00405.png 56
ucf/Nunchucks/samples/00406.png 56
ucf/Nunchucks/samples/00407.png 56
ucf/Nunchucks/samples/00408.png 56
ucf/Nunchucks/samples/00409.png 56
ucf/Nunchucks/samples/00410.png 56
ucf/Nunchucks/samples/00411.png 56
ucf/Nunchucks/samples/00412.png 56
ucf/Nunchucks/samples/00413.png 56
ucf/Nunchucks/samples/00414.png 56
ucf/Nunchucks/samples/00415.png 56
ucf/Nunchucks/samples/00416.png 56
ucf/Nunchucks/samples/00417.png 56
ucf/Nunchucks/samples/00418.png 56
ucf/Nunchucks/samples/00419.png 56
ucf/Nunchucks/samples/00420.png 56
ucf/Nunchucks/samples/00421.png 56
ucf/Nunchucks/samples/00422.png 56
ucf/Nunchucks/samples/00423.png 56
ucf/Nunchucks/samples/00424.png 56
ucf/Nunchucks/samples/00425.png 56
ucf/Nunchucks/samples/00426.png 56
ucf/Nunchucks/samples/00427.png 56
ucf/Nunchucks/samples/00428.png 56
ucf/Nunchucks/samples/00429.png 56
ucf/Nunchucks/samples/00430.png 56
ucf/Nunchucks/samples/00431.png 56
ucf/Nunchucks/samples/00432.png 56
ucf/Nunchucks/samples/00433.png 56
ucf/Nunchucks/samples/00434.png 56
ucf/Nunchucks/samples/00435.png 56
ucf/Nunchucks/samples/00436.png 56
ucf/Nunchucks/samples/00437.png 56
ucf/Nunchucks/samples/00438.png 56
ucf/Nunchucks/samples/00439.png 56
ucf/Nunchucks/samples/00440.png 56
ucf/Nunchucks/samples/00441.png 56
ucf/Nunchucks/samples/00442.png 56
ucf/Nunchucks/samples/00443.png 56
ucf/Nunchucks/samples/00444.png 56
ucf/Nunchucks/samples/00445.png 56
ucf/Nunchucks/samples/00446.png 56
ucf/Nunchucks/samples/00447.png 56
ucf/Nunchucks/samples/00448.png 56
ucf/Nunchucks/samples/00449.png 56
ucf/Nunchucks/samples/00450.png 56
ucf/Nunchucks/samples/00451.png 56
ucf/Nunchucks/samples/00452.png 56
ucf/Nunchucks/samples/00453.png 56
ucf/Nunchucks/samples/00454.png 56
ucf/Nunchucks/samples/00455.png 56
ucf/Nunchucks/samples/00456.png 56
ucf/Nunchucks/samples/00457.png 56
ucf/Nunchucks/samples/00458.png 56
ucf/Nunchucks/samples/00459.png 56
ucf/Nunchucks/samples/00460.png 56
ucf/Nunchucks/samples/00461.png 56
ucf/Nunchucks/samples/00462.png 56
ucf/Nunchucks/samples/00463.png 56
ucf/Nunchucks/samples/00464.png 56
ucf/Nunchucks/samples/00465.png 56
ucf/Nunchucks/samples/00466.png 56
ucf/Nunchucks/samples/00467.png 56
ucf/Nunchucks/samples/00468.png 56
ucf/Nunchucks/samples/00469.png 56
ucf/Nunchucks/samples/00470.png 56
ucf/Nunchucks/samples/00471.png 56
ucf/Nunchucks/samples/00472.png 56
ucf/Nunchucks/samples/00473.png 56
ucf/Nunchucks/samples/00474.png 56
ucf/Nunchucks/samples/00475.png 56
ucf/Nunchucks/samples/00476.png 56
ucf/Nunchucks/samples/00477.png 56
ucf/Nunchucks/samples/00478.png 56
ucf/Nunchucks/samples/00479.png 56
ucf/Nunchucks/samples/00480.png 56
ucf/Nunchucks/samples/00481.png 56
ucf/Nunchucks/samples/00482.png 56
ucf/Nunchucks/samples/00483.png 56
ucf/Nunchucks/samples/00484.png 56
ucf/Nunchucks/samples/00485.png 56
ucf/Nunchucks/samples/00486.png 56
ucf/Nunchucks/samples/00487.png 56
ucf/Nunchucks/samples/00488.png 56
ucf/Nunchucks/samples/00489.png 56
ucf/Nunchucks/samples/00490.png 56
ucf/Nunchucks/samples/00491.png 56
ucf/Nunchucks/samples/00492.png 56
ucf/Nunchucks/samples/00493.png 56
ucf/Nunchucks/samples/00494.png 56
ucf/Nunchucks/samples/00495.png 56
ucf/Nunchucks/samples/00496.png 56
ucf/Nunchucks/samples/00497.png 56
ucf/Nunchucks/samples/00498.png 56
ucf/Nunchucks/samples/00499.png 56
ucf/Nunchucks/samples/00500.png 56
ucf/Nunchucks/samples/00501.png 56
ucf/Nunchucks/samples/00502.png 56
ucf/Nunchucks/samples/00503.png 56
ucf/Nunchucks/samples/00504.png 56
ucf/Nunchucks/samples/00505.png 56
ucf/Nunchucks/samples/00506.png 56
ucf/Nunchucks/samples/00507.png 56
ucf/Nunchucks/samples/00508.png 56
ucf/Nunchucks/samples/00509.png 56
ucf/Nunchucks/samples/00510.png 56
ucf/Nunchucks/samples/00511.png 56
ucf/Nunchucks/samples/00512.png 56
ucf/Nunchucks/samples/00513.png 56
ucf/Nunchucks/samples/00514.png 56
ucf/Nunchucks/samples/00515.png 56
ucf/Nunchucks/samples/00516.png 56
ucf/Nunchucks/samples/00517.png 56
ucf/Nunchucks/samples/00518.png 56
ucf/Nunchucks/samples/00519.png 56
ucf/Nunchucks/samples/00520.png 56
ucf/Nunchucks/samples/00521.png 56
ucf/Nunchucks/samples/00522.png 56
ucf/Nunchucks/samples/00523.png 56
ucf/Nunchucks/samples/00524.png 56
ucf/Nunchucks/samples/00525.png 56
ucf/Nunchucks/samples/00526.png 56
ucf/Nunchucks/samples/00527.png 56
ucf/Nunchucks/samples/00528.png 56
ucf/Nunchucks/samples/00529.png 56
ucf/Nunchucks/samples/00530.png 56
ucf/Nunchucks/samples/00531.png 56
ucf/Nunchucks/samples/00532.png 56
ucf/Nunchucks/samples/00533.png 56
ucf/Nunchucks/samples/00534.png 56
ucf/Nunchucks/samples/00535.png 56
ucf/Nunchucks/samples/00536.png 56
ucf/Nunchucks/samples/00537.png 56
ucf/Nunchucks/samples/00538.png 56
ucf/Nunchucks/samples/00539.png 56
ucf/Nunchucks/samples/00540.png 56
ucf/Nunchucks/samples/00541.png 56
ucf/Nunchucks/samples/00542.png 56
ucf/Nunchucks/samples/00543.png 56
ucf/Nunchucks/samples/00544.png 56
ucf/Nunchucks/samples/00545.png 56
ucf/Nunchucks/samples/00546.png 56
ucf/Nunchucks/samples/00547.png 56
ucf/Nunchucks/samples/00548.png 56
ucf/Nunchucks/samples/00549.png 56
ucf/Nunchucks/samples/00550.png 56
ucf/Nunchucks/samples/00551.png 56
ucf/Nunchucks/samples/00552.png 56
ucf/Nunchucks/samples/00553.png 56
ucf/Nunchucks/samples/00554.png 56
ucf/Nunchucks/samples/00555.png 56
ucf/Nunchucks/samples/00556.png 56
ucf/Nunchucks/samples/00557.png 56
ucf/Nunchucks/samples/00558.png 56
ucf/Nunchucks/samples/00559.png 56
ucf/Nunchucks/samples/00560.png 56
ucf/Nunchucks/samples/00561.png 56
ucf/Nunchucks/samples/00562.png 56
ucf/Nunchucks/samples/00563.png 56
ucf/Nunchucks/samples/00564.png 56
ucf/Nunchucks/samples/00565.png 56
ucf/Nunchucks/samples/00566.png 56
ucf/Nunchucks/samples/00567.png 56
ucf/Nunchucks/samples/00568.png 56
ucf/Nunchucks/samples/00569.png 56
ucf/Nunchucks/samples/00570.png 56
ucf/Nunchucks/samples/00571.png 56
ucf/Nunchucks/samples/00572.png 56
ucf/Nunchucks/samples/00573.png 56
ucf/Nunchucks/samples/00574.png 56
ucf/Nunchucks/samples/00575.png 56
ucf/Nunchucks/samples/00576.png 56
ucf/Nunchucks/samples/00577.png 56
ucf/Nunchucks/samples/00578.png 56
ucf/Nunchucks/samples/00579.png 56
ucf/Nunchucks/samples/00580.png 56
ucf/Nunchucks/samples/00581.png 56
ucf/Nunchucks/samples/00582.png 56
ucf/Nunchucks/samples/00583.png 56
ucf/Nunchucks/samples/00584.png 56
ucf/Nunchucks/samples/00585.png 56
ucf/Nunchucks/samples/00586.png 56
ucf/Nunchucks/samples/00587.png 56
ucf/Nunchucks/samples/00588.png 56
ucf/Nunchucks/samples/00589.png 56
ucf/Nunchucks/samples/00590.png 56
ucf/Nunchucks/samples/00591.png 56
ucf/Nunchucks/samples/00592.png 56
ucf/Nunchucks/samples/00593.png 56
ucf/Nunchucks/samples/00594.png 56
ucf/Nunchucks/samples/00595.png 56
ucf/Nunchucks/samples/00596.png 56
ucf/Nunchucks/samples/00597.png 56
ucf/Nunchucks/samples/00598.png 56
ucf/Nunchucks/samples/00599.png 56
ucf/Nunchucks/samples/00600.png 56
ucf/Nunchucks/samples/00601.png 56
ucf/Nunchucks/samples/00602.png 56
ucf/Nunchucks/samples/00603.png 56
ucf/Nunchucks/samples/00604.png 56
ucf/Nunchucks/samples/00605.png 56
ucf/Nunchucks/samples/00606.png 56
ucf/Nunchucks/samples/00607.png 56
ucf/Nunchucks/samples/00608.png 56
ucf/Nunchucks/samples/00609.png 56
ucf/Nunchucks/samples/00610.png 56
ucf/Nunchucks/samples/00611.png 56
ucf/Nunchucks/samples/00612.png 56
ucf/Nunchucks/samples/00613.png 56
ucf/Nunchucks/samples/00614.png 56
ucf/Nunchucks/samples/00615.png 56
ucf/Nunchucks/samples/00616.png 56
ucf/Nunchucks/samples/00617.png 56
ucf/Nunchucks/samples/00618.png 56
ucf/Nunchucks/samples/00619.png 56
ucf/Nunchucks/samples/00620.png 56
ucf/Nunchucks/samples/00621.png 56
ucf/Nunchucks/samples/00622.png 56
ucf/Nunchucks/samples/00623.png 56
ucf/Nunchucks/samples/00624.png 56
ucf/Nunchucks/samples/00625.png 56
ucf/Nunchucks/samples/00626.png 56
ucf/Nunchucks/samples/00627.png 56
ucf/Nunchucks/samples/00628.png 56
ucf/Nunchucks/samples/00629.png 56
ucf/Nunchucks/samples/00630.png 56
ucf/Nunchucks/samples/00631.png 56
ucf/Nunchucks/samples/00632.png 56
ucf/Nunchucks/samples/00633.png 56
ucf/Nunchucks/samples/00634.png 56
ucf/Nunchucks/samples/00635.png 56
ucf/Nunchucks/samples/00636.png 56
ucf/Nunchucks/samples/00637.png 56
ucf/Nunchucks/samples/00638.png 56
ucf/Nunchucks/samples/00639.png 56
ucf/Nunchucks/samples/00640.png 56
ucf/Nunchucks/samples/00641.png 56
ucf/Nunchucks/samples/00642.png 56
ucf/Nunchucks/samples/00643.png 56
ucf/Nunchucks/samples/00644.png 56
ucf/Nunchucks/samples/00645.png 56
ucf/Nunchucks/samples/00646.png 56
ucf/Nunchucks/samples/00647.png 56
ucf/Nunchucks/samples/00648.png 56
ucf/Nunchucks/samples/00649.png 56
ucf/Nunchucks/samples/00650.png 56
ucf/Nunchucks/samples/00651.png 56
ucf/Nunchucks/samples/00652.png 56
ucf/Nunchucks/samples/00653.png 56
ucf/Nunchucks/samples/00654.png 56
ucf/Nunchucks/samples/00655.png 56
ucf/Nunchucks/samples/00656.png 56
ucf/Nunchucks/samples/00657.png 56
ucf/Nunchucks/samples/00658.png 56
ucf/Nunchucks/samples/00659.png 56
ucf/Nunchucks/samples/00660.png 56
ucf/Nunchucks/samples/00661.png 56
ucf/Nunchucks/samples/00662.png 56
ucf/Nunchucks/samples/00663.png 56
ucf/Nunchucks/samples/00664.png 56
ucf/Nunchucks/samples/00665.png 56
ucf/Nunchucks/samples/00666.png 56
ucf/Nunchucks/samples/00667.png 56
ucf/Nunchucks/samples/00668.png 56
ucf/Nunchucks/samples/00669.png 56
ucf/Nunchucks/samples/00670.png 56
ucf/Nunchucks/samples/00671.png 56
ucf/Nunchucks/samples/00672.png 56
ucf/Nunchucks/samples/00673.png 56
ucf/Nunchucks/samples/00674.png 56
ucf/Nunchucks/samples/00675.png 56
ucf/Nunchucks/samples/00676.png 56
ucf/Nunchucks/samples/00677.png 56
ucf/Nunchucks/samples/00678.png 56
ucf/Nunchucks/samples/00679.png 56
ucf/Nunchucks/samples/00680.png 56
ucf/Nunchucks/samples/00681.png 56
ucf/Nunchucks/samples/00682.png 56
ucf/Nunchucks/samples/00683.png 56
ucf/Nunchucks/samples/00684.png 56
ucf/Nunchucks/samples/00685.png 56
ucf/Nunchucks/samples/00686.png 56
ucf/Nunchucks/samples/00687.png 56
ucf/Nunchucks/samples/00688.png 56
ucf/Nunchucks/samples/00689.png 56
ucf/Nunchucks/samples/00690.png 56
ucf/Nunchucks/samples/00691.png 56
ucf/Nunchucks/samples/00692.png 56
ucf/Nunchucks/samples/00693.png 56
ucf/Nunchucks/samples/00694.png 56
ucf/Nunchucks/samples/00695.png 56
ucf/Nunchucks/samples/00696.png 56
ucf/Nunchucks/samples/00697.png 56
ucf/Nunchucks/samples/00698.png 56
ucf/Nunchucks/samples/00699.png 56
ucf/Nunchucks/samples/00700.png 56
ucf/Nunchucks/samples/00701.png 56
ucf/Nunchucks/samples/00702.png 56
ucf/Nunchucks/samples/00703.png 56
ucf/Nunchucks/samples/00704.png 56
ucf/Nunchucks/samples/00705.png 56
ucf/Nunchucks/samples/00706.png 56
ucf/Nunchucks/samples/00707.png 56
ucf/Nunchucks/samples/00708.png 56
ucf/Nunchucks/samples/00709.png 56
ucf/Nunchucks/samples/00710.png 56
ucf/Nunchucks/samples/00711.png 56
ucf/Nunchucks/samples/00712.png 56
ucf/Nunchucks/samples/00713.png 56
ucf/Nunchucks/samples/00714.png 56
ucf/Nunchucks/samples/00715.png 56
ucf/Nunchucks/samples/00716.png 56
ucf/Nunchucks/samples/00717.png 56
ucf/Nunchucks/samples/00718.png 56
ucf/Nunchucks/samples/00719.png 56
ucf/Nunchucks/samples/00720.png 56
ucf/Nunchucks/samples/00721.png 56
ucf/Nunchucks/samples/00722.png 56
ucf/Nunchucks/samples/00723.png 56
ucf/Nunchucks/samples/00724.png 56
ucf/Nunchucks/samples/00725.png 56
ucf/Nunchucks/samples/00726.png 56
ucf/Nunchucks/samples/00727.png 56
ucf/Nunchucks/samples/00728.png 56
ucf/Nunchucks/samples/00729.png 56
ucf/Nunchucks/samples/00730.png 56
ucf/Nunchucks/samples/00731.png 56
ucf/Nunchucks/samples/00732.png 56
ucf/Nunchucks/samples/00733.png 56
ucf/Nunchucks/samples/00734.png 56
ucf/Nunchucks/samples/00735.png 56
ucf/Nunchucks/samples/00736.png 56
ucf/Nunchucks/samples/00737.png 56
ucf/Nunchucks/samples/00738.png 56
ucf/Nunchucks/samples/00739.png 56
ucf/Nunchucks/samples/00740.png 56
ucf/Nunchucks/samples/00741.png 56
ucf/Nunchucks/samples/00742.png 56
ucf/Nunchucks/samples/00743.png 56
ucf/Nunchucks/samples/00744.png 56
ucf/Nunchucks/samples/00745.png 56
ucf/Nunchucks/samples/00746.png 56
ucf/Nunchucks/samples/00747.png 56
ucf/Nunchucks/samples/00748.png 56
ucf/Nunchucks/samples/00749.png 56
ucf/Nunchucks/samples/00750.png 56
ucf/Nunchucks/samples/00751.png 56
ucf/Nunchucks/samples/00752.png 56
ucf/Nunchucks/samples/00753.png 56
ucf/Nunchucks/samples/00754.png 56
ucf/Nunchucks/samples/00755.png 56
ucf/Nunchucks/samples/00756.png 56
ucf/Nunchucks/samples/00757.png 56
ucf/Nunchucks/samples/00758.png 56
ucf/Nunchucks/samples/00759.png 56
ucf/Nunchucks/samples/00760.png 56
ucf/Nunchucks/samples/00761.png 56
ucf/Nunchucks/samples/00762.png 56
ucf/Nunchucks/samples/00763.png 56
ucf/Nunchucks/samples/00764.png 56
ucf/Nunchucks/samples/00765.png 56
ucf/Nunchucks/samples/00766.png 56
ucf/Nunchucks/samples/00767.png 56
ucf/Nunchucks/samples/00768.png 56
ucf/Nunchucks/samples/00769.png 56
ucf/Nunchucks/samples/00770.png 56
ucf/Nunchucks/samples/00771.png 56
ucf/Nunchucks/samples/00772.png 56
ucf/Nunchucks/samples/00773.png 56
ucf/Nunchucks/samples/00774.png 56
ucf/Nunchucks/samples/00775.png 56
ucf/Nunchucks/samples/00776.png 56
ucf/Nunchucks/samples/00777.png 56
ucf/Nunchucks/samples/00778.png 56
ucf/Nunchucks/samples/00779.png 56
ucf/Nunchucks/samples/00780.png 56
ucf/Nunchucks/samples/00781.png 56
ucf/Nunchucks/samples/00782.png 56
ucf/Nunchucks/samples/00783.png 56
ucf/Nunchucks/samples/00784.png 56
ucf/Nunchucks/samples/00785.png 56
ucf/Nunchucks/samples/00786.png 56
ucf/Nunchucks/samples/00787.png 56
ucf/Nunchucks/samples/00788.png 56
ucf/Nunchucks/samples/00789.png 56
ucf/Nunchucks/samples/00790.png 56
ucf/Nunchucks/samples/00791.png 56
ucf/Nunchucks/samples/00792.png 56
ucf/Nunchucks/samples/00793.png 56
ucf/Nunchucks/samples/00794.png 56
ucf/Nunchucks/samples/00795.png 56
ucf/Nunchucks/samples/00796.png 56
ucf/Nunchucks/samples/00797.png 56
ucf/Nunchucks/samples/00798.png 56
ucf/Nunchucks/samples/00799.png 56
ucf/Nunchucks/samples/00800.png 56
ucf/Nunchucks/samples/00801.png 56
ucf/Nunchucks/samples/00802.png 56
ucf/Nunchucks/samples/00803.png 56
ucf/Nunchucks/samples/00804.png 56
ucf/Nunchucks/samples/00805.png 56
ucf/Nunchucks/samples/00806.png 56
ucf/Nunchucks/samples/00807.png 56
ucf/Nunchucks/samples/00808.png 56
ucf/Nunchucks/samples/00809.png 56
ucf/Nunchucks/samples/00810.png 56
ucf/Nunchucks/samples/00811.png 56
ucf/Nunchucks/samples/00812.png 56
ucf/Nunchucks/samples/00813.png 56
ucf/Nunchucks/samples/00814.png 56
ucf/Nunchucks/samples/00815.png 56
ucf/Nunchucks/samples/00816.png 56
ucf/Nunchucks/samples/00817.png 56
ucf/Nunchucks/samples/00818.png 56
ucf/Nunchucks/samples/00819.png 56
ucf/Nunchucks/samples/00820.png 56
ucf/Nunchucks/samples/00821.png 56
ucf/Nunchucks/samples/00822.png 56
ucf/Nunchucks/samples/00823.png 56
ucf/Nunchucks/samples/00824.png 56
ucf/Nunchucks/samples/00825.png 56
ucf/Nunchucks/samples/00826.png 56
ucf/Nunchucks/samples/00827.png 56
ucf/Nunchucks/samples/00828.png 56
ucf/Nunchucks/samples/00829.png 56
ucf/Nunchucks/samples/00830.png 56
ucf/Nunchucks/samples/00831.png 56
ucf/Nunchucks/samples/00832.png 56
ucf/Nunchucks/samples/00833.png 56
ucf/Nunchucks/samples/00834.png 56
ucf/Nunchucks/samples/00835.png 56
ucf/Nunchucks/samples/00836.png 56
ucf/Nunchucks/samples/00837.png 56
ucf/Nunchucks/samples/00838.png 56
ucf/Nunchucks/samples/00839.png 56
ucf/Nunchucks/samples/00840.png 56
ucf/Nunchucks/samples/00841.png 56
ucf/Nunchucks/samples/00842.png 56
ucf/Nunchucks/samples/00843.png 56
ucf/Nunchucks/samples/00844.png 56
ucf/Nunchucks/samples/00845.png 56
ucf/Nunchucks/samples/00846.png 56
ucf/Nunchucks/samples/00847.png 56
ucf/Nunchucks/samples/00848.png 56
ucf/Nunchucks/samples/00849.png 56
ucf/Nunchucks/samples/00850.png 56
ucf/Nunchucks/samples/00851.png 56
ucf/Nunchucks/samples/00852.png 56
ucf/Nunchucks/samples/00853.png 56
ucf/Nunchucks/samples/00854.png 56
ucf/Nunchucks/samples/00855.png 56
ucf/Nunchucks/samples/00856.png 56
ucf/Nunchucks/samples/00857.png 56
ucf/Nunchucks/samples/00858.png 56
ucf/Nunchucks/samples/00859.png 56
ucf/Nunchucks/samples/00860.png 56
ucf/Nunchucks/samples/00861.png 56
ucf/Nunchucks/samples/00862.png 56
ucf/Nunchucks/samples/00863.png 56
ucf/Nunchucks/samples/00864.png 56
ucf/Nunchucks/samples/00865.png 56
ucf/Nunchucks/samples/00866.png 56
ucf/Nunchucks/samples/00867.png 56
ucf/Nunchucks/samples/00868.png 56
ucf/Nunchucks/samples/00869.png 56
ucf/Nunchucks/samples/00870.png 56
ucf/Nunchucks/samples/00871.png 56
ucf/Nunchucks/samples/00872.png 56
ucf/Nunchucks/samples/00873.png 56
ucf/Nunchucks/samples/00874.png 56
ucf/Nunchucks/samples/00875.png 56
ucf/Nunchucks/samples/00876.png 56
ucf/Nunchucks/samples/00877.png 56
ucf/Nunchucks/samples/00878.png 56
ucf/Nunchucks/samples/00879.png 56
ucf/Nunchucks/samples/00880.png 56
ucf/Nunchucks/samples/00881.png 56
ucf/Nunchucks/samples/00882.png 56
ucf/Nunchucks/samples/00883.png 56
ucf/Nunchucks/samples/00884.png 56
ucf/Nunchucks/samples/00885.png 56
ucf/Nunchucks/samples/00886.png 56
ucf/Nunchucks/samples/00887.png 56
ucf/Nunchucks/samples/00888.png 56
ucf/Nunchucks/samples/00889.png 56
ucf/Nunchucks/samples/00890.png 56
ucf/Nunchucks/samples/00891.png 56
ucf/Nunchucks/samples/00892.png 56
ucf/Nunchucks/samples/00893.png 56
ucf/Nunchucks/samples/00894.png 56
ucf/Nunchucks/samples/00895.png 56
ucf/Nunchucks/samples/00896.png 56
ucf/Nunchucks/samples/00897.png 56
ucf/Nunchucks/samples/00898.png 56
ucf/Nunchucks/samples/00899.png 56
ucf/Nunchucks/samples/00900.png 56
ucf/Nunchucks/samples/00901.png 56
ucf/Nunchucks/samples/00902.png 56
ucf/Nunchucks/samples/00903.png 56
ucf/Nunchucks/samples/00904.png 56
ucf/Nunchucks/samples/00905.png 56
ucf/Nunchucks/samples/00906.png 56
ucf/Nunchucks/samples/00907.png 56
ucf/Nunchucks/samples/00908.png 56
ucf/Nunchucks/samples/00909.png 56
ucf/Nunchucks/samples/00910.png 56
ucf/Nunchucks/samples/00911.png 56
ucf/Nunchucks/samples/00912.png 56
ucf/Nunchucks/samples/00913.png 56
ucf/Nunchucks/samples/00914.png 56
ucf/Nunchucks/samples/00915.png 56
ucf/Nunchucks/samples/00916.png 56
ucf/Nunchucks/samples/00917.png 56
ucf/Nunchucks/samples/00918.png 56
ucf/Nunchucks/samples/00919.png 56
ucf/Nunchucks/samples/00920.png 56
ucf/Nunchucks/samples/00921.png 56
ucf/Nunchucks/samples/00922.png 56
ucf/Nunchucks/samples/00923.png 56
ucf/Nunchucks/samples/00924.png 56
ucf/Nunchucks/samples/00925.png 56
ucf/Nunchucks/samples/00926.png 56
ucf/Nunchucks/samples/00927.png 56
ucf/Nunchucks/samples/00928.png 56
ucf/Nunchucks/samples/00929.png 56
ucf/Nunchucks/samples/00930.png 56
ucf/Nunchucks/samples/00931.png 56
ucf/Nunchucks/samples/00932.png 56
ucf/Nunchucks/samples/00933.png 56
ucf/Nunchucks/samples/00934.png 56
ucf/Nunchucks/samples/00935.png 56
ucf/Nunchucks/samples/00936.png 56
ucf/Nunchucks/samples/00937.png 56
ucf/Nunchucks/samples/00938.png 56
ucf/Nunchucks/samples/00939.png 56
ucf/Nunchucks/samples/00940.png 56
ucf/Nunchucks/samples/00941.png 56
ucf/Nunchucks/samples/00942.png 56
ucf/Nunchucks/samples/00943.png 56
ucf/Nunchucks/samples/00944.png 56
ucf/Nunchucks/samples/00945.png 56
ucf/Nunchucks/samples/00946.png 56
ucf/Nunchucks/samples/00947.png 56
ucf/Nunchucks/samples/00948.png 56
ucf/Nunchucks/samples/00949.png 56
ucf/Nunchucks/samples/00950.png 56
ucf/Nunchucks/samples/00951.png 56
ucf/Nunchucks/samples/00952.png 56
ucf/Nunchucks/samples/00953.png 56
ucf/Nunchucks/samples/00954.png 56
ucf/Nunchucks/samples/00955.png 56
ucf/Nunchucks/samples/00956.png 56
ucf/Nunchucks/samples/00957.png 56
ucf/Nunchucks/samples/00958.png 56
ucf/Nunchucks/samples/00959.png 56
ucf/Nunchucks/samples/00960.png 56
ucf/Nunchucks/samples/00961.png 56
ucf/Nunchucks/samples/00962.png 56
ucf/Nunchucks/samples/00963.png 56
ucf/Nunchucks/samples/00964.png 56
ucf/Nunchucks/samples/00965.png 56
ucf/Nunchucks/samples/00966.png 56
ucf/Nunchucks/samples/00967.png 56
ucf/Nunchucks/samples/00968.png 56
ucf/Nunchucks/samples/00969.png 56
ucf/Nunchucks/samples/00970.png 56
ucf/Nunchucks/samples/00971.png 56
ucf/Nunchucks/samples/00972.png 56
ucf/Nunchucks/samples/00973.png 56
ucf/Nunchucks/samples/00974.png 56
ucf/Nunchucks/samples/00975.png 56
ucf/Nunchucks/samples/00976.png 56
ucf/Nunchucks/samples/00977.png 56
ucf/Nunchucks/samples/00978.png 56
ucf/Nunchucks/samples/00979.png 56
ucf/Nunchucks/samples/00980.png 56
ucf/Nunchucks/samples/00981.png 56
ucf/Nunchucks/samples/00982.png 56
ucf/Nunchucks/samples/00983.png 56
ucf/Nunchucks/samples/00984.png 56
ucf/Nunchucks/samples/00985.png 56
ucf/Nunchucks/samples/00986.png 56
ucf/Nunchucks/samples/00987.png 56
ucf/Nunchucks/samples/00988.png 56
ucf/Nunchucks/samples/00989.png 56
ucf/Nunchucks/samples/00990.png 56
ucf/Nunchucks/samples/00991.png 56
ucf/Nunchucks/samples/00992.png 56
ucf/Nunchucks/samples/00993.png 56
ucf/Nunchucks/samples/00994.png 56
ucf/Nunchucks/samples/00995.png 56
ucf/Nunchucks/samples/00996.png 56
ucf/Nunchucks/samples/00997.png 56
ucf/Nunchucks/samples/00998.png 56
ucf/Nunchucks/samples/00999.png 56
ucf/Swing/samples/00000.png 89
ucf/Swing/samples/00001.png 89
ucf/Swing/samples/00002.png 89
ucf/Swing/samples/00003.png 89
ucf/Swing/samples/00004.png 89
ucf/Swing/samples/00005.png 89
ucf/Swing/samples/00006.png 89
ucf/Swing/samples/00007.png 89
ucf/Swing/samples/00008.png 89
ucf/Swing/samples/00009.png 89
ucf/Swing/samples/00010.png 89
ucf/Swing/samples/00011.png 89
ucf/Swing/samples/00012.png 89
ucf/Swing/samples/00013.png 89
ucf/Swing/samples/00014.png 89
ucf/Swing/samples/00015.png 89
ucf/Swing/samples/00016.png 89
ucf/Swing/samples/00017.png 89
ucf/Swing/samples/00018.png 89
ucf/Swing/samples/00019.png 89
ucf/Swing/samples/00020.png 89
ucf/Swing/samples/00021.png 89
ucf/Swing/samples/00022.png 89
ucf/Swing/samples/00023.png 89
ucf/Swing/samples/00024.png 89
ucf/Swing/samples/00025.png 89
ucf/Swing/samples/00026.png 89
ucf/Swing/samples/00027.png 89
ucf/Swing/samples/00028.png 89
ucf/Swing/samples/00029.png 89
ucf/Swing/samples/00030.png 89
ucf/Swing/samples/00031.png 89
ucf/Swing/samples/00032.png 89
ucf/Swing/samples/00033.png 89
ucf/Swing/samples/00034.png 89
ucf/Swing/samples/00035.png 89
ucf/Swing/samples/00036.png 89
ucf/Swing/samples/00037.png 89
ucf/Swing/samples/00038.png 89
ucf/Swing/samples/00039.png 89
ucf/Swing/samples/00040.png 89
ucf/Swing/samples/00041.png 89
ucf/Swing/samples/00042.png 89
ucf/Swing/samples/00043.png 89
ucf/Swing/samples/00044.png 89
ucf/Swing/samples/00045.png 89
ucf/Swing/samples/00046.png 89
ucf/Swing/samples/00047.png 89
ucf/Swing/samples/00048.png 89
ucf/Swing/samples/00049.png 89
ucf/Swing/samples/00050.png 89
ucf/Swing/samples/00051.png 89
ucf/Swing/samples/00052.png 89
ucf/Swing/samples/00053.png 89
ucf/Swing/samples/00054.png 89
ucf/Swing/samples/00055.png 89
ucf/Swing/samples/00056.png 89
ucf/Swing/samples/00057.png 89
ucf/Swing/samples/00058.png 89
ucf/Swing/samples/00059.png 89
ucf/Swing/samples/00060.png 89
ucf/Swing/samples/00061.png 89
ucf/Swing/samples/00062.png 89
ucf/Swing/samples/00063.png 89
ucf/Swing/samples/00064.png 89
ucf/Swing/samples/00065.png 89
ucf/Swing/samples/00066.png 89
ucf/Swing/samples/00067.png 89
ucf/Swing/samples/00068.png 89
ucf/Swing/samples/00069.png 89
ucf/Swing/samples/00070.png 89
ucf/Swing/samples/00071.png 89
ucf/Swing/samples/00072.png 89
ucf/Swing/samples/00073.png 89
ucf/Swing/samples/00074.png 89
ucf/Swing/samples/00075.png 89
ucf/Swing/samples/00076.png 89
ucf/Swing/samples/00077.png 89
ucf/Swing/samples/00078.png 89
ucf/Swing/samples/00079.png 89
ucf/Swing/samples/00080.png 89
ucf/Swing/samples/00081.png 89
ucf/Swing/samples/00082.png 89
ucf/Swing/samples/00083.png 89
ucf/Swing/samples/00084.png 89
ucf/Swing/samples/00085.png 89
ucf/Swing/samples/00086.png 89
ucf/Swing/samples/00087.png 89
ucf/Swing/samples/00088.png 89
ucf/Swing/samples/00089.png 89
ucf/Swing/samples/00090.png 89
ucf/Swing/samples/00091.png 89
ucf/Swing/samples/00092.png 89
ucf/Swing/samples/00093.png 89
ucf/Swing/samples/00094.png 89
ucf/Swing/samples/00095.png 89
ucf/Swing/samples/00096.png 89
ucf/Swing/samples/00097.png 89
ucf/Swing/samples/00098.png 89
ucf/Swing/samples/00099.png 89
ucf/Swing/samples/00100.png 89
ucf/Swing/samples/00101.png 89
ucf/Swing/samples/00102.png 89
ucf/Swing/samples/00103.png 89
ucf/Swing/samples/00104.png 89
ucf/Swing/samples/00105.png 89
ucf/Swing/samples/00106.png 89
ucf/Swing/samples/00107.png 89
ucf/Swing/samples/00108.png 89
ucf/Swing/samples/00109.png 89
ucf/Swing/samples/00110.png 89
ucf/Swing/samples/00111.png 89
ucf/Swing/samples/00112.png 89
ucf/Swing/samples/00113.png 89
ucf/Swing/samples/00114.png 89
ucf/Swing/samples/00115.png 89
ucf/Swing/samples/00116.png 89
ucf/Swing/samples/00117.png 89
ucf/Swing/samples/00118.png 89
ucf/Swing/samples/00119.png 89
ucf/Swing/samples/00120.png 89
ucf/Swing/samples/00121.png 89
ucf/Swing/samples/00122.png 89
ucf/Swing/samples/00123.png 89
ucf/Swing/samples/00124.png 89
ucf/Swing/samples/00125.png 89
ucf/Swing/samples/00126.png 89
ucf/Swing/samples/00127.png 89
ucf/Swing/samples/00128.png 89
ucf/Swing/samples/00129.png 89
ucf/Swing/samples/00130.png 89
ucf/Swing/samples/00131.png 89
ucf/Swing/samples/00132.png 89
ucf/Swing/samples/00133.png 89
ucf/Swing/samples/00134.png 89
ucf/Swing/samples/00135.png 89
ucf/Swing/samples/00136.png 89
ucf/Swing/samples/00137.png 89
ucf/Swing/samples/00138.png 89
ucf/Swing/samples/00139.png 89
ucf/Swing/samples/00140.png 89
ucf/Swing/samples/00141.png 89
ucf/Swing/samples/00142.png 89
ucf/Swing/samples/00143.png 89
ucf/Swing/samples/00144.png 89
ucf/Swing/samples/00145.png 89
ucf/Swing/samples/00146.png 89
ucf/Swing/samples/00147.png 89
ucf/Swing/samples/00148.png 89
ucf/Swing/samples/00149.png 89
ucf/Swing/samples/00150.png 89
ucf/Swing/samples/00151.png 89
ucf/Swing/samples/00152.png 89
ucf/Swing/samples/00153.png 89
ucf/Swing/samples/00154.png 89
ucf/Swing/samples/00155.png 89
ucf/Swing/samples/00156.png 89
ucf/Swing/samples/00157.png 89
ucf/Swing/samples/00158.png 89
ucf/Swing/samples/00159.png 89
ucf/Swing/samples/00160.png 89
ucf/Swing/samples/00161.png 89
ucf/Swing/samples/00162.png 89
ucf/Swing/samples/00163.png 89
ucf/Swing/samples/00164.png 89
ucf/Swing/samples/00165.png 89
ucf/Swing/samples/00166.png 89
ucf/Swing/samples/00167.png 89
ucf/Swing/samples/00168.png 89
ucf/Swing/samples/00169.png 89
ucf/Swing/samples/00170.png 89
ucf/Swing/samples/00171.png 89
ucf/Swing/samples/00172.png 89
ucf/Swing/samples/00173.png 89
ucf/Swing/samples/00174.png 89
ucf/Swing/samples/00175.png 89
ucf/Swing/samples/00176.png 89
ucf/Swing/samples/00177.png 89
ucf/Swing/samples/00178.png 89
ucf/Swing/samples/00179.png 89
ucf/Swing/samples/00180.png 89
ucf/Swing/samples/00181.png 89
ucf/Swing/samples/00182.png 89
ucf/Swing/samples/00183.png 89
ucf/Swing/samples/00184.png 89
ucf/Swing/samples/00185.png 89
ucf/Swing/samples/00186.png 89
ucf/Swing/samples/00187.png 89
ucf/Swing/samples/00188.png 89
ucf/Swing/samples/00189.png 89
ucf/Swing/samples/00190.png 89
ucf/Swing/samples/00191.png 89
ucf/Swing/samples/00192.png 89
ucf/Swing/samples/00193.png 89
ucf/Swing/samples/00194.png 89
ucf/Swing/samples/00195.png 89
ucf/Swing/samples/00196.png 89
ucf/Swing/samples/00197.png 89
ucf/Swing/samples/00198.png 89
ucf/Swing/samples/00199.png 89
ucf/Swing/samples/00200.png 89
ucf/Swing/samples/00201.png 89
ucf/Swing/samples/00202.png 89
ucf/Swing/samples/00203.png 89
ucf/Swing/samples/00204.png 89
ucf/Swing/samples/00205.png 89
ucf/Swing/samples/00206.png 89
ucf/Swing/samples/00207.png 89
ucf/Swing/samples/00208.png 89
ucf/Swing/samples/00209.png 89
ucf/Swing/samples/00210.png 89
ucf/Swing/samples/00211.png 89
ucf/Swing/samples/00212.png 89
ucf/Swing/samples/00213.png 89
ucf/Swing/samples/00214.png 89
ucf/Swing/samples/00215.png 89
ucf/Swing/samples/00216.png 89
ucf/Swing/samples/00217.png 89
ucf/Swing/samples/00218.png 89
ucf/Swing/samples/00219.png 89
ucf/Swing/samples/00220.png 89
ucf/Swing/samples/00221.png 89
ucf/Swing/samples/00222.png 89
ucf/Swing/samples/00223.png 89
ucf/Swing/samples/00224.png 89
ucf/Swing/samples/00225.png 89
ucf/Swing/samples/00226.png 89
ucf/Swing/samples/00227.png 89
ucf/Swing/samples/00228.png 89
ucf/Swing/samples/00229.png 89
ucf/Swing/samples/00230.png 89
ucf/Swing/samples/00231.png 89
ucf/Swing/samples/00232.png 89
ucf/Swing/samples/00233.png 89
ucf/Swing/samples/00234.png 89
ucf/Swing/samples/00235.png 89
ucf/Swing/samples/00236.png 89
ucf/Swing/samples/00237.png 89
ucf/Swing/samples/00238.png 89
ucf/Swing/samples/00239.png 89
ucf/Swing/samples/00240.png 89
ucf/Swing/samples/00241.png 89
ucf/Swing/samples/00242.png 89
ucf/Swing/samples/00243.png 89
ucf/Swing/samples/00244.png 89
ucf/Swing/samples/00245.png 89
ucf/Swing/samples/00246.png 89
ucf/Swing/samples/00247.png 89
ucf/Swing/samples/00248.png 89
ucf/Swing/samples/00249.png 89
ucf/Swing/samples/00250.png 89
ucf/Swing/samples/00251.png 89
ucf/Swing/samples/00252.png 89
ucf/Swing/samples/00253.png 89
ucf/Swing/samples/00254.png 89
ucf/Swing/samples/00255.png 89
ucf/Swing/samples/00256.png 89
ucf/Swing/samples/00257.png 89
ucf/Swing/samples/00258.png 89
ucf/Swing/samples/00259.png 89
ucf/Swing/samples/00260.png 89
ucf/Swing/samples/00261.png 89
ucf/Swing/samples/00262.png 89
ucf/Swing/samples/00263.png 89
ucf/Swing/samples/00264.png 89
ucf/Swing/samples/00265.png 89
ucf/Swing/samples/00266.png 89
ucf/Swing/samples/00267.png 89
ucf/Swing/samples/00268.png 89
ucf/Swing/samples/00269.png 89
ucf/Swing/samples/00270.png 89
ucf/Swing/samples/00271.png 89
ucf/Swing/samples/00272.png 89
ucf/Swing/samples/00273.png 89
ucf/Swing/samples/00274.png 89
ucf/Swing/samples/00275.png 89
ucf/Swing/samples/00276.png 89
ucf/Swing/samples/00277.png 89
ucf/Swing/samples/00278.png 89
ucf/Swing/samples/00279.png 89
ucf/Swing/samples/00280.png 89
ucf/Swing/samples/00281.png 89
ucf/Swing/samples/00282.png 89
ucf/Swing/samples/00283.png 89
ucf/Swing/samples/00284.png 89
ucf/Swing/samples/00285.png 89
ucf/Swing/samples/00286.png 89
ucf/Swing/samples/00287.png 89
ucf/Swing/samples/00288.png 89
ucf/Swing/samples/00289.png 89
ucf/Swing/samples/00290.png 89
ucf/Swing/samples/00291.png 89
ucf/Swing/samples/00292.png 89
ucf/Swing/samples/00293.png 89
ucf/Swing/samples/00294.png 89
ucf/Swing/samples/00295.png 89
ucf/Swing/samples/00296.png 89
ucf/Swing/samples/00297.png 89
ucf/Swing/samples/00298.png 89
ucf/Swing/samples/00299.png 89
ucf/Swing/samples/00300.png 89
ucf/Swing/samples/00301.png 89
ucf/Swing/samples/00302.png 89
ucf/Swing/samples/00303.png 89
ucf/Swing/samples/00304.png 89
ucf/Swing/samples/00305.png 89
ucf/Swing/samples/00306.png 89
ucf/Swing/samples/00307.png 89
ucf/Swing/samples/00308.png 89
ucf/Swing/samples/00309.png 89
ucf/Swing/samples/00310.png 89
ucf/Swing/samples/00311.png 89
ucf/Swing/samples/00312.png 89
ucf/Swing/samples/00313.png 89
ucf/Swing/samples/00314.png 89
ucf/Swing/samples/00315.png 89
ucf/Swing/samples/00316.png 89
ucf/Swing/samples/00317.png 89
ucf/Swing/samples/00318.png 89
ucf/Swing/samples/00319.png 89
ucf/Swing/samples/00320.png 89
ucf/Swing/samples/00321.png 89
ucf/Swing/samples/00322.png 89
ucf/Swing/samples/00323.png 89
ucf/Swing/samples/00324.png 89
ucf/Swing/samples/00325.png 89
ucf/Swing/samples/00326.png 89
ucf/Swing/samples/00327.png 89
ucf/Swing/samples/00328.png 89
ucf/Swing/samples/00329.png 89
ucf/Swing/samples/00330.png 89
ucf/Swing/samples/00331.png 89
ucf/Swing/samples/00332.png 89
ucf/Swing/samples/00333.png 89
ucf/Swing/samples/00334.png 89
ucf/Swing/samples/00335.png 89
ucf/Swing/samples/00336.png 89
ucf/Swing/samples/00337.png 89
ucf/Swing/samples/00338.png 89
ucf/Swing/samples/00339.png 89
ucf/Swing/samples/00340.png 89
ucf/Swing/samples/00341.png 89
ucf/Swing/samples/00342.png 89
ucf/Swing/samples/00343.png 89
ucf/Swing/samples/00344.png 89
ucf/Swing/samples/00345.png 89
ucf/Swing/samples/00346.png 89
ucf/Swing/samples/00347.png 89
ucf/Swing/samples/00348.png 89
ucf/Swing/samples/00349.png 89
ucf/Swing/samples/00350.png 89
ucf/Swing/samples/00351.png 89
ucf/Swing/samples/00352.png 89
ucf/Swing/samples/00353.png 89
ucf/Swing/samples/00354.png 89
ucf/Swing/samples/00355.png 89
ucf/Swing/samples/00356.png 89
ucf/Swing/samples/00357.png 89
ucf/Swing/samples/00358.png 89
ucf/Swing/samples/00359.png 89
ucf/Swing/samples/00360.png 89
ucf/Swing/samples/00361.png 89
ucf/Swing/samples/00362.png 89
ucf/Swing/samples/00363.png 89
ucf/Swing/samples/00364.png 89
ucf/Swing/samples/00365.png 89
ucf/Swing/samples/00366.png 89
ucf/Swing/samples/00367.png 89
ucf/Swing/samples/00368.png 89
ucf/Swing/samples/00369.png 89
ucf/Swing/samples/00370.png 89
ucf/Swing/samples/00371.png 89
ucf/Swing/samples/00372.png 89
ucf/Swing/samples/00373.png 89
ucf/Swing/samples/00374.png 89
ucf/Swing/samples/00375.png 89
ucf/Swing/samples/00376.png 89
ucf/Swing/samples/00377.png 89
ucf/Swing/samples/00378.png 89
ucf/Swing/samples/00379.png 89
ucf/Swing/samples/00380.png 89
ucf/Swing/samples/00381.png 89
ucf/Swing/samples/00382.png 89
ucf/Swing/samples/00383.png 89
ucf/Swing/samples/00384.png 89
ucf/Swing/samples/00385.png 89
ucf/Swing/samples/00386.png 89
ucf/Swing/samples/00387.png 89
ucf/Swing/samples/00388.png 89
ucf/Swing/samples/00389.png 89
ucf/Swing/samples/00390.png 89
ucf/Swing/samples/00391.png 89
ucf/Swing/samples/00392.png 89
ucf/Swing/samples/00393.png 89
ucf/Swing/samples/00394.png 89
ucf/Swing/samples/00395.png 89
ucf/Swing/samples/00396.png 89
ucf/Swing/samples/00397.png 89
ucf/Swing/samples/00398.png 89
ucf/Swing/samples/00399.png 89
ucf/Swing/samples/00400.png 89
ucf/Swing/samples/00401.png 89
ucf/Swing/samples/00402.png 89
ucf/Swing/samples/00403.png 89
ucf/Swing/samples/00404.png 89
ucf/Swing/samples/00405.png 89
ucf/Swing/samples/00406.png 89
ucf/Swing/samples/00407.png 89
ucf/Swing/samples/00408.png 89
ucf/Swing/samples/00409.png 89
ucf/Swing/samples/00410.png 89
ucf/Swing/samples/00411.png 89
ucf/Swing/samples/00412.png 89
ucf/Swing/samples/00413.png 89
ucf/Swing/samples/00414.png 89
ucf/Swing/samples/00415.png 89
ucf/Swing/samples/00416.png 89
ucf/Swing/samples/00417.png 89
ucf/Swing/samples/00418.png 89
ucf/Swing/samples/00419.png 89
ucf/Swing/samples/00420.png 89
ucf/Swing/samples/00421.png 89
ucf/Swing/samples/00422.png 89
ucf/Swing/samples/00423.png 89
ucf/Swing/samples/00424.png 89
ucf/Swing/samples/00425.png 89
ucf/Swing/samples/00426.png 89
ucf/Swing/samples/00427.png 89
ucf/Swing/samples/00428.png 89
ucf/Swing/samples/00429.png 89
ucf/Swing/samples/00430.png 89
ucf/Swing/samples/00431.png 89
ucf/Swing/samples/00432.png 89
ucf/Swing/samples/00433.png 89
ucf/Swing/samples/00434.png 89
ucf/Swing/samples/00435.png 89
ucf/Swing/samples/00436.png 89
ucf/Swing/samples/00437.png 89
ucf/Swing/samples/00438.png 89
ucf/Swing/samples/00439.png 89
ucf/Swing/samples/00440.png 89
ucf/Swing/samples/00441.png 89
ucf/Swing/samples/00442.png 89
ucf/Swing/samples/00443.png 89
ucf/Swing/samples/00444.png 89
ucf/Swing/samples/00445.png 89
ucf/Swing/samples/00446.png 89
ucf/Swing/samples/00447.png 89
ucf/Swing/samples/00448.png 89
ucf/Swing/samples/00449.png 89
ucf/Swing/samples/00450.png 89
ucf/Swing/samples/00451.png 89
ucf/Swing/samples/00452.png 89
ucf/Swing/samples/00453.png 89
ucf/Swing/samples/00454.png 89
ucf/Swing/samples/00455.png 89
ucf/Swing/samples/00456.png 89
ucf/Swing/samples/00457.png 89
ucf/Swing/samples/00458.png 89
ucf/Swing/samples/00459.png 89
ucf/Swing/samples/00460.png 89
ucf/Swing/samples/00461.png 89
ucf/Swing/samples/00462.png 89
ucf/Swing/samples/00463.png 89
ucf/Swing/samples/00464.png 89
ucf/Swing/samples/00465.png 89
ucf/Swing/samples/00466.png 89
ucf/Swing/samples/00467.png 89
ucf/Swing/samples/00468.png 89
ucf/Swing/samples/00469.png 89
ucf/Swing/samples/00470.png 89
ucf/Swing/samples/00471.png 89
ucf/Swing/samples/00472.png 89
ucf/Swing/samples/00473.png 89
ucf/Swing/samples/00474.png 89
ucf/Swing/samples/00475.png 89
ucf/Swing/samples/00476.png 89
ucf/Swing/samples/00477.png 89
ucf/Swing/samples/00478.png 89
ucf/Swing/samples/00479.png 89
ucf/Swing/samples/00480.png 89
ucf/Swing/samples/00481.png 89
ucf/Swing/samples/00482.png 89
ucf/Swing/samples/00483.png 89
ucf/Swing/samples/00484.png 89
ucf/Swing/samples/00485.png 89
ucf/Swing/samples/00486.png 89
ucf/Swing/samples/00487.png 89
ucf/Swing/samples/00488.png 89
ucf/Swing/samples/00489.png 89
ucf/Swing/samples/00490.png 89
ucf/Swing/samples/00491.png 89
ucf/Swing/samples/00492.png 89
ucf/Swing/samples/00493.png 89
ucf/Swing/samples/00494.png 89
ucf/Swing/samples/00495.png 89
ucf/Swing/samples/00496.png 89
ucf/Swing/samples/00497.png 89
ucf/Swing/samples/00498.png 89
ucf/Swing/samples/00499.png 89
ucf/Swing/samples/00500.png 89
ucf/Swing/samples/00501.png 89
ucf/Swing/samples/00502.png 89
ucf/Swing/samples/00503.png 89
ucf/Swing/samples/00504.png 89
ucf/Swing/samples/00505.png 89
ucf/Swing/samples/00506.png 89
ucf/Swing/samples/00507.png 89
ucf/Swing/samples/00508.png 89
ucf/Swing/samples/00509.png 89
ucf/Swing/samples/00510.png 89
ucf/Swing/samples/00511.png 89
ucf/Swing/samples/00512.png 89
ucf/Swing/samples/00513.png 89
ucf/Swing/samples/00514.png 89
ucf/Swing/samples/00515.png 89
ucf/Swing/samples/00516.png 89
ucf/Swing/samples/00517.png 89
ucf/Swing/samples/00518.png 89
ucf/Swing/samples/00519.png 89
ucf/Swing/samples/00520.png 89
ucf/Swing/samples/00521.png 89
ucf/Swing/samples/00522.png 89
ucf/Swing/samples/00523.png 89
ucf/Swing/samples/00524.png 89
ucf/Swing/samples/00525.png 89
ucf/Swing/samples/00526.png 89
ucf/Swing/samples/00527.png 89
ucf/Swing/samples/00528.png 89
ucf/Swing/samples/00529.png 89
ucf/Swing/samples/00530.png 89
ucf/Swing/samples/00531.png 89
ucf/Swing/samples/00532.png 89
ucf/Swing/samples/00533.png 89
ucf/Swing/samples/00534.png 89
ucf/Swing/samples/00535.png 89
ucf/Swing/samples/00536.png 89
ucf/Swing/samples/00537.png 89
ucf/Swing/samples/00538.png 89
ucf/Swing/samples/00539.png 89
ucf/Swing/samples/00540.png 89
ucf/Swing/samples/00541.png 89
ucf/Swing/samples/00542.png 89
ucf/Swing/samples/00543.png 89
ucf/Swing/samples/00544.png 89
ucf/Swing/samples/00545.png 89
ucf/Swing/samples/00546.png 89
ucf/Swing/samples/00547.png 89
ucf/Swing/samples/00548.png 89
ucf/Swing/samples/00549.png 89
ucf/Swing/samples/00550.png 89
ucf/Swing/samples/00551.png 89
ucf/Swing/samples/00552.png 89
ucf/Swing/samples/00553.png 89
ucf/Swing/samples/00554.png 89
ucf/Swing/samples/00555.png 89
ucf/Swing/samples/00556.png 89
ucf/Swing/samples/00557.png 89
ucf/Swing/samples/00558.png 89
ucf/Swing/samples/00559.png 89
ucf/Swing/samples/00560.png 89
ucf/Swing/samples/00561.png 89
ucf/Swing/samples/00562.png 89
ucf/Swing/samples/00563.png 89
ucf/Swing/samples/00564.png 89
ucf/Swing/samples/00565.png 89
ucf/Swing/samples/00566.png 89
ucf/Swing/samples/00567.png 89
ucf/Swing/samples/00568.png 89
ucf/Swing/samples/00569.png 89
ucf/Swing/samples/00570.png 89
ucf/Swing/samples/00571.png 89
ucf/Swing/samples/00572.png 89
ucf/Swing/samples/00573.png 89
ucf/Swing/samples/00574.png 89
ucf/Swing/samples/00575.png 89
ucf/Swing/samples/00576.png 89
ucf/Swing/samples/00577.png 89
ucf/Swing/samples/00578.png 89
ucf/Swing/samples/00579.png 89
ucf/Swing/samples/00580.png 89
ucf/Swing/samples/00581.png 89
ucf/Swing/samples/00582.png 89
ucf/Swing/samples/00583.png 89
ucf/Swing/samples/00584.png 89
ucf/Swing/samples/00585.png 89
ucf/Swing/samples/00586.png 89
ucf/Swing/samples/00587.png 89
ucf/Swing/samples/00588.png 89
ucf/Swing/samples/00589.png 89
ucf/Swing/samples/00590.png 89
ucf/Swing/samples/00591.png 89
ucf/Swing/samples/00592.png 89
ucf/Swing/samples/00593.png 89
ucf/Swing/samples/00594.png 89
ucf/Swing/samples/00595.png 89
ucf/Swing/samples/00596.png 89
ucf/Swing/samples/00597.png 89
ucf/Swing/samples/00598.png 89
ucf/Swing/samples/00599.png 89
ucf/Swing/samples/00600.png 89
ucf/Swing/samples/00601.png 89
ucf/Swing/samples/00602.png 89
ucf/Swing/samples/00603.png 89
ucf/Swing/samples/00604.png 89
ucf/Swing/samples/00605.png 89
ucf/Swing/samples/00606.png 89
ucf/Swing/samples/00607.png 89
ucf/Swing/samples/00608.png 89
ucf/Swing/samples/00609.png 89
ucf/Swing/samples/00610.png 89
ucf/Swing/samples/00611.png 89
ucf/Swing/samples/00612.png 89
ucf/Swing/samples/00613.png 89
ucf/Swing/samples/00614.png 89
ucf/Swing/samples/00615.png 89
ucf/Swing/samples/00616.png 89
ucf/Swing/samples/00617.png 89
ucf/Swing/samples/00618.png 89
ucf/Swing/samples/00619.png 89
ucf/Swing/samples/00620.png 89
ucf/Swing/samples/00621.png 89
ucf/Swing/samples/00622.png 89
ucf/Swing/samples/00623.png 89
ucf/Swing/samples/00624.png 89
ucf/Swing/samples/00625.png 89
ucf/Swing/samples/00626.png 89
ucf/Swing/samples/00627.png 89
ucf/Swing/samples/00628.png 89
ucf/Swing/samples/00629.png 89
ucf/Swing/samples/00630.png 89
ucf/Swing/samples/00631.png 89
ucf/Swing/samples/00632.png 89
ucf/Swing/samples/00633.png 89
ucf/Swing/samples/00634.png 89
ucf/Swing/samples/00635.png 89
ucf/Swing/samples/00636.png 89
ucf/Swing/samples/00637.png 89
ucf/Swing/samples/00638.png 89
ucf/Swing/samples/00639.png 89
ucf/Swing/samples/00640.png 89
ucf/Swing/samples/00641.png 89
ucf/Swing/samples/00642.png 89
ucf/Swing/samples/00643.png 89
ucf/Swing/samples/00644.png 89
ucf/Swing/samples/00645.png 89
ucf/Swing/samples/00646.png 89
ucf/Swing/samples/00647.png 89
ucf/Swing/samples/00648.png 89
ucf/Swing/samples/00649.png 89
ucf/Swing/samples/00650.png 89
ucf/Swing/samples/00651.png 89
ucf/Swing/samples/00652.png 89
ucf/Swing/samples/00653.png 89
ucf/Swing/samples/00654.png 89
ucf/Swing/samples/00655.png 89
ucf/Swing/samples/00656.png 89
ucf/Swing/samples/00657.png 89
ucf/Swing/samples/00658.png 89
ucf/Swing/samples/00659.png 89
ucf/Swing/samples/00660.png 89
ucf/Swing/samples/00661.png 89
ucf/Swing/samples/00662.png 89
ucf/Swing/samples/00663.png 89
ucf/Swing/samples/00664.png 89
ucf/Swing/samples/00665.png 89
ucf/Swing/samples/00666.png 89
ucf/Swing/samples/00667.png 89
ucf/Swing/samples/00668.png 89
ucf/Swing/samples/00669.png 89
ucf/Swing/samples/00670.png 89
ucf/Swing/samples/00671.png 89
ucf/Swing/samples/00672.png 89
ucf/Swing/samples/00673.png 89
ucf/Swing/samples/00674.png 89
ucf/Swing/samples/00675.png 89
ucf/Swing/samples/00676.png 89
ucf/Swing/samples/00677.png 89
ucf/Swing/samples/00678.png 89
ucf/Swing/samples/00679.png 89
ucf/Swing/samples/00680.png 89
ucf/Swing/samples/00681.png 89
ucf/Swing/samples/00682.png 89
ucf/Swing/samples/00683.png 89
ucf/Swing/samples/00684.png 89
ucf/Swing/samples/00685.png 89
ucf/Swing/samples/00686.png 89
ucf/Swing/samples/00687.png 89
ucf/Swing/samples/00688.png 89
ucf/Swing/samples/00689.png 89
ucf/Swing/samples/00690.png 89
ucf/Swing/samples/00691.png 89
ucf/Swing/samples/00692.png 89
ucf/Swing/samples/00693.png 89
ucf/Swing/samples/00694.png 89
ucf/Swing/samples/00695.png 89
ucf/Swing/samples/00696.png 89
ucf/Swing/samples/00697.png 89
ucf/Swing/samples/00698.png 89
ucf/Swing/samples/00699.png 89
ucf/Swing/samples/00700.png 89
ucf/Swing/samples/00701.png 89
ucf/Swing/samples/00702.png 89
ucf/Swing/samples/00703.png 89
ucf/Swing/samples/00704.png 89
ucf/Swing/samples/00705.png 89
ucf/Swing/samples/00706.png 89
ucf/Swing/samples/00707.png 89
ucf/Swing/samples/00708.png 89
ucf/Swing/samples/00709.png 89
ucf/Swing/samples/00710.png 89
ucf/Swing/samples/00711.png 89
ucf/Swing/samples/00712.png 89
ucf/Swing/samples/00713.png 89
ucf/Swing/samples/00714.png 89
ucf/Swing/samples/00715.png 89
ucf/Swing/samples/00716.png 89
ucf/Swing/samples/00717.png 89
ucf/Swing/samples/00718.png 89
ucf/Swing/samples/00719.png 89
ucf/Swing/samples/00720.png 89
ucf/Swing/samples/00721.png 89
ucf/Swing/samples/00722.png 89
ucf/Swing/samples/00723.png 89
ucf/Swing/samples/00724.png 89
ucf/Swing/samples/00725.png 89
ucf/Swing/samples/00726.png 89
ucf/Swing/samples/00727.png 89
ucf/Swing/samples/00728.png 89
ucf/Swing/samples/00729.png 89
ucf/Swing/samples/00730.png 89
ucf/Swing/samples/00731.png 89
ucf/Swing/samples/00732.png 89
ucf/Swing/samples/00733.png 89
ucf/Swing/samples/00734.png 89
ucf/Swing/samples/00735.png 89
ucf/Swing/samples/00736.png 89
ucf/Swing/samples/00737.png 89
ucf/Swing/samples/00738.png 89
ucf/Swing/samples/00739.png 89
ucf/Swing/samples/00740.png 89
ucf/Swing/samples/00741.png 89
ucf/Swing/samples/00742.png 89
ucf/Swing/samples/00743.png 89
ucf/Swing/samples/00744.png 89
ucf/Swing/samples/00745.png 89
ucf/Swing/samples/00746.png 89
ucf/Swing/samples/00747.png 89
ucf/Swing/samples/00748.png 89
ucf/Swing/samples/00749.png 89
ucf/Swing/samples/00750.png 89
ucf/Swing/samples/00751.png 89
ucf/Swing/samples/00752.png 89
ucf/Swing/samples/00753.png 89
ucf/Swing/samples/00754.png 89
ucf/Swing/samples/00755.png 89
ucf/Swing/samples/00756.png 89
ucf/Swing/samples/00757.png 89
ucf/Swing/samples/00758.png 89
ucf/Swing/samples/00759.png 89
ucf/Swing/samples/00760.png 89
ucf/Swing/samples/00761.png 89
ucf/Swing/samples/00762.png 89
ucf/Swing/samples/00763.png 89
ucf/Swing/samples/00764.png 89
ucf/Swing/samples/00765.png 89
ucf/Swing/samples/00766.png 89
ucf/Swing/samples/00767.png 89
ucf/Swing/samples/00768.png 89
ucf/Swing/samples/00769.png 89
ucf/Swing/samples/00770.png 89
ucf/Swing/samples/00771.png 89
ucf/Swing/samples/00772.png 89
ucf/Swing/samples/00773.png 89
ucf/Swing/samples/00774.png 89
ucf/Swing/samples/00775.png 89
ucf/Swing/samples/00776.png 89
ucf/Swing/samples/00777.png 89
ucf/Swing/samples/00778.png 89
ucf/Swing/samples/00779.png 89
ucf/Swing/samples/00780.png 89
ucf/Swing/samples/00781.png 89
ucf/Swing/samples/00782.png 89
ucf/Swing/samples/00783.png 89
ucf/Swing/samples/00784.png 89
ucf/Swing/samples/00785.png 89
ucf/Swing/samples/00786.png 89
ucf/Swing/samples/00787.png 89
ucf/Swing/samples/00788.png 89
ucf/Swing/samples/00789.png 89
ucf/Swing/samples/00790.png 89
ucf/Swing/samples/00791.png 89
ucf/Swing/samples/00792.png 89
ucf/Swing/samples/00793.png 89
ucf/Swing/samples/00794.png 89
ucf/Swing/samples/00795.png 89
ucf/Swing/samples/00796.png 89
ucf/Swing/samples/00797.png 89
ucf/Swing/samples/00798.png 89
ucf/Swing/samples/00799.png 89
ucf/Swing/samples/00800.png 89
ucf/Swing/samples/00801.png 89
ucf/Swing/samples/00802.png 89
ucf/Swing/samples/00803.png 89
ucf/Swing/samples/00804.png 89
ucf/Swing/samples/00805.png 89
ucf/Swing/samples/00806.png 89
ucf/Swing/samples/00807.png 89
ucf/Swing/samples/00808.png 89
ucf/Swing/samples/00809.png 89
ucf/Swing/samples/00810.png 89
ucf/Swing/samples/00811.png 89
ucf/Swing/samples/00812.png 89
ucf/Swing/samples/00813.png 89
ucf/Swing/samples/00814.png 89
ucf/Swing/samples/00815.png 89
ucf/Swing/samples/00816.png 89
ucf/Swing/samples/00817.png 89
ucf/Swing/samples/00818.png 89
ucf/Swing/samples/00819.png 89
ucf/Swing/samples/00820.png 89
ucf/Swing/samples/00821.png 89
ucf/Swing/samples/00822.png 89
ucf/Swing/samples/00823.png 89
ucf/Swing/samples/00824.png 89
ucf/Swing/samples/00825.png 89
ucf/Swing/samples/00826.png 89
ucf/Swing/samples/00827.png 89
ucf/Swing/samples/00828.png 89
ucf/Swing/samples/00829.png 89
ucf/Swing/samples/00830.png 89
ucf/Swing/samples/00831.png 89
ucf/Swing/samples/00832.png 89
ucf/Swing/samples/00833.png 89
ucf/Swing/samples/00834.png 89
ucf/Swing/samples/00835.png 89
ucf/Swing/samples/00836.png 89
ucf/Swing/samples/00837.png 89
ucf/Swing/samples/00838.png 89
ucf/Swing/samples/00839.png 89
ucf/Swing/samples/00840.png 89
ucf/Swing/samples/00841.png 89
ucf/Swing/samples/00842.png 89
ucf/Swing/samples/00843.png 89
ucf/Swing/samples/00844.png 89
ucf/Swing/samples/00845.png 89
ucf/Swing/samples/00846.png 89
ucf/Swing/samples/00847.png 89
ucf/Swing/samples/00848.png 89
ucf/Swing/samples/00849.png 89
ucf/Swing/samples/00850.png 89
ucf/Swing/samples/00851.png 89
ucf/Swing/samples/00852.png 89
ucf/Swing/samples/00853.png 89
ucf/Swing/samples/00854.png 89
ucf/Swing/samples/00855.png 89
ucf/Swing/samples/00856.png 89
ucf/Swing/samples/00857.png 89
ucf/Swing/samples/00858.png 89
ucf/Swing/samples/00859.png 89
ucf/Swing/samples/00860.png 89
ucf/Swing/samples/00861.png 89
ucf/Swing/samples/00862.png 89
ucf/Swing/samples/00863.png 89
ucf/Swing/samples/00864.png 89
ucf/Swing/samples/00865.png 89
ucf/Swing/samples/00866.png 89
ucf/Swing/samples/00867.png 89
ucf/Swing/samples/00868.png 89
ucf/Swing/samples/00869.png 89
ucf/Swing/samples/00870.png 89
ucf/Swing/samples/00871.png 89
ucf/Swing/samples/00872.png 89
ucf/Swing/samples/00873.png 89
ucf/Swing/samples/00874.png 89
ucf/Swing/samples/00875.png 89
ucf/Swing/samples/00876.png 89
ucf/Swing/samples/00877.png 89
ucf/Swing/samples/00878.png 89
ucf/Swing/samples/00879.png 89
ucf/Swing/samples/00880.png 89
ucf/Swing/samples/00881.png 89
ucf/Swing/samples/00882.png 89
ucf/Swing/samples/00883.png 89
ucf/Swing/samples/00884.png 89
ucf/Swing/samples/00885.png 89
ucf/Swing/samples/00886.png 89
ucf/Swing/samples/00887.png 89
ucf/Swing/samples/00888.png 89
ucf/Swing/samples/00889.png 89
ucf/Swing/samples/00890.png 89
ucf/Swing/samples/00891.png 89
ucf/Swing/samples/00892.png 89
ucf/Swing/samples/00893.png 89
ucf/Swing/samples/00894.png 89
ucf/Swing/samples/00895.png 89
ucf/Swing/samples/00896.png 89
ucf/Swing/samples/00897.png 89
ucf/Swing/samples/00898.png 89
ucf/Swing/samples/00899.png 89
ucf/Swing/samples/00900.png 89
ucf/Swing/samples/00901.png 89
ucf/Swing/samples/00902.png 89
ucf/Swing/samples/00903.png 89
ucf/Swing/samples/00904.png 89
ucf/Swing/samples/00905.png 89
ucf/Swing/samples/00906.png 89
ucf/Swing/samples/00907.png 89
ucf/Swing/samples/00908.png 89
ucf/Swing/samples/00909.png 89
ucf/Swing/samples/00910.png 89
ucf/Swing/samples/00911.png 89
ucf/Swing/samples/00912.png 89
ucf/Swing/samples/00913.png 89
ucf/Swing/samples/00914.png 89
ucf/Swing/samples/00915.png 89
ucf/Swing/samples/00916.png 89
ucf/Swing/samples/00917.png 89
ucf/Swing/samples/00918.png 89
ucf/Swing/samples/00919.png 89
ucf/Swing/samples/00920.png 89
ucf/Swing/samples/00921.png 89
ucf/Swing/samples/00922.png 89
ucf/Swing/samples/00923.png 89
ucf/Swing/samples/00924.png 89
ucf/Swing/samples/00925.png 89
ucf/Swing/samples/00926.png 89
ucf/Swing/samples/00927.png 89
ucf/Swing/samples/00928.png 89
ucf/Swing/samples/00929.png 89
ucf/Swing/samples/00930.png 89
ucf/Swing/samples/00931.png 89
ucf/Swing/samples/00932.png 89
ucf/Swing/samples/00933.png 89
ucf/Swing/samples/00934.png 89
ucf/Swing/samples/00935.png 89
ucf/Swing/samples/00936.png 89
ucf/Swing/samples/00937.png 89
ucf/Swing/samples/00938.png 89
ucf/Swing/samples/00939.png 89
ucf/Swing/samples/00940.png 89
ucf/Swing/samples/00941.png 89
ucf/Swing/samples/00942.png 89
ucf/Swing/samples/00943.png 89
ucf/Swing/samples/00944.png 89
ucf/Swing/samples/00945.png 89
ucf/Swing/samples/00946.png 89
ucf/Swing/samples/00947.png 89
ucf/Swing/samples/00948.png 89
ucf/Swing/samples/00949.png 89
ucf/Swing/samples/00950.png 89
ucf/Swing/samples/00951.png 89
ucf/Swing/samples/00952.png 89
ucf/Swing/samples/00953.png 89
ucf/Swing/samples/00954.png 89
ucf/Swing/samples/00955.png 89
ucf/Swing/samples/00956.png 89
ucf/Swing/samples/00957.png 89
ucf/Swing/samples/00958.png 89
ucf/Swing/samples/00959.png 89
ucf/Swing/samples/00960.png 89
ucf/Swing/samples/00961.png 89
ucf/Swing/samples/00962.png 89
ucf/Swing/samples/00963.png 89
ucf/Swing/samples/00964.png 89
ucf/Swing/samples/00965.png 89
ucf/Swing/samples/00966.png 89
ucf/Swing/samples/00967.png 89
ucf/Swing/samples/00968.png 89
ucf/Swing/samples/00969.png 89
ucf/Swing/samples/00970.png 89
ucf/Swing/samples/00971.png 89
ucf/Swing/samples/00972.png 89
ucf/Swing/samples/00973.png 89
ucf/Swing/samples/00974.png 89
ucf/Swing/samples/00975.png 89
ucf/Swing/samples/00976.png 89
ucf/Swing/samples/00977.png 89
ucf/Swing/samples/00978.png 89
ucf/Swing/samples/00979.png 89
ucf/Swing/samples/00980.png 89
ucf/Swing/samples/00981.png 89
ucf/Swing/samples/00982.png 89
ucf/Swing/samples/00983.png 89
ucf/Swing/samples/00984.png 89
ucf/Swing/samples/00985.png 89
ucf/Swing/samples/00986.png 89
ucf/Swing/samples/00987.png 89
ucf/Swing/samples/00988.png 89
ucf/Swing/samples/00989.png 89
ucf/Swing/samples/00990.png 89
ucf/Swing/samples/00991.png 89
ucf/Swing/samples/00992.png 89
ucf/Swing/samples/00993.png 89
ucf/Swing/samples/00994.png 89
ucf/Swing/samples/00995.png 89
ucf/Swing/samples/00996.png 89
ucf/Swing/samples/00997.png 89
ucf/Swing/samples/00998.png 89
ucf/Swing/samples/00999.png 89
ucf/FloorGymnastics/samples/00000.png 30
ucf/FloorGymnastics/samples/00001.png 30
ucf/FloorGymnastics/samples/00002.png 30
ucf/FloorGymnastics/samples/00003.png 30
ucf/FloorGymnastics/samples/00004.png 30
ucf/FloorGymnastics/samples/00005.png 30
ucf/FloorGymnastics/samples/00006.png 30
ucf/FloorGymnastics/samples/00007.png 30
ucf/FloorGymnastics/samples/00008.png 30
ucf/FloorGymnastics/samples/00009.png 30
ucf/FloorGymnastics/samples/00010.png 30
ucf/FloorGymnastics/samples/00011.png 30
ucf/FloorGymnastics/samples/00012.png 30
ucf/FloorGymnastics/samples/00013.png 30
ucf/FloorGymnastics/samples/00014.png 30
ucf/FloorGymnastics/samples/00015.png 30
ucf/FloorGymnastics/samples/00016.png 30
ucf/FloorGymnastics/samples/00017.png 30
ucf/FloorGymnastics/samples/00018.png 30
ucf/FloorGymnastics/samples/00019.png 30
ucf/FloorGymnastics/samples/00020.png 30
ucf/FloorGymnastics/samples/00021.png 30
ucf/FloorGymnastics/samples/00022.png 30
ucf/FloorGymnastics/samples/00023.png 30
ucf/FloorGymnastics/samples/00024.png 30
ucf/FloorGymnastics/samples/00025.png 30
ucf/FloorGymnastics/samples/00026.png 30
ucf/FloorGymnastics/samples/00027.png 30
ucf/FloorGymnastics/samples/00028.png 30
ucf/FloorGymnastics/samples/00029.png 30
ucf/FloorGymnastics/samples/00030.png 30
ucf/FloorGymnastics/samples/00031.png 30
ucf/FloorGymnastics/samples/00032.png 30
ucf/FloorGymnastics/samples/00033.png 30
ucf/FloorGymnastics/samples/00034.png 30
ucf/FloorGymnastics/samples/00035.png 30
ucf/FloorGymnastics/samples/00036.png 30
ucf/FloorGymnastics/samples/00037.png 30
ucf/FloorGymnastics/samples/00038.png 30
ucf/FloorGymnastics/samples/00039.png 30
ucf/FloorGymnastics/samples/00040.png 30
ucf/FloorGymnastics/samples/00041.png 30
ucf/FloorGymnastics/samples/00042.png 30
ucf/FloorGymnastics/samples/00043.png 30
ucf/FloorGymnastics/samples/00044.png 30
ucf/FloorGymnastics/samples/00045.png 30
ucf/FloorGymnastics/samples/00046.png 30
ucf/FloorGymnastics/samples/00047.png 30
ucf/FloorGymnastics/samples/00048.png 30
ucf/FloorGymnastics/samples/00049.png 30
ucf/FloorGymnastics/samples/00050.png 30
ucf/FloorGymnastics/samples/00051.png 30
ucf/FloorGymnastics/samples/00052.png 30
ucf/FloorGymnastics/samples/00053.png 30
ucf/FloorGymnastics/samples/00054.png 30
ucf/FloorGymnastics/samples/00055.png 30
ucf/FloorGymnastics/samples/00056.png 30
ucf/FloorGymnastics/samples/00057.png 30
ucf/FloorGymnastics/samples/00058.png 30
ucf/FloorGymnastics/samples/00059.png 30
ucf/FloorGymnastics/samples/00060.png 30
ucf/FloorGymnastics/samples/00061.png 30
ucf/FloorGymnastics/samples/00062.png 30
ucf/FloorGymnastics/samples/00063.png 30
ucf/FloorGymnastics/samples/00064.png 30
ucf/FloorGymnastics/samples/00065.png 30
ucf/FloorGymnastics/samples/00066.png 30
ucf/FloorGymnastics/samples/00067.png 30
ucf/FloorGymnastics/samples/00068.png 30
ucf/FloorGymnastics/samples/00069.png 30
ucf/FloorGymnastics/samples/00070.png 30
ucf/FloorGymnastics/samples/00071.png 30
ucf/FloorGymnastics/samples/00072.png 30
ucf/FloorGymnastics/samples/00073.png 30
ucf/FloorGymnastics/samples/00074.png 30
ucf/FloorGymnastics/samples/00075.png 30
ucf/FloorGymnastics/samples/00076.png 30
ucf/FloorGymnastics/samples/00077.png 30
ucf/FloorGymnastics/samples/00078.png 30
ucf/FloorGymnastics/samples/00079.png 30
ucf/FloorGymnastics/samples/00080.png 30
ucf/FloorGymnastics/samples/00081.png 30
ucf/FloorGymnastics/samples/00082.png 30
ucf/FloorGymnastics/samples/00083.png 30
ucf/FloorGymnastics/samples/00084.png 30
ucf/FloorGymnastics/samples/00085.png 30
ucf/FloorGymnastics/samples/00086.png 30
ucf/FloorGymnastics/samples/00087.png 30
ucf/FloorGymnastics/samples/00088.png 30
ucf/FloorGymnastics/samples/00089.png 30
ucf/FloorGymnastics/samples/00090.png 30
ucf/FloorGymnastics/samples/00091.png 30
ucf/FloorGymnastics/samples/00092.png 30
ucf/FloorGymnastics/samples/00093.png 30
ucf/FloorGymnastics/samples/00094.png 30
ucf/FloorGymnastics/samples/00095.png 30
ucf/FloorGymnastics/samples/00096.png 30
ucf/FloorGymnastics/samples/00097.png 30
ucf/FloorGymnastics/samples/00098.png 30
ucf/FloorGymnastics/samples/00099.png 30
ucf/FloorGymnastics/samples/00100.png 30
ucf/FloorGymnastics/samples/00101.png 30
ucf/FloorGymnastics/samples/00102.png 30
ucf/FloorGymnastics/samples/00103.png 30
ucf/FloorGymnastics/samples/00104.png 30
ucf/FloorGymnastics/samples/00105.png 30
ucf/FloorGymnastics/samples/00106.png 30
ucf/FloorGymnastics/samples/00107.png 30
ucf/FloorGymnastics/samples/00108.png 30
ucf/FloorGymnastics/samples/00109.png 30
ucf/FloorGymnastics/samples/00110.png 30
ucf/FloorGymnastics/samples/00111.png 30
ucf/FloorGymnastics/samples/00112.png 30
ucf/FloorGymnastics/samples/00113.png 30
ucf/FloorGymnastics/samples/00114.png 30
ucf/FloorGymnastics/samples/00115.png 30
ucf/FloorGymnastics/samples/00116.png 30
ucf/FloorGymnastics/samples/00117.png 30
ucf/FloorGymnastics/samples/00118.png 30
ucf/FloorGymnastics/samples/00119.png 30
ucf/FloorGymnastics/samples/00120.png 30
ucf/FloorGymnastics/samples/00121.png 30
ucf/FloorGymnastics/samples/00122.png 30
ucf/FloorGymnastics/samples/00123.png 30
ucf/FloorGymnastics/samples/00124.png 30
ucf/FloorGymnastics/samples/00125.png 30
ucf/FloorGymnastics/samples/00126.png 30
ucf/FloorGymnastics/samples/00127.png 30
ucf/FloorGymnastics/samples/00128.png 30
ucf/FloorGymnastics/samples/00129.png 30
ucf/FloorGymnastics/samples/00130.png 30
ucf/FloorGymnastics/samples/00131.png 30
ucf/FloorGymnastics/samples/00132.png 30
ucf/FloorGymnastics/samples/00133.png 30
ucf/FloorGymnastics/samples/00134.png 30
ucf/FloorGymnastics/samples/00135.png 30
ucf/FloorGymnastics/samples/00136.png 30
ucf/FloorGymnastics/samples/00137.png 30
ucf/FloorGymnastics/samples/00138.png 30
ucf/FloorGymnastics/samples/00139.png 30
ucf/FloorGymnastics/samples/00140.png 30
ucf/FloorGymnastics/samples/00141.png 30
ucf/FloorGymnastics/samples/00142.png 30
ucf/FloorGymnastics/samples/00143.png 30
ucf/FloorGymnastics/samples/00144.png 30
ucf/FloorGymnastics/samples/00145.png 30
ucf/FloorGymnastics/samples/00146.png 30
ucf/FloorGymnastics/samples/00147.png 30
ucf/FloorGymnastics/samples/00148.png 30
ucf/FloorGymnastics/samples/00149.png 30
ucf/FloorGymnastics/samples/00150.png 30
ucf/FloorGymnastics/samples/00151.png 30
ucf/FloorGymnastics/samples/00152.png 30
ucf/FloorGymnastics/samples/00153.png 30
ucf/FloorGymnastics/samples/00154.png 30
ucf/FloorGymnastics/samples/00155.png 30
ucf/FloorGymnastics/samples/00156.png 30
ucf/FloorGymnastics/samples/00157.png 30
ucf/FloorGymnastics/samples/00158.png 30
ucf/FloorGymnastics/samples/00159.png 30
ucf/FloorGymnastics/samples/00160.png 30
ucf/FloorGymnastics/samples/00161.png 30
ucf/FloorGymnastics/samples/00162.png 30
ucf/FloorGymnastics/samples/00163.png 30
ucf/FloorGymnastics/samples/00164.png 30
ucf/FloorGymnastics/samples/00165.png 30
ucf/FloorGymnastics/samples/00166.png 30
ucf/FloorGymnastics/samples/00167.png 30
ucf/FloorGymnastics/samples/00168.png 30
ucf/FloorGymnastics/samples/00169.png 30
ucf/FloorGymnastics/samples/00170.png 30
ucf/FloorGymnastics/samples/00171.png 30
ucf/FloorGymnastics/samples/00172.png 30
ucf/FloorGymnastics/samples/00173.png 30
ucf/FloorGymnastics/samples/00174.png 30
ucf/FloorGymnastics/samples/00175.png 30
ucf/FloorGymnastics/samples/00176.png 30
ucf/FloorGymnastics/samples/00177.png 30
ucf/FloorGymnastics/samples/00178.png 30
ucf/FloorGymnastics/samples/00179.png 30
ucf/FloorGymnastics/samples/00180.png 30
ucf/FloorGymnastics/samples/00181.png 30
ucf/FloorGymnastics/samples/00182.png 30
ucf/FloorGymnastics/samples/00183.png 30
ucf/FloorGymnastics/samples/00184.png 30
ucf/FloorGymnastics/samples/00185.png 30
ucf/FloorGymnastics/samples/00186.png 30
ucf/FloorGymnastics/samples/00187.png 30
ucf/FloorGymnastics/samples/00188.png 30
ucf/FloorGymnastics/samples/00189.png 30
ucf/FloorGymnastics/samples/00190.png 30
ucf/FloorGymnastics/samples/00191.png 30
ucf/FloorGymnastics/samples/00192.png 30
ucf/FloorGymnastics/samples/00193.png 30
ucf/FloorGymnastics/samples/00194.png 30
ucf/FloorGymnastics/samples/00195.png 30
ucf/FloorGymnastics/samples/00196.png 30
ucf/FloorGymnastics/samples/00197.png 30
ucf/FloorGymnastics/samples/00198.png 30
ucf/FloorGymnastics/samples/00199.png 30
ucf/FloorGymnastics/samples/00200.png 30
ucf/FloorGymnastics/samples/00201.png 30
ucf/FloorGymnastics/samples/00202.png 30
ucf/FloorGymnastics/samples/00203.png 30
ucf/FloorGymnastics/samples/00204.png 30
ucf/FloorGymnastics/samples/00205.png 30
ucf/FloorGymnastics/samples/00206.png 30
ucf/FloorGymnastics/samples/00207.png 30
ucf/FloorGymnastics/samples/00208.png 30
ucf/FloorGymnastics/samples/00209.png 30
ucf/FloorGymnastics/samples/00210.png 30
ucf/FloorGymnastics/samples/00211.png 30
ucf/FloorGymnastics/samples/00212.png 30
ucf/FloorGymnastics/samples/00213.png 30
ucf/FloorGymnastics/samples/00214.png 30
ucf/FloorGymnastics/samples/00215.png 30
ucf/FloorGymnastics/samples/00216.png 30
ucf/FloorGymnastics/samples/00217.png 30
ucf/FloorGymnastics/samples/00218.png 30
ucf/FloorGymnastics/samples/00219.png 30
ucf/FloorGymnastics/samples/00220.png 30
ucf/FloorGymnastics/samples/00221.png 30
ucf/FloorGymnastics/samples/00222.png 30
ucf/FloorGymnastics/samples/00223.png 30
ucf/FloorGymnastics/samples/00224.png 30
ucf/FloorGymnastics/samples/00225.png 30
ucf/FloorGymnastics/samples/00226.png 30
ucf/FloorGymnastics/samples/00227.png 30
ucf/FloorGymnastics/samples/00228.png 30
ucf/FloorGymnastics/samples/00229.png 30
ucf/FloorGymnastics/samples/00230.png 30
ucf/FloorGymnastics/samples/00231.png 30
ucf/FloorGymnastics/samples/00232.png 30
ucf/FloorGymnastics/samples/00233.png 30
ucf/FloorGymnastics/samples/00234.png 30
ucf/FloorGymnastics/samples/00235.png 30
ucf/FloorGymnastics/samples/00236.png 30
ucf/FloorGymnastics/samples/00237.png 30
ucf/FloorGymnastics/samples/00238.png 30
ucf/FloorGymnastics/samples/00239.png 30
ucf/FloorGymnastics/samples/00240.png 30
ucf/FloorGymnastics/samples/00241.png 30
ucf/FloorGymnastics/samples/00242.png 30
ucf/FloorGymnastics/samples/00243.png 30
ucf/FloorGymnastics/samples/00244.png 30
ucf/FloorGymnastics/samples/00245.png 30
ucf/FloorGymnastics/samples/00246.png 30
ucf/FloorGymnastics/samples/00247.png 30
ucf/FloorGymnastics/samples/00248.png 30
ucf/FloorGymnastics/samples/00249.png 30
ucf/FloorGymnastics/samples/00250.png 30
ucf/FloorGymnastics/samples/00251.png 30
ucf/FloorGymnastics/samples/00252.png 30
ucf/FloorGymnastics/samples/00253.png 30
ucf/FloorGymnastics/samples/00254.png 30
ucf/FloorGymnastics/samples/00255.png 30
ucf/FloorGymnastics/samples/00256.png 30
ucf/FloorGymnastics/samples/00257.png 30
ucf/FloorGymnastics/samples/00258.png 30
ucf/FloorGymnastics/samples/00259.png 30
ucf/FloorGymnastics/samples/00260.png 30
ucf/FloorGymnastics/samples/00261.png 30
ucf/FloorGymnastics/samples/00262.png 30
ucf/FloorGymnastics/samples/00263.png 30
ucf/FloorGymnastics/samples/00264.png 30
ucf/FloorGymnastics/samples/00265.png 30
ucf/FloorGymnastics/samples/00266.png 30
ucf/FloorGymnastics/samples/00267.png 30
ucf/FloorGymnastics/samples/00268.png 30
ucf/FloorGymnastics/samples/00269.png 30
ucf/FloorGymnastics/samples/00270.png 30
ucf/FloorGymnastics/samples/00271.png 30
ucf/FloorGymnastics/samples/00272.png 30
ucf/FloorGymnastics/samples/00273.png 30
ucf/FloorGymnastics/samples/00274.png 30
ucf/FloorGymnastics/samples/00275.png 30
ucf/FloorGymnastics/samples/00276.png 30
ucf/FloorGymnastics/samples/00277.png 30
ucf/FloorGymnastics/samples/00278.png 30
ucf/FloorGymnastics/samples/00279.png 30
ucf/FloorGymnastics/samples/00280.png 30
ucf/FloorGymnastics/samples/00281.png 30
ucf/FloorGymnastics/samples/00282.png 30
ucf/FloorGymnastics/samples/00283.png 30
ucf/FloorGymnastics/samples/00284.png 30
ucf/FloorGymnastics/samples/00285.png 30
ucf/FloorGymnastics/samples/00286.png 30
ucf/FloorGymnastics/samples/00287.png 30
ucf/FloorGymnastics/samples/00288.png 30
ucf/FloorGymnastics/samples/00289.png 30
ucf/FloorGymnastics/samples/00290.png 30
ucf/FloorGymnastics/samples/00291.png 30
ucf/FloorGymnastics/samples/00292.png 30
ucf/FloorGymnastics/samples/00293.png 30
ucf/FloorGymnastics/samples/00294.png 30
ucf/FloorGymnastics/samples/00295.png 30
ucf/FloorGymnastics/samples/00296.png 30
ucf/FloorGymnastics/samples/00297.png 30
ucf/FloorGymnastics/samples/00298.png 30
ucf/FloorGymnastics/samples/00299.png 30
ucf/FloorGymnastics/samples/00300.png 30
ucf/FloorGymnastics/samples/00301.png 30
ucf/FloorGymnastics/samples/00302.png 30
ucf/FloorGymnastics/samples/00303.png 30
ucf/FloorGymnastics/samples/00304.png 30
ucf/FloorGymnastics/samples/00305.png 30
ucf/FloorGymnastics/samples/00306.png 30
ucf/FloorGymnastics/samples/00307.png 30
ucf/FloorGymnastics/samples/00308.png 30
ucf/FloorGymnastics/samples/00309.png 30
ucf/FloorGymnastics/samples/00310.png 30
ucf/FloorGymnastics/samples/00311.png 30
ucf/FloorGymnastics/samples/00312.png 30
ucf/FloorGymnastics/samples/00313.png 30
ucf/FloorGymnastics/samples/00314.png 30
ucf/FloorGymnastics/samples/00315.png 30
ucf/FloorGymnastics/samples/00316.png 30
ucf/FloorGymnastics/samples/00317.png 30
ucf/FloorGymnastics/samples/00318.png 30
ucf/FloorGymnastics/samples/00319.png 30
ucf/FloorGymnastics/samples/00320.png 30
ucf/FloorGymnastics/samples/00321.png 30
ucf/FloorGymnastics/samples/00322.png 30
ucf/FloorGymnastics/samples/00323.png 30
ucf/FloorGymnastics/samples/00324.png 30
ucf/FloorGymnastics/samples/00325.png 30
ucf/FloorGymnastics/samples/00326.png 30
ucf/FloorGymnastics/samples/00327.png 30
ucf/FloorGymnastics/samples/00328.png 30
ucf/FloorGymnastics/samples/00329.png 30
ucf/FloorGymnastics/samples/00330.png 30
ucf/FloorGymnastics/samples/00331.png 30
ucf/FloorGymnastics/samples/00332.png 30
ucf/FloorGymnastics/samples/00333.png 30
ucf/FloorGymnastics/samples/00334.png 30
ucf/FloorGymnastics/samples/00335.png 30
ucf/FloorGymnastics/samples/00336.png 30
ucf/FloorGymnastics/samples/00337.png 30
ucf/FloorGymnastics/samples/00338.png 30
ucf/FloorGymnastics/samples/00339.png 30
ucf/FloorGymnastics/samples/00340.png 30
ucf/FloorGymnastics/samples/00341.png 30
ucf/FloorGymnastics/samples/00342.png 30
ucf/FloorGymnastics/samples/00343.png 30
ucf/FloorGymnastics/samples/00344.png 30
ucf/FloorGymnastics/samples/00345.png 30
ucf/FloorGymnastics/samples/00346.png 30
ucf/FloorGymnastics/samples/00347.png 30
ucf/FloorGymnastics/samples/00348.png 30
ucf/FloorGymnastics/samples/00349.png 30
ucf/FloorGymnastics/samples/00350.png 30
ucf/FloorGymnastics/samples/00351.png 30
ucf/FloorGymnastics/samples/00352.png 30
ucf/FloorGymnastics/samples/00353.png 30
ucf/FloorGymnastics/samples/00354.png 30
ucf/FloorGymnastics/samples/00355.png 30
ucf/FloorGymnastics/samples/00356.png 30
ucf/FloorGymnastics/samples/00357.png 30
ucf/FloorGymnastics/samples/00358.png 30
ucf/FloorGymnastics/samples/00359.png 30
ucf/FloorGymnastics/samples/00360.png 30
ucf/FloorGymnastics/samples/00361.png 30
ucf/FloorGymnastics/samples/00362.png 30
ucf/FloorGymnastics/samples/00363.png 30
ucf/FloorGymnastics/samples/00364.png 30
ucf/FloorGymnastics/samples/00365.png 30
ucf/FloorGymnastics/samples/00366.png 30
ucf/FloorGymnastics/samples/00367.png 30
ucf/FloorGymnastics/samples/00368.png 30
ucf/FloorGymnastics/samples/00369.png 30
ucf/FloorGymnastics/samples/00370.png 30
ucf/FloorGymnastics/samples/00371.png 30
ucf/FloorGymnastics/samples/00372.png 30
ucf/FloorGymnastics/samples/00373.png 30
ucf/FloorGymnastics/samples/00374.png 30
ucf/FloorGymnastics/samples/00375.png 30
ucf/FloorGymnastics/samples/00376.png 30
ucf/FloorGymnastics/samples/00377.png 30
ucf/FloorGymnastics/samples/00378.png 30
ucf/FloorGymnastics/samples/00379.png 30
ucf/FloorGymnastics/samples/00380.png 30
ucf/FloorGymnastics/samples/00381.png 30
ucf/FloorGymnastics/samples/00382.png 30
ucf/FloorGymnastics/samples/00383.png 30
ucf/FloorGymnastics/samples/00384.png 30
ucf/FloorGymnastics/samples/00385.png 30
ucf/FloorGymnastics/samples/00386.png 30
ucf/FloorGymnastics/samples/00387.png 30
ucf/FloorGymnastics/samples/00388.png 30
ucf/FloorGymnastics/samples/00389.png 30
ucf/FloorGymnastics/samples/00390.png 30
ucf/FloorGymnastics/samples/00391.png 30
ucf/FloorGymnastics/samples/00392.png 30
ucf/FloorGymnastics/samples/00393.png 30
ucf/FloorGymnastics/samples/00394.png 30
ucf/FloorGymnastics/samples/00395.png 30
ucf/FloorGymnastics/samples/00396.png 30
ucf/FloorGymnastics/samples/00397.png 30
ucf/FloorGymnastics/samples/00398.png 30
ucf/FloorGymnastics/samples/00399.png 30
ucf/FloorGymnastics/samples/00400.png 30
ucf/FloorGymnastics/samples/00401.png 30
ucf/FloorGymnastics/samples/00402.png 30
ucf/FloorGymnastics/samples/00403.png 30
ucf/FloorGymnastics/samples/00404.png 30
ucf/FloorGymnastics/samples/00405.png 30
ucf/FloorGymnastics/samples/00406.png 30
ucf/FloorGymnastics/samples/00407.png 30
ucf/FloorGymnastics/samples/00408.png 30
ucf/FloorGymnastics/samples/00409.png 30
ucf/FloorGymnastics/samples/00410.png 30
ucf/FloorGymnastics/samples/00411.png 30
ucf/FloorGymnastics/samples/00412.png 30
ucf/FloorGymnastics/samples/00413.png 30
ucf/FloorGymnastics/samples/00414.png 30
ucf/FloorGymnastics/samples/00415.png 30
ucf/FloorGymnastics/samples/00416.png 30
ucf/FloorGymnastics/samples/00417.png 30
ucf/FloorGymnastics/samples/00418.png 30
ucf/FloorGymnastics/samples/00419.png 30
ucf/FloorGymnastics/samples/00420.png 30
ucf/FloorGymnastics/samples/00421.png 30
ucf/FloorGymnastics/samples/00422.png 30
ucf/FloorGymnastics/samples/00423.png 30
ucf/FloorGymnastics/samples/00424.png 30
ucf/FloorGymnastics/samples/00425.png 30
ucf/FloorGymnastics/samples/00426.png 30
ucf/FloorGymnastics/samples/00427.png 30
ucf/FloorGymnastics/samples/00428.png 30
ucf/FloorGymnastics/samples/00429.png 30
ucf/FloorGymnastics/samples/00430.png 30
ucf/FloorGymnastics/samples/00431.png 30
ucf/FloorGymnastics/samples/00432.png 30
ucf/FloorGymnastics/samples/00433.png 30
ucf/FloorGymnastics/samples/00434.png 30
ucf/FloorGymnastics/samples/00435.png 30
ucf/FloorGymnastics/samples/00436.png 30
ucf/FloorGymnastics/samples/00437.png 30
ucf/FloorGymnastics/samples/00438.png 30
ucf/FloorGymnastics/samples/00439.png 30
ucf/FloorGymnastics/samples/00440.png 30
ucf/FloorGymnastics/samples/00441.png 30
ucf/FloorGymnastics/samples/00442.png 30
ucf/FloorGymnastics/samples/00443.png 30
ucf/FloorGymnastics/samples/00444.png 30
ucf/FloorGymnastics/samples/00445.png 30
ucf/FloorGymnastics/samples/00446.png 30
ucf/FloorGymnastics/samples/00447.png 30
ucf/FloorGymnastics/samples/00448.png 30
ucf/FloorGymnastics/samples/00449.png 30
ucf/FloorGymnastics/samples/00450.png 30
ucf/FloorGymnastics/samples/00451.png 30
ucf/FloorGymnastics/samples/00452.png 30
ucf/FloorGymnastics/samples/00453.png 30
ucf/FloorGymnastics/samples/00454.png 30
ucf/FloorGymnastics/samples/00455.png 30
ucf/FloorGymnastics/samples/00456.png 30
ucf/FloorGymnastics/samples/00457.png 30
ucf/FloorGymnastics/samples/00458.png 30
ucf/FloorGymnastics/samples/00459.png 30
ucf/FloorGymnastics/samples/00460.png 30
ucf/FloorGymnastics/samples/00461.png 30
ucf/FloorGymnastics/samples/00462.png 30
ucf/FloorGymnastics/samples/00463.png 30
ucf/FloorGymnastics/samples/00464.png 30
ucf/FloorGymnastics/samples/00465.png 30
ucf/FloorGymnastics/samples/00466.png 30
ucf/FloorGymnastics/samples/00467.png 30
ucf/FloorGymnastics/samples/00468.png 30
ucf/FloorGymnastics/samples/00469.png 30
ucf/FloorGymnastics/samples/00470.png 30
ucf/FloorGymnastics/samples/00471.png 30
ucf/FloorGymnastics/samples/00472.png 30
ucf/FloorGymnastics/samples/00473.png 30
ucf/FloorGymnastics/samples/00474.png 30
ucf/FloorGymnastics/samples/00475.png 30
ucf/FloorGymnastics/samples/00476.png 30
ucf/FloorGymnastics/samples/00477.png 30
ucf/FloorGymnastics/samples/00478.png 30
ucf/FloorGymnastics/samples/00479.png 30
ucf/FloorGymnastics/samples/00480.png 30
ucf/FloorGymnastics/samples/00481.png 30
ucf/FloorGymnastics/samples/00482.png 30
ucf/FloorGymnastics/samples/00483.png 30
ucf/FloorGymnastics/samples/00484.png 30
ucf/FloorGymnastics/samples/00485.png 30
ucf/FloorGymnastics/samples/00486.png 30
ucf/FloorGymnastics/samples/00487.png 30
ucf/FloorGymnastics/samples/00488.png 30
ucf/FloorGymnastics/samples/00489.png 30
ucf/FloorGymnastics/samples/00490.png 30
ucf/FloorGymnastics/samples/00491.png 30
ucf/FloorGymnastics/samples/00492.png 30
ucf/FloorGymnastics/samples/00493.png 30
ucf/FloorGymnastics/samples/00494.png 30
ucf/FloorGymnastics/samples/00495.png 30
ucf/FloorGymnastics/samples/00496.png 30
ucf/FloorGymnastics/samples/00497.png 30
ucf/FloorGymnastics/samples/00498.png 30
ucf/FloorGymnastics/samples/00499.png 30
ucf/FloorGymnastics/samples/00500.png 30
ucf/FloorGymnastics/samples/00501.png 30
ucf/FloorGymnastics/samples/00502.png 30
ucf/FloorGymnastics/samples/00503.png 30
ucf/FloorGymnastics/samples/00504.png 30
ucf/FloorGymnastics/samples/00505.png 30
ucf/FloorGymnastics/samples/00506.png 30
ucf/FloorGymnastics/samples/00507.png 30
ucf/FloorGymnastics/samples/00508.png 30
ucf/FloorGymnastics/samples/00509.png 30
ucf/FloorGymnastics/samples/00510.png 30
ucf/FloorGymnastics/samples/00511.png 30
ucf/FloorGymnastics/samples/00512.png 30
ucf/FloorGymnastics/samples/00513.png 30
ucf/FloorGymnastics/samples/00514.png 30
ucf/FloorGymnastics/samples/00515.png 30
ucf/FloorGymnastics/samples/00516.png 30
ucf/FloorGymnastics/samples/00517.png 30
ucf/FloorGymnastics/samples/00518.png 30
ucf/FloorGymnastics/samples/00519.png 30
ucf/FloorGymnastics/samples/00520.png 30
ucf/FloorGymnastics/samples/00521.png 30
ucf/FloorGymnastics/samples/00522.png 30
ucf/FloorGymnastics/samples/00523.png 30
ucf/FloorGymnastics/samples/00524.png 30
ucf/FloorGymnastics/samples/00525.png 30
ucf/FloorGymnastics/samples/00526.png 30
ucf/FloorGymnastics/samples/00527.png 30
ucf/FloorGymnastics/samples/00528.png 30
ucf/FloorGymnastics/samples/00529.png 30
ucf/FloorGymnastics/samples/00530.png 30
ucf/FloorGymnastics/samples/00531.png 30
ucf/FloorGymnastics/samples/00532.png 30
ucf/FloorGymnastics/samples/00533.png 30
ucf/FloorGymnastics/samples/00534.png 30
ucf/FloorGymnastics/samples/00535.png 30
ucf/FloorGymnastics/samples/00536.png 30
ucf/FloorGymnastics/samples/00537.png 30
ucf/FloorGymnastics/samples/00538.png 30
ucf/FloorGymnastics/samples/00539.png 30
ucf/FloorGymnastics/samples/00540.png 30
ucf/FloorGymnastics/samples/00541.png 30
ucf/FloorGymnastics/samples/00542.png 30
ucf/FloorGymnastics/samples/00543.png 30
ucf/FloorGymnastics/samples/00544.png 30
ucf/FloorGymnastics/samples/00545.png 30
ucf/FloorGymnastics/samples/00546.png 30
ucf/FloorGymnastics/samples/00547.png 30
ucf/FloorGymnastics/samples/00548.png 30
ucf/FloorGymnastics/samples/00549.png 30
ucf/FloorGymnastics/samples/00550.png 30
ucf/FloorGymnastics/samples/00551.png 30
ucf/FloorGymnastics/samples/00552.png 30
ucf/FloorGymnastics/samples/00553.png 30
ucf/FloorGymnastics/samples/00554.png 30
ucf/FloorGymnastics/samples/00555.png 30
ucf/FloorGymnastics/samples/00556.png 30
ucf/FloorGymnastics/samples/00557.png 30
ucf/FloorGymnastics/samples/00558.png 30
ucf/FloorGymnastics/samples/00559.png 30
ucf/FloorGymnastics/samples/00560.png 30
ucf/FloorGymnastics/samples/00561.png 30
ucf/FloorGymnastics/samples/00562.png 30
ucf/FloorGymnastics/samples/00563.png 30
ucf/FloorGymnastics/samples/00564.png 30
ucf/FloorGymnastics/samples/00565.png 30
ucf/FloorGymnastics/samples/00566.png 30
ucf/FloorGymnastics/samples/00567.png 30
ucf/FloorGymnastics/samples/00568.png 30
ucf/FloorGymnastics/samples/00569.png 30
ucf/FloorGymnastics/samples/00570.png 30
ucf/FloorGymnastics/samples/00571.png 30
ucf/FloorGymnastics/samples/00572.png 30
ucf/FloorGymnastics/samples/00573.png 30
ucf/FloorGymnastics/samples/00574.png 30
ucf/FloorGymnastics/samples/00575.png 30
ucf/FloorGymnastics/samples/00576.png 30
ucf/FloorGymnastics/samples/00577.png 30
ucf/FloorGymnastics/samples/00578.png 30
ucf/FloorGymnastics/samples/00579.png 30
ucf/FloorGymnastics/samples/00580.png 30
ucf/FloorGymnastics/samples/00581.png 30
ucf/FloorGymnastics/samples/00582.png 30
ucf/FloorGymnastics/samples/00583.png 30
ucf/FloorGymnastics/samples/00584.png 30
ucf/FloorGymnastics/samples/00585.png 30
ucf/FloorGymnastics/samples/00586.png 30
ucf/FloorGymnastics/samples/00587.png 30
ucf/FloorGymnastics/samples/00588.png 30
ucf/FloorGymnastics/samples/00589.png 30
ucf/FloorGymnastics/samples/00590.png 30
ucf/FloorGymnastics/samples/00591.png 30
ucf/FloorGymnastics/samples/00592.png 30
ucf/FloorGymnastics/samples/00593.png 30
ucf/FloorGymnastics/samples/00594.png 30
ucf/FloorGymnastics/samples/00595.png 30
ucf/FloorGymnastics/samples/00596.png 30
ucf/FloorGymnastics/samples/00597.png 30
ucf/FloorGymnastics/samples/00598.png 30
ucf/FloorGymnastics/samples/00599.png 30
ucf/FloorGymnastics/samples/00600.png 30
ucf/FloorGymnastics/samples/00601.png 30
ucf/FloorGymnastics/samples/00602.png 30
ucf/FloorGymnastics/samples/00603.png 30
ucf/FloorGymnastics/samples/00604.png 30
ucf/FloorGymnastics/samples/00605.png 30
ucf/FloorGymnastics/samples/00606.png 30
ucf/FloorGymnastics/samples/00607.png 30
ucf/FloorGymnastics/samples/00608.png 30
ucf/FloorGymnastics/samples/00609.png 30
ucf/FloorGymnastics/samples/00610.png 30
ucf/FloorGymnastics/samples/00611.png 30
ucf/FloorGymnastics/samples/00612.png 30
ucf/FloorGymnastics/samples/00613.png 30
ucf/FloorGymnastics/samples/00614.png 30
ucf/FloorGymnastics/samples/00615.png 30
ucf/FloorGymnastics/samples/00616.png 30
ucf/FloorGymnastics/samples/00617.png 30
ucf/FloorGymnastics/samples/00618.png 30
ucf/FloorGymnastics/samples/00619.png 30
ucf/FloorGymnastics/samples/00620.png 30
ucf/FloorGymnastics/samples/00621.png 30
ucf/FloorGymnastics/samples/00622.png 30
ucf/FloorGymnastics/samples/00623.png 30
ucf/FloorGymnastics/samples/00624.png 30
ucf/FloorGymnastics/samples/00625.png 30
ucf/FloorGymnastics/samples/00626.png 30
ucf/FloorGymnastics/samples/00627.png 30
ucf/FloorGymnastics/samples/00628.png 30
ucf/FloorGymnastics/samples/00629.png 30
ucf/FloorGymnastics/samples/00630.png 30
ucf/FloorGymnastics/samples/00631.png 30
ucf/FloorGymnastics/samples/00632.png 30
ucf/FloorGymnastics/samples/00633.png 30
ucf/FloorGymnastics/samples/00634.png 30
ucf/FloorGymnastics/samples/00635.png 30
ucf/FloorGymnastics/samples/00636.png 30
ucf/FloorGymnastics/samples/00637.png 30
ucf/FloorGymnastics/samples/00638.png 30
ucf/FloorGymnastics/samples/00639.png 30
ucf/FloorGymnastics/samples/00640.png 30
ucf/FloorGymnastics/samples/00641.png 30
ucf/FloorGymnastics/samples/00642.png 30
ucf/FloorGymnastics/samples/00643.png 30
ucf/FloorGymnastics/samples/00644.png 30
ucf/FloorGymnastics/samples/00645.png 30
ucf/FloorGymnastics/samples/00646.png 30
ucf/FloorGymnastics/samples/00647.png 30
ucf/FloorGymnastics/samples/00648.png 30
ucf/FloorGymnastics/samples/00649.png 30
ucf/FloorGymnastics/samples/00650.png 30
ucf/FloorGymnastics/samples/00651.png 30
ucf/FloorGymnastics/samples/00652.png 30
ucf/FloorGymnastics/samples/00653.png 30
ucf/FloorGymnastics/samples/00654.png 30
ucf/FloorGymnastics/samples/00655.png 30
ucf/FloorGymnastics/samples/00656.png 30
ucf/FloorGymnastics/samples/00657.png 30
ucf/FloorGymnastics/samples/00658.png 30
ucf/FloorGymnastics/samples/00659.png 30
ucf/FloorGymnastics/samples/00660.png 30
ucf/FloorGymnastics/samples/00661.png 30
ucf/FloorGymnastics/samples/00662.png 30
ucf/FloorGymnastics/samples/00663.png 30
ucf/FloorGymnastics/samples/00664.png 30
ucf/FloorGymnastics/samples/00665.png 30
ucf/FloorGymnastics/samples/00666.png 30
ucf/FloorGymnastics/samples/00667.png 30
ucf/FloorGymnastics/samples/00668.png 30
ucf/FloorGymnastics/samples/00669.png 30
ucf/FloorGymnastics/samples/00670.png 30
ucf/FloorGymnastics/samples/00671.png 30
ucf/FloorGymnastics/samples/00672.png 30
ucf/FloorGymnastics/samples/00673.png 30
ucf/FloorGymnastics/samples/00674.png 30
ucf/FloorGymnastics/samples/00675.png 30
ucf/FloorGymnastics/samples/00676.png 30
ucf/FloorGymnastics/samples/00677.png 30
ucf/FloorGymnastics/samples/00678.png 30
ucf/FloorGymnastics/samples/00679.png 30
ucf/FloorGymnastics/samples/00680.png 30
ucf/FloorGymnastics/samples/00681.png 30
ucf/FloorGymnastics/samples/00682.png 30
ucf/FloorGymnastics/samples/00683.png 30
ucf/FloorGymnastics/samples/00684.png 30
ucf/FloorGymnastics/samples/00685.png 30
ucf/FloorGymnastics/samples/00686.png 30
ucf/FloorGymnastics/samples/00687.png 30
ucf/FloorGymnastics/samples/00688.png 30
ucf/FloorGymnastics/samples/00689.png 30
ucf/FloorGymnastics/samples/00690.png 30
ucf/FloorGymnastics/samples/00691.png 30
ucf/FloorGymnastics/samples/00692.png 30
ucf/FloorGymnastics/samples/00693.png 30
ucf/FloorGymnastics/samples/00694.png 30
ucf/FloorGymnastics/samples/00695.png 30
ucf/FloorGymnastics/samples/00696.png 30
ucf/FloorGymnastics/samples/00697.png 30
ucf/FloorGymnastics/samples/00698.png 30
ucf/FloorGymnastics/samples/00699.png 30
ucf/FloorGymnastics/samples/00700.png 30
ucf/FloorGymnastics/samples/00701.png 30
ucf/FloorGymnastics/samples/00702.png 30
ucf/FloorGymnastics/samples/00703.png 30
ucf/FloorGymnastics/samples/00704.png 30
ucf/FloorGymnastics/samples/00705.png 30
ucf/FloorGymnastics/samples/00706.png 30
ucf/FloorGymnastics/samples/00707.png 30
ucf/FloorGymnastics/samples/00708.png 30
ucf/FloorGymnastics/samples/00709.png 30
ucf/FloorGymnastics/samples/00710.png 30
ucf/FloorGymnastics/samples/00711.png 30
ucf/FloorGymnastics/samples/00712.png 30
ucf/FloorGymnastics/samples/00713.png 30
ucf/FloorGymnastics/samples/00714.png 30
ucf/FloorGymnastics/samples/00715.png 30
ucf/FloorGymnastics/samples/00716.png 30
ucf/FloorGymnastics/samples/00717.png 30
ucf/FloorGymnastics/samples/00718.png 30
ucf/FloorGymnastics/samples/00719.png 30
ucf/FloorGymnastics/samples/00720.png 30
ucf/FloorGymnastics/samples/00721.png 30
ucf/FloorGymnastics/samples/00722.png 30
ucf/FloorGymnastics/samples/00723.png 30
ucf/FloorGymnastics/samples/00724.png 30
ucf/FloorGymnastics/samples/00725.png 30
ucf/FloorGymnastics/samples/00726.png 30
ucf/FloorGymnastics/samples/00727.png 30
ucf/FloorGymnastics/samples/00728.png 30
ucf/FloorGymnastics/samples/00729.png 30
ucf/FloorGymnastics/samples/00730.png 30
ucf/FloorGymnastics/samples/00731.png 30
ucf/FloorGymnastics/samples/00732.png 30
ucf/FloorGymnastics/samples/00733.png 30
ucf/FloorGymnastics/samples/00734.png 30
ucf/FloorGymnastics/samples/00735.png 30
ucf/FloorGymnastics/samples/00736.png 30
ucf/FloorGymnastics/samples/00737.png 30
ucf/FloorGymnastics/samples/00738.png 30
ucf/FloorGymnastics/samples/00739.png 30
ucf/FloorGymnastics/samples/00740.png 30
ucf/FloorGymnastics/samples/00741.png 30
ucf/FloorGymnastics/samples/00742.png 30
ucf/FloorGymnastics/samples/00743.png 30
ucf/FloorGymnastics/samples/00744.png 30
ucf/FloorGymnastics/samples/00745.png 30
ucf/FloorGymnastics/samples/00746.png 30
ucf/FloorGymnastics/samples/00747.png 30
ucf/FloorGymnastics/samples/00748.png 30
ucf/FloorGymnastics/samples/00749.png 30
ucf/FloorGymnastics/samples/00750.png 30
ucf/FloorGymnastics/samples/00751.png 30
ucf/FloorGymnastics/samples/00752.png 30
ucf/FloorGymnastics/samples/00753.png 30
ucf/FloorGymnastics/samples/00754.png 30
ucf/FloorGymnastics/samples/00755.png 30
ucf/FloorGymnastics/samples/00756.png 30
ucf/FloorGymnastics/samples/00757.png 30
ucf/FloorGymnastics/samples/00758.png 30
ucf/FloorGymnastics/samples/00759.png 30
ucf/FloorGymnastics/samples/00760.png 30
ucf/FloorGymnastics/samples/00761.png 30
ucf/FloorGymnastics/samples/00762.png 30
ucf/FloorGymnastics/samples/00763.png 30
ucf/FloorGymnastics/samples/00764.png 30
ucf/FloorGymnastics/samples/00765.png 30
ucf/FloorGymnastics/samples/00766.png 30
ucf/FloorGymnastics/samples/00767.png 30
ucf/FloorGymnastics/samples/00768.png 30
ucf/FloorGymnastics/samples/00769.png 30
ucf/FloorGymnastics/samples/00770.png 30
ucf/FloorGymnastics/samples/00771.png 30
ucf/FloorGymnastics/samples/00772.png 30
ucf/FloorGymnastics/samples/00773.png 30
ucf/FloorGymnastics/samples/00774.png 30
ucf/FloorGymnastics/samples/00775.png 30
ucf/FloorGymnastics/samples/00776.png 30
ucf/FloorGymnastics/samples/00777.png 30
ucf/FloorGymnastics/samples/00778.png 30
ucf/FloorGymnastics/samples/00779.png 30
ucf/FloorGymnastics/samples/00780.png 30
ucf/FloorGymnastics/samples/00781.png 30
ucf/FloorGymnastics/samples/00782.png 30
ucf/FloorGymnastics/samples/00783.png 30
ucf/FloorGymnastics/samples/00784.png 30
ucf/FloorGymnastics/samples/00785.png 30
ucf/FloorGymnastics/samples/00786.png 30
ucf/FloorGymnastics/samples/00787.png 30
ucf/FloorGymnastics/samples/00788.png 30
ucf/FloorGymnastics/samples/00789.png 30
ucf/FloorGymnastics/samples/00790.png 30
ucf/FloorGymnastics/samples/00791.png 30
ucf/FloorGymnastics/samples/00792.png 30
ucf/FloorGymnastics/samples/00793.png 30
ucf/FloorGymnastics/samples/00794.png 30
ucf/FloorGymnastics/samples/00795.png 30
ucf/FloorGymnastics/samples/00796.png 30
ucf/FloorGymnastics/samples/00797.png 30
ucf/FloorGymnastics/samples/00798.png 30
ucf/FloorGymnastics/samples/00799.png 30
ucf/FloorGymnastics/samples/00800.png 30
ucf/FloorGymnastics/samples/00801.png 30
ucf/FloorGymnastics/samples/00802.png 30
ucf/FloorGymnastics/samples/00803.png 30
ucf/FloorGymnastics/samples/00804.png 30
ucf/FloorGymnastics/samples/00805.png 30
ucf/FloorGymnastics/samples/00806.png 30
ucf/FloorGymnastics/samples/00807.png 30
ucf/FloorGymnastics/samples/00808.png 30
ucf/FloorGymnastics/samples/00809.png 30
ucf/FloorGymnastics/samples/00810.png 30
ucf/FloorGymnastics/samples/00811.png 30
ucf/FloorGymnastics/samples/00812.png 30
ucf/FloorGymnastics/samples/00813.png 30
ucf/FloorGymnastics/samples/00814.png 30
ucf/FloorGymnastics/samples/00815.png 30
ucf/FloorGymnastics/samples/00816.png 30
ucf/FloorGymnastics/samples/00817.png 30
ucf/FloorGymnastics/samples/00818.png 30
ucf/FloorGymnastics/samples/00819.png 30
ucf/FloorGymnastics/samples/00820.png 30
ucf/FloorGymnastics/samples/00821.png 30
ucf/FloorGymnastics/samples/00822.png 30
ucf/FloorGymnastics/samples/00823.png 30
ucf/FloorGymnastics/samples/00824.png 30
ucf/FloorGymnastics/samples/00825.png 30
ucf/FloorGymnastics/samples/00826.png 30
ucf/FloorGymnastics/samples/00827.png 30
ucf/FloorGymnastics/samples/00828.png 30
ucf/FloorGymnastics/samples/00829.png 30
ucf/FloorGymnastics/samples/00830.png 30
ucf/FloorGymnastics/samples/00831.png 30
ucf/FloorGymnastics/samples/00832.png 30
ucf/FloorGymnastics/samples/00833.png 30
ucf/FloorGymnastics/samples/00834.png 30
ucf/FloorGymnastics/samples/00835.png 30
ucf/FloorGymnastics/samples/00836.png 30
ucf/FloorGymnastics/samples/00837.png 30
ucf/FloorGymnastics/samples/00838.png 30
ucf/FloorGymnastics/samples/00839.png 30
ucf/FloorGymnastics/samples/00840.png 30
ucf/FloorGymnastics/samples/00841.png 30
ucf/FloorGymnastics/samples/00842.png 30
ucf/FloorGymnastics/samples/00843.png 30
ucf/FloorGymnastics/samples/00844.png 30
ucf/FloorGymnastics/samples/00845.png 30
ucf/FloorGymnastics/samples/00846.png 30
ucf/FloorGymnastics/samples/00847.png 30
ucf/FloorGymnastics/samples/00848.png 30
ucf/FloorGymnastics/samples/00849.png 30
ucf/FloorGymnastics/samples/00850.png 30
ucf/FloorGymnastics/samples/00851.png 30
ucf/FloorGymnastics/samples/00852.png 30
ucf/FloorGymnastics/samples/00853.png 30
ucf/FloorGymnastics/samples/00854.png 30
ucf/FloorGymnastics/samples/00855.png 30
ucf/FloorGymnastics/samples/00856.png 30
ucf/FloorGymnastics/samples/00857.png 30
ucf/FloorGymnastics/samples/00858.png 30
ucf/FloorGymnastics/samples/00859.png 30
ucf/FloorGymnastics/samples/00860.png 30
ucf/FloorGymnastics/samples/00861.png 30
ucf/FloorGymnastics/samples/00862.png 30
ucf/FloorGymnastics/samples/00863.png 30
ucf/FloorGymnastics/samples/00864.png 30
ucf/FloorGymnastics/samples/00865.png 30
ucf/FloorGymnastics/samples/00866.png 30
ucf/FloorGymnastics/samples/00867.png 30
ucf/FloorGymnastics/samples/00868.png 30
ucf/FloorGymnastics/samples/00869.png 30
ucf/FloorGymnastics/samples/00870.png 30
ucf/FloorGymnastics/samples/00871.png 30
ucf/FloorGymnastics/samples/00872.png 30
ucf/FloorGymnastics/samples/00873.png 30
ucf/FloorGymnastics/samples/00874.png 30
ucf/FloorGymnastics/samples/00875.png 30
ucf/FloorGymnastics/samples/00876.png 30
ucf/FloorGymnastics/samples/00877.png 30
ucf/FloorGymnastics/samples/00878.png 30
ucf/FloorGymnastics/samples/00879.png 30
ucf/FloorGymnastics/samples/00880.png 30
ucf/FloorGymnastics/samples/00881.png 30
ucf/FloorGymnastics/samples/00882.png 30
ucf/FloorGymnastics/samples/00883.png 30
ucf/FloorGymnastics/samples/00884.png 30
ucf/FloorGymnastics/samples/00885.png 30
ucf/FloorGymnastics/samples/00886.png 30
ucf/FloorGymnastics/samples/00887.png 30
ucf/FloorGymnastics/samples/00888.png 30
ucf/FloorGymnastics/samples/00889.png 30
ucf/FloorGymnastics/samples/00890.png 30
ucf/FloorGymnastics/samples/00891.png 30
ucf/FloorGymnastics/samples/00892.png 30
ucf/FloorGymnastics/samples/00893.png 30
ucf/FloorGymnastics/samples/00894.png 30
ucf/FloorGymnastics/samples/00895.png 30
ucf/FloorGymnastics/samples/00896.png 30
ucf/FloorGymnastics/samples/00897.png 30
ucf/FloorGymnastics/samples/00898.png 30
ucf/FloorGymnastics/samples/00899.png 30
ucf/FloorGymnastics/samples/00900.png 30
ucf/FloorGymnastics/samples/00901.png 30
ucf/FloorGymnastics/samples/00902.png 30
ucf/FloorGymnastics/samples/00903.png 30
ucf/FloorGymnastics/samples/00904.png 30
ucf/FloorGymnastics/samples/00905.png 30
ucf/FloorGymnastics/samples/00906.png 30
ucf/FloorGymnastics/samples/00907.png 30
ucf/FloorGymnastics/samples/00908.png 30
ucf/FloorGymnastics/samples/00909.png 30
ucf/FloorGymnastics/samples/00910.png 30
ucf/FloorGymnastics/samples/00911.png 30
ucf/FloorGymnastics/samples/00912.png 30
ucf/FloorGymnastics/samples/00913.png 30
ucf/FloorGymnastics/samples/00914.png 30
ucf/FloorGymnastics/samples/00915.png 30
ucf/FloorGymnastics/samples/00916.png 30
ucf/FloorGymnastics/samples/00917.png 30
ucf/FloorGymnastics/samples/00918.png 30
ucf/FloorGymnastics/samples/00919.png 30
ucf/FloorGymnastics/samples/00920.png 30
ucf/FloorGymnastics/samples/00921.png 30
ucf/FloorGymnastics/samples/00922.png 30
ucf/FloorGymnastics/samples/00923.png 30
ucf/FloorGymnastics/samples/00924.png 30
ucf/FloorGymnastics/samples/00925.png 30
ucf/FloorGymnastics/samples/00926.png 30
ucf/FloorGymnastics/samples/00927.png 30
ucf/FloorGymnastics/samples/00928.png 30
ucf/FloorGymnastics/samples/00929.png 30
ucf/FloorGymnastics/samples/00930.png 30
ucf/FloorGymnastics/samples/00931.png 30
ucf/FloorGymnastics/samples/00932.png 30
ucf/FloorGymnastics/samples/00933.png 30
ucf/FloorGymnastics/samples/00934.png 30
ucf/FloorGymnastics/samples/00935.png 30
ucf/FloorGymnastics/samples/00936.png 30
ucf/FloorGymnastics/samples/00937.png 30
ucf/FloorGymnastics/samples/00938.png 30
ucf/FloorGymnastics/samples/00939.png 30
ucf/FloorGymnastics/samples/00940.png 30
ucf/FloorGymnastics/samples/00941.png 30
ucf/FloorGymnastics/samples/00942.png 30
ucf/FloorGymnastics/samples/00943.png 30
ucf/FloorGymnastics/samples/00944.png 30
ucf/FloorGymnastics/samples/00945.png 30
ucf/FloorGymnastics/samples/00946.png 30
ucf/FloorGymnastics/samples/00947.png 30
ucf/FloorGymnastics/samples/00948.png 30
ucf/FloorGymnastics/samples/00949.png 30
ucf/FloorGymnastics/samples/00950.png 30
ucf/FloorGymnastics/samples/00951.png 30
ucf/FloorGymnastics/samples/00952.png 30
ucf/FloorGymnastics/samples/00953.png 30
ucf/FloorGymnastics/samples/00954.png 30
ucf/FloorGymnastics/samples/00955.png 30
ucf/FloorGymnastics/samples/00956.png 30
ucf/FloorGymnastics/samples/00957.png 30
ucf/FloorGymnastics/samples/00958.png 30
ucf/FloorGymnastics/samples/00959.png 30
ucf/FloorGymnastics/samples/00960.png 30
ucf/FloorGymnastics/samples/00961.png 30
ucf/FloorGymnastics/samples/00962.png 30
ucf/FloorGymnastics/samples/00963.png 30
ucf/FloorGymnastics/samples/00964.png 30
ucf/FloorGymnastics/samples/00965.png 30
ucf/FloorGymnastics/samples/00966.png 30
ucf/FloorGymnastics/samples/00967.png 30
ucf/FloorGymnastics/samples/00968.png 30
ucf/FloorGymnastics/samples/00969.png 30
ucf/FloorGymnastics/samples/00970.png 30
ucf/FloorGymnastics/samples/00971.png 30
ucf/FloorGymnastics/samples/00972.png 30
ucf/FloorGymnastics/samples/00973.png 30
ucf/FloorGymnastics/samples/00974.png 30
ucf/FloorGymnastics/samples/00975.png 30
ucf/FloorGymnastics/samples/00976.png 30
ucf/FloorGymnastics/samples/00977.png 30
ucf/FloorGymnastics/samples/00978.png 30
ucf/FloorGymnastics/samples/00979.png 30
ucf/FloorGymnastics/samples/00980.png 30
ucf/FloorGymnastics/samples/00981.png 30
ucf/FloorGymnastics/samples/00982.png 30
ucf/FloorGymnastics/samples/00983.png 30
ucf/FloorGymnastics/samples/00984.png 30
ucf/FloorGymnastics/samples/00985.png 30
ucf/FloorGymnastics/samples/00986.png 30
ucf/FloorGymnastics/samples/00987.png 30
ucf/FloorGymnastics/samples/00988.png 30
ucf/FloorGymnastics/samples/00989.png 30
ucf/FloorGymnastics/samples/00990.png 30
ucf/FloorGymnastics/samples/00991.png 30
ucf/FloorGymnastics/samples/00992.png 30
ucf/FloorGymnastics/samples/00993.png 30
ucf/FloorGymnastics/samples/00994.png 30
ucf/FloorGymnastics/samples/00995.png 30
ucf/FloorGymnastics/samples/00996.png 30
ucf/FloorGymnastics/samples/00997.png 30
ucf/FloorGymnastics/samples/00998.png 30
ucf/FloorGymnastics/samples/00999.png 30
ucf/CliffDiving/samples/00000.png 22
ucf/CliffDiving/samples/00001.png 22
ucf/CliffDiving/samples/00002.png 22
ucf/CliffDiving/samples/00003.png 22
ucf/CliffDiving/samples/00004.png 22
ucf/CliffDiving/samples/00005.png 22
ucf/CliffDiving/samples/00006.png 22
ucf/CliffDiving/samples/00007.png 22
ucf/CliffDiving/samples/00008.png 22
ucf/CliffDiving/samples/00009.png 22
ucf/CliffDiving/samples/00010.png 22
ucf/CliffDiving/samples/00011.png 22
ucf/CliffDiving/samples/00012.png 22
ucf/CliffDiving/samples/00013.png 22
ucf/CliffDiving/samples/00014.png 22
ucf/CliffDiving/samples/00015.png 22
ucf/CliffDiving/samples/00016.png 22
ucf/CliffDiving/samples/00017.png 22
ucf/CliffDiving/samples/00018.png 22
ucf/CliffDiving/samples/00019.png 22
ucf/CliffDiving/samples/00020.png 22
ucf/CliffDiving/samples/00021.png 22
ucf/CliffDiving/samples/00022.png 22
ucf/CliffDiving/samples/00023.png 22
ucf/CliffDiving/samples/00024.png 22
ucf/CliffDiving/samples/00025.png 22
ucf/CliffDiving/samples/00026.png 22
ucf/CliffDiving/samples/00027.png 22
ucf/CliffDiving/samples/00028.png 22
ucf/CliffDiving/samples/00029.png 22
ucf/CliffDiving/samples/00030.png 22
ucf/CliffDiving/samples/00031.png 22
ucf/CliffDiving/samples/00032.png 22
ucf/CliffDiving/samples/00033.png 22
ucf/CliffDiving/samples/00034.png 22
ucf/CliffDiving/samples/00035.png 22
ucf/CliffDiving/samples/00036.png 22
ucf/CliffDiving/samples/00037.png 22
ucf/CliffDiving/samples/00038.png 22
ucf/CliffDiving/samples/00039.png 22
ucf/CliffDiving/samples/00040.png 22
ucf/CliffDiving/samples/00041.png 22
ucf/CliffDiving/samples/00042.png 22
ucf/CliffDiving/samples/00043.png 22
ucf/CliffDiving/samples/00044.png 22
ucf/CliffDiving/samples/00045.png 22
ucf/CliffDiving/samples/00046.png 22
ucf/CliffDiving/samples/00047.png 22
ucf/CliffDiving/samples/00048.png 22
ucf/CliffDiving/samples/00049.png 22
ucf/CliffDiving/samples/00050.png 22
ucf/CliffDiving/samples/00051.png 22
ucf/CliffDiving/samples/00052.png 22
ucf/CliffDiving/samples/00053.png 22
ucf/CliffDiving/samples/00054.png 22
ucf/CliffDiving/samples/00055.png 22
ucf/CliffDiving/samples/00056.png 22
ucf/CliffDiving/samples/00057.png 22
ucf/CliffDiving/samples/00058.png 22
ucf/CliffDiving/samples/00059.png 22
ucf/CliffDiving/samples/00060.png 22
ucf/CliffDiving/samples/00061.png 22
ucf/CliffDiving/samples/00062.png 22
ucf/CliffDiving/samples/00063.png 22
ucf/CliffDiving/samples/00064.png 22
ucf/CliffDiving/samples/00065.png 22
ucf/CliffDiving/samples/00066.png 22
ucf/CliffDiving/samples/00067.png 22
ucf/CliffDiving/samples/00068.png 22
ucf/CliffDiving/samples/00069.png 22
ucf/CliffDiving/samples/00070.png 22
ucf/CliffDiving/samples/00071.png 22
ucf/CliffDiving/samples/00072.png 22
ucf/CliffDiving/samples/00073.png 22
ucf/CliffDiving/samples/00074.png 22
ucf/CliffDiving/samples/00075.png 22
ucf/CliffDiving/samples/00076.png 22
ucf/CliffDiving/samples/00077.png 22
ucf/CliffDiving/samples/00078.png 22
ucf/CliffDiving/samples/00079.png 22
ucf/CliffDiving/samples/00080.png 22
ucf/CliffDiving/samples/00081.png 22
ucf/CliffDiving/samples/00082.png 22
ucf/CliffDiving/samples/00083.png 22
ucf/CliffDiving/samples/00084.png 22
ucf/CliffDiving/samples/00085.png 22
ucf/CliffDiving/samples/00086.png 22
ucf/CliffDiving/samples/00087.png 22
ucf/CliffDiving/samples/00088.png 22
ucf/CliffDiving/samples/00089.png 22
ucf/CliffDiving/samples/00090.png 22
ucf/CliffDiving/samples/00091.png 22
ucf/CliffDiving/samples/00092.png 22
ucf/CliffDiving/samples/00093.png 22
ucf/CliffDiving/samples/00094.png 22
ucf/CliffDiving/samples/00095.png 22
ucf/CliffDiving/samples/00096.png 22
ucf/CliffDiving/samples/00097.png 22
ucf/CliffDiving/samples/00098.png 22
ucf/CliffDiving/samples/00099.png 22
ucf/CliffDiving/samples/00100.png 22
ucf/CliffDiving/samples/00101.png 22
ucf/CliffDiving/samples/00102.png 22
ucf/CliffDiving/samples/00103.png 22
ucf/CliffDiving/samples/00104.png 22
ucf/CliffDiving/samples/00105.png 22
ucf/CliffDiving/samples/00106.png 22
ucf/CliffDiving/samples/00107.png 22
ucf/CliffDiving/samples/00108.png 22
ucf/CliffDiving/samples/00109.png 22
ucf/CliffDiving/samples/00110.png 22
ucf/CliffDiving/samples/00111.png 22
ucf/CliffDiving/samples/00112.png 22
ucf/CliffDiving/samples/00113.png 22
ucf/CliffDiving/samples/00114.png 22
ucf/CliffDiving/samples/00115.png 22
ucf/CliffDiving/samples/00116.png 22
ucf/CliffDiving/samples/00117.png 22
ucf/CliffDiving/samples/00118.png 22
ucf/CliffDiving/samples/00119.png 22
ucf/CliffDiving/samples/00120.png 22
ucf/CliffDiving/samples/00121.png 22
ucf/CliffDiving/samples/00122.png 22
ucf/CliffDiving/samples/00123.png 22
ucf/CliffDiving/samples/00124.png 22
ucf/CliffDiving/samples/00125.png 22
ucf/CliffDiving/samples/00126.png 22
ucf/CliffDiving/samples/00127.png 22
ucf/CliffDiving/samples/00128.png 22
ucf/CliffDiving/samples/00129.png 22
ucf/CliffDiving/samples/00130.png 22
ucf/CliffDiving/samples/00131.png 22
ucf/CliffDiving/samples/00132.png 22
ucf/CliffDiving/samples/00133.png 22
ucf/CliffDiving/samples/00134.png 22
ucf/CliffDiving/samples/00135.png 22
ucf/CliffDiving/samples/00136.png 22
ucf/CliffDiving/samples/00137.png 22
ucf/CliffDiving/samples/00138.png 22
ucf/CliffDiving/samples/00139.png 22
ucf/CliffDiving/samples/00140.png 22
ucf/CliffDiving/samples/00141.png 22
ucf/CliffDiving/samples/00142.png 22
ucf/CliffDiving/samples/00143.png 22
ucf/CliffDiving/samples/00144.png 22
ucf/CliffDiving/samples/00145.png 22
ucf/CliffDiving/samples/00146.png 22
ucf/CliffDiving/samples/00147.png 22
ucf/CliffDiving/samples/00148.png 22
ucf/CliffDiving/samples/00149.png 22
ucf/CliffDiving/samples/00150.png 22
ucf/CliffDiving/samples/00151.png 22
ucf/CliffDiving/samples/00152.png 22
ucf/CliffDiving/samples/00153.png 22
ucf/CliffDiving/samples/00154.png 22
ucf/CliffDiving/samples/00155.png 22
ucf/CliffDiving/samples/00156.png 22
ucf/CliffDiving/samples/00157.png 22
ucf/CliffDiving/samples/00158.png 22
ucf/CliffDiving/samples/00159.png 22
ucf/CliffDiving/samples/00160.png 22
ucf/CliffDiving/samples/00161.png 22
ucf/CliffDiving/samples/00162.png 22
ucf/CliffDiving/samples/00163.png 22
ucf/CliffDiving/samples/00164.png 22
ucf/CliffDiving/samples/00165.png 22
ucf/CliffDiving/samples/00166.png 22
ucf/CliffDiving/samples/00167.png 22
ucf/CliffDiving/samples/00168.png 22
ucf/CliffDiving/samples/00169.png 22
ucf/CliffDiving/samples/00170.png 22
ucf/CliffDiving/samples/00171.png 22
ucf/CliffDiving/samples/00172.png 22
ucf/CliffDiving/samples/00173.png 22
ucf/CliffDiving/samples/00174.png 22
ucf/CliffDiving/samples/00175.png 22
ucf/CliffDiving/samples/00176.png 22
ucf/CliffDiving/samples/00177.png 22
ucf/CliffDiving/samples/00178.png 22
ucf/CliffDiving/samples/00179.png 22
ucf/CliffDiving/samples/00180.png 22
ucf/CliffDiving/samples/00181.png 22
ucf/CliffDiving/samples/00182.png 22
ucf/CliffDiving/samples/00183.png 22
ucf/CliffDiving/samples/00184.png 22
ucf/CliffDiving/samples/00185.png 22
ucf/CliffDiving/samples/00186.png 22
ucf/CliffDiving/samples/00187.png 22
ucf/CliffDiving/samples/00188.png 22
ucf/CliffDiving/samples/00189.png 22
ucf/CliffDiving/samples/00190.png 22
ucf/CliffDiving/samples/00191.png 22
ucf/CliffDiving/samples/00192.png 22
ucf/CliffDiving/samples/00193.png 22
ucf/CliffDiving/samples/00194.png 22
ucf/CliffDiving/samples/00195.png 22
ucf/CliffDiving/samples/00196.png 22
ucf/CliffDiving/samples/00197.png 22
ucf/CliffDiving/samples/00198.png 22
ucf/CliffDiving/samples/00199.png 22
ucf/CliffDiving/samples/00200.png 22
ucf/CliffDiving/samples/00201.png 22
ucf/CliffDiving/samples/00202.png 22
ucf/CliffDiving/samples/00203.png 22
ucf/CliffDiving/samples/00204.png 22
ucf/CliffDiving/samples/00205.png 22
ucf/CliffDiving/samples/00206.png 22
ucf/CliffDiving/samples/00207.png 22
ucf/CliffDiving/samples/00208.png 22
ucf/CliffDiving/samples/00209.png 22
ucf/CliffDiving/samples/00210.png 22
ucf/CliffDiving/samples/00211.png 22
ucf/CliffDiving/samples/00212.png 22
ucf/CliffDiving/samples/00213.png 22
ucf/CliffDiving/samples/00214.png 22
ucf/CliffDiving/samples/00215.png 22
ucf/CliffDiving/samples/00216.png 22
ucf/CliffDiving/samples/00217.png 22
ucf/CliffDiving/samples/00218.png 22
ucf/CliffDiving/samples/00219.png 22
ucf/CliffDiving/samples/00220.png 22
ucf/CliffDiving/samples/00221.png 22
ucf/CliffDiving/samples/00222.png 22
ucf/CliffDiving/samples/00223.png 22
ucf/CliffDiving/samples/00224.png 22
ucf/CliffDiving/samples/00225.png 22
ucf/CliffDiving/samples/00226.png 22
ucf/CliffDiving/samples/00227.png 22
ucf/CliffDiving/samples/00228.png 22
ucf/CliffDiving/samples/00229.png 22
ucf/CliffDiving/samples/00230.png 22
ucf/CliffDiving/samples/00231.png 22
ucf/CliffDiving/samples/00232.png 22
ucf/CliffDiving/samples/00233.png 22
ucf/CliffDiving/samples/00234.png 22
ucf/CliffDiving/samples/00235.png 22
ucf/CliffDiving/samples/00236.png 22
ucf/CliffDiving/samples/00237.png 22
ucf/CliffDiving/samples/00238.png 22
ucf/CliffDiving/samples/00239.png 22
ucf/CliffDiving/samples/00240.png 22
ucf/CliffDiving/samples/00241.png 22
ucf/CliffDiving/samples/00242.png 22
ucf/CliffDiving/samples/00243.png 22
ucf/CliffDiving/samples/00244.png 22
ucf/CliffDiving/samples/00245.png 22
ucf/CliffDiving/samples/00246.png 22
ucf/CliffDiving/samples/00247.png 22
ucf/CliffDiving/samples/00248.png 22
ucf/CliffDiving/samples/00249.png 22
ucf/CliffDiving/samples/00250.png 22
ucf/CliffDiving/samples/00251.png 22
ucf/CliffDiving/samples/00252.png 22
ucf/CliffDiving/samples/00253.png 22
ucf/CliffDiving/samples/00254.png 22
ucf/CliffDiving/samples/00255.png 22
ucf/CliffDiving/samples/00256.png 22
ucf/CliffDiving/samples/00257.png 22
ucf/CliffDiving/samples/00258.png 22
ucf/CliffDiving/samples/00259.png 22
ucf/CliffDiving/samples/00260.png 22
ucf/CliffDiving/samples/00261.png 22
ucf/CliffDiving/samples/00262.png 22
ucf/CliffDiving/samples/00263.png 22
ucf/CliffDiving/samples/00264.png 22
ucf/CliffDiving/samples/00265.png 22
ucf/CliffDiving/samples/00266.png 22
ucf/CliffDiving/samples/00267.png 22
ucf/CliffDiving/samples/00268.png 22
ucf/CliffDiving/samples/00269.png 22
ucf/CliffDiving/samples/00270.png 22
ucf/CliffDiving/samples/00271.png 22
ucf/CliffDiving/samples/00272.png 22
ucf/CliffDiving/samples/00273.png 22
ucf/CliffDiving/samples/00274.png 22
ucf/CliffDiving/samples/00275.png 22
ucf/CliffDiving/samples/00276.png 22
ucf/CliffDiving/samples/00277.png 22
ucf/CliffDiving/samples/00278.png 22
ucf/CliffDiving/samples/00279.png 22
ucf/CliffDiving/samples/00280.png 22
ucf/CliffDiving/samples/00281.png 22
ucf/CliffDiving/samples/00282.png 22
ucf/CliffDiving/samples/00283.png 22
ucf/CliffDiving/samples/00284.png 22
ucf/CliffDiving/samples/00285.png 22
ucf/CliffDiving/samples/00286.png 22
ucf/CliffDiving/samples/00287.png 22
ucf/CliffDiving/samples/00288.png 22
ucf/CliffDiving/samples/00289.png 22
ucf/CliffDiving/samples/00290.png 22
ucf/CliffDiving/samples/00291.png 22
ucf/CliffDiving/samples/00292.png 22
ucf/CliffDiving/samples/00293.png 22
ucf/CliffDiving/samples/00294.png 22
ucf/CliffDiving/samples/00295.png 22
ucf/CliffDiving/samples/00296.png 22
ucf/CliffDiving/samples/00297.png 22
ucf/CliffDiving/samples/00298.png 22
ucf/CliffDiving/samples/00299.png 22
ucf/CliffDiving/samples/00300.png 22
ucf/CliffDiving/samples/00301.png 22
ucf/CliffDiving/samples/00302.png 22
ucf/CliffDiving/samples/00303.png 22
ucf/CliffDiving/samples/00304.png 22
ucf/CliffDiving/samples/00305.png 22
ucf/CliffDiving/samples/00306.png 22
ucf/CliffDiving/samples/00307.png 22
ucf/CliffDiving/samples/00308.png 22
ucf/CliffDiving/samples/00309.png 22
ucf/CliffDiving/samples/00310.png 22
ucf/CliffDiving/samples/00311.png 22
ucf/CliffDiving/samples/00312.png 22
ucf/CliffDiving/samples/00313.png 22
ucf/CliffDiving/samples/00314.png 22
ucf/CliffDiving/samples/00315.png 22
ucf/CliffDiving/samples/00316.png 22
ucf/CliffDiving/samples/00317.png 22
ucf/CliffDiving/samples/00318.png 22
ucf/CliffDiving/samples/00319.png 22
ucf/CliffDiving/samples/00320.png 22
ucf/CliffDiving/samples/00321.png 22
ucf/CliffDiving/samples/00322.png 22
ucf/CliffDiving/samples/00323.png 22
ucf/CliffDiving/samples/00324.png 22
ucf/CliffDiving/samples/00325.png 22
ucf/CliffDiving/samples/00326.png 22
ucf/CliffDiving/samples/00327.png 22
ucf/CliffDiving/samples/00328.png 22
ucf/CliffDiving/samples/00329.png 22
ucf/CliffDiving/samples/00330.png 22
ucf/CliffDiving/samples/00331.png 22
ucf/CliffDiving/samples/00332.png 22
ucf/CliffDiving/samples/00333.png 22
ucf/CliffDiving/samples/00334.png 22
ucf/CliffDiving/samples/00335.png 22
ucf/CliffDiving/samples/00336.png 22
ucf/CliffDiving/samples/00337.png 22
ucf/CliffDiving/samples/00338.png 22
ucf/CliffDiving/samples/00339.png 22
ucf/CliffDiving/samples/00340.png 22
ucf/CliffDiving/samples/00341.png 22
ucf/CliffDiving/samples/00342.png 22
ucf/CliffDiving/samples/00343.png 22
ucf/CliffDiving/samples/00344.png 22
ucf/CliffDiving/samples/00345.png 22
ucf/CliffDiving/samples/00346.png 22
ucf/CliffDiving/samples/00347.png 22
ucf/CliffDiving/samples/00348.png 22
ucf/CliffDiving/samples/00349.png 22
ucf/CliffDiving/samples/00350.png 22
ucf/CliffDiving/samples/00351.png 22
ucf/CliffDiving/samples/00352.png 22
ucf/CliffDiving/samples/00353.png 22
ucf/CliffDiving/samples/00354.png 22
ucf/CliffDiving/samples/00355.png 22
ucf/CliffDiving/samples/00356.png 22
ucf/CliffDiving/samples/00357.png 22
ucf/CliffDiving/samples/00358.png 22
ucf/CliffDiving/samples/00359.png 22
ucf/CliffDiving/samples/00360.png 22
ucf/CliffDiving/samples/00361.png 22
ucf/CliffDiving/samples/00362.png 22
ucf/CliffDiving/samples/00363.png 22
ucf/CliffDiving/samples/00364.png 22
ucf/CliffDiving/samples/00365.png 22
ucf/CliffDiving/samples/00366.png 22
ucf/CliffDiving/samples/00367.png 22
ucf/CliffDiving/samples/00368.png 22
ucf/CliffDiving/samples/00369.png 22
ucf/CliffDiving/samples/00370.png 22
ucf/CliffDiving/samples/00371.png 22
ucf/CliffDiving/samples/00372.png 22
ucf/CliffDiving/samples/00373.png 22
ucf/CliffDiving/samples/00374.png 22
ucf/CliffDiving/samples/00375.png 22
ucf/CliffDiving/samples/00376.png 22
ucf/CliffDiving/samples/00377.png 22
ucf/CliffDiving/samples/00378.png 22
ucf/CliffDiving/samples/00379.png 22
ucf/CliffDiving/samples/00380.png 22
ucf/CliffDiving/samples/00381.png 22
ucf/CliffDiving/samples/00382.png 22
ucf/CliffDiving/samples/00383.png 22
ucf/CliffDiving/samples/00384.png 22
ucf/CliffDiving/samples/00385.png 22
ucf/CliffDiving/samples/00386.png 22
ucf/CliffDiving/samples/00387.png 22
ucf/CliffDiving/samples/00388.png 22
ucf/CliffDiving/samples/00389.png 22
ucf/CliffDiving/samples/00390.png 22
ucf/CliffDiving/samples/00391.png 22
ucf/CliffDiving/samples/00392.png 22
ucf/CliffDiving/samples/00393.png 22
ucf/CliffDiving/samples/00394.png 22
ucf/CliffDiving/samples/00395.png 22
ucf/CliffDiving/samples/00396.png 22
ucf/CliffDiving/samples/00397.png 22
ucf/CliffDiving/samples/00398.png 22
ucf/CliffDiving/samples/00399.png 22
ucf/CliffDiving/samples/00400.png 22
ucf/CliffDiving/samples/00401.png 22
ucf/CliffDiving/samples/00402.png 22
ucf/CliffDiving/samples/00403.png 22
ucf/CliffDiving/samples/00404.png 22
ucf/CliffDiving/samples/00405.png 22
ucf/CliffDiving/samples/00406.png 22
ucf/CliffDiving/samples/00407.png 22
ucf/CliffDiving/samples/00408.png 22
ucf/CliffDiving/samples/00409.png 22
ucf/CliffDiving/samples/00410.png 22
ucf/CliffDiving/samples/00411.png 22
ucf/CliffDiving/samples/00412.png 22
ucf/CliffDiving/samples/00413.png 22
ucf/CliffDiving/samples/00414.png 22
ucf/CliffDiving/samples/00415.png 22
ucf/CliffDiving/samples/00416.png 22
ucf/CliffDiving/samples/00417.png 22
ucf/CliffDiving/samples/00418.png 22
ucf/CliffDiving/samples/00419.png 22
ucf/CliffDiving/samples/00420.png 22
ucf/CliffDiving/samples/00421.png 22
ucf/CliffDiving/samples/00422.png 22
ucf/CliffDiving/samples/00423.png 22
ucf/CliffDiving/samples/00424.png 22
ucf/CliffDiving/samples/00425.png 22
ucf/CliffDiving/samples/00426.png 22
ucf/CliffDiving/samples/00427.png 22
ucf/CliffDiving/samples/00428.png 22
ucf/CliffDiving/samples/00429.png 22
ucf/CliffDiving/samples/00430.png 22
ucf/CliffDiving/samples/00431.png 22
ucf/CliffDiving/samples/00432.png 22
ucf/CliffDiving/samples/00433.png 22
ucf/CliffDiving/samples/00434.png 22
ucf/CliffDiving/samples/00435.png 22
ucf/CliffDiving/samples/00436.png 22
ucf/CliffDiving/samples/00437.png 22
ucf/CliffDiving/samples/00438.png 22
ucf/CliffDiving/samples/00439.png 22
ucf/CliffDiving/samples/00440.png 22
ucf/CliffDiving/samples/00441.png 22
ucf/CliffDiving/samples/00442.png 22
ucf/CliffDiving/samples/00443.png 22
ucf/CliffDiving/samples/00444.png 22
ucf/CliffDiving/samples/00445.png 22
ucf/CliffDiving/samples/00446.png 22
ucf/CliffDiving/samples/00447.png 22
ucf/CliffDiving/samples/00448.png 22
ucf/CliffDiving/samples/00449.png 22
ucf/CliffDiving/samples/00450.png 22
ucf/CliffDiving/samples/00451.png 22
ucf/CliffDiving/samples/00452.png 22
ucf/CliffDiving/samples/00453.png 22
ucf/CliffDiving/samples/00454.png 22
ucf/CliffDiving/samples/00455.png 22
ucf/CliffDiving/samples/00456.png 22
ucf/CliffDiving/samples/00457.png 22
ucf/CliffDiving/samples/00458.png 22
ucf/CliffDiving/samples/00459.png 22
ucf/CliffDiving/samples/00460.png 22
ucf/CliffDiving/samples/00461.png 22
ucf/CliffDiving/samples/00462.png 22
ucf/CliffDiving/samples/00463.png 22
ucf/CliffDiving/samples/00464.png 22
ucf/CliffDiving/samples/00465.png 22
ucf/CliffDiving/samples/00466.png 22
ucf/CliffDiving/samples/00467.png 22
ucf/CliffDiving/samples/00468.png 22
ucf/CliffDiving/samples/00469.png 22
ucf/CliffDiving/samples/00470.png 22
ucf/CliffDiving/samples/00471.png 22
ucf/CliffDiving/samples/00472.png 22
ucf/CliffDiving/samples/00473.png 22
ucf/CliffDiving/samples/00474.png 22
ucf/CliffDiving/samples/00475.png 22
ucf/CliffDiving/samples/00476.png 22
ucf/CliffDiving/samples/00477.png 22
ucf/CliffDiving/samples/00478.png 22
ucf/CliffDiving/samples/00479.png 22
ucf/CliffDiving/samples/00480.png 22
ucf/CliffDiving/samples/00481.png 22
ucf/CliffDiving/samples/00482.png 22
ucf/CliffDiving/samples/00483.png 22
ucf/CliffDiving/samples/00484.png 22
ucf/CliffDiving/samples/00485.png 22
ucf/CliffDiving/samples/00486.png 22
ucf/CliffDiving/samples/00487.png 22
ucf/CliffDiving/samples/00488.png 22
ucf/CliffDiving/samples/00489.png 22
ucf/CliffDiving/samples/00490.png 22
ucf/CliffDiving/samples/00491.png 22
ucf/CliffDiving/samples/00492.png 22
ucf/CliffDiving/samples/00493.png 22
ucf/CliffDiving/samples/00494.png 22
ucf/CliffDiving/samples/00495.png 22
ucf/CliffDiving/samples/00496.png 22
ucf/CliffDiving/samples/00497.png 22
ucf/CliffDiving/samples/00498.png 22
ucf/CliffDiving/samples/00499.png 22
ucf/CliffDiving/samples/00500.png 22
ucf/CliffDiving/samples/00501.png 22
ucf/CliffDiving/samples/00502.png 22
ucf/CliffDiving/samples/00503.png 22
ucf/CliffDiving/samples/00504.png 22
ucf/CliffDiving/samples/00505.png 22
ucf/CliffDiving/samples/00506.png 22
ucf/CliffDiving/samples/00507.png 22
ucf/CliffDiving/samples/00508.png 22
ucf/CliffDiving/samples/00509.png 22
ucf/CliffDiving/samples/00510.png 22
ucf/CliffDiving/samples/00511.png 22
ucf/CliffDiving/samples/00512.png 22
ucf/CliffDiving/samples/00513.png 22
ucf/CliffDiving/samples/00514.png 22
ucf/CliffDiving/samples/00515.png 22
ucf/CliffDiving/samples/00516.png 22
ucf/CliffDiving/samples/00517.png 22
ucf/CliffDiving/samples/00518.png 22
ucf/CliffDiving/samples/00519.png 22
ucf/CliffDiving/samples/00520.png 22
ucf/CliffDiving/samples/00521.png 22
ucf/CliffDiving/samples/00522.png 22
ucf/CliffDiving/samples/00523.png 22
ucf/CliffDiving/samples/00524.png 22
ucf/CliffDiving/samples/00525.png 22
ucf/CliffDiving/samples/00526.png 22
ucf/CliffDiving/samples/00527.png 22
ucf/CliffDiving/samples/00528.png 22
ucf/CliffDiving/samples/00529.png 22
ucf/CliffDiving/samples/00530.png 22
ucf/CliffDiving/samples/00531.png 22
ucf/CliffDiving/samples/00532.png 22
ucf/CliffDiving/samples/00533.png 22
ucf/CliffDiving/samples/00534.png 22
ucf/CliffDiving/samples/00535.png 22
ucf/CliffDiving/samples/00536.png 22
ucf/CliffDiving/samples/00537.png 22
ucf/CliffDiving/samples/00538.png 22
ucf/CliffDiving/samples/00539.png 22
ucf/CliffDiving/samples/00540.png 22
ucf/CliffDiving/samples/00541.png 22
ucf/CliffDiving/samples/00542.png 22
ucf/CliffDiving/samples/00543.png 22
ucf/CliffDiving/samples/00544.png 22
ucf/CliffDiving/samples/00545.png 22
ucf/CliffDiving/samples/00546.png 22
ucf/CliffDiving/samples/00547.png 22
ucf/CliffDiving/samples/00548.png 22
ucf/CliffDiving/samples/00549.png 22
ucf/CliffDiving/samples/00550.png 22
ucf/CliffDiving/samples/00551.png 22
ucf/CliffDiving/samples/00552.png 22
ucf/CliffDiving/samples/00553.png 22
ucf/CliffDiving/samples/00554.png 22
ucf/CliffDiving/samples/00555.png 22
ucf/CliffDiving/samples/00556.png 22
ucf/CliffDiving/samples/00557.png 22
ucf/CliffDiving/samples/00558.png 22
ucf/CliffDiving/samples/00559.png 22
ucf/CliffDiving/samples/00560.png 22
ucf/CliffDiving/samples/00561.png 22
ucf/CliffDiving/samples/00562.png 22
ucf/CliffDiving/samples/00563.png 22
ucf/CliffDiving/samples/00564.png 22
ucf/CliffDiving/samples/00565.png 22
ucf/CliffDiving/samples/00566.png 22
ucf/CliffDiving/samples/00567.png 22
ucf/CliffDiving/samples/00568.png 22
ucf/CliffDiving/samples/00569.png 22
ucf/CliffDiving/samples/00570.png 22
ucf/CliffDiving/samples/00571.png 22
ucf/CliffDiving/samples/00572.png 22
ucf/CliffDiving/samples/00573.png 22
ucf/CliffDiving/samples/00574.png 22
ucf/CliffDiving/samples/00575.png 22
ucf/CliffDiving/samples/00576.png 22
ucf/CliffDiving/samples/00577.png 22
ucf/CliffDiving/samples/00578.png 22
ucf/CliffDiving/samples/00579.png 22
ucf/CliffDiving/samples/00580.png 22
ucf/CliffDiving/samples/00581.png 22
ucf/CliffDiving/samples/00582.png 22
ucf/CliffDiving/samples/00583.png 22
ucf/CliffDiving/samples/00584.png 22
ucf/CliffDiving/samples/00585.png 22
ucf/CliffDiving/samples/00586.png 22
ucf/CliffDiving/samples/00587.png 22
ucf/CliffDiving/samples/00588.png 22
ucf/CliffDiving/samples/00589.png 22
ucf/CliffDiving/samples/00590.png 22
ucf/CliffDiving/samples/00591.png 22
ucf/CliffDiving/samples/00592.png 22
ucf/CliffDiving/samples/00593.png 22
ucf/CliffDiving/samples/00594.png 22
ucf/CliffDiving/samples/00595.png 22
ucf/CliffDiving/samples/00596.png 22
ucf/CliffDiving/samples/00597.png 22
ucf/CliffDiving/samples/00598.png 22
ucf/CliffDiving/samples/00599.png 22
ucf/CliffDiving/samples/00600.png 22
ucf/CliffDiving/samples/00601.png 22
ucf/CliffDiving/samples/00602.png 22
ucf/CliffDiving/samples/00603.png 22
ucf/CliffDiving/samples/00604.png 22
ucf/CliffDiving/samples/00605.png 22
ucf/CliffDiving/samples/00606.png 22
ucf/CliffDiving/samples/00607.png 22
ucf/CliffDiving/samples/00608.png 22
ucf/CliffDiving/samples/00609.png 22
ucf/CliffDiving/samples/00610.png 22
ucf/CliffDiving/samples/00611.png 22
ucf/CliffDiving/samples/00612.png 22
ucf/CliffDiving/samples/00613.png 22
ucf/CliffDiving/samples/00614.png 22
ucf/CliffDiving/samples/00615.png 22
ucf/CliffDiving/samples/00616.png 22
ucf/CliffDiving/samples/00617.png 22
ucf/CliffDiving/samples/00618.png 22
ucf/CliffDiving/samples/00619.png 22
ucf/CliffDiving/samples/00620.png 22
ucf/CliffDiving/samples/00621.png 22
ucf/CliffDiving/samples/00622.png 22
ucf/CliffDiving/samples/00623.png 22
ucf/CliffDiving/samples/00624.png 22
ucf/CliffDiving/samples/00625.png 22
ucf/CliffDiving/samples/00626.png 22
ucf/CliffDiving/samples/00627.png 22
ucf/CliffDiving/samples/00628.png 22
ucf/CliffDiving/samples/00629.png 22
ucf/CliffDiving/samples/00630.png 22
ucf/CliffDiving/samples/00631.png 22
ucf/CliffDiving/samples/00632.png 22
ucf/CliffDiving/samples/00633.png 22
ucf/CliffDiving/samples/00634.png 22
ucf/CliffDiving/samples/00635.png 22
ucf/CliffDiving/samples/00636.png 22
ucf/CliffDiving/samples/00637.png 22
ucf/CliffDiving/samples/00638.png 22
ucf/CliffDiving/samples/00639.png 22
ucf/CliffDiving/samples/00640.png 22
ucf/CliffDiving/samples/00641.png 22
ucf/CliffDiving/samples/00642.png 22
ucf/CliffDiving/samples/00643.png 22
ucf/CliffDiving/samples/00644.png 22
ucf/CliffDiving/samples/00645.png 22
ucf/CliffDiving/samples/00646.png 22
ucf/CliffDiving/samples/00647.png 22
ucf/CliffDiving/samples/00648.png 22
ucf/CliffDiving/samples/00649.png 22
ucf/CliffDiving/samples/00650.png 22
ucf/CliffDiving/samples/00651.png 22
ucf/CliffDiving/samples/00652.png 22
ucf/CliffDiving/samples/00653.png 22
ucf/CliffDiving/samples/00654.png 22
ucf/CliffDiving/samples/00655.png 22
ucf/CliffDiving/samples/00656.png 22
ucf/CliffDiving/samples/00657.png 22
ucf/CliffDiving/samples/00658.png 22
ucf/CliffDiving/samples/00659.png 22
ucf/CliffDiving/samples/00660.png 22
ucf/CliffDiving/samples/00661.png 22
ucf/CliffDiving/samples/00662.png 22
ucf/CliffDiving/samples/00663.png 22
ucf/CliffDiving/samples/00664.png 22
ucf/CliffDiving/samples/00665.png 22
ucf/CliffDiving/samples/00666.png 22
ucf/CliffDiving/samples/00667.png 22
ucf/CliffDiving/samples/00668.png 22
ucf/CliffDiving/samples/00669.png 22
ucf/CliffDiving/samples/00670.png 22
ucf/CliffDiving/samples/00671.png 22
ucf/CliffDiving/samples/00672.png 22
ucf/CliffDiving/samples/00673.png 22
ucf/CliffDiving/samples/00674.png 22
ucf/CliffDiving/samples/00675.png 22
ucf/CliffDiving/samples/00676.png 22
ucf/CliffDiving/samples/00677.png 22
ucf/CliffDiving/samples/00678.png 22
ucf/CliffDiving/samples/00679.png 22
ucf/CliffDiving/samples/00680.png 22
ucf/CliffDiving/samples/00681.png 22
ucf/CliffDiving/samples/00682.png 22
ucf/CliffDiving/samples/00683.png 22
ucf/CliffDiving/samples/00684.png 22
ucf/CliffDiving/samples/00685.png 22
ucf/CliffDiving/samples/00686.png 22
ucf/CliffDiving/samples/00687.png 22
ucf/CliffDiving/samples/00688.png 22
ucf/CliffDiving/samples/00689.png 22
ucf/CliffDiving/samples/00690.png 22
ucf/CliffDiving/samples/00691.png 22
ucf/CliffDiving/samples/00692.png 22
ucf/CliffDiving/samples/00693.png 22
ucf/CliffDiving/samples/00694.png 22
ucf/CliffDiving/samples/00695.png 22
ucf/CliffDiving/samples/00696.png 22
ucf/CliffDiving/samples/00697.png 22
ucf/CliffDiving/samples/00698.png 22
ucf/CliffDiving/samples/00699.png 22
ucf/CliffDiving/samples/00700.png 22
ucf/CliffDiving/samples/00701.png 22
ucf/CliffDiving/samples/00702.png 22
ucf/CliffDiving/samples/00703.png 22
ucf/CliffDiving/samples/00704.png 22
ucf/CliffDiving/samples/00705.png 22
ucf/CliffDiving/samples/00706.png 22
ucf/CliffDiving/samples/00707.png 22
ucf/CliffDiving/samples/00708.png 22
ucf/CliffDiving/samples/00709.png 22
ucf/CliffDiving/samples/00710.png 22
ucf/CliffDiving/samples/00711.png 22
ucf/CliffDiving/samples/00712.png 22
ucf/CliffDiving/samples/00713.png 22
ucf/CliffDiving/samples/00714.png 22
ucf/CliffDiving/samples/00715.png 22
ucf/CliffDiving/samples/00716.png 22
ucf/CliffDiving/samples/00717.png 22
ucf/CliffDiving/samples/00718.png 22
ucf/CliffDiving/samples/00719.png 22
ucf/CliffDiving/samples/00720.png 22
ucf/CliffDiving/samples/00721.png 22
ucf/CliffDiving/samples/00722.png 22
ucf/CliffDiving/samples/00723.png 22
ucf/CliffDiving/samples/00724.png 22
ucf/CliffDiving/samples/00725.png 22
ucf/CliffDiving/samples/00726.png 22
ucf/CliffDiving/samples/00727.png 22
ucf/CliffDiving/samples/00728.png 22
ucf/CliffDiving/samples/00729.png 22
ucf/CliffDiving/samples/00730.png 22
ucf/CliffDiving/samples/00731.png 22
ucf/CliffDiving/samples/00732.png 22
ucf/CliffDiving/samples/00733.png 22
ucf/CliffDiving/samples/00734.png 22
ucf/CliffDiving/samples/00735.png 22
ucf/CliffDiving/samples/00736.png 22
ucf/CliffDiving/samples/00737.png 22
ucf/CliffDiving/samples/00738.png 22
ucf/CliffDiving/samples/00739.png 22
ucf/CliffDiving/samples/00740.png 22
ucf/CliffDiving/samples/00741.png 22
ucf/CliffDiving/samples/00742.png 22
ucf/CliffDiving/samples/00743.png 22
ucf/CliffDiving/samples/00744.png 22
ucf/CliffDiving/samples/00745.png 22
ucf/CliffDiving/samples/00746.png 22
ucf/CliffDiving/samples/00747.png 22
ucf/CliffDiving/samples/00748.png 22
ucf/CliffDiving/samples/00749.png 22
ucf/CliffDiving/samples/00750.png 22
ucf/CliffDiving/samples/00751.png 22
ucf/CliffDiving/samples/00752.png 22
ucf/CliffDiving/samples/00753.png 22
ucf/CliffDiving/samples/00754.png 22
ucf/CliffDiving/samples/00755.png 22
ucf/CliffDiving/samples/00756.png 22
ucf/CliffDiving/samples/00757.png 22
ucf/CliffDiving/samples/00758.png 22
ucf/CliffDiving/samples/00759.png 22
ucf/CliffDiving/samples/00760.png 22
ucf/CliffDiving/samples/00761.png 22
ucf/CliffDiving/samples/00762.png 22
ucf/CliffDiving/samples/00763.png 22
ucf/CliffDiving/samples/00764.png 22
ucf/CliffDiving/samples/00765.png 22
ucf/CliffDiving/samples/00766.png 22
ucf/CliffDiving/samples/00767.png 22
ucf/CliffDiving/samples/00768.png 22
ucf/CliffDiving/samples/00769.png 22
ucf/CliffDiving/samples/00770.png 22
ucf/CliffDiving/samples/00771.png 22
ucf/CliffDiving/samples/00772.png 22
ucf/CliffDiving/samples/00773.png 22
ucf/CliffDiving/samples/00774.png 22
ucf/CliffDiving/samples/00775.png 22
ucf/CliffDiving/samples/00776.png 22
ucf/CliffDiving/samples/00777.png 22
ucf/CliffDiving/samples/00778.png 22
ucf/CliffDiving/samples/00779.png 22
ucf/CliffDiving/samples/00780.png 22
ucf/CliffDiving/samples/00781.png 22
ucf/CliffDiving/samples/00782.png 22
ucf/CliffDiving/samples/00783.png 22
ucf/CliffDiving/samples/00784.png 22
ucf/CliffDiving/samples/00785.png 22
ucf/CliffDiving/samples/00786.png 22
ucf/CliffDiving/samples/00787.png 22
ucf/CliffDiving/samples/00788.png 22
ucf/CliffDiving/samples/00789.png 22
ucf/CliffDiving/samples/00790.png 22
ucf/CliffDiving/samples/00791.png 22
ucf/CliffDiving/samples/00792.png 22
ucf/CliffDiving/samples/00793.png 22
ucf/CliffDiving/samples/00794.png 22
ucf/CliffDiving/samples/00795.png 22
ucf/CliffDiving/samples/00796.png 22
ucf/CliffDiving/samples/00797.png 22
ucf/CliffDiving/samples/00798.png 22
ucf/CliffDiving/samples/00799.png 22
ucf/CliffDiving/samples/00800.png 22
ucf/CliffDiving/samples/00801.png 22
ucf/CliffDiving/samples/00802.png 22
ucf/CliffDiving/samples/00803.png 22
ucf/CliffDiving/samples/00804.png 22
ucf/CliffDiving/samples/00805.png 22
ucf/CliffDiving/samples/00806.png 22
ucf/CliffDiving/samples/00807.png 22
ucf/CliffDiving/samples/00808.png 22
ucf/CliffDiving/samples/00809.png 22
ucf/CliffDiving/samples/00810.png 22
ucf/CliffDiving/samples/00811.png 22
ucf/CliffDiving/samples/00812.png 22
ucf/CliffDiving/samples/00813.png 22
ucf/CliffDiving/samples/00814.png 22
ucf/CliffDiving/samples/00815.png 22
ucf/CliffDiving/samples/00816.png 22
ucf/CliffDiving/samples/00817.png 22
ucf/CliffDiving/samples/00818.png 22
ucf/CliffDiving/samples/00819.png 22
ucf/CliffDiving/samples/00820.png 22
ucf/CliffDiving/samples/00821.png 22
ucf/CliffDiving/samples/00822.png 22
ucf/CliffDiving/samples/00823.png 22
ucf/CliffDiving/samples/00824.png 22
ucf/CliffDiving/samples/00825.png 22
ucf/CliffDiving/samples/00826.png 22
ucf/CliffDiving/samples/00827.png 22
ucf/CliffDiving/samples/00828.png 22
ucf/CliffDiving/samples/00829.png 22
ucf/CliffDiving/samples/00830.png 22
ucf/CliffDiving/samples/00831.png 22
ucf/CliffDiving/samples/00832.png 22
ucf/CliffDiving/samples/00833.png 22
ucf/CliffDiving/samples/00834.png 22
ucf/CliffDiving/samples/00835.png 22
ucf/CliffDiving/samples/00836.png 22
ucf/CliffDiving/samples/00837.png 22
ucf/CliffDiving/samples/00838.png 22
ucf/CliffDiving/samples/00839.png 22
ucf/CliffDiving/samples/00840.png 22
ucf/CliffDiving/samples/00841.png 22
ucf/CliffDiving/samples/00842.png 22
ucf/CliffDiving/samples/00843.png 22
ucf/CliffDiving/samples/00844.png 22
ucf/CliffDiving/samples/00845.png 22
ucf/CliffDiving/samples/00846.png 22
ucf/CliffDiving/samples/00847.png 22
ucf/CliffDiving/samples/00848.png 22
ucf/CliffDiving/samples/00849.png 22
ucf/CliffDiving/samples/00850.png 22
ucf/CliffDiving/samples/00851.png 22
ucf/CliffDiving/samples/00852.png 22
ucf/CliffDiving/samples/00853.png 22
ucf/CliffDiving/samples/00854.png 22
ucf/CliffDiving/samples/00855.png 22
ucf/CliffDiving/samples/00856.png 22
ucf/CliffDiving/samples/00857.png 22
ucf/CliffDiving/samples/00858.png 22
ucf/CliffDiving/samples/00859.png 22
ucf/CliffDiving/samples/00860.png 22
ucf/CliffDiving/samples/00861.png 22
ucf/CliffDiving/samples/00862.png 22
ucf/CliffDiving/samples/00863.png 22
ucf/CliffDiving/samples/00864.png 22
ucf/CliffDiving/samples/00865.png 22
ucf/CliffDiving/samples/00866.png 22
ucf/CliffDiving/samples/00867.png 22
ucf/CliffDiving/samples/00868.png 22
ucf/CliffDiving/samples/00869.png 22
ucf/CliffDiving/samples/00870.png 22
ucf/CliffDiving/samples/00871.png 22
ucf/CliffDiving/samples/00872.png 22
ucf/CliffDiving/samples/00873.png 22
ucf/CliffDiving/samples/00874.png 22
ucf/CliffDiving/samples/00875.png 22
ucf/CliffDiving/samples/00876.png 22
ucf/CliffDiving/samples/00877.png 22
ucf/CliffDiving/samples/00878.png 22
ucf/CliffDiving/samples/00879.png 22
ucf/CliffDiving/samples/00880.png 22
ucf/CliffDiving/samples/00881.png 22
ucf/CliffDiving/samples/00882.png 22
ucf/CliffDiving/samples/00883.png 22
ucf/CliffDiving/samples/00884.png 22
ucf/CliffDiving/samples/00885.png 22
ucf/CliffDiving/samples/00886.png 22
ucf/CliffDiving/samples/00887.png 22
ucf/CliffDiving/samples/00888.png 22
ucf/CliffDiving/samples/00889.png 22
ucf/CliffDiving/samples/00890.png 22
ucf/CliffDiving/samples/00891.png 22
ucf/CliffDiving/samples/00892.png 22
ucf/CliffDiving/samples/00893.png 22
ucf/CliffDiving/samples/00894.png 22
ucf/CliffDiving/samples/00895.png 22
ucf/CliffDiving/samples/00896.png 22
ucf/CliffDiving/samples/00897.png 22
ucf/CliffDiving/samples/00898.png 22
ucf/CliffDiving/samples/00899.png 22
ucf/CliffDiving/samples/00900.png 22
ucf/CliffDiving/samples/00901.png 22
ucf/CliffDiving/samples/00902.png 22
ucf/CliffDiving/samples/00903.png 22
ucf/CliffDiving/samples/00904.png 22
ucf/CliffDiving/samples/00905.png 22
ucf/CliffDiving/samples/00906.png 22
ucf/CliffDiving/samples/00907.png 22
ucf/CliffDiving/samples/00908.png 22
ucf/CliffDiving/samples/00909.png 22
ucf/CliffDiving/samples/00910.png 22
ucf/CliffDiving/samples/00911.png 22
ucf/CliffDiving/samples/00912.png 22
ucf/CliffDiving/samples/00913.png 22
ucf/CliffDiving/samples/00914.png 22
ucf/CliffDiving/samples/00915.png 22
ucf/CliffDiving/samples/00916.png 22
ucf/CliffDiving/samples/00917.png 22
ucf/CliffDiving/samples/00918.png 22
ucf/CliffDiving/samples/00919.png 22
ucf/CliffDiving/samples/00920.png 22
ucf/CliffDiving/samples/00921.png 22
ucf/CliffDiving/samples/00922.png 22
ucf/CliffDiving/samples/00923.png 22
ucf/CliffDiving/samples/00924.png 22
ucf/CliffDiving/samples/00925.png 22
ucf/CliffDiving/samples/00926.png 22
ucf/CliffDiving/samples/00927.png 22
ucf/CliffDiving/samples/00928.png 22
ucf/CliffDiving/samples/00929.png 22
ucf/CliffDiving/samples/00930.png 22
ucf/CliffDiving/samples/00931.png 22
ucf/CliffDiving/samples/00932.png 22
ucf/CliffDiving/samples/00933.png 22
ucf/CliffDiving/samples/00934.png 22
ucf/CliffDiving/samples/00935.png 22
ucf/CliffDiving/samples/00936.png 22
ucf/CliffDiving/samples/00937.png 22
ucf/CliffDiving/samples/00938.png 22
ucf/CliffDiving/samples/00939.png 22
ucf/CliffDiving/samples/00940.png 22
ucf/CliffDiving/samples/00941.png 22
ucf/CliffDiving/samples/00942.png 22
ucf/CliffDiving/samples/00943.png 22
ucf/CliffDiving/samples/00944.png 22
ucf/CliffDiving/samples/00945.png 22
ucf/CliffDiving/samples/00946.png 22
ucf/CliffDiving/samples/00947.png 22
ucf/CliffDiving/samples/00948.png 22
ucf/CliffDiving/samples/00949.png 22
ucf/CliffDiving/samples/00950.png 22
ucf/CliffDiving/samples/00951.png 22
ucf/CliffDiving/samples/00952.png 22
ucf/CliffDiving/samples/00953.png 22
ucf/CliffDiving/samples/00954.png 22
ucf/CliffDiving/samples/00955.png 22
ucf/CliffDiving/samples/00956.png 22
ucf/CliffDiving/samples/00957.png 22
ucf/CliffDiving/samples/00958.png 22
ucf/CliffDiving/samples/00959.png 22
ucf/CliffDiving/samples/00960.png 22
ucf/CliffDiving/samples/00961.png 22
ucf/CliffDiving/samples/00962.png 22
ucf/CliffDiving/samples/00963.png 22
ucf/CliffDiving/samples/00964.png 22
ucf/CliffDiving/samples/00965.png 22
ucf/CliffDiving/samples/00966.png 22
ucf/CliffDiving/samples/00967.png 22
ucf/CliffDiving/samples/00968.png 22
ucf/CliffDiving/samples/00969.png 22
ucf/CliffDiving/samples/00970.png 22
ucf/CliffDiving/samples/00971.png 22
ucf/CliffDiving/samples/00972.png 22
ucf/CliffDiving/samples/00973.png 22
ucf/CliffDiving/samples/00974.png 22
ucf/CliffDiving/samples/00975.png 22
ucf/CliffDiving/samples/00976.png 22
ucf/CliffDiving/samples/00977.png 22
ucf/CliffDiving/samples/00978.png 22
ucf/CliffDiving/samples/00979.png 22
ucf/CliffDiving/samples/00980.png 22
ucf/CliffDiving/samples/00981.png 22
ucf/CliffDiving/samples/00982.png 22
ucf/CliffDiving/samples/00983.png 22
ucf/CliffDiving/samples/00984.png 22
ucf/CliffDiving/samples/00985.png 22
ucf/CliffDiving/samples/00986.png 22
ucf/CliffDiving/samples/00987.png 22
ucf/CliffDiving/samples/00988.png 22
ucf/CliffDiving/samples/00989.png 22
ucf/CliffDiving/samples/00990.png 22
ucf/CliffDiving/samples/00991.png 22
ucf/CliffDiving/samples/00992.png 22
ucf/CliffDiving/samples/00993.png 22
ucf/CliffDiving/samples/00994.png 22
ucf/CliffDiving/samples/00995.png 22
ucf/CliffDiving/samples/00996.png 22
ucf/CliffDiving/samples/00997.png 22
ucf/CliffDiving/samples/00998.png 22
ucf/CliffDiving/samples/00999.png 22
ucf/JugglingBalls/samples/00000.png 46
ucf/JugglingBalls/samples/00001.png 46
ucf/JugglingBalls/samples/00002.png 46
ucf/JugglingBalls/samples/00003.png 46
ucf/JugglingBalls/samples/00004.png 46
ucf/JugglingBalls/samples/00005.png 46
ucf/JugglingBalls/samples/00006.png 46
ucf/JugglingBalls/samples/00007.png 46
ucf/JugglingBalls/samples/00008.png 46
ucf/JugglingBalls/samples/00009.png 46
ucf/JugglingBalls/samples/00010.png 46
ucf/JugglingBalls/samples/00011.png 46
ucf/JugglingBalls/samples/00012.png 46
ucf/JugglingBalls/samples/00013.png 46
ucf/JugglingBalls/samples/00014.png 46
ucf/JugglingBalls/samples/00015.png 46
ucf/JugglingBalls/samples/00016.png 46
ucf/JugglingBalls/samples/00017.png 46
ucf/JugglingBalls/samples/00018.png 46
ucf/JugglingBalls/samples/00019.png 46
ucf/JugglingBalls/samples/00020.png 46
ucf/JugglingBalls/samples/00021.png 46
ucf/JugglingBalls/samples/00022.png 46
ucf/JugglingBalls/samples/00023.png 46
ucf/JugglingBalls/samples/00024.png 46
ucf/JugglingBalls/samples/00025.png 46
ucf/JugglingBalls/samples/00026.png 46
ucf/JugglingBalls/samples/00027.png 46
ucf/JugglingBalls/samples/00028.png 46
ucf/JugglingBalls/samples/00029.png 46
ucf/JugglingBalls/samples/00030.png 46
ucf/JugglingBalls/samples/00031.png 46
ucf/JugglingBalls/samples/00032.png 46
ucf/JugglingBalls/samples/00033.png 46
ucf/JugglingBalls/samples/00034.png 46
ucf/JugglingBalls/samples/00035.png 46
ucf/JugglingBalls/samples/00036.png 46
ucf/JugglingBalls/samples/00037.png 46
ucf/JugglingBalls/samples/00038.png 46
ucf/JugglingBalls/samples/00039.png 46
ucf/JugglingBalls/samples/00040.png 46
ucf/JugglingBalls/samples/00041.png 46
ucf/JugglingBalls/samples/00042.png 46
ucf/JugglingBalls/samples/00043.png 46
ucf/JugglingBalls/samples/00044.png 46
ucf/JugglingBalls/samples/00045.png 46
ucf/JugglingBalls/samples/00046.png 46
ucf/JugglingBalls/samples/00047.png 46
ucf/JugglingBalls/samples/00048.png 46
ucf/JugglingBalls/samples/00049.png 46
ucf/JugglingBalls/samples/00050.png 46
ucf/JugglingBalls/samples/00051.png 46
ucf/JugglingBalls/samples/00052.png 46
ucf/JugglingBalls/samples/00053.png 46
ucf/JugglingBalls/samples/00054.png 46
ucf/JugglingBalls/samples/00055.png 46
ucf/JugglingBalls/samples/00056.png 46
ucf/JugglingBalls/samples/00057.png 46
ucf/JugglingBalls/samples/00058.png 46
ucf/JugglingBalls/samples/00059.png 46
ucf/JugglingBalls/samples/00060.png 46
ucf/JugglingBalls/samples/00061.png 46
ucf/JugglingBalls/samples/00062.png 46
ucf/JugglingBalls/samples/00063.png 46
ucf/JugglingBalls/samples/00064.png 46
ucf/JugglingBalls/samples/00065.png 46
ucf/JugglingBalls/samples/00066.png 46
ucf/JugglingBalls/samples/00067.png 46
ucf/JugglingBalls/samples/00068.png 46
ucf/JugglingBalls/samples/00069.png 46
ucf/JugglingBalls/samples/00070.png 46
ucf/JugglingBalls/samples/00071.png 46
ucf/JugglingBalls/samples/00072.png 46
ucf/JugglingBalls/samples/00073.png 46
ucf/JugglingBalls/samples/00074.png 46
ucf/JugglingBalls/samples/00075.png 46
ucf/JugglingBalls/samples/00076.png 46
ucf/JugglingBalls/samples/00077.png 46
ucf/JugglingBalls/samples/00078.png 46
ucf/JugglingBalls/samples/00079.png 46
ucf/JugglingBalls/samples/00080.png 46
ucf/JugglingBalls/samples/00081.png 46
ucf/JugglingBalls/samples/00082.png 46
ucf/JugglingBalls/samples/00083.png 46
ucf/JugglingBalls/samples/00084.png 46
ucf/JugglingBalls/samples/00085.png 46
ucf/JugglingBalls/samples/00086.png 46
ucf/JugglingBalls/samples/00087.png 46
ucf/JugglingBalls/samples/00088.png 46
ucf/JugglingBalls/samples/00089.png 46
ucf/JugglingBalls/samples/00090.png 46
ucf/JugglingBalls/samples/00091.png 46
ucf/JugglingBalls/samples/00092.png 46
ucf/JugglingBalls/samples/00093.png 46
ucf/JugglingBalls/samples/00094.png 46
ucf/JugglingBalls/samples/00095.png 46
ucf/JugglingBalls/samples/00096.png 46
ucf/JugglingBalls/samples/00097.png 46
ucf/JugglingBalls/samples/00098.png 46
ucf/JugglingBalls/samples/00099.png 46
ucf/JugglingBalls/samples/00100.png 46
ucf/JugglingBalls/samples/00101.png 46
ucf/JugglingBalls/samples/00102.png 46
ucf/JugglingBalls/samples/00103.png 46
ucf/JugglingBalls/samples/00104.png 46
ucf/JugglingBalls/samples/00105.png 46
ucf/JugglingBalls/samples/00106.png 46
ucf/JugglingBalls/samples/00107.png 46
ucf/JugglingBalls/samples/00108.png 46
ucf/JugglingBalls/samples/00109.png 46
ucf/JugglingBalls/samples/00110.png 46
ucf/JugglingBalls/samples/00111.png 46
ucf/JugglingBalls/samples/00112.png 46
ucf/JugglingBalls/samples/00113.png 46
ucf/JugglingBalls/samples/00114.png 46
ucf/JugglingBalls/samples/00115.png 46
ucf/JugglingBalls/samples/00116.png 46
ucf/JugglingBalls/samples/00117.png 46
ucf/JugglingBalls/samples/00118.png 46
ucf/JugglingBalls/samples/00119.png 46
ucf/JugglingBalls/samples/00120.png 46
ucf/JugglingBalls/samples/00121.png 46
ucf/JugglingBalls/samples/00122.png 46
ucf/JugglingBalls/samples/00123.png 46
ucf/JugglingBalls/samples/00124.png 46
ucf/JugglingBalls/samples/00125.png 46
ucf/JugglingBalls/samples/00126.png 46
ucf/JugglingBalls/samples/00127.png 46
ucf/JugglingBalls/samples/00128.png 46
ucf/JugglingBalls/samples/00129.png 46
ucf/JugglingBalls/samples/00130.png 46
ucf/JugglingBalls/samples/00131.png 46
ucf/JugglingBalls/samples/00132.png 46
ucf/JugglingBalls/samples/00133.png 46
ucf/JugglingBalls/samples/00134.png 46
ucf/JugglingBalls/samples/00135.png 46
ucf/JugglingBalls/samples/00136.png 46
ucf/JugglingBalls/samples/00137.png 46
ucf/JugglingBalls/samples/00138.png 46
ucf/JugglingBalls/samples/00139.png 46
ucf/JugglingBalls/samples/00140.png 46
ucf/JugglingBalls/samples/00141.png 46
ucf/JugglingBalls/samples/00142.png 46
ucf/JugglingBalls/samples/00143.png 46
ucf/JugglingBalls/samples/00144.png 46
ucf/JugglingBalls/samples/00145.png 46
ucf/JugglingBalls/samples/00146.png 46
ucf/JugglingBalls/samples/00147.png 46
ucf/JugglingBalls/samples/00148.png 46
ucf/JugglingBalls/samples/00149.png 46
ucf/JugglingBalls/samples/00150.png 46
ucf/JugglingBalls/samples/00151.png 46
ucf/JugglingBalls/samples/00152.png 46
ucf/JugglingBalls/samples/00153.png 46
ucf/JugglingBalls/samples/00154.png 46
ucf/JugglingBalls/samples/00155.png 46
ucf/JugglingBalls/samples/00156.png 46
ucf/JugglingBalls/samples/00157.png 46
ucf/JugglingBalls/samples/00158.png 46
ucf/JugglingBalls/samples/00159.png 46
ucf/JugglingBalls/samples/00160.png 46
ucf/JugglingBalls/samples/00161.png 46
ucf/JugglingBalls/samples/00162.png 46
ucf/JugglingBalls/samples/00163.png 46
ucf/JugglingBalls/samples/00164.png 46
ucf/JugglingBalls/samples/00165.png 46
ucf/JugglingBalls/samples/00166.png 46
ucf/JugglingBalls/samples/00167.png 46
ucf/JugglingBalls/samples/00168.png 46
ucf/JugglingBalls/samples/00169.png 46
ucf/JugglingBalls/samples/00170.png 46
ucf/JugglingBalls/samples/00171.png 46
ucf/JugglingBalls/samples/00172.png 46
ucf/JugglingBalls/samples/00173.png 46
ucf/JugglingBalls/samples/00174.png 46
ucf/JugglingBalls/samples/00175.png 46
ucf/JugglingBalls/samples/00176.png 46
ucf/JugglingBalls/samples/00177.png 46
ucf/JugglingBalls/samples/00178.png 46
ucf/JugglingBalls/samples/00179.png 46
ucf/JugglingBalls/samples/00180.png 46
ucf/JugglingBalls/samples/00181.png 46
ucf/JugglingBalls/samples/00182.png 46
ucf/JugglingBalls/samples/00183.png 46
ucf/JugglingBalls/samples/00184.png 46
ucf/JugglingBalls/samples/00185.png 46
ucf/JugglingBalls/samples/00186.png 46
ucf/JugglingBalls/samples/00187.png 46
ucf/JugglingBalls/samples/00188.png 46
ucf/JugglingBalls/samples/00189.png 46
ucf/JugglingBalls/samples/00190.png 46
ucf/JugglingBalls/samples/00191.png 46
ucf/JugglingBalls/samples/00192.png 46
ucf/JugglingBalls/samples/00193.png 46
ucf/JugglingBalls/samples/00194.png 46
ucf/JugglingBalls/samples/00195.png 46
ucf/JugglingBalls/samples/00196.png 46
ucf/JugglingBalls/samples/00197.png 46
ucf/JugglingBalls/samples/00198.png 46
ucf/JugglingBalls/samples/00199.png 46
ucf/JugglingBalls/samples/00200.png 46
ucf/JugglingBalls/samples/00201.png 46
ucf/JugglingBalls/samples/00202.png 46
ucf/JugglingBalls/samples/00203.png 46
ucf/JugglingBalls/samples/00204.png 46
ucf/JugglingBalls/samples/00205.png 46
ucf/JugglingBalls/samples/00206.png 46
ucf/JugglingBalls/samples/00207.png 46
ucf/JugglingBalls/samples/00208.png 46
ucf/JugglingBalls/samples/00209.png 46
ucf/JugglingBalls/samples/00210.png 46
ucf/JugglingBalls/samples/00211.png 46
ucf/JugglingBalls/samples/00212.png 46
ucf/JugglingBalls/samples/00213.png 46
ucf/JugglingBalls/samples/00214.png 46
ucf/JugglingBalls/samples/00215.png 46
ucf/JugglingBalls/samples/00216.png 46
ucf/JugglingBalls/samples/00217.png 46
ucf/JugglingBalls/samples/00218.png 46
ucf/JugglingBalls/samples/00219.png 46
ucf/JugglingBalls/samples/00220.png 46
ucf/JugglingBalls/samples/00221.png 46
ucf/JugglingBalls/samples/00222.png 46
ucf/JugglingBalls/samples/00223.png 46
ucf/JugglingBalls/samples/00224.png 46
ucf/JugglingBalls/samples/00225.png 46
ucf/JugglingBalls/samples/00226.png 46
ucf/JugglingBalls/samples/00227.png 46
ucf/JugglingBalls/samples/00228.png 46
ucf/JugglingBalls/samples/00229.png 46
ucf/JugglingBalls/samples/00230.png 46
ucf/JugglingBalls/samples/00231.png 46
ucf/JugglingBalls/samples/00232.png 46
ucf/JugglingBalls/samples/00233.png 46
ucf/JugglingBalls/samples/00234.png 46
ucf/JugglingBalls/samples/00235.png 46
ucf/JugglingBalls/samples/00236.png 46
ucf/JugglingBalls/samples/00237.png 46
ucf/JugglingBalls/samples/00238.png 46
ucf/JugglingBalls/samples/00239.png 46
ucf/JugglingBalls/samples/00240.png 46
ucf/JugglingBalls/samples/00241.png 46
ucf/JugglingBalls/samples/00242.png 46
ucf/JugglingBalls/samples/00243.png 46
ucf/JugglingBalls/samples/00244.png 46
ucf/JugglingBalls/samples/00245.png 46
ucf/JugglingBalls/samples/00246.png 46
ucf/JugglingBalls/samples/00247.png 46
ucf/JugglingBalls/samples/00248.png 46
ucf/JugglingBalls/samples/00249.png 46
ucf/JugglingBalls/samples/00250.png 46
ucf/JugglingBalls/samples/00251.png 46
ucf/JugglingBalls/samples/00252.png 46
ucf/JugglingBalls/samples/00253.png 46
ucf/JugglingBalls/samples/00254.png 46
ucf/JugglingBalls/samples/00255.png 46
ucf/JugglingBalls/samples/00256.png 46
ucf/JugglingBalls/samples/00257.png 46
ucf/JugglingBalls/samples/00258.png 46
ucf/JugglingBalls/samples/00259.png 46
ucf/JugglingBalls/samples/00260.png 46
ucf/JugglingBalls/samples/00261.png 46
ucf/JugglingBalls/samples/00262.png 46
ucf/JugglingBalls/samples/00263.png 46
ucf/JugglingBalls/samples/00264.png 46
ucf/JugglingBalls/samples/00265.png 46
ucf/JugglingBalls/samples/00266.png 46
ucf/JugglingBalls/samples/00267.png 46
ucf/JugglingBalls/samples/00268.png 46
ucf/JugglingBalls/samples/00269.png 46
ucf/JugglingBalls/samples/00270.png 46
ucf/JugglingBalls/samples/00271.png 46
ucf/JugglingBalls/samples/00272.png 46
ucf/JugglingBalls/samples/00273.png 46
ucf/JugglingBalls/samples/00274.png 46
ucf/JugglingBalls/samples/00275.png 46
ucf/JugglingBalls/samples/00276.png 46
ucf/JugglingBalls/samples/00277.png 46
ucf/JugglingBalls/samples/00278.png 46
ucf/JugglingBalls/samples/00279.png 46
ucf/JugglingBalls/samples/00280.png 46
ucf/JugglingBalls/samples/00281.png 46
ucf/JugglingBalls/samples/00282.png 46
ucf/JugglingBalls/samples/00283.png 46
ucf/JugglingBalls/samples/00284.png 46
ucf/JugglingBalls/samples/00285.png 46
ucf/JugglingBalls/samples/00286.png 46
ucf/JugglingBalls/samples/00287.png 46
ucf/JugglingBalls/samples/00288.png 46
ucf/JugglingBalls/samples/00289.png 46
ucf/JugglingBalls/samples/00290.png 46
ucf/JugglingBalls/samples/00291.png 46
ucf/JugglingBalls/samples/00292.png 46
ucf/JugglingBalls/samples/00293.png 46
ucf/JugglingBalls/samples/00294.png 46
ucf/JugglingBalls/samples/00295.png 46
ucf/JugglingBalls/samples/00296.png 46
ucf/JugglingBalls/samples/00297.png 46
ucf/JugglingBalls/samples/00298.png 46
ucf/JugglingBalls/samples/00299.png 46
ucf/JugglingBalls/samples/00300.png 46
ucf/JugglingBalls/samples/00301.png 46
ucf/JugglingBalls/samples/00302.png 46
ucf/JugglingBalls/samples/00303.png 46
ucf/JugglingBalls/samples/00304.png 46
ucf/JugglingBalls/samples/00305.png 46
ucf/JugglingBalls/samples/00306.png 46
ucf/JugglingBalls/samples/00307.png 46
ucf/JugglingBalls/samples/00308.png 46
ucf/JugglingBalls/samples/00309.png 46
ucf/JugglingBalls/samples/00310.png 46
ucf/JugglingBalls/samples/00311.png 46
ucf/JugglingBalls/samples/00312.png 46
ucf/JugglingBalls/samples/00313.png 46
ucf/JugglingBalls/samples/00314.png 46
ucf/JugglingBalls/samples/00315.png 46
ucf/JugglingBalls/samples/00316.png 46
ucf/JugglingBalls/samples/00317.png 46
ucf/JugglingBalls/samples/00318.png 46
ucf/JugglingBalls/samples/00319.png 46
ucf/JugglingBalls/samples/00320.png 46
ucf/JugglingBalls/samples/00321.png 46
ucf/JugglingBalls/samples/00322.png 46
ucf/JugglingBalls/samples/00323.png 46
ucf/JugglingBalls/samples/00324.png 46
ucf/JugglingBalls/samples/00325.png 46
ucf/JugglingBalls/samples/00326.png 46
ucf/JugglingBalls/samples/00327.png 46
ucf/JugglingBalls/samples/00328.png 46
ucf/JugglingBalls/samples/00329.png 46
ucf/JugglingBalls/samples/00330.png 46
ucf/JugglingBalls/samples/00331.png 46
ucf/JugglingBalls/samples/00332.png 46
ucf/JugglingBalls/samples/00333.png 46
ucf/JugglingBalls/samples/00334.png 46
ucf/JugglingBalls/samples/00335.png 46
ucf/JugglingBalls/samples/00336.png 46
ucf/JugglingBalls/samples/00337.png 46
ucf/JugglingBalls/samples/00338.png 46
ucf/JugglingBalls/samples/00339.png 46
ucf/JugglingBalls/samples/00340.png 46
ucf/JugglingBalls/samples/00341.png 46
ucf/JugglingBalls/samples/00342.png 46
ucf/JugglingBalls/samples/00343.png 46
ucf/JugglingBalls/samples/00344.png 46
ucf/JugglingBalls/samples/00345.png 46
ucf/JugglingBalls/samples/00346.png 46
ucf/JugglingBalls/samples/00347.png 46
ucf/JugglingBalls/samples/00348.png 46
ucf/JugglingBalls/samples/00349.png 46
ucf/JugglingBalls/samples/00350.png 46
ucf/JugglingBalls/samples/00351.png 46
ucf/JugglingBalls/samples/00352.png 46
ucf/JugglingBalls/samples/00353.png 46
ucf/JugglingBalls/samples/00354.png 46
ucf/JugglingBalls/samples/00355.png 46
ucf/JugglingBalls/samples/00356.png 46
ucf/JugglingBalls/samples/00357.png 46
ucf/JugglingBalls/samples/00358.png 46
ucf/JugglingBalls/samples/00359.png 46
ucf/JugglingBalls/samples/00360.png 46
ucf/JugglingBalls/samples/00361.png 46
ucf/JugglingBalls/samples/00362.png 46
ucf/JugglingBalls/samples/00363.png 46
ucf/JugglingBalls/samples/00364.png 46
ucf/JugglingBalls/samples/00365.png 46
ucf/JugglingBalls/samples/00366.png 46
ucf/JugglingBalls/samples/00367.png 46
ucf/JugglingBalls/samples/00368.png 46
ucf/JugglingBalls/samples/00369.png 46
ucf/JugglingBalls/samples/00370.png 46
ucf/JugglingBalls/samples/00371.png 46
ucf/JugglingBalls/samples/00372.png 46
ucf/JugglingBalls/samples/00373.png 46
ucf/JugglingBalls/samples/00374.png 46
ucf/JugglingBalls/samples/00375.png 46
ucf/JugglingBalls/samples/00376.png 46
ucf/JugglingBalls/samples/00377.png 46
ucf/JugglingBalls/samples/00378.png 46
ucf/JugglingBalls/samples/00379.png 46
ucf/JugglingBalls/samples/00380.png 46
ucf/JugglingBalls/samples/00381.png 46
ucf/JugglingBalls/samples/00382.png 46
ucf/JugglingBalls/samples/00383.png 46
ucf/JugglingBalls/samples/00384.png 46
ucf/JugglingBalls/samples/00385.png 46
ucf/JugglingBalls/samples/00386.png 46
ucf/JugglingBalls/samples/00387.png 46
ucf/JugglingBalls/samples/00388.png 46
ucf/JugglingBalls/samples/00389.png 46
ucf/JugglingBalls/samples/00390.png 46
ucf/JugglingBalls/samples/00391.png 46
ucf/JugglingBalls/samples/00392.png 46
ucf/JugglingBalls/samples/00393.png 46
ucf/JugglingBalls/samples/00394.png 46
ucf/JugglingBalls/samples/00395.png 46
ucf/JugglingBalls/samples/00396.png 46
ucf/JugglingBalls/samples/00397.png 46
ucf/JugglingBalls/samples/00398.png 46
ucf/JugglingBalls/samples/00399.png 46
ucf/JugglingBalls/samples/00400.png 46
ucf/JugglingBalls/samples/00401.png 46
ucf/JugglingBalls/samples/00402.png 46
ucf/JugglingBalls/samples/00403.png 46
ucf/JugglingBalls/samples/00404.png 46
ucf/JugglingBalls/samples/00405.png 46
ucf/JugglingBalls/samples/00406.png 46
ucf/JugglingBalls/samples/00407.png 46
ucf/JugglingBalls/samples/00408.png 46
ucf/JugglingBalls/samples/00409.png 46
ucf/JugglingBalls/samples/00410.png 46
ucf/JugglingBalls/samples/00411.png 46
ucf/JugglingBalls/samples/00412.png 46
ucf/JugglingBalls/samples/00413.png 46
ucf/JugglingBalls/samples/00414.png 46
ucf/JugglingBalls/samples/00415.png 46
ucf/JugglingBalls/samples/00416.png 46
ucf/JugglingBalls/samples/00417.png 46
ucf/JugglingBalls/samples/00418.png 46
ucf/JugglingBalls/samples/00419.png 46
ucf/JugglingBalls/samples/00420.png 46
ucf/JugglingBalls/samples/00421.png 46
ucf/JugglingBalls/samples/00422.png 46
ucf/JugglingBalls/samples/00423.png 46
ucf/JugglingBalls/samples/00424.png 46
ucf/JugglingBalls/samples/00425.png 46
ucf/JugglingBalls/samples/00426.png 46
ucf/JugglingBalls/samples/00427.png 46
ucf/JugglingBalls/samples/00428.png 46
ucf/JugglingBalls/samples/00429.png 46
ucf/JugglingBalls/samples/00430.png 46
ucf/JugglingBalls/samples/00431.png 46
ucf/JugglingBalls/samples/00432.png 46
ucf/JugglingBalls/samples/00433.png 46
ucf/JugglingBalls/samples/00434.png 46
ucf/JugglingBalls/samples/00435.png 46
ucf/JugglingBalls/samples/00436.png 46
ucf/JugglingBalls/samples/00437.png 46
ucf/JugglingBalls/samples/00438.png 46
ucf/JugglingBalls/samples/00439.png 46
ucf/JugglingBalls/samples/00440.png 46
ucf/JugglingBalls/samples/00441.png 46
ucf/JugglingBalls/samples/00442.png 46
ucf/JugglingBalls/samples/00443.png 46
ucf/JugglingBalls/samples/00444.png 46
ucf/JugglingBalls/samples/00445.png 46
ucf/JugglingBalls/samples/00446.png 46
ucf/JugglingBalls/samples/00447.png 46
ucf/JugglingBalls/samples/00448.png 46
ucf/JugglingBalls/samples/00449.png 46
ucf/JugglingBalls/samples/00450.png 46
ucf/JugglingBalls/samples/00451.png 46
ucf/JugglingBalls/samples/00452.png 46
ucf/JugglingBalls/samples/00453.png 46
ucf/JugglingBalls/samples/00454.png 46
ucf/JugglingBalls/samples/00455.png 46
ucf/JugglingBalls/samples/00456.png 46
ucf/JugglingBalls/samples/00457.png 46
ucf/JugglingBalls/samples/00458.png 46
ucf/JugglingBalls/samples/00459.png 46
ucf/JugglingBalls/samples/00460.png 46
ucf/JugglingBalls/samples/00461.png 46
ucf/JugglingBalls/samples/00462.png 46
ucf/JugglingBalls/samples/00463.png 46
ucf/JugglingBalls/samples/00464.png 46
ucf/JugglingBalls/samples/00465.png 46
ucf/JugglingBalls/samples/00466.png 46
ucf/JugglingBalls/samples/00467.png 46
ucf/JugglingBalls/samples/00468.png 46
ucf/JugglingBalls/samples/00469.png 46
ucf/JugglingBalls/samples/00470.png 46
ucf/JugglingBalls/samples/00471.png 46
ucf/JugglingBalls/samples/00472.png 46
ucf/JugglingBalls/samples/00473.png 46
ucf/JugglingBalls/samples/00474.png 46
ucf/JugglingBalls/samples/00475.png 46
ucf/JugglingBalls/samples/00476.png 46
ucf/JugglingBalls/samples/00477.png 46
ucf/JugglingBalls/samples/00478.png 46
ucf/JugglingBalls/samples/00479.png 46
ucf/JugglingBalls/samples/00480.png 46
ucf/JugglingBalls/samples/00481.png 46
ucf/JugglingBalls/samples/00482.png 46
ucf/JugglingBalls/samples/00483.png 46
ucf/JugglingBalls/samples/00484.png 46
ucf/JugglingBalls/samples/00485.png 46
ucf/JugglingBalls/samples/00486.png 46
ucf/JugglingBalls/samples/00487.png 46
ucf/JugglingBalls/samples/00488.png 46
ucf/JugglingBalls/samples/00489.png 46
ucf/JugglingBalls/samples/00490.png 46
ucf/JugglingBalls/samples/00491.png 46
ucf/JugglingBalls/samples/00492.png 46
ucf/JugglingBalls/samples/00493.png 46
ucf/JugglingBalls/samples/00494.png 46
ucf/JugglingBalls/samples/00495.png 46
ucf/JugglingBalls/samples/00496.png 46
ucf/JugglingBalls/samples/00497.png 46
ucf/JugglingBalls/samples/00498.png 46
ucf/JugglingBalls/samples/00499.png 46
ucf/JugglingBalls/samples/00500.png 46
ucf/JugglingBalls/samples/00501.png 46
ucf/JugglingBalls/samples/00502.png 46
ucf/JugglingBalls/samples/00503.png 46
ucf/JugglingBalls/samples/00504.png 46
ucf/JugglingBalls/samples/00505.png 46
ucf/JugglingBalls/samples/00506.png 46
ucf/JugglingBalls/samples/00507.png 46
ucf/JugglingBalls/samples/00508.png 46
ucf/JugglingBalls/samples/00509.png 46
ucf/JugglingBalls/samples/00510.png 46
ucf/JugglingBalls/samples/00511.png 46
ucf/JugglingBalls/samples/00512.png 46
ucf/JugglingBalls/samples/00513.png 46
ucf/JugglingBalls/samples/00514.png 46
ucf/JugglingBalls/samples/00515.png 46
ucf/JugglingBalls/samples/00516.png 46
ucf/JugglingBalls/samples/00517.png 46
ucf/JugglingBalls/samples/00518.png 46
ucf/JugglingBalls/samples/00519.png 46
ucf/JugglingBalls/samples/00520.png 46
ucf/JugglingBalls/samples/00521.png 46
ucf/JugglingBalls/samples/00522.png 46
ucf/JugglingBalls/samples/00523.png 46
ucf/JugglingBalls/samples/00524.png 46
ucf/JugglingBalls/samples/00525.png 46
ucf/JugglingBalls/samples/00526.png 46
ucf/JugglingBalls/samples/00527.png 46
ucf/JugglingBalls/samples/00528.png 46
ucf/JugglingBalls/samples/00529.png 46
ucf/JugglingBalls/samples/00530.png 46
ucf/JugglingBalls/samples/00531.png 46
ucf/JugglingBalls/samples/00532.png 46
ucf/JugglingBalls/samples/00533.png 46
ucf/JugglingBalls/samples/00534.png 46
ucf/JugglingBalls/samples/00535.png 46
ucf/JugglingBalls/samples/00536.png 46
ucf/JugglingBalls/samples/00537.png 46
ucf/JugglingBalls/samples/00538.png 46
ucf/JugglingBalls/samples/00539.png 46
ucf/JugglingBalls/samples/00540.png 46
ucf/JugglingBalls/samples/00541.png 46
ucf/JugglingBalls/samples/00542.png 46
ucf/JugglingBalls/samples/00543.png 46
ucf/JugglingBalls/samples/00544.png 46
ucf/JugglingBalls/samples/00545.png 46
ucf/JugglingBalls/samples/00546.png 46
ucf/JugglingBalls/samples/00547.png 46
ucf/JugglingBalls/samples/00548.png 46
ucf/JugglingBalls/samples/00549.png 46
ucf/JugglingBalls/samples/00550.png 46
ucf/JugglingBalls/samples/00551.png 46
ucf/JugglingBalls/samples/00552.png 46
ucf/JugglingBalls/samples/00553.png 46
ucf/JugglingBalls/samples/00554.png 46
ucf/JugglingBalls/samples/00555.png 46
ucf/JugglingBalls/samples/00556.png 46
ucf/JugglingBalls/samples/00557.png 46
ucf/JugglingBalls/samples/00558.png 46
ucf/JugglingBalls/samples/00559.png 46
ucf/JugglingBalls/samples/00560.png 46
ucf/JugglingBalls/samples/00561.png 46
ucf/JugglingBalls/samples/00562.png 46
ucf/JugglingBalls/samples/00563.png 46
ucf/JugglingBalls/samples/00564.png 46
ucf/JugglingBalls/samples/00565.png 46
ucf/JugglingBalls/samples/00566.png 46
ucf/JugglingBalls/samples/00567.png 46
ucf/JugglingBalls/samples/00568.png 46
ucf/JugglingBalls/samples/00569.png 46
ucf/JugglingBalls/samples/00570.png 46
ucf/JugglingBalls/samples/00571.png 46
ucf/JugglingBalls/samples/00572.png 46
ucf/JugglingBalls/samples/00573.png 46
ucf/JugglingBalls/samples/00574.png 46
ucf/JugglingBalls/samples/00575.png 46
ucf/JugglingBalls/samples/00576.png 46
ucf/JugglingBalls/samples/00577.png 46
ucf/JugglingBalls/samples/00578.png 46
ucf/JugglingBalls/samples/00579.png 46
ucf/JugglingBalls/samples/00580.png 46
ucf/JugglingBalls/samples/00581.png 46
ucf/JugglingBalls/samples/00582.png 46
ucf/JugglingBalls/samples/00583.png 46
ucf/JugglingBalls/samples/00584.png 46
ucf/JugglingBalls/samples/00585.png 46
ucf/JugglingBalls/samples/00586.png 46
ucf/JugglingBalls/samples/00587.png 46
ucf/JugglingBalls/samples/00588.png 46
ucf/JugglingBalls/samples/00589.png 46
ucf/JugglingBalls/samples/00590.png 46
ucf/JugglingBalls/samples/00591.png 46
ucf/JugglingBalls/samples/00592.png 46
ucf/JugglingBalls/samples/00593.png 46
ucf/JugglingBalls/samples/00594.png 46
ucf/JugglingBalls/samples/00595.png 46
ucf/JugglingBalls/samples/00596.png 46
ucf/JugglingBalls/samples/00597.png 46
ucf/JugglingBalls/samples/00598.png 46
ucf/JugglingBalls/samples/00599.png 46
ucf/JugglingBalls/samples/00600.png 46
ucf/JugglingBalls/samples/00601.png 46
ucf/JugglingBalls/samples/00602.png 46
ucf/JugglingBalls/samples/00603.png 46
ucf/JugglingBalls/samples/00604.png 46
ucf/JugglingBalls/samples/00605.png 46
ucf/JugglingBalls/samples/00606.png 46
ucf/JugglingBalls/samples/00607.png 46
ucf/JugglingBalls/samples/00608.png 46
ucf/JugglingBalls/samples/00609.png 46
ucf/JugglingBalls/samples/00610.png 46
ucf/JugglingBalls/samples/00611.png 46
ucf/JugglingBalls/samples/00612.png 46
ucf/JugglingBalls/samples/00613.png 46
ucf/JugglingBalls/samples/00614.png 46
ucf/JugglingBalls/samples/00615.png 46
ucf/JugglingBalls/samples/00616.png 46
ucf/JugglingBalls/samples/00617.png 46
ucf/JugglingBalls/samples/00618.png 46
ucf/JugglingBalls/samples/00619.png 46
ucf/JugglingBalls/samples/00620.png 46
ucf/JugglingBalls/samples/00621.png 46
ucf/JugglingBalls/samples/00622.png 46
ucf/JugglingBalls/samples/00623.png 46
ucf/JugglingBalls/samples/00624.png 46
ucf/JugglingBalls/samples/00625.png 46
ucf/JugglingBalls/samples/00626.png 46
ucf/JugglingBalls/samples/00627.png 46
ucf/JugglingBalls/samples/00628.png 46
ucf/JugglingBalls/samples/00629.png 46
ucf/JugglingBalls/samples/00630.png 46
ucf/JugglingBalls/samples/00631.png 46
ucf/JugglingBalls/samples/00632.png 46
ucf/JugglingBalls/samples/00633.png 46
ucf/JugglingBalls/samples/00634.png 46
ucf/JugglingBalls/samples/00635.png 46
ucf/JugglingBalls/samples/00636.png 46
ucf/JugglingBalls/samples/00637.png 46
ucf/JugglingBalls/samples/00638.png 46
ucf/JugglingBalls/samples/00639.png 46
ucf/JugglingBalls/samples/00640.png 46
ucf/JugglingBalls/samples/00641.png 46
ucf/JugglingBalls/samples/00642.png 46
ucf/JugglingBalls/samples/00643.png 46
ucf/JugglingBalls/samples/00644.png 46
ucf/JugglingBalls/samples/00645.png 46
ucf/JugglingBalls/samples/00646.png 46
ucf/JugglingBalls/samples/00647.png 46
ucf/JugglingBalls/samples/00648.png 46
ucf/JugglingBalls/samples/00649.png 46
ucf/JugglingBalls/samples/00650.png 46
ucf/JugglingBalls/samples/00651.png 46
ucf/JugglingBalls/samples/00652.png 46
ucf/JugglingBalls/samples/00653.png 46
ucf/JugglingBalls/samples/00654.png 46
ucf/JugglingBalls/samples/00655.png 46
ucf/JugglingBalls/samples/00656.png 46
ucf/JugglingBalls/samples/00657.png 46
ucf/JugglingBalls/samples/00658.png 46
ucf/JugglingBalls/samples/00659.png 46
ucf/JugglingBalls/samples/00660.png 46
ucf/JugglingBalls/samples/00661.png 46
ucf/JugglingBalls/samples/00662.png 46
ucf/JugglingBalls/samples/00663.png 46
ucf/JugglingBalls/samples/00664.png 46
ucf/JugglingBalls/samples/00665.png 46
ucf/JugglingBalls/samples/00666.png 46
ucf/JugglingBalls/samples/00667.png 46
ucf/JugglingBalls/samples/00668.png 46
ucf/JugglingBalls/samples/00669.png 46
ucf/JugglingBalls/samples/00670.png 46
ucf/JugglingBalls/samples/00671.png 46
ucf/JugglingBalls/samples/00672.png 46
ucf/JugglingBalls/samples/00673.png 46
ucf/JugglingBalls/samples/00674.png 46
ucf/JugglingBalls/samples/00675.png 46
ucf/JugglingBalls/samples/00676.png 46
ucf/JugglingBalls/samples/00677.png 46
ucf/JugglingBalls/samples/00678.png 46
ucf/JugglingBalls/samples/00679.png 46
ucf/JugglingBalls/samples/00680.png 46
ucf/JugglingBalls/samples/00681.png 46
ucf/JugglingBalls/samples/00682.png 46
ucf/JugglingBalls/samples/00683.png 46
ucf/JugglingBalls/samples/00684.png 46
ucf/JugglingBalls/samples/00685.png 46
ucf/JugglingBalls/samples/00686.png 46
ucf/JugglingBalls/samples/00687.png 46
ucf/JugglingBalls/samples/00688.png 46
ucf/JugglingBalls/samples/00689.png 46
ucf/JugglingBalls/samples/00690.png 46
ucf/JugglingBalls/samples/00691.png 46
ucf/JugglingBalls/samples/00692.png 46
ucf/JugglingBalls/samples/00693.png 46
ucf/JugglingBalls/samples/00694.png 46
ucf/JugglingBalls/samples/00695.png 46
ucf/JugglingBalls/samples/00696.png 46
ucf/JugglingBalls/samples/00697.png 46
ucf/JugglingBalls/samples/00698.png 46
ucf/JugglingBalls/samples/00699.png 46
ucf/JugglingBalls/samples/00700.png 46
ucf/JugglingBalls/samples/00701.png 46
ucf/JugglingBalls/samples/00702.png 46
ucf/JugglingBalls/samples/00703.png 46
ucf/JugglingBalls/samples/00704.png 46
ucf/JugglingBalls/samples/00705.png 46
ucf/JugglingBalls/samples/00706.png 46
ucf/JugglingBalls/samples/00707.png 46
ucf/JugglingBalls/samples/00708.png 46
ucf/JugglingBalls/samples/00709.png 46
ucf/JugglingBalls/samples/00710.png 46
ucf/JugglingBalls/samples/00711.png 46
ucf/JugglingBalls/samples/00712.png 46
ucf/JugglingBalls/samples/00713.png 46
ucf/JugglingBalls/samples/00714.png 46
ucf/JugglingBalls/samples/00715.png 46
ucf/JugglingBalls/samples/00716.png 46
ucf/JugglingBalls/samples/00717.png 46
ucf/JugglingBalls/samples/00718.png 46
ucf/JugglingBalls/samples/00719.png 46
ucf/JugglingBalls/samples/00720.png 46
ucf/JugglingBalls/samples/00721.png 46
ucf/JugglingBalls/samples/00722.png 46
ucf/JugglingBalls/samples/00723.png 46
ucf/JugglingBalls/samples/00724.png 46
ucf/JugglingBalls/samples/00725.png 46
ucf/JugglingBalls/samples/00726.png 46
ucf/JugglingBalls/samples/00727.png 46
ucf/JugglingBalls/samples/00728.png 46
ucf/JugglingBalls/samples/00729.png 46
ucf/JugglingBalls/samples/00730.png 46
ucf/JugglingBalls/samples/00731.png 46
ucf/JugglingBalls/samples/00732.png 46
ucf/JugglingBalls/samples/00733.png 46
ucf/JugglingBalls/samples/00734.png 46
ucf/JugglingBalls/samples/00735.png 46
ucf/JugglingBalls/samples/00736.png 46
ucf/JugglingBalls/samples/00737.png 46
ucf/JugglingBalls/samples/00738.png 46
ucf/JugglingBalls/samples/00739.png 46
ucf/JugglingBalls/samples/00740.png 46
ucf/JugglingBalls/samples/00741.png 46
ucf/JugglingBalls/samples/00742.png 46
ucf/JugglingBalls/samples/00743.png 46
ucf/JugglingBalls/samples/00744.png 46
ucf/JugglingBalls/samples/00745.png 46
ucf/JugglingBalls/samples/00746.png 46
ucf/JugglingBalls/samples/00747.png 46
ucf/JugglingBalls/samples/00748.png 46
ucf/JugglingBalls/samples/00749.png 46
ucf/JugglingBalls/samples/00750.png 46
ucf/JugglingBalls/samples/00751.png 46
ucf/JugglingBalls/samples/00752.png 46
ucf/JugglingBalls/samples/00753.png 46
ucf/JugglingBalls/samples/00754.png 46
ucf/JugglingBalls/samples/00755.png 46
ucf/JugglingBalls/samples/00756.png 46
ucf/JugglingBalls/samples/00757.png 46
ucf/JugglingBalls/samples/00758.png 46
ucf/JugglingBalls/samples/00759.png 46
ucf/JugglingBalls/samples/00760.png 46
ucf/JugglingBalls/samples/00761.png 46
ucf/JugglingBalls/samples/00762.png 46
ucf/JugglingBalls/samples/00763.png 46
ucf/JugglingBalls/samples/00764.png 46
ucf/JugglingBalls/samples/00765.png 46
ucf/JugglingBalls/samples/00766.png 46
ucf/JugglingBalls/samples/00767.png 46
ucf/JugglingBalls/samples/00768.png 46
ucf/JugglingBalls/samples/00769.png 46
ucf/JugglingBalls/samples/00770.png 46
ucf/JugglingBalls/samples/00771.png 46
ucf/JugglingBalls/samples/00772.png 46
ucf/JugglingBalls/samples/00773.png 46
ucf/JugglingBalls/samples/00774.png 46
ucf/JugglingBalls/samples/00775.png 46
ucf/JugglingBalls/samples/00776.png 46
ucf/JugglingBalls/samples/00777.png 46
ucf/JugglingBalls/samples/00778.png 46
ucf/JugglingBalls/samples/00779.png 46
ucf/JugglingBalls/samples/00780.png 46
ucf/JugglingBalls/samples/00781.png 46
ucf/JugglingBalls/samples/00782.png 46
ucf/JugglingBalls/samples/00783.png 46
ucf/JugglingBalls/samples/00784.png 46
ucf/JugglingBalls/samples/00785.png 46
ucf/JugglingBalls/samples/00786.png 46
ucf/JugglingBalls/samples/00787.png 46
ucf/JugglingBalls/samples/00788.png 46
ucf/JugglingBalls/samples/00789.png 46
ucf/JugglingBalls/samples/00790.png 46
ucf/JugglingBalls/samples/00791.png 46
ucf/JugglingBalls/samples/00792.png 46
ucf/JugglingBalls/samples/00793.png 46
ucf/JugglingBalls/samples/00794.png 46
ucf/JugglingBalls/samples/00795.png 46
ucf/JugglingBalls/samples/00796.png 46
ucf/JugglingBalls/samples/00797.png 46
ucf/JugglingBalls/samples/00798.png 46
ucf/JugglingBalls/samples/00799.png 46
ucf/JugglingBalls/samples/00800.png 46
ucf/JugglingBalls/samples/00801.png 46
ucf/JugglingBalls/samples/00802.png 46
ucf/JugglingBalls/samples/00803.png 46
ucf/JugglingBalls/samples/00804.png 46
ucf/JugglingBalls/samples/00805.png 46
ucf/JugglingBalls/samples/00806.png 46
ucf/JugglingBalls/samples/00807.png 46
ucf/JugglingBalls/samples/00808.png 46
ucf/JugglingBalls/samples/00809.png 46
ucf/JugglingBalls/samples/00810.png 46
ucf/JugglingBalls/samples/00811.png 46
ucf/JugglingBalls/samples/00812.png 46
ucf/JugglingBalls/samples/00813.png 46
ucf/JugglingBalls/samples/00814.png 46
ucf/JugglingBalls/samples/00815.png 46
ucf/JugglingBalls/samples/00816.png 46
ucf/JugglingBalls/samples/00817.png 46
ucf/JugglingBalls/samples/00818.png 46
ucf/JugglingBalls/samples/00819.png 46
ucf/JugglingBalls/samples/00820.png 46
ucf/JugglingBalls/samples/00821.png 46
ucf/JugglingBalls/samples/00822.png 46
ucf/JugglingBalls/samples/00823.png 46
ucf/JugglingBalls/samples/00824.png 46
ucf/JugglingBalls/samples/00825.png 46
ucf/JugglingBalls/samples/00826.png 46
ucf/JugglingBalls/samples/00827.png 46
ucf/JugglingBalls/samples/00828.png 46
ucf/JugglingBalls/samples/00829.png 46
ucf/JugglingBalls/samples/00830.png 46
ucf/JugglingBalls/samples/00831.png 46
ucf/JugglingBalls/samples/00832.png 46
ucf/JugglingBalls/samples/00833.png 46
ucf/JugglingBalls/samples/00834.png 46
ucf/JugglingBalls/samples/00835.png 46
ucf/JugglingBalls/samples/00836.png 46
ucf/JugglingBalls/samples/00837.png 46
ucf/JugglingBalls/samples/00838.png 46
ucf/JugglingBalls/samples/00839.png 46
ucf/JugglingBalls/samples/00840.png 46
ucf/JugglingBalls/samples/00841.png 46
ucf/JugglingBalls/samples/00842.png 46
ucf/JugglingBalls/samples/00843.png 46
ucf/JugglingBalls/samples/00844.png 46
ucf/JugglingBalls/samples/00845.png 46
ucf/JugglingBalls/samples/00846.png 46
ucf/JugglingBalls/samples/00847.png 46
ucf/JugglingBalls/samples/00848.png 46
ucf/JugglingBalls/samples/00849.png 46
ucf/JugglingBalls/samples/00850.png 46
ucf/JugglingBalls/samples/00851.png 46
ucf/JugglingBalls/samples/00852.png 46
ucf/JugglingBalls/samples/00853.png 46
ucf/JugglingBalls/samples/00854.png 46
ucf/JugglingBalls/samples/00855.png 46
ucf/JugglingBalls/samples/00856.png 46
ucf/JugglingBalls/samples/00857.png 46
ucf/JugglingBalls/samples/00858.png 46
ucf/JugglingBalls/samples/00859.png 46
ucf/JugglingBalls/samples/00860.png 46
ucf/JugglingBalls/samples/00861.png 46
ucf/JugglingBalls/samples/00862.png 46
ucf/JugglingBalls/samples/00863.png 46
ucf/JugglingBalls/samples/00864.png 46
ucf/JugglingBalls/samples/00865.png 46
ucf/JugglingBalls/samples/00866.png 46
ucf/JugglingBalls/samples/00867.png 46
ucf/JugglingBalls/samples/00868.png 46
ucf/JugglingBalls/samples/00869.png 46
ucf/JugglingBalls/samples/00870.png 46
ucf/JugglingBalls/samples/00871.png 46
ucf/JugglingBalls/samples/00872.png 46
ucf/JugglingBalls/samples/00873.png 46
ucf/JugglingBalls/samples/00874.png 46
ucf/JugglingBalls/samples/00875.png 46
ucf/JugglingBalls/samples/00876.png 46
ucf/JugglingBalls/samples/00877.png 46
ucf/JugglingBalls/samples/00878.png 46
ucf/JugglingBalls/samples/00879.png 46
ucf/JugglingBalls/samples/00880.png 46
ucf/JugglingBalls/samples/00881.png 46
ucf/JugglingBalls/samples/00882.png 46
ucf/JugglingBalls/samples/00883.png 46
ucf/JugglingBalls/samples/00884.png 46
ucf/JugglingBalls/samples/00885.png 46
ucf/JugglingBalls/samples/00886.png 46
ucf/JugglingBalls/samples/00887.png 46
ucf/JugglingBalls/samples/00888.png 46
ucf/JugglingBalls/samples/00889.png 46
ucf/JugglingBalls/samples/00890.png 46
ucf/JugglingBalls/samples/00891.png 46
ucf/JugglingBalls/samples/00892.png 46
ucf/JugglingBalls/samples/00893.png 46
ucf/JugglingBalls/samples/00894.png 46
ucf/JugglingBalls/samples/00895.png 46
ucf/JugglingBalls/samples/00896.png 46
ucf/JugglingBalls/samples/00897.png 46
ucf/JugglingBalls/samples/00898.png 46
ucf/JugglingBalls/samples/00899.png 46
ucf/JugglingBalls/samples/00900.png 46
ucf/JugglingBalls/samples/00901.png 46
ucf/JugglingBalls/samples/00902.png 46
ucf/JugglingBalls/samples/00903.png 46
ucf/JugglingBalls/samples/00904.png 46
ucf/JugglingBalls/samples/00905.png 46
ucf/JugglingBalls/samples/00906.png 46
ucf/JugglingBalls/samples/00907.png 46
ucf/JugglingBalls/samples/00908.png 46
ucf/JugglingBalls/samples/00909.png 46
ucf/JugglingBalls/samples/00910.png 46
ucf/JugglingBalls/samples/00911.png 46
ucf/JugglingBalls/samples/00912.png 46
ucf/JugglingBalls/samples/00913.png 46
ucf/JugglingBalls/samples/00914.png 46
ucf/JugglingBalls/samples/00915.png 46
ucf/JugglingBalls/samples/00916.png 46
ucf/JugglingBalls/samples/00917.png 46
ucf/JugglingBalls/samples/00918.png 46
ucf/JugglingBalls/samples/00919.png 46
ucf/JugglingBalls/samples/00920.png 46
ucf/JugglingBalls/samples/00921.png 46
ucf/JugglingBalls/samples/00922.png 46
ucf/JugglingBalls/samples/00923.png 46
ucf/JugglingBalls/samples/00924.png 46
ucf/JugglingBalls/samples/00925.png 46
ucf/JugglingBalls/samples/00926.png 46
ucf/JugglingBalls/samples/00927.png 46
ucf/JugglingBalls/samples/00928.png 46
ucf/JugglingBalls/samples/00929.png 46
ucf/JugglingBalls/samples/00930.png 46
ucf/JugglingBalls/samples/00931.png 46
ucf/JugglingBalls/samples/00932.png 46
ucf/JugglingBalls/samples/00933.png 46
ucf/JugglingBalls/samples/00934.png 46
ucf/JugglingBalls/samples/00935.png 46
ucf/JugglingBalls/samples/00936.png 46
ucf/JugglingBalls/samples/00937.png 46
ucf/JugglingBalls/samples/00938.png 46
ucf/JugglingBalls/samples/00939.png 46
ucf/JugglingBalls/samples/00940.png 46
ucf/JugglingBalls/samples/00941.png 46
ucf/JugglingBalls/samples/00942.png 46
ucf/JugglingBalls/samples/00943.png 46
ucf/JugglingBalls/samples/00944.png 46
ucf/JugglingBalls/samples/00945.png 46
ucf/JugglingBalls/samples/00946.png 46
ucf/JugglingBalls/samples/00947.png 46
ucf/JugglingBalls/samples/00948.png 46
ucf/JugglingBalls/samples/00949.png 46
ucf/JugglingBalls/samples/00950.png 46
ucf/JugglingBalls/samples/00951.png 46
ucf/JugglingBalls/samples/00952.png 46
ucf/JugglingBalls/samples/00953.png 46
ucf/JugglingBalls/samples/00954.png 46
ucf/JugglingBalls/samples/00955.png 46
ucf/JugglingBalls/samples/00956.png 46
ucf/JugglingBalls/samples/00957.png 46
ucf/JugglingBalls/samples/00958.png 46
ucf/JugglingBalls/samples/00959.png 46
ucf/JugglingBalls/samples/00960.png 46
ucf/JugglingBalls/samples/00961.png 46
ucf/JugglingBalls/samples/00962.png 46
ucf/JugglingBalls/samples/00963.png 46
ucf/JugglingBalls/samples/00964.png 46
ucf/JugglingBalls/samples/00965.png 46
ucf/JugglingBalls/samples/00966.png 46
ucf/JugglingBalls/samples/00967.png 46
ucf/JugglingBalls/samples/00968.png 46
ucf/JugglingBalls/samples/00969.png 46
ucf/JugglingBalls/samples/00970.png 46
ucf/JugglingBalls/samples/00971.png 46
ucf/JugglingBalls/samples/00972.png 46
ucf/JugglingBalls/samples/00973.png 46
ucf/JugglingBalls/samples/00974.png 46
ucf/JugglingBalls/samples/00975.png 46
ucf/JugglingBalls/samples/00976.png 46
ucf/JugglingBalls/samples/00977.png 46
ucf/JugglingBalls/samples/00978.png 46
ucf/JugglingBalls/samples/00979.png 46
ucf/JugglingBalls/samples/00980.png 46
ucf/JugglingBalls/samples/00981.png 46
ucf/JugglingBalls/samples/00982.png 46
ucf/JugglingBalls/samples/00983.png 46
ucf/JugglingBalls/samples/00984.png 46
ucf/JugglingBalls/samples/00985.png 46
ucf/JugglingBalls/samples/00986.png 46
ucf/JugglingBalls/samples/00987.png 46
ucf/JugglingBalls/samples/00988.png 46
ucf/JugglingBalls/samples/00989.png 46
ucf/JugglingBalls/samples/00990.png 46
ucf/JugglingBalls/samples/00991.png 46
ucf/JugglingBalls/samples/00992.png 46
ucf/JugglingBalls/samples/00993.png 46
ucf/JugglingBalls/samples/00994.png 46
ucf/JugglingBalls/samples/00995.png 46
ucf/JugglingBalls/samples/00996.png 46
ucf/JugglingBalls/samples/00997.png 46
ucf/JugglingBalls/samples/00998.png 46
ucf/JugglingBalls/samples/00999.png 46
ucf/Billiards/samples/00000.png 12
ucf/Billiards/samples/00001.png 12
ucf/Billiards/samples/00002.png 12
ucf/Billiards/samples/00003.png 12
ucf/Billiards/samples/00004.png 12
ucf/Billiards/samples/00005.png 12
ucf/Billiards/samples/00006.png 12
ucf/Billiards/samples/00007.png 12
ucf/Billiards/samples/00008.png 12
ucf/Billiards/samples/00009.png 12
ucf/Billiards/samples/00010.png 12
ucf/Billiards/samples/00011.png 12
ucf/Billiards/samples/00012.png 12
ucf/Billiards/samples/00013.png 12
ucf/Billiards/samples/00014.png 12
ucf/Billiards/samples/00015.png 12
ucf/Billiards/samples/00016.png 12
ucf/Billiards/samples/00017.png 12
ucf/Billiards/samples/00018.png 12
ucf/Billiards/samples/00019.png 12
ucf/Billiards/samples/00020.png 12
ucf/Billiards/samples/00021.png 12
ucf/Billiards/samples/00022.png 12
ucf/Billiards/samples/00023.png 12
ucf/Billiards/samples/00024.png 12
ucf/Billiards/samples/00025.png 12
ucf/Billiards/samples/00026.png 12
ucf/Billiards/samples/00027.png 12
ucf/Billiards/samples/00028.png 12
ucf/Billiards/samples/00029.png 12
ucf/Billiards/samples/00030.png 12
ucf/Billiards/samples/00031.png 12
ucf/Billiards/samples/00032.png 12
ucf/Billiards/samples/00033.png 12
ucf/Billiards/samples/00034.png 12
ucf/Billiards/samples/00035.png 12
ucf/Billiards/samples/00036.png 12
ucf/Billiards/samples/00037.png 12
ucf/Billiards/samples/00038.png 12
ucf/Billiards/samples/00039.png 12
ucf/Billiards/samples/00040.png 12
ucf/Billiards/samples/00041.png 12
ucf/Billiards/samples/00042.png 12
ucf/Billiards/samples/00043.png 12
ucf/Billiards/samples/00044.png 12
ucf/Billiards/samples/00045.png 12
ucf/Billiards/samples/00046.png 12
ucf/Billiards/samples/00047.png 12
ucf/Billiards/samples/00048.png 12
ucf/Billiards/samples/00049.png 12
ucf/Billiards/samples/00050.png 12
ucf/Billiards/samples/00051.png 12
ucf/Billiards/samples/00052.png 12
ucf/Billiards/samples/00053.png 12
ucf/Billiards/samples/00054.png 12
ucf/Billiards/samples/00055.png 12
ucf/Billiards/samples/00056.png 12
ucf/Billiards/samples/00057.png 12
ucf/Billiards/samples/00058.png 12
ucf/Billiards/samples/00059.png 12
ucf/Billiards/samples/00060.png 12
ucf/Billiards/samples/00061.png 12
ucf/Billiards/samples/00062.png 12
ucf/Billiards/samples/00063.png 12
ucf/Billiards/samples/00064.png 12
ucf/Billiards/samples/00065.png 12
ucf/Billiards/samples/00066.png 12
ucf/Billiards/samples/00067.png 12
ucf/Billiards/samples/00068.png 12
ucf/Billiards/samples/00069.png 12
ucf/Billiards/samples/00070.png 12
ucf/Billiards/samples/00071.png 12
ucf/Billiards/samples/00072.png 12
ucf/Billiards/samples/00073.png 12
ucf/Billiards/samples/00074.png 12
ucf/Billiards/samples/00075.png 12
ucf/Billiards/samples/00076.png 12
ucf/Billiards/samples/00077.png 12
ucf/Billiards/samples/00078.png 12
ucf/Billiards/samples/00079.png 12
ucf/Billiards/samples/00080.png 12
ucf/Billiards/samples/00081.png 12
ucf/Billiards/samples/00082.png 12
ucf/Billiards/samples/00083.png 12
ucf/Billiards/samples/00084.png 12
ucf/Billiards/samples/00085.png 12
ucf/Billiards/samples/00086.png 12
ucf/Billiards/samples/00087.png 12
ucf/Billiards/samples/00088.png 12
ucf/Billiards/samples/00089.png 12
ucf/Billiards/samples/00090.png 12
ucf/Billiards/samples/00091.png 12
ucf/Billiards/samples/00092.png 12
ucf/Billiards/samples/00093.png 12
ucf/Billiards/samples/00094.png 12
ucf/Billiards/samples/00095.png 12
ucf/Billiards/samples/00096.png 12
ucf/Billiards/samples/00097.png 12
ucf/Billiards/samples/00098.png 12
ucf/Billiards/samples/00099.png 12
ucf/Billiards/samples/00100.png 12
ucf/Billiards/samples/00101.png 12
ucf/Billiards/samples/00102.png 12
ucf/Billiards/samples/00103.png 12
ucf/Billiards/samples/00104.png 12
ucf/Billiards/samples/00105.png 12
ucf/Billiards/samples/00106.png 12
ucf/Billiards/samples/00107.png 12
ucf/Billiards/samples/00108.png 12
ucf/Billiards/samples/00109.png 12
ucf/Billiards/samples/00110.png 12
ucf/Billiards/samples/00111.png 12
ucf/Billiards/samples/00112.png 12
ucf/Billiards/samples/00113.png 12
ucf/Billiards/samples/00114.png 12
ucf/Billiards/samples/00115.png 12
ucf/Billiards/samples/00116.png 12
ucf/Billiards/samples/00117.png 12
ucf/Billiards/samples/00118.png 12
ucf/Billiards/samples/00119.png 12
ucf/Billiards/samples/00120.png 12
ucf/Billiards/samples/00121.png 12
ucf/Billiards/samples/00122.png 12
ucf/Billiards/samples/00123.png 12
ucf/Billiards/samples/00124.png 12
ucf/Billiards/samples/00125.png 12
ucf/Billiards/samples/00126.png 12
ucf/Billiards/samples/00127.png 12
ucf/Billiards/samples/00128.png 12
ucf/Billiards/samples/00129.png 12
ucf/Billiards/samples/00130.png 12
ucf/Billiards/samples/00131.png 12
ucf/Billiards/samples/00132.png 12
ucf/Billiards/samples/00133.png 12
ucf/Billiards/samples/00134.png 12
ucf/Billiards/samples/00135.png 12
ucf/Billiards/samples/00136.png 12
ucf/Billiards/samples/00137.png 12
ucf/Billiards/samples/00138.png 12
ucf/Billiards/samples/00139.png 12
ucf/Billiards/samples/00140.png 12
ucf/Billiards/samples/00141.png 12
ucf/Billiards/samples/00142.png 12
ucf/Billiards/samples/00143.png 12
ucf/Billiards/samples/00144.png 12
ucf/Billiards/samples/00145.png 12
ucf/Billiards/samples/00146.png 12
ucf/Billiards/samples/00147.png 12
ucf/Billiards/samples/00148.png 12
ucf/Billiards/samples/00149.png 12
ucf/Billiards/samples/00150.png 12
ucf/Billiards/samples/00151.png 12
ucf/Billiards/samples/00152.png 12
ucf/Billiards/samples/00153.png 12
ucf/Billiards/samples/00154.png 12
ucf/Billiards/samples/00155.png 12
ucf/Billiards/samples/00156.png 12
ucf/Billiards/samples/00157.png 12
ucf/Billiards/samples/00158.png 12
ucf/Billiards/samples/00159.png 12
ucf/Billiards/samples/00160.png 12
ucf/Billiards/samples/00161.png 12
ucf/Billiards/samples/00162.png 12
ucf/Billiards/samples/00163.png 12
ucf/Billiards/samples/00164.png 12
ucf/Billiards/samples/00165.png 12
ucf/Billiards/samples/00166.png 12
ucf/Billiards/samples/00167.png 12
ucf/Billiards/samples/00168.png 12
ucf/Billiards/samples/00169.png 12
ucf/Billiards/samples/00170.png 12
ucf/Billiards/samples/00171.png 12
ucf/Billiards/samples/00172.png 12
ucf/Billiards/samples/00173.png 12
ucf/Billiards/samples/00174.png 12
ucf/Billiards/samples/00175.png 12
ucf/Billiards/samples/00176.png 12
ucf/Billiards/samples/00177.png 12
ucf/Billiards/samples/00178.png 12
ucf/Billiards/samples/00179.png 12
ucf/Billiards/samples/00180.png 12
ucf/Billiards/samples/00181.png 12
ucf/Billiards/samples/00182.png 12
ucf/Billiards/samples/00183.png 12
ucf/Billiards/samples/00184.png 12
ucf/Billiards/samples/00185.png 12
ucf/Billiards/samples/00186.png 12
ucf/Billiards/samples/00187.png 12
ucf/Billiards/samples/00188.png 12
ucf/Billiards/samples/00189.png 12
ucf/Billiards/samples/00190.png 12
ucf/Billiards/samples/00191.png 12
ucf/Billiards/samples/00192.png 12
ucf/Billiards/samples/00193.png 12
ucf/Billiards/samples/00194.png 12
ucf/Billiards/samples/00195.png 12
ucf/Billiards/samples/00196.png 12
ucf/Billiards/samples/00197.png 12
ucf/Billiards/samples/00198.png 12
ucf/Billiards/samples/00199.png 12
ucf/Billiards/samples/00200.png 12
ucf/Billiards/samples/00201.png 12
ucf/Billiards/samples/00202.png 12
ucf/Billiards/samples/00203.png 12
ucf/Billiards/samples/00204.png 12
ucf/Billiards/samples/00205.png 12
ucf/Billiards/samples/00206.png 12
ucf/Billiards/samples/00207.png 12
ucf/Billiards/samples/00208.png 12
ucf/Billiards/samples/00209.png 12
ucf/Billiards/samples/00210.png 12
ucf/Billiards/samples/00211.png 12
ucf/Billiards/samples/00212.png 12
ucf/Billiards/samples/00213.png 12
ucf/Billiards/samples/00214.png 12
ucf/Billiards/samples/00215.png 12
ucf/Billiards/samples/00216.png 12
ucf/Billiards/samples/00217.png 12
ucf/Billiards/samples/00218.png 12
ucf/Billiards/samples/00219.png 12
ucf/Billiards/samples/00220.png 12
ucf/Billiards/samples/00221.png 12
ucf/Billiards/samples/00222.png 12
ucf/Billiards/samples/00223.png 12
ucf/Billiards/samples/00224.png 12
ucf/Billiards/samples/00225.png 12
ucf/Billiards/samples/00226.png 12
ucf/Billiards/samples/00227.png 12
ucf/Billiards/samples/00228.png 12
ucf/Billiards/samples/00229.png 12
ucf/Billiards/samples/00230.png 12
ucf/Billiards/samples/00231.png 12
ucf/Billiards/samples/00232.png 12
ucf/Billiards/samples/00233.png 12
ucf/Billiards/samples/00234.png 12
ucf/Billiards/samples/00235.png 12
ucf/Billiards/samples/00236.png 12
ucf/Billiards/samples/00237.png 12
ucf/Billiards/samples/00238.png 12
ucf/Billiards/samples/00239.png 12
ucf/Billiards/samples/00240.png 12
ucf/Billiards/samples/00241.png 12
ucf/Billiards/samples/00242.png 12
ucf/Billiards/samples/00243.png 12
ucf/Billiards/samples/00244.png 12
ucf/Billiards/samples/00245.png 12
ucf/Billiards/samples/00246.png 12
ucf/Billiards/samples/00247.png 12
ucf/Billiards/samples/00248.png 12
ucf/Billiards/samples/00249.png 12
ucf/Billiards/samples/00250.png 12
ucf/Billiards/samples/00251.png 12
ucf/Billiards/samples/00252.png 12
ucf/Billiards/samples/00253.png 12
ucf/Billiards/samples/00254.png 12
ucf/Billiards/samples/00255.png 12
ucf/Billiards/samples/00256.png 12
ucf/Billiards/samples/00257.png 12
ucf/Billiards/samples/00258.png 12
ucf/Billiards/samples/00259.png 12
ucf/Billiards/samples/00260.png 12
ucf/Billiards/samples/00261.png 12
ucf/Billiards/samples/00262.png 12
ucf/Billiards/samples/00263.png 12
ucf/Billiards/samples/00264.png 12
ucf/Billiards/samples/00265.png 12
ucf/Billiards/samples/00266.png 12
ucf/Billiards/samples/00267.png 12
ucf/Billiards/samples/00268.png 12
ucf/Billiards/samples/00269.png 12
ucf/Billiards/samples/00270.png 12
ucf/Billiards/samples/00271.png 12
ucf/Billiards/samples/00272.png 12
ucf/Billiards/samples/00273.png 12
ucf/Billiards/samples/00274.png 12
ucf/Billiards/samples/00275.png 12
ucf/Billiards/samples/00276.png 12
ucf/Billiards/samples/00277.png 12
ucf/Billiards/samples/00278.png 12
ucf/Billiards/samples/00279.png 12
ucf/Billiards/samples/00280.png 12
ucf/Billiards/samples/00281.png 12
ucf/Billiards/samples/00282.png 12
ucf/Billiards/samples/00283.png 12
ucf/Billiards/samples/00284.png 12
ucf/Billiards/samples/00285.png 12
ucf/Billiards/samples/00286.png 12
ucf/Billiards/samples/00287.png 12
ucf/Billiards/samples/00288.png 12
ucf/Billiards/samples/00289.png 12
ucf/Billiards/samples/00290.png 12
ucf/Billiards/samples/00291.png 12
ucf/Billiards/samples/00292.png 12
ucf/Billiards/samples/00293.png 12
ucf/Billiards/samples/00294.png 12
ucf/Billiards/samples/00295.png 12
ucf/Billiards/samples/00296.png 12
ucf/Billiards/samples/00297.png 12
ucf/Billiards/samples/00298.png 12
ucf/Billiards/samples/00299.png 12
ucf/Billiards/samples/00300.png 12
ucf/Billiards/samples/00301.png 12
ucf/Billiards/samples/00302.png 12
ucf/Billiards/samples/00303.png 12
ucf/Billiards/samples/00304.png 12
ucf/Billiards/samples/00305.png 12
ucf/Billiards/samples/00306.png 12
ucf/Billiards/samples/00307.png 12
ucf/Billiards/samples/00308.png 12
ucf/Billiards/samples/00309.png 12
ucf/Billiards/samples/00310.png 12
ucf/Billiards/samples/00311.png 12
ucf/Billiards/samples/00312.png 12
ucf/Billiards/samples/00313.png 12
ucf/Billiards/samples/00314.png 12
ucf/Billiards/samples/00315.png 12
ucf/Billiards/samples/00316.png 12
ucf/Billiards/samples/00317.png 12
ucf/Billiards/samples/00318.png 12
ucf/Billiards/samples/00319.png 12
ucf/Billiards/samples/00320.png 12
ucf/Billiards/samples/00321.png 12
ucf/Billiards/samples/00322.png 12
ucf/Billiards/samples/00323.png 12
ucf/Billiards/samples/00324.png 12
ucf/Billiards/samples/00325.png 12
ucf/Billiards/samples/00326.png 12
ucf/Billiards/samples/00327.png 12
ucf/Billiards/samples/00328.png 12
ucf/Billiards/samples/00329.png 12
ucf/Billiards/samples/00330.png 12
ucf/Billiards/samples/00331.png 12
ucf/Billiards/samples/00332.png 12
ucf/Billiards/samples/00333.png 12
ucf/Billiards/samples/00334.png 12
ucf/Billiards/samples/00335.png 12
ucf/Billiards/samples/00336.png 12
ucf/Billiards/samples/00337.png 12
ucf/Billiards/samples/00338.png 12
ucf/Billiards/samples/00339.png 12
ucf/Billiards/samples/00340.png 12
ucf/Billiards/samples/00341.png 12
ucf/Billiards/samples/00342.png 12
ucf/Billiards/samples/00343.png 12
ucf/Billiards/samples/00344.png 12
ucf/Billiards/samples/00345.png 12
ucf/Billiards/samples/00346.png 12
ucf/Billiards/samples/00347.png 12
ucf/Billiards/samples/00348.png 12
ucf/Billiards/samples/00349.png 12
ucf/Billiards/samples/00350.png 12
ucf/Billiards/samples/00351.png 12
ucf/Billiards/samples/00352.png 12
ucf/Billiards/samples/00353.png 12
ucf/Billiards/samples/00354.png 12
ucf/Billiards/samples/00355.png 12
ucf/Billiards/samples/00356.png 12
ucf/Billiards/samples/00357.png 12
ucf/Billiards/samples/00358.png 12
ucf/Billiards/samples/00359.png 12
ucf/Billiards/samples/00360.png 12
ucf/Billiards/samples/00361.png 12
ucf/Billiards/samples/00362.png 12
ucf/Billiards/samples/00363.png 12
ucf/Billiards/samples/00364.png 12
ucf/Billiards/samples/00365.png 12
ucf/Billiards/samples/00366.png 12
ucf/Billiards/samples/00367.png 12
ucf/Billiards/samples/00368.png 12
ucf/Billiards/samples/00369.png 12
ucf/Billiards/samples/00370.png 12
ucf/Billiards/samples/00371.png 12
ucf/Billiards/samples/00372.png 12
ucf/Billiards/samples/00373.png 12
ucf/Billiards/samples/00374.png 12
ucf/Billiards/samples/00375.png 12
ucf/Billiards/samples/00376.png 12
ucf/Billiards/samples/00377.png 12
ucf/Billiards/samples/00378.png 12
ucf/Billiards/samples/00379.png 12
ucf/Billiards/samples/00380.png 12
ucf/Billiards/samples/00381.png 12
ucf/Billiards/samples/00382.png 12
ucf/Billiards/samples/00383.png 12
ucf/Billiards/samples/00384.png 12
ucf/Billiards/samples/00385.png 12
ucf/Billiards/samples/00386.png 12
ucf/Billiards/samples/00387.png 12
ucf/Billiards/samples/00388.png 12
ucf/Billiards/samples/00389.png 12
ucf/Billiards/samples/00390.png 12
ucf/Billiards/samples/00391.png 12
ucf/Billiards/samples/00392.png 12
ucf/Billiards/samples/00393.png 12
ucf/Billiards/samples/00394.png 12
ucf/Billiards/samples/00395.png 12
ucf/Billiards/samples/00396.png 12
ucf/Billiards/samples/00397.png 12
ucf/Billiards/samples/00398.png 12
ucf/Billiards/samples/00399.png 12
ucf/Billiards/samples/00400.png 12
ucf/Billiards/samples/00401.png 12
ucf/Billiards/samples/00402.png 12
ucf/Billiards/samples/00403.png 12
ucf/Billiards/samples/00404.png 12
ucf/Billiards/samples/00405.png 12
ucf/Billiards/samples/00406.png 12
ucf/Billiards/samples/00407.png 12
ucf/Billiards/samples/00408.png 12
ucf/Billiards/samples/00409.png 12
ucf/Billiards/samples/00410.png 12
ucf/Billiards/samples/00411.png 12
ucf/Billiards/samples/00412.png 12
ucf/Billiards/samples/00413.png 12
ucf/Billiards/samples/00414.png 12
ucf/Billiards/samples/00415.png 12
ucf/Billiards/samples/00416.png 12
ucf/Billiards/samples/00417.png 12
ucf/Billiards/samples/00418.png 12
ucf/Billiards/samples/00419.png 12
ucf/Billiards/samples/00420.png 12
ucf/Billiards/samples/00421.png 12
ucf/Billiards/samples/00422.png 12
ucf/Billiards/samples/00423.png 12
ucf/Billiards/samples/00424.png 12
ucf/Billiards/samples/00425.png 12
ucf/Billiards/samples/00426.png 12
ucf/Billiards/samples/00427.png 12
ucf/Billiards/samples/00428.png 12
ucf/Billiards/samples/00429.png 12
ucf/Billiards/samples/00430.png 12
ucf/Billiards/samples/00431.png 12
ucf/Billiards/samples/00432.png 12
ucf/Billiards/samples/00433.png 12
ucf/Billiards/samples/00434.png 12
ucf/Billiards/samples/00435.png 12
ucf/Billiards/samples/00436.png 12
ucf/Billiards/samples/00437.png 12
ucf/Billiards/samples/00438.png 12
ucf/Billiards/samples/00439.png 12
ucf/Billiards/samples/00440.png 12
ucf/Billiards/samples/00441.png 12
ucf/Billiards/samples/00442.png 12
ucf/Billiards/samples/00443.png 12
ucf/Billiards/samples/00444.png 12
ucf/Billiards/samples/00445.png 12
ucf/Billiards/samples/00446.png 12
ucf/Billiards/samples/00447.png 12
ucf/Billiards/samples/00448.png 12
ucf/Billiards/samples/00449.png 12
ucf/Billiards/samples/00450.png 12
ucf/Billiards/samples/00451.png 12
ucf/Billiards/samples/00452.png 12
ucf/Billiards/samples/00453.png 12
ucf/Billiards/samples/00454.png 12
ucf/Billiards/samples/00455.png 12
ucf/Billiards/samples/00456.png 12
ucf/Billiards/samples/00457.png 12
ucf/Billiards/samples/00458.png 12
ucf/Billiards/samples/00459.png 12
ucf/Billiards/samples/00460.png 12
ucf/Billiards/samples/00461.png 12
ucf/Billiards/samples/00462.png 12
ucf/Billiards/samples/00463.png 12
ucf/Billiards/samples/00464.png 12
ucf/Billiards/samples/00465.png 12
ucf/Billiards/samples/00466.png 12
ucf/Billiards/samples/00467.png 12
ucf/Billiards/samples/00468.png 12
ucf/Billiards/samples/00469.png 12
ucf/Billiards/samples/00470.png 12
ucf/Billiards/samples/00471.png 12
ucf/Billiards/samples/00472.png 12
ucf/Billiards/samples/00473.png 12
ucf/Billiards/samples/00474.png 12
ucf/Billiards/samples/00475.png 12
ucf/Billiards/samples/00476.png 12
ucf/Billiards/samples/00477.png 12
ucf/Billiards/samples/00478.png 12
ucf/Billiards/samples/00479.png 12
ucf/Billiards/samples/00480.png 12
ucf/Billiards/samples/00481.png 12
ucf/Billiards/samples/00482.png 12
ucf/Billiards/samples/00483.png 12
ucf/Billiards/samples/00484.png 12
ucf/Billiards/samples/00485.png 12
ucf/Billiards/samples/00486.png 12
ucf/Billiards/samples/00487.png 12
ucf/Billiards/samples/00488.png 12
ucf/Billiards/samples/00489.png 12
ucf/Billiards/samples/00490.png 12
ucf/Billiards/samples/00491.png 12
ucf/Billiards/samples/00492.png 12
ucf/Billiards/samples/00493.png 12
ucf/Billiards/samples/00494.png 12
ucf/Billiards/samples/00495.png 12
ucf/Billiards/samples/00496.png 12
ucf/Billiards/samples/00497.png 12
ucf/Billiards/samples/00498.png 12
ucf/Billiards/samples/00499.png 12
ucf/Billiards/samples/00500.png 12
ucf/Billiards/samples/00501.png 12
ucf/Billiards/samples/00502.png 12
ucf/Billiards/samples/00503.png 12
ucf/Billiards/samples/00504.png 12
ucf/Billiards/samples/00505.png 12
ucf/Billiards/samples/00506.png 12
ucf/Billiards/samples/00507.png 12
ucf/Billiards/samples/00508.png 12
ucf/Billiards/samples/00509.png 12
ucf/Billiards/samples/00510.png 12
ucf/Billiards/samples/00511.png 12
ucf/Billiards/samples/00512.png 12
ucf/Billiards/samples/00513.png 12
ucf/Billiards/samples/00514.png 12
ucf/Billiards/samples/00515.png 12
ucf/Billiards/samples/00516.png 12
ucf/Billiards/samples/00517.png 12
ucf/Billiards/samples/00518.png 12
ucf/Billiards/samples/00519.png 12
ucf/Billiards/samples/00520.png 12
ucf/Billiards/samples/00521.png 12
ucf/Billiards/samples/00522.png 12
ucf/Billiards/samples/00523.png 12
ucf/Billiards/samples/00524.png 12
ucf/Billiards/samples/00525.png 12
ucf/Billiards/samples/00526.png 12
ucf/Billiards/samples/00527.png 12
ucf/Billiards/samples/00528.png 12
ucf/Billiards/samples/00529.png 12
ucf/Billiards/samples/00530.png 12
ucf/Billiards/samples/00531.png 12
ucf/Billiards/samples/00532.png 12
ucf/Billiards/samples/00533.png 12
ucf/Billiards/samples/00534.png 12
ucf/Billiards/samples/00535.png 12
ucf/Billiards/samples/00536.png 12
ucf/Billiards/samples/00537.png 12
ucf/Billiards/samples/00538.png 12
ucf/Billiards/samples/00539.png 12
ucf/Billiards/samples/00540.png 12
ucf/Billiards/samples/00541.png 12
ucf/Billiards/samples/00542.png 12
ucf/Billiards/samples/00543.png 12
ucf/Billiards/samples/00544.png 12
ucf/Billiards/samples/00545.png 12
ucf/Billiards/samples/00546.png 12
ucf/Billiards/samples/00547.png 12
ucf/Billiards/samples/00548.png 12
ucf/Billiards/samples/00549.png 12
ucf/Billiards/samples/00550.png 12
ucf/Billiards/samples/00551.png 12
ucf/Billiards/samples/00552.png 12
ucf/Billiards/samples/00553.png 12
ucf/Billiards/samples/00554.png 12
ucf/Billiards/samples/00555.png 12
ucf/Billiards/samples/00556.png 12
ucf/Billiards/samples/00557.png 12
ucf/Billiards/samples/00558.png 12
ucf/Billiards/samples/00559.png 12
ucf/Billiards/samples/00560.png 12
ucf/Billiards/samples/00561.png 12
ucf/Billiards/samples/00562.png 12
ucf/Billiards/samples/00563.png 12
ucf/Billiards/samples/00564.png 12
ucf/Billiards/samples/00565.png 12
ucf/Billiards/samples/00566.png 12
ucf/Billiards/samples/00567.png 12
ucf/Billiards/samples/00568.png 12
ucf/Billiards/samples/00569.png 12
ucf/Billiards/samples/00570.png 12
ucf/Billiards/samples/00571.png 12
ucf/Billiards/samples/00572.png 12
ucf/Billiards/samples/00573.png 12
ucf/Billiards/samples/00574.png 12
ucf/Billiards/samples/00575.png 12
ucf/Billiards/samples/00576.png 12
ucf/Billiards/samples/00577.png 12
ucf/Billiards/samples/00578.png 12
ucf/Billiards/samples/00579.png 12
ucf/Billiards/samples/00580.png 12
ucf/Billiards/samples/00581.png 12
ucf/Billiards/samples/00582.png 12
ucf/Billiards/samples/00583.png 12
ucf/Billiards/samples/00584.png 12
ucf/Billiards/samples/00585.png 12
ucf/Billiards/samples/00586.png 12
ucf/Billiards/samples/00587.png 12
ucf/Billiards/samples/00588.png 12
ucf/Billiards/samples/00589.png 12
ucf/Billiards/samples/00590.png 12
ucf/Billiards/samples/00591.png 12
ucf/Billiards/samples/00592.png 12
ucf/Billiards/samples/00593.png 12
ucf/Billiards/samples/00594.png 12
ucf/Billiards/samples/00595.png 12
ucf/Billiards/samples/00596.png 12
ucf/Billiards/samples/00597.png 12
ucf/Billiards/samples/00598.png 12
ucf/Billiards/samples/00599.png 12
ucf/Billiards/samples/00600.png 12
ucf/Billiards/samples/00601.png 12
ucf/Billiards/samples/00602.png 12
ucf/Billiards/samples/00603.png 12
ucf/Billiards/samples/00604.png 12
ucf/Billiards/samples/00605.png 12
ucf/Billiards/samples/00606.png 12
ucf/Billiards/samples/00607.png 12
ucf/Billiards/samples/00608.png 12
ucf/Billiards/samples/00609.png 12
ucf/Billiards/samples/00610.png 12
ucf/Billiards/samples/00611.png 12
ucf/Billiards/samples/00612.png 12
ucf/Billiards/samples/00613.png 12
ucf/Billiards/samples/00614.png 12
ucf/Billiards/samples/00615.png 12
ucf/Billiards/samples/00616.png 12
ucf/Billiards/samples/00617.png 12
ucf/Billiards/samples/00618.png 12
ucf/Billiards/samples/00619.png 12
ucf/Billiards/samples/00620.png 12
ucf/Billiards/samples/00621.png 12
ucf/Billiards/samples/00622.png 12
ucf/Billiards/samples/00623.png 12
ucf/Billiards/samples/00624.png 12
ucf/Billiards/samples/00625.png 12
ucf/Billiards/samples/00626.png 12
ucf/Billiards/samples/00627.png 12
ucf/Billiards/samples/00628.png 12
ucf/Billiards/samples/00629.png 12
ucf/Billiards/samples/00630.png 12
ucf/Billiards/samples/00631.png 12
ucf/Billiards/samples/00632.png 12
ucf/Billiards/samples/00633.png 12
ucf/Billiards/samples/00634.png 12
ucf/Billiards/samples/00635.png 12
ucf/Billiards/samples/00636.png 12
ucf/Billiards/samples/00637.png 12
ucf/Billiards/samples/00638.png 12
ucf/Billiards/samples/00639.png 12
ucf/Billiards/samples/00640.png 12
ucf/Billiards/samples/00641.png 12
ucf/Billiards/samples/00642.png 12
ucf/Billiards/samples/00643.png 12
ucf/Billiards/samples/00644.png 12
ucf/Billiards/samples/00645.png 12
ucf/Billiards/samples/00646.png 12
ucf/Billiards/samples/00647.png 12
ucf/Billiards/samples/00648.png 12
ucf/Billiards/samples/00649.png 12
ucf/Billiards/samples/00650.png 12
ucf/Billiards/samples/00651.png 12
ucf/Billiards/samples/00652.png 12
ucf/Billiards/samples/00653.png 12
ucf/Billiards/samples/00654.png 12
ucf/Billiards/samples/00655.png 12
ucf/Billiards/samples/00656.png 12
ucf/Billiards/samples/00657.png 12
ucf/Billiards/samples/00658.png 12
ucf/Billiards/samples/00659.png 12
ucf/Billiards/samples/00660.png 12
ucf/Billiards/samples/00661.png 12
ucf/Billiards/samples/00662.png 12
ucf/Billiards/samples/00663.png 12
ucf/Billiards/samples/00664.png 12
ucf/Billiards/samples/00665.png 12
ucf/Billiards/samples/00666.png 12
ucf/Billiards/samples/00667.png 12
ucf/Billiards/samples/00668.png 12
ucf/Billiards/samples/00669.png 12
ucf/Billiards/samples/00670.png 12
ucf/Billiards/samples/00671.png 12
ucf/Billiards/samples/00672.png 12
ucf/Billiards/samples/00673.png 12
ucf/Billiards/samples/00674.png 12
ucf/Billiards/samples/00675.png 12
ucf/Billiards/samples/00676.png 12
ucf/Billiards/samples/00677.png 12
ucf/Billiards/samples/00678.png 12
ucf/Billiards/samples/00679.png 12
ucf/Billiards/samples/00680.png 12
ucf/Billiards/samples/00681.png 12
ucf/Billiards/samples/00682.png 12
ucf/Billiards/samples/00683.png 12
ucf/Billiards/samples/00684.png 12
ucf/Billiards/samples/00685.png 12
ucf/Billiards/samples/00686.png 12
ucf/Billiards/samples/00687.png 12
ucf/Billiards/samples/00688.png 12
ucf/Billiards/samples/00689.png 12
ucf/Billiards/samples/00690.png 12
ucf/Billiards/samples/00691.png 12
ucf/Billiards/samples/00692.png 12
ucf/Billiards/samples/00693.png 12
ucf/Billiards/samples/00694.png 12
ucf/Billiards/samples/00695.png 12
ucf/Billiards/samples/00696.png 12
ucf/Billiards/samples/00697.png 12
ucf/Billiards/samples/00698.png 12
ucf/Billiards/samples/00699.png 12
ucf/Billiards/samples/00700.png 12
ucf/Billiards/samples/00701.png 12
ucf/Billiards/samples/00702.png 12
ucf/Billiards/samples/00703.png 12
ucf/Billiards/samples/00704.png 12
ucf/Billiards/samples/00705.png 12
ucf/Billiards/samples/00706.png 12
ucf/Billiards/samples/00707.png 12
ucf/Billiards/samples/00708.png 12
ucf/Billiards/samples/00709.png 12
ucf/Billiards/samples/00710.png 12
ucf/Billiards/samples/00711.png 12
ucf/Billiards/samples/00712.png 12
ucf/Billiards/samples/00713.png 12
ucf/Billiards/samples/00714.png 12
ucf/Billiards/samples/00715.png 12
ucf/Billiards/samples/00716.png 12
ucf/Billiards/samples/00717.png 12
ucf/Billiards/samples/00718.png 12
ucf/Billiards/samples/00719.png 12
ucf/Billiards/samples/00720.png 12
ucf/Billiards/samples/00721.png 12
ucf/Billiards/samples/00722.png 12
ucf/Billiards/samples/00723.png 12
ucf/Billiards/samples/00724.png 12
ucf/Billiards/samples/00725.png 12
ucf/Billiards/samples/00726.png 12
ucf/Billiards/samples/00727.png 12
ucf/Billiards/samples/00728.png 12
ucf/Billiards/samples/00729.png 12
ucf/Billiards/samples/00730.png 12
ucf/Billiards/samples/00731.png 12
ucf/Billiards/samples/00732.png 12
ucf/Billiards/samples/00733.png 12
ucf/Billiards/samples/00734.png 12
ucf/Billiards/samples/00735.png 12
ucf/Billiards/samples/00736.png 12
ucf/Billiards/samples/00737.png 12
ucf/Billiards/samples/00738.png 12
ucf/Billiards/samples/00739.png 12
ucf/Billiards/samples/00740.png 12
ucf/Billiards/samples/00741.png 12
ucf/Billiards/samples/00742.png 12
ucf/Billiards/samples/00743.png 12
ucf/Billiards/samples/00744.png 12
ucf/Billiards/samples/00745.png 12
ucf/Billiards/samples/00746.png 12
ucf/Billiards/samples/00747.png 12
ucf/Billiards/samples/00748.png 12
ucf/Billiards/samples/00749.png 12
ucf/Billiards/samples/00750.png 12
ucf/Billiards/samples/00751.png 12
ucf/Billiards/samples/00752.png 12
ucf/Billiards/samples/00753.png 12
ucf/Billiards/samples/00754.png 12
ucf/Billiards/samples/00755.png 12
ucf/Billiards/samples/00756.png 12
ucf/Billiards/samples/00757.png 12
ucf/Billiards/samples/00758.png 12
ucf/Billiards/samples/00759.png 12
ucf/Billiards/samples/00760.png 12
ucf/Billiards/samples/00761.png 12
ucf/Billiards/samples/00762.png 12
ucf/Billiards/samples/00763.png 12
ucf/Billiards/samples/00764.png 12
ucf/Billiards/samples/00765.png 12
ucf/Billiards/samples/00766.png 12
ucf/Billiards/samples/00767.png 12
ucf/Billiards/samples/00768.png 12
ucf/Billiards/samples/00769.png 12
ucf/Billiards/samples/00770.png 12
ucf/Billiards/samples/00771.png 12
ucf/Billiards/samples/00772.png 12
ucf/Billiards/samples/00773.png 12
ucf/Billiards/samples/00774.png 12
ucf/Billiards/samples/00775.png 12
ucf/Billiards/samples/00776.png 12
ucf/Billiards/samples/00777.png 12
ucf/Billiards/samples/00778.png 12
ucf/Billiards/samples/00779.png 12
ucf/Billiards/samples/00780.png 12
ucf/Billiards/samples/00781.png 12
ucf/Billiards/samples/00782.png 12
ucf/Billiards/samples/00783.png 12
ucf/Billiards/samples/00784.png 12
ucf/Billiards/samples/00785.png 12
ucf/Billiards/samples/00786.png 12
ucf/Billiards/samples/00787.png 12
ucf/Billiards/samples/00788.png 12
ucf/Billiards/samples/00789.png 12
ucf/Billiards/samples/00790.png 12
ucf/Billiards/samples/00791.png 12
ucf/Billiards/samples/00792.png 12
ucf/Billiards/samples/00793.png 12
ucf/Billiards/samples/00794.png 12
ucf/Billiards/samples/00795.png 12
ucf/Billiards/samples/00796.png 12
ucf/Billiards/samples/00797.png 12
ucf/Billiards/samples/00798.png 12
ucf/Billiards/samples/00799.png 12
ucf/Billiards/samples/00800.png 12
ucf/Billiards/samples/00801.png 12
ucf/Billiards/samples/00802.png 12
ucf/Billiards/samples/00803.png 12
ucf/Billiards/samples/00804.png 12
ucf/Billiards/samples/00805.png 12
ucf/Billiards/samples/00806.png 12
ucf/Billiards/samples/00807.png 12
ucf/Billiards/samples/00808.png 12
ucf/Billiards/samples/00809.png 12
ucf/Billiards/samples/00810.png 12
ucf/Billiards/samples/00811.png 12
ucf/Billiards/samples/00812.png 12
ucf/Billiards/samples/00813.png 12
ucf/Billiards/samples/00814.png 12
ucf/Billiards/samples/00815.png 12
ucf/Billiards/samples/00816.png 12
ucf/Billiards/samples/00817.png 12
ucf/Billiards/samples/00818.png 12
ucf/Billiards/samples/00819.png 12
ucf/Billiards/samples/00820.png 12
ucf/Billiards/samples/00821.png 12
ucf/Billiards/samples/00822.png 12
ucf/Billiards/samples/00823.png 12
ucf/Billiards/samples/00824.png 12
ucf/Billiards/samples/00825.png 12
ucf/Billiards/samples/00826.png 12
ucf/Billiards/samples/00827.png 12
ucf/Billiards/samples/00828.png 12
ucf/Billiards/samples/00829.png 12
ucf/Billiards/samples/00830.png 12
ucf/Billiards/samples/00831.png 12
ucf/Billiards/samples/00832.png 12
ucf/Billiards/samples/00833.png 12
ucf/Billiards/samples/00834.png 12
ucf/Billiards/samples/00835.png 12
ucf/Billiards/samples/00836.png 12
ucf/Billiards/samples/00837.png 12
ucf/Billiards/samples/00838.png 12
ucf/Billiards/samples/00839.png 12
ucf/Billiards/samples/00840.png 12
ucf/Billiards/samples/00841.png 12
ucf/Billiards/samples/00842.png 12
ucf/Billiards/samples/00843.png 12
ucf/Billiards/samples/00844.png 12
ucf/Billiards/samples/00845.png 12
ucf/Billiards/samples/00846.png 12
ucf/Billiards/samples/00847.png 12
ucf/Billiards/samples/00848.png 12
ucf/Billiards/samples/00849.png 12
ucf/Billiards/samples/00850.png 12
ucf/Billiards/samples/00851.png 12
ucf/Billiards/samples/00852.png 12
ucf/Billiards/samples/00853.png 12
ucf/Billiards/samples/00854.png 12
ucf/Billiards/samples/00855.png 12
ucf/Billiards/samples/00856.png 12
ucf/Billiards/samples/00857.png 12
ucf/Billiards/samples/00858.png 12
ucf/Billiards/samples/00859.png 12
ucf/Billiards/samples/00860.png 12
ucf/Billiards/samples/00861.png 12
ucf/Billiards/samples/00862.png 12
ucf/Billiards/samples/00863.png 12
ucf/Billiards/samples/00864.png 12
ucf/Billiards/samples/00865.png 12
ucf/Billiards/samples/00866.png 12
ucf/Billiards/samples/00867.png 12
ucf/Billiards/samples/00868.png 12
ucf/Billiards/samples/00869.png 12
ucf/Billiards/samples/00870.png 12
ucf/Billiards/samples/00871.png 12
ucf/Billiards/samples/00872.png 12
ucf/Billiards/samples/00873.png 12
ucf/Billiards/samples/00874.png 12
ucf/Billiards/samples/00875.png 12
ucf/Billiards/samples/00876.png 12
ucf/Billiards/samples/00877.png 12
ucf/Billiards/samples/00878.png 12
ucf/Billiards/samples/00879.png 12
ucf/Billiards/samples/00880.png 12
ucf/Billiards/samples/00881.png 12
ucf/Billiards/samples/00882.png 12
ucf/Billiards/samples/00883.png 12
ucf/Billiards/samples/00884.png 12
ucf/Billiards/samples/00885.png 12
ucf/Billiards/samples/00886.png 12
ucf/Billiards/samples/00887.png 12
ucf/Billiards/samples/00888.png 12
ucf/Billiards/samples/00889.png 12
ucf/Billiards/samples/00890.png 12
ucf/Billiards/samples/00891.png 12
ucf/Billiards/samples/00892.png 12
ucf/Billiards/samples/00893.png 12
ucf/Billiards/samples/00894.png 12
ucf/Billiards/samples/00895.png 12
ucf/Billiards/samples/00896.png 12
ucf/Billiards/samples/00897.png 12
ucf/Billiards/samples/00898.png 12
ucf/Billiards/samples/00899.png 12
ucf/Billiards/samples/00900.png 12
ucf/Billiards/samples/00901.png 12
ucf/Billiards/samples/00902.png 12
ucf/Billiards/samples/00903.png 12
ucf/Billiards/samples/00904.png 12
ucf/Billiards/samples/00905.png 12
ucf/Billiards/samples/00906.png 12
ucf/Billiards/samples/00907.png 12
ucf/Billiards/samples/00908.png 12
ucf/Billiards/samples/00909.png 12
ucf/Billiards/samples/00910.png 12
ucf/Billiards/samples/00911.png 12
ucf/Billiards/samples/00912.png 12
ucf/Billiards/samples/00913.png 12
ucf/Billiards/samples/00914.png 12
ucf/Billiards/samples/00915.png 12
ucf/Billiards/samples/00916.png 12
ucf/Billiards/samples/00917.png 12
ucf/Billiards/samples/00918.png 12
ucf/Billiards/samples/00919.png 12
ucf/Billiards/samples/00920.png 12
ucf/Billiards/samples/00921.png 12
ucf/Billiards/samples/00922.png 12
ucf/Billiards/samples/00923.png 12
ucf/Billiards/samples/00924.png 12
ucf/Billiards/samples/00925.png 12
ucf/Billiards/samples/00926.png 12
ucf/Billiards/samples/00927.png 12
ucf/Billiards/samples/00928.png 12
ucf/Billiards/samples/00929.png 12
ucf/Billiards/samples/00930.png 12
ucf/Billiards/samples/00931.png 12
ucf/Billiards/samples/00932.png 12
ucf/Billiards/samples/00933.png 12
ucf/Billiards/samples/00934.png 12
ucf/Billiards/samples/00935.png 12
ucf/Billiards/samples/00936.png 12
ucf/Billiards/samples/00937.png 12
ucf/Billiards/samples/00938.png 12
ucf/Billiards/samples/00939.png 12
ucf/Billiards/samples/00940.png 12
ucf/Billiards/samples/00941.png 12
ucf/Billiards/samples/00942.png 12
ucf/Billiards/samples/00943.png 12
ucf/Billiards/samples/00944.png 12
ucf/Billiards/samples/00945.png 12
ucf/Billiards/samples/00946.png 12
ucf/Billiards/samples/00947.png 12
ucf/Billiards/samples/00948.png 12
ucf/Billiards/samples/00949.png 12
ucf/Billiards/samples/00950.png 12
ucf/Billiards/samples/00951.png 12
ucf/Billiards/samples/00952.png 12
ucf/Billiards/samples/00953.png 12
ucf/Billiards/samples/00954.png 12
ucf/Billiards/samples/00955.png 12
ucf/Billiards/samples/00956.png 12
ucf/Billiards/samples/00957.png 12
ucf/Billiards/samples/00958.png 12
ucf/Billiards/samples/00959.png 12
ucf/Billiards/samples/00960.png 12
ucf/Billiards/samples/00961.png 12
ucf/Billiards/samples/00962.png 12
ucf/Billiards/samples/00963.png 12
ucf/Billiards/samples/00964.png 12
ucf/Billiards/samples/00965.png 12
ucf/Billiards/samples/00966.png 12
ucf/Billiards/samples/00967.png 12
ucf/Billiards/samples/00968.png 12
ucf/Billiards/samples/00969.png 12
ucf/Billiards/samples/00970.png 12
ucf/Billiards/samples/00971.png 12
ucf/Billiards/samples/00972.png 12
ucf/Billiards/samples/00973.png 12
ucf/Billiards/samples/00974.png 12
ucf/Billiards/samples/00975.png 12
ucf/Billiards/samples/00976.png 12
ucf/Billiards/samples/00977.png 12
ucf/Billiards/samples/00978.png 12
ucf/Billiards/samples/00979.png 12
ucf/Billiards/samples/00980.png 12
ucf/Billiards/samples/00981.png 12
ucf/Billiards/samples/00982.png 12
ucf/Billiards/samples/00983.png 12
ucf/Billiards/samples/00984.png 12
ucf/Billiards/samples/00985.png 12
ucf/Billiards/samples/00986.png 12
ucf/Billiards/samples/00987.png 12
ucf/Billiards/samples/00988.png 12
ucf/Billiards/samples/00989.png 12
ucf/Billiards/samples/00990.png 12
ucf/Billiards/samples/00991.png 12
ucf/Billiards/samples/00992.png 12
ucf/Billiards/samples/00993.png 12
ucf/Billiards/samples/00994.png 12
ucf/Billiards/samples/00995.png 12
ucf/Billiards/samples/00996.png 12
ucf/Billiards/samples/00997.png 12
ucf/Billiards/samples/00998.png 12
ucf/Billiards/samples/00999.png 12
ucf/SkateBoarding/samples/00000.png 80
ucf/SkateBoarding/samples/00001.png 80
ucf/SkateBoarding/samples/00002.png 80
ucf/SkateBoarding/samples/00003.png 80
ucf/SkateBoarding/samples/00004.png 80
ucf/SkateBoarding/samples/00005.png 80
ucf/SkateBoarding/samples/00006.png 80
ucf/SkateBoarding/samples/00007.png 80
ucf/SkateBoarding/samples/00008.png 80
ucf/SkateBoarding/samples/00009.png 80
ucf/SkateBoarding/samples/00010.png 80
ucf/SkateBoarding/samples/00011.png 80
ucf/SkateBoarding/samples/00012.png 80
ucf/SkateBoarding/samples/00013.png 80
ucf/SkateBoarding/samples/00014.png 80
ucf/SkateBoarding/samples/00015.png 80
ucf/SkateBoarding/samples/00016.png 80
ucf/SkateBoarding/samples/00017.png 80
ucf/SkateBoarding/samples/00018.png 80
ucf/SkateBoarding/samples/00019.png 80
ucf/SkateBoarding/samples/00020.png 80
ucf/SkateBoarding/samples/00021.png 80
ucf/SkateBoarding/samples/00022.png 80
ucf/SkateBoarding/samples/00023.png 80
ucf/SkateBoarding/samples/00024.png 80
ucf/SkateBoarding/samples/00025.png 80
ucf/SkateBoarding/samples/00026.png 80
ucf/SkateBoarding/samples/00027.png 80
ucf/SkateBoarding/samples/00028.png 80
ucf/SkateBoarding/samples/00029.png 80
ucf/SkateBoarding/samples/00030.png 80
ucf/SkateBoarding/samples/00031.png 80
ucf/SkateBoarding/samples/00032.png 80
ucf/SkateBoarding/samples/00033.png 80
ucf/SkateBoarding/samples/00034.png 80
ucf/SkateBoarding/samples/00035.png 80
ucf/SkateBoarding/samples/00036.png 80
ucf/SkateBoarding/samples/00037.png 80
ucf/SkateBoarding/samples/00038.png 80
ucf/SkateBoarding/samples/00039.png 80
ucf/SkateBoarding/samples/00040.png 80
ucf/SkateBoarding/samples/00041.png 80
ucf/SkateBoarding/samples/00042.png 80
ucf/SkateBoarding/samples/00043.png 80
ucf/SkateBoarding/samples/00044.png 80
ucf/SkateBoarding/samples/00045.png 80
ucf/SkateBoarding/samples/00046.png 80
ucf/SkateBoarding/samples/00047.png 80
ucf/SkateBoarding/samples/00048.png 80
ucf/SkateBoarding/samples/00049.png 80
ucf/SkateBoarding/samples/00050.png 80
ucf/SkateBoarding/samples/00051.png 80
ucf/SkateBoarding/samples/00052.png 80
ucf/SkateBoarding/samples/00053.png 80
ucf/SkateBoarding/samples/00054.png 80
ucf/SkateBoarding/samples/00055.png 80
ucf/SkateBoarding/samples/00056.png 80
ucf/SkateBoarding/samples/00057.png 80
ucf/SkateBoarding/samples/00058.png 80
ucf/SkateBoarding/samples/00059.png 80
ucf/SkateBoarding/samples/00060.png 80
ucf/SkateBoarding/samples/00061.png 80
ucf/SkateBoarding/samples/00062.png 80
ucf/SkateBoarding/samples/00063.png 80
ucf/SkateBoarding/samples/00064.png 80
ucf/SkateBoarding/samples/00065.png 80
ucf/SkateBoarding/samples/00066.png 80
ucf/SkateBoarding/samples/00067.png 80
ucf/SkateBoarding/samples/00068.png 80
ucf/SkateBoarding/samples/00069.png 80
ucf/SkateBoarding/samples/00070.png 80
ucf/SkateBoarding/samples/00071.png 80
ucf/SkateBoarding/samples/00072.png 80
ucf/SkateBoarding/samples/00073.png 80
ucf/SkateBoarding/samples/00074.png 80
ucf/SkateBoarding/samples/00075.png 80
ucf/SkateBoarding/samples/00076.png 80
ucf/SkateBoarding/samples/00077.png 80
ucf/SkateBoarding/samples/00078.png 80
ucf/SkateBoarding/samples/00079.png 80
ucf/SkateBoarding/samples/00080.png 80
ucf/SkateBoarding/samples/00081.png 80
ucf/SkateBoarding/samples/00082.png 80
ucf/SkateBoarding/samples/00083.png 80
ucf/SkateBoarding/samples/00084.png 80
ucf/SkateBoarding/samples/00085.png 80
ucf/SkateBoarding/samples/00086.png 80
ucf/SkateBoarding/samples/00087.png 80
ucf/SkateBoarding/samples/00088.png 80
ucf/SkateBoarding/samples/00089.png 80
ucf/SkateBoarding/samples/00090.png 80
ucf/SkateBoarding/samples/00091.png 80
ucf/SkateBoarding/samples/00092.png 80
ucf/SkateBoarding/samples/00093.png 80
ucf/SkateBoarding/samples/00094.png 80
ucf/SkateBoarding/samples/00095.png 80
ucf/SkateBoarding/samples/00096.png 80
ucf/SkateBoarding/samples/00097.png 80
ucf/SkateBoarding/samples/00098.png 80
ucf/SkateBoarding/samples/00099.png 80
ucf/SkateBoarding/samples/00100.png 80
ucf/SkateBoarding/samples/00101.png 80
ucf/SkateBoarding/samples/00102.png 80
ucf/SkateBoarding/samples/00103.png 80
ucf/SkateBoarding/samples/00104.png 80
ucf/SkateBoarding/samples/00105.png 80
ucf/SkateBoarding/samples/00106.png 80
ucf/SkateBoarding/samples/00107.png 80
ucf/SkateBoarding/samples/00108.png 80
ucf/SkateBoarding/samples/00109.png 80
ucf/SkateBoarding/samples/00110.png 80
ucf/SkateBoarding/samples/00111.png 80
ucf/SkateBoarding/samples/00112.png 80
ucf/SkateBoarding/samples/00113.png 80
ucf/SkateBoarding/samples/00114.png 80
ucf/SkateBoarding/samples/00115.png 80
ucf/SkateBoarding/samples/00116.png 80
ucf/SkateBoarding/samples/00117.png 80
ucf/SkateBoarding/samples/00118.png 80
ucf/SkateBoarding/samples/00119.png 80
ucf/SkateBoarding/samples/00120.png 80
ucf/SkateBoarding/samples/00121.png 80
ucf/SkateBoarding/samples/00122.png 80
ucf/SkateBoarding/samples/00123.png 80
ucf/SkateBoarding/samples/00124.png 80
ucf/SkateBoarding/samples/00125.png 80
ucf/SkateBoarding/samples/00126.png 80
ucf/SkateBoarding/samples/00127.png 80
ucf/SkateBoarding/samples/00128.png 80
ucf/SkateBoarding/samples/00129.png 80
ucf/SkateBoarding/samples/00130.png 80
ucf/SkateBoarding/samples/00131.png 80
ucf/SkateBoarding/samples/00132.png 80
ucf/SkateBoarding/samples/00133.png 80
ucf/SkateBoarding/samples/00134.png 80
ucf/SkateBoarding/samples/00135.png 80
ucf/SkateBoarding/samples/00136.png 80
ucf/SkateBoarding/samples/00137.png 80
ucf/SkateBoarding/samples/00138.png 80
ucf/SkateBoarding/samples/00139.png 80
ucf/SkateBoarding/samples/00140.png 80
ucf/SkateBoarding/samples/00141.png 80
ucf/SkateBoarding/samples/00142.png 80
ucf/SkateBoarding/samples/00143.png 80
ucf/SkateBoarding/samples/00144.png 80
ucf/SkateBoarding/samples/00145.png 80
ucf/SkateBoarding/samples/00146.png 80
ucf/SkateBoarding/samples/00147.png 80
ucf/SkateBoarding/samples/00148.png 80
ucf/SkateBoarding/samples/00149.png 80
ucf/SkateBoarding/samples/00150.png 80
ucf/SkateBoarding/samples/00151.png 80
ucf/SkateBoarding/samples/00152.png 80
ucf/SkateBoarding/samples/00153.png 80
ucf/SkateBoarding/samples/00154.png 80
ucf/SkateBoarding/samples/00155.png 80
ucf/SkateBoarding/samples/00156.png 80
ucf/SkateBoarding/samples/00157.png 80
ucf/SkateBoarding/samples/00158.png 80
ucf/SkateBoarding/samples/00159.png 80
ucf/SkateBoarding/samples/00160.png 80
ucf/SkateBoarding/samples/00161.png 80
ucf/SkateBoarding/samples/00162.png 80
ucf/SkateBoarding/samples/00163.png 80
ucf/SkateBoarding/samples/00164.png 80
ucf/SkateBoarding/samples/00165.png 80
ucf/SkateBoarding/samples/00166.png 80
ucf/SkateBoarding/samples/00167.png 80
ucf/SkateBoarding/samples/00168.png 80
ucf/SkateBoarding/samples/00169.png 80
ucf/SkateBoarding/samples/00170.png 80
ucf/SkateBoarding/samples/00171.png 80
ucf/SkateBoarding/samples/00172.png 80
ucf/SkateBoarding/samples/00173.png 80
ucf/SkateBoarding/samples/00174.png 80
ucf/SkateBoarding/samples/00175.png 80
ucf/SkateBoarding/samples/00176.png 80
ucf/SkateBoarding/samples/00177.png 80
ucf/SkateBoarding/samples/00178.png 80
ucf/SkateBoarding/samples/00179.png 80
ucf/SkateBoarding/samples/00180.png 80
ucf/SkateBoarding/samples/00181.png 80
ucf/SkateBoarding/samples/00182.png 80
ucf/SkateBoarding/samples/00183.png 80
ucf/SkateBoarding/samples/00184.png 80
ucf/SkateBoarding/samples/00185.png 80
ucf/SkateBoarding/samples/00186.png 80
ucf/SkateBoarding/samples/00187.png 80
ucf/SkateBoarding/samples/00188.png 80
ucf/SkateBoarding/samples/00189.png 80
ucf/SkateBoarding/samples/00190.png 80
ucf/SkateBoarding/samples/00191.png 80
ucf/SkateBoarding/samples/00192.png 80
ucf/SkateBoarding/samples/00193.png 80
ucf/SkateBoarding/samples/00194.png 80
ucf/SkateBoarding/samples/00195.png 80
ucf/SkateBoarding/samples/00196.png 80
ucf/SkateBoarding/samples/00197.png 80
ucf/SkateBoarding/samples/00198.png 80
ucf/SkateBoarding/samples/00199.png 80
ucf/SkateBoarding/samples/00200.png 80
ucf/SkateBoarding/samples/00201.png 80
ucf/SkateBoarding/samples/00202.png 80
ucf/SkateBoarding/samples/00203.png 80
ucf/SkateBoarding/samples/00204.png 80
ucf/SkateBoarding/samples/00205.png 80
ucf/SkateBoarding/samples/00206.png 80
ucf/SkateBoarding/samples/00207.png 80
ucf/SkateBoarding/samples/00208.png 80
ucf/SkateBoarding/samples/00209.png 80
ucf/SkateBoarding/samples/00210.png 80
ucf/SkateBoarding/samples/00211.png 80
ucf/SkateBoarding/samples/00212.png 80
ucf/SkateBoarding/samples/00213.png 80
ucf/SkateBoarding/samples/00214.png 80
ucf/SkateBoarding/samples/00215.png 80
ucf/SkateBoarding/samples/00216.png 80
ucf/SkateBoarding/samples/00217.png 80
ucf/SkateBoarding/samples/00218.png 80
ucf/SkateBoarding/samples/00219.png 80
ucf/SkateBoarding/samples/00220.png 80
ucf/SkateBoarding/samples/00221.png 80
ucf/SkateBoarding/samples/00222.png 80
ucf/SkateBoarding/samples/00223.png 80
ucf/SkateBoarding/samples/00224.png 80
ucf/SkateBoarding/samples/00225.png 80
ucf/SkateBoarding/samples/00226.png 80
ucf/SkateBoarding/samples/00227.png 80
ucf/SkateBoarding/samples/00228.png 80
ucf/SkateBoarding/samples/00229.png 80
ucf/SkateBoarding/samples/00230.png 80
ucf/SkateBoarding/samples/00231.png 80
ucf/SkateBoarding/samples/00232.png 80
ucf/SkateBoarding/samples/00233.png 80
ucf/SkateBoarding/samples/00234.png 80
ucf/SkateBoarding/samples/00235.png 80
ucf/SkateBoarding/samples/00236.png 80
ucf/SkateBoarding/samples/00237.png 80
ucf/SkateBoarding/samples/00238.png 80
ucf/SkateBoarding/samples/00239.png 80
ucf/SkateBoarding/samples/00240.png 80
ucf/SkateBoarding/samples/00241.png 80
ucf/SkateBoarding/samples/00242.png 80
ucf/SkateBoarding/samples/00243.png 80
ucf/SkateBoarding/samples/00244.png 80
ucf/SkateBoarding/samples/00245.png 80
ucf/SkateBoarding/samples/00246.png 80
ucf/SkateBoarding/samples/00247.png 80
ucf/SkateBoarding/samples/00248.png 80
ucf/SkateBoarding/samples/00249.png 80
ucf/SkateBoarding/samples/00250.png 80
ucf/SkateBoarding/samples/00251.png 80
ucf/SkateBoarding/samples/00252.png 80
ucf/SkateBoarding/samples/00253.png 80
ucf/SkateBoarding/samples/00254.png 80
ucf/SkateBoarding/samples/00255.png 80
ucf/SkateBoarding/samples/00256.png 80
ucf/SkateBoarding/samples/00257.png 80
ucf/SkateBoarding/samples/00258.png 80
ucf/SkateBoarding/samples/00259.png 80
ucf/SkateBoarding/samples/00260.png 80
ucf/SkateBoarding/samples/00261.png 80
ucf/SkateBoarding/samples/00262.png 80
ucf/SkateBoarding/samples/00263.png 80
ucf/SkateBoarding/samples/00264.png 80
ucf/SkateBoarding/samples/00265.png 80
ucf/SkateBoarding/samples/00266.png 80
ucf/SkateBoarding/samples/00267.png 80
ucf/SkateBoarding/samples/00268.png 80
ucf/SkateBoarding/samples/00269.png 80
ucf/SkateBoarding/samples/00270.png 80
ucf/SkateBoarding/samples/00271.png 80
ucf/SkateBoarding/samples/00272.png 80
ucf/SkateBoarding/samples/00273.png 80
ucf/SkateBoarding/samples/00274.png 80
ucf/SkateBoarding/samples/00275.png 80
ucf/SkateBoarding/samples/00276.png 80
ucf/SkateBoarding/samples/00277.png 80
ucf/SkateBoarding/samples/00278.png 80
ucf/SkateBoarding/samples/00279.png 80
ucf/SkateBoarding/samples/00280.png 80
ucf/SkateBoarding/samples/00281.png 80
ucf/SkateBoarding/samples/00282.png 80
ucf/SkateBoarding/samples/00283.png 80
ucf/SkateBoarding/samples/00284.png 80
ucf/SkateBoarding/samples/00285.png 80
ucf/SkateBoarding/samples/00286.png 80
ucf/SkateBoarding/samples/00287.png 80
ucf/SkateBoarding/samples/00288.png 80
ucf/SkateBoarding/samples/00289.png 80
ucf/SkateBoarding/samples/00290.png 80
ucf/SkateBoarding/samples/00291.png 80
ucf/SkateBoarding/samples/00292.png 80
ucf/SkateBoarding/samples/00293.png 80
ucf/SkateBoarding/samples/00294.png 80
ucf/SkateBoarding/samples/00295.png 80
ucf/SkateBoarding/samples/00296.png 80
ucf/SkateBoarding/samples/00297.png 80
ucf/SkateBoarding/samples/00298.png 80
ucf/SkateBoarding/samples/00299.png 80
ucf/SkateBoarding/samples/00300.png 80
ucf/SkateBoarding/samples/00301.png 80
ucf/SkateBoarding/samples/00302.png 80
ucf/SkateBoarding/samples/00303.png 80
ucf/SkateBoarding/samples/00304.png 80
ucf/SkateBoarding/samples/00305.png 80
ucf/SkateBoarding/samples/00306.png 80
ucf/SkateBoarding/samples/00307.png 80
ucf/SkateBoarding/samples/00308.png 80
ucf/SkateBoarding/samples/00309.png 80
ucf/SkateBoarding/samples/00310.png 80
ucf/SkateBoarding/samples/00311.png 80
ucf/SkateBoarding/samples/00312.png 80
ucf/SkateBoarding/samples/00313.png 80
ucf/SkateBoarding/samples/00314.png 80
ucf/SkateBoarding/samples/00315.png 80
ucf/SkateBoarding/samples/00316.png 80
ucf/SkateBoarding/samples/00317.png 80
ucf/SkateBoarding/samples/00318.png 80
ucf/SkateBoarding/samples/00319.png 80
ucf/SkateBoarding/samples/00320.png 80
ucf/SkateBoarding/samples/00321.png 80
ucf/SkateBoarding/samples/00322.png 80
ucf/SkateBoarding/samples/00323.png 80
ucf/SkateBoarding/samples/00324.png 80
ucf/SkateBoarding/samples/00325.png 80
ucf/SkateBoarding/samples/00326.png 80
ucf/SkateBoarding/samples/00327.png 80
ucf/SkateBoarding/samples/00328.png 80
ucf/SkateBoarding/samples/00329.png 80
ucf/SkateBoarding/samples/00330.png 80
ucf/SkateBoarding/samples/00331.png 80
ucf/SkateBoarding/samples/00332.png 80
ucf/SkateBoarding/samples/00333.png 80
ucf/SkateBoarding/samples/00334.png 80
ucf/SkateBoarding/samples/00335.png 80
ucf/SkateBoarding/samples/00336.png 80
ucf/SkateBoarding/samples/00337.png 80
ucf/SkateBoarding/samples/00338.png 80
ucf/SkateBoarding/samples/00339.png 80
ucf/SkateBoarding/samples/00340.png 80
ucf/SkateBoarding/samples/00341.png 80
ucf/SkateBoarding/samples/00342.png 80
ucf/SkateBoarding/samples/00343.png 80
ucf/SkateBoarding/samples/00344.png 80
ucf/SkateBoarding/samples/00345.png 80
ucf/SkateBoarding/samples/00346.png 80
ucf/SkateBoarding/samples/00347.png 80
ucf/SkateBoarding/samples/00348.png 80
ucf/SkateBoarding/samples/00349.png 80
ucf/SkateBoarding/samples/00350.png 80
ucf/SkateBoarding/samples/00351.png 80
ucf/SkateBoarding/samples/00352.png 80
ucf/SkateBoarding/samples/00353.png 80
ucf/SkateBoarding/samples/00354.png 80
ucf/SkateBoarding/samples/00355.png 80
ucf/SkateBoarding/samples/00356.png 80
ucf/SkateBoarding/samples/00357.png 80
ucf/SkateBoarding/samples/00358.png 80
ucf/SkateBoarding/samples/00359.png 80
ucf/SkateBoarding/samples/00360.png 80
ucf/SkateBoarding/samples/00361.png 80
ucf/SkateBoarding/samples/00362.png 80
ucf/SkateBoarding/samples/00363.png 80
ucf/SkateBoarding/samples/00364.png 80
ucf/SkateBoarding/samples/00365.png 80
ucf/SkateBoarding/samples/00366.png 80
ucf/SkateBoarding/samples/00367.png 80
ucf/SkateBoarding/samples/00368.png 80
ucf/SkateBoarding/samples/00369.png 80
ucf/SkateBoarding/samples/00370.png 80
ucf/SkateBoarding/samples/00371.png 80
ucf/SkateBoarding/samples/00372.png 80
ucf/SkateBoarding/samples/00373.png 80
ucf/SkateBoarding/samples/00374.png 80
ucf/SkateBoarding/samples/00375.png 80
ucf/SkateBoarding/samples/00376.png 80
ucf/SkateBoarding/samples/00377.png 80
ucf/SkateBoarding/samples/00378.png 80
ucf/SkateBoarding/samples/00379.png 80
ucf/SkateBoarding/samples/00380.png 80
ucf/SkateBoarding/samples/00381.png 80
ucf/SkateBoarding/samples/00382.png 80
ucf/SkateBoarding/samples/00383.png 80
ucf/SkateBoarding/samples/00384.png 80
ucf/SkateBoarding/samples/00385.png 80
ucf/SkateBoarding/samples/00386.png 80
ucf/SkateBoarding/samples/00387.png 80
ucf/SkateBoarding/samples/00388.png 80
ucf/SkateBoarding/samples/00389.png 80
ucf/SkateBoarding/samples/00390.png 80
ucf/SkateBoarding/samples/00391.png 80
ucf/SkateBoarding/samples/00392.png 80
ucf/SkateBoarding/samples/00393.png 80
ucf/SkateBoarding/samples/00394.png 80
ucf/SkateBoarding/samples/00395.png 80
ucf/SkateBoarding/samples/00396.png 80
ucf/SkateBoarding/samples/00397.png 80
ucf/SkateBoarding/samples/00398.png 80
ucf/SkateBoarding/samples/00399.png 80
ucf/SkateBoarding/samples/00400.png 80
ucf/SkateBoarding/samples/00401.png 80
ucf/SkateBoarding/samples/00402.png 80
ucf/SkateBoarding/samples/00403.png 80
ucf/SkateBoarding/samples/00404.png 80
ucf/SkateBoarding/samples/00405.png 80
ucf/SkateBoarding/samples/00406.png 80
ucf/SkateBoarding/samples/00407.png 80
ucf/SkateBoarding/samples/00408.png 80
ucf/SkateBoarding/samples/00409.png 80
ucf/SkateBoarding/samples/00410.png 80
ucf/SkateBoarding/samples/00411.png 80
ucf/SkateBoarding/samples/00412.png 80
ucf/SkateBoarding/samples/00413.png 80
ucf/SkateBoarding/samples/00414.png 80
ucf/SkateBoarding/samples/00415.png 80
ucf/SkateBoarding/samples/00416.png 80
ucf/SkateBoarding/samples/00417.png 80
ucf/SkateBoarding/samples/00418.png 80
ucf/SkateBoarding/samples/00419.png 80
ucf/SkateBoarding/samples/00420.png 80
ucf/SkateBoarding/samples/00421.png 80
ucf/SkateBoarding/samples/00422.png 80
ucf/SkateBoarding/samples/00423.png 80
ucf/SkateBoarding/samples/00424.png 80
ucf/SkateBoarding/samples/00425.png 80
ucf/SkateBoarding/samples/00426.png 80
ucf/SkateBoarding/samples/00427.png 80
ucf/SkateBoarding/samples/00428.png 80
ucf/SkateBoarding/samples/00429.png 80
ucf/SkateBoarding/samples/00430.png 80
ucf/SkateBoarding/samples/00431.png 80
ucf/SkateBoarding/samples/00432.png 80
ucf/SkateBoarding/samples/00433.png 80
ucf/SkateBoarding/samples/00434.png 80
ucf/SkateBoarding/samples/00435.png 80
ucf/SkateBoarding/samples/00436.png 80
ucf/SkateBoarding/samples/00437.png 80
ucf/SkateBoarding/samples/00438.png 80
ucf/SkateBoarding/samples/00439.png 80
ucf/SkateBoarding/samples/00440.png 80
ucf/SkateBoarding/samples/00441.png 80
ucf/SkateBoarding/samples/00442.png 80
ucf/SkateBoarding/samples/00443.png 80
ucf/SkateBoarding/samples/00444.png 80
ucf/SkateBoarding/samples/00445.png 80
ucf/SkateBoarding/samples/00446.png 80
ucf/SkateBoarding/samples/00447.png 80
ucf/SkateBoarding/samples/00448.png 80
ucf/SkateBoarding/samples/00449.png 80
ucf/SkateBoarding/samples/00450.png 80
ucf/SkateBoarding/samples/00451.png 80
ucf/SkateBoarding/samples/00452.png 80
ucf/SkateBoarding/samples/00453.png 80
ucf/SkateBoarding/samples/00454.png 80
ucf/SkateBoarding/samples/00455.png 80
ucf/SkateBoarding/samples/00456.png 80
ucf/SkateBoarding/samples/00457.png 80
ucf/SkateBoarding/samples/00458.png 80
ucf/SkateBoarding/samples/00459.png 80
ucf/SkateBoarding/samples/00460.png 80
ucf/SkateBoarding/samples/00461.png 80
ucf/SkateBoarding/samples/00462.png 80
ucf/SkateBoarding/samples/00463.png 80
ucf/SkateBoarding/samples/00464.png 80
ucf/SkateBoarding/samples/00465.png 80
ucf/SkateBoarding/samples/00466.png 80
ucf/SkateBoarding/samples/00467.png 80
ucf/SkateBoarding/samples/00468.png 80
ucf/SkateBoarding/samples/00469.png 80
ucf/SkateBoarding/samples/00470.png 80
ucf/SkateBoarding/samples/00471.png 80
ucf/SkateBoarding/samples/00472.png 80
ucf/SkateBoarding/samples/00473.png 80
ucf/SkateBoarding/samples/00474.png 80
ucf/SkateBoarding/samples/00475.png 80
ucf/SkateBoarding/samples/00476.png 80
ucf/SkateBoarding/samples/00477.png 80
ucf/SkateBoarding/samples/00478.png 80
ucf/SkateBoarding/samples/00479.png 80
ucf/SkateBoarding/samples/00480.png 80
ucf/SkateBoarding/samples/00481.png 80
ucf/SkateBoarding/samples/00482.png 80
ucf/SkateBoarding/samples/00483.png 80
ucf/SkateBoarding/samples/00484.png 80
ucf/SkateBoarding/samples/00485.png 80
ucf/SkateBoarding/samples/00486.png 80
ucf/SkateBoarding/samples/00487.png 80
ucf/SkateBoarding/samples/00488.png 80
ucf/SkateBoarding/samples/00489.png 80
ucf/SkateBoarding/samples/00490.png 80
ucf/SkateBoarding/samples/00491.png 80
ucf/SkateBoarding/samples/00492.png 80
ucf/SkateBoarding/samples/00493.png 80
ucf/SkateBoarding/samples/00494.png 80
ucf/SkateBoarding/samples/00495.png 80
ucf/SkateBoarding/samples/00496.png 80
ucf/SkateBoarding/samples/00497.png 80
ucf/SkateBoarding/samples/00498.png 80
ucf/SkateBoarding/samples/00499.png 80
ucf/SkateBoarding/samples/00500.png 80
ucf/SkateBoarding/samples/00501.png 80
ucf/SkateBoarding/samples/00502.png 80
ucf/SkateBoarding/samples/00503.png 80
ucf/SkateBoarding/samples/00504.png 80
ucf/SkateBoarding/samples/00505.png 80
ucf/SkateBoarding/samples/00506.png 80
ucf/SkateBoarding/samples/00507.png 80
ucf/SkateBoarding/samples/00508.png 80
ucf/SkateBoarding/samples/00509.png 80
ucf/SkateBoarding/samples/00510.png 80
ucf/SkateBoarding/samples/00511.png 80
ucf/SkateBoarding/samples/00512.png 80
ucf/SkateBoarding/samples/00513.png 80
ucf/SkateBoarding/samples/00514.png 80
ucf/SkateBoarding/samples/00515.png 80
ucf/SkateBoarding/samples/00516.png 80
ucf/SkateBoarding/samples/00517.png 80
ucf/SkateBoarding/samples/00518.png 80
ucf/SkateBoarding/samples/00519.png 80
ucf/SkateBoarding/samples/00520.png 80
ucf/SkateBoarding/samples/00521.png 80
ucf/SkateBoarding/samples/00522.png 80
ucf/SkateBoarding/samples/00523.png 80
ucf/SkateBoarding/samples/00524.png 80
ucf/SkateBoarding/samples/00525.png 80
ucf/SkateBoarding/samples/00526.png 80
ucf/SkateBoarding/samples/00527.png 80
ucf/SkateBoarding/samples/00528.png 80
ucf/SkateBoarding/samples/00529.png 80
ucf/SkateBoarding/samples/00530.png 80
ucf/SkateBoarding/samples/00531.png 80
ucf/SkateBoarding/samples/00532.png 80
ucf/SkateBoarding/samples/00533.png 80
ucf/SkateBoarding/samples/00534.png 80
ucf/SkateBoarding/samples/00535.png 80
ucf/SkateBoarding/samples/00536.png 80
ucf/SkateBoarding/samples/00537.png 80
ucf/SkateBoarding/samples/00538.png 80
ucf/SkateBoarding/samples/00539.png 80
ucf/SkateBoarding/samples/00540.png 80
ucf/SkateBoarding/samples/00541.png 80
ucf/SkateBoarding/samples/00542.png 80
ucf/SkateBoarding/samples/00543.png 80
ucf/SkateBoarding/samples/00544.png 80
ucf/SkateBoarding/samples/00545.png 80
ucf/SkateBoarding/samples/00546.png 80
ucf/SkateBoarding/samples/00547.png 80
ucf/SkateBoarding/samples/00548.png 80
ucf/SkateBoarding/samples/00549.png 80
ucf/SkateBoarding/samples/00550.png 80
ucf/SkateBoarding/samples/00551.png 80
ucf/SkateBoarding/samples/00552.png 80
ucf/SkateBoarding/samples/00553.png 80
ucf/SkateBoarding/samples/00554.png 80
ucf/SkateBoarding/samples/00555.png 80
ucf/SkateBoarding/samples/00556.png 80
ucf/SkateBoarding/samples/00557.png 80
ucf/SkateBoarding/samples/00558.png 80
ucf/SkateBoarding/samples/00559.png 80
ucf/SkateBoarding/samples/00560.png 80
ucf/SkateBoarding/samples/00561.png 80
ucf/SkateBoarding/samples/00562.png 80
ucf/SkateBoarding/samples/00563.png 80
ucf/SkateBoarding/samples/00564.png 80
ucf/SkateBoarding/samples/00565.png 80
ucf/SkateBoarding/samples/00566.png 80
ucf/SkateBoarding/samples/00567.png 80
ucf/SkateBoarding/samples/00568.png 80
ucf/SkateBoarding/samples/00569.png 80
ucf/SkateBoarding/samples/00570.png 80
ucf/SkateBoarding/samples/00571.png 80
ucf/SkateBoarding/samples/00572.png 80
ucf/SkateBoarding/samples/00573.png 80
ucf/SkateBoarding/samples/00574.png 80
ucf/SkateBoarding/samples/00575.png 80
ucf/SkateBoarding/samples/00576.png 80
ucf/SkateBoarding/samples/00577.png 80
ucf/SkateBoarding/samples/00578.png 80
ucf/SkateBoarding/samples/00579.png 80
ucf/SkateBoarding/samples/00580.png 80
ucf/SkateBoarding/samples/00581.png 80
ucf/SkateBoarding/samples/00582.png 80
ucf/SkateBoarding/samples/00583.png 80
ucf/SkateBoarding/samples/00584.png 80
ucf/SkateBoarding/samples/00585.png 80
ucf/SkateBoarding/samples/00586.png 80
ucf/SkateBoarding/samples/00587.png 80
ucf/SkateBoarding/samples/00588.png 80
ucf/SkateBoarding/samples/00589.png 80
ucf/SkateBoarding/samples/00590.png 80
ucf/SkateBoarding/samples/00591.png 80
ucf/SkateBoarding/samples/00592.png 80
ucf/SkateBoarding/samples/00593.png 80
ucf/SkateBoarding/samples/00594.png 80
ucf/SkateBoarding/samples/00595.png 80
ucf/SkateBoarding/samples/00596.png 80
ucf/SkateBoarding/samples/00597.png 80
ucf/SkateBoarding/samples/00598.png 80
ucf/SkateBoarding/samples/00599.png 80
ucf/SkateBoarding/samples/00600.png 80
ucf/SkateBoarding/samples/00601.png 80
ucf/SkateBoarding/samples/00602.png 80
ucf/SkateBoarding/samples/00603.png 80
ucf/SkateBoarding/samples/00604.png 80
ucf/SkateBoarding/samples/00605.png 80
ucf/SkateBoarding/samples/00606.png 80
ucf/SkateBoarding/samples/00607.png 80
ucf/SkateBoarding/samples/00608.png 80
ucf/SkateBoarding/samples/00609.png 80
ucf/SkateBoarding/samples/00610.png 80
ucf/SkateBoarding/samples/00611.png 80
ucf/SkateBoarding/samples/00612.png 80
ucf/SkateBoarding/samples/00613.png 80
ucf/SkateBoarding/samples/00614.png 80
ucf/SkateBoarding/samples/00615.png 80
ucf/SkateBoarding/samples/00616.png 80
ucf/SkateBoarding/samples/00617.png 80
ucf/SkateBoarding/samples/00618.png 80
ucf/SkateBoarding/samples/00619.png 80
ucf/SkateBoarding/samples/00620.png 80
ucf/SkateBoarding/samples/00621.png 80
ucf/SkateBoarding/samples/00622.png 80
ucf/SkateBoarding/samples/00623.png 80
ucf/SkateBoarding/samples/00624.png 80
ucf/SkateBoarding/samples/00625.png 80
ucf/SkateBoarding/samples/00626.png 80
ucf/SkateBoarding/samples/00627.png 80
ucf/SkateBoarding/samples/00628.png 80
ucf/SkateBoarding/samples/00629.png 80
ucf/SkateBoarding/samples/00630.png 80
ucf/SkateBoarding/samples/00631.png 80
ucf/SkateBoarding/samples/00632.png 80
ucf/SkateBoarding/samples/00633.png 80
ucf/SkateBoarding/samples/00634.png 80
ucf/SkateBoarding/samples/00635.png 80
ucf/SkateBoarding/samples/00636.png 80
ucf/SkateBoarding/samples/00637.png 80
ucf/SkateBoarding/samples/00638.png 80
ucf/SkateBoarding/samples/00639.png 80
ucf/SkateBoarding/samples/00640.png 80
ucf/SkateBoarding/samples/00641.png 80
ucf/SkateBoarding/samples/00642.png 80
ucf/SkateBoarding/samples/00643.png 80
ucf/SkateBoarding/samples/00644.png 80
ucf/SkateBoarding/samples/00645.png 80
ucf/SkateBoarding/samples/00646.png 80
ucf/SkateBoarding/samples/00647.png 80
ucf/SkateBoarding/samples/00648.png 80
ucf/SkateBoarding/samples/00649.png 80
ucf/SkateBoarding/samples/00650.png 80
ucf/SkateBoarding/samples/00651.png 80
ucf/SkateBoarding/samples/00652.png 80
ucf/SkateBoarding/samples/00653.png 80
ucf/SkateBoarding/samples/00654.png 80
ucf/SkateBoarding/samples/00655.png 80
ucf/SkateBoarding/samples/00656.png 80
ucf/SkateBoarding/samples/00657.png 80
ucf/SkateBoarding/samples/00658.png 80
ucf/SkateBoarding/samples/00659.png 80
ucf/SkateBoarding/samples/00660.png 80
ucf/SkateBoarding/samples/00661.png 80
ucf/SkateBoarding/samples/00662.png 80
ucf/SkateBoarding/samples/00663.png 80
ucf/SkateBoarding/samples/00664.png 80
ucf/SkateBoarding/samples/00665.png 80
ucf/SkateBoarding/samples/00666.png 80
ucf/SkateBoarding/samples/00667.png 80
ucf/SkateBoarding/samples/00668.png 80
ucf/SkateBoarding/samples/00669.png 80
ucf/SkateBoarding/samples/00670.png 80
ucf/SkateBoarding/samples/00671.png 80
ucf/SkateBoarding/samples/00672.png 80
ucf/SkateBoarding/samples/00673.png 80
ucf/SkateBoarding/samples/00674.png 80
ucf/SkateBoarding/samples/00675.png 80
ucf/SkateBoarding/samples/00676.png 80
ucf/SkateBoarding/samples/00677.png 80
ucf/SkateBoarding/samples/00678.png 80
ucf/SkateBoarding/samples/00679.png 80
ucf/SkateBoarding/samples/00680.png 80
ucf/SkateBoarding/samples/00681.png 80
ucf/SkateBoarding/samples/00682.png 80
ucf/SkateBoarding/samples/00683.png 80
ucf/SkateBoarding/samples/00684.png 80
ucf/SkateBoarding/samples/00685.png 80
ucf/SkateBoarding/samples/00686.png 80
ucf/SkateBoarding/samples/00687.png 80
ucf/SkateBoarding/samples/00688.png 80
ucf/SkateBoarding/samples/00689.png 80
ucf/SkateBoarding/samples/00690.png 80
ucf/SkateBoarding/samples/00691.png 80
ucf/SkateBoarding/samples/00692.png 80
ucf/SkateBoarding/samples/00693.png 80
ucf/SkateBoarding/samples/00694.png 80
ucf/SkateBoarding/samples/00695.png 80
ucf/SkateBoarding/samples/00696.png 80
ucf/SkateBoarding/samples/00697.png 80
ucf/SkateBoarding/samples/00698.png 80
ucf/SkateBoarding/samples/00699.png 80
ucf/SkateBoarding/samples/00700.png 80
ucf/SkateBoarding/samples/00701.png 80
ucf/SkateBoarding/samples/00702.png 80
ucf/SkateBoarding/samples/00703.png 80
ucf/SkateBoarding/samples/00704.png 80
ucf/SkateBoarding/samples/00705.png 80
ucf/SkateBoarding/samples/00706.png 80
ucf/SkateBoarding/samples/00707.png 80
ucf/SkateBoarding/samples/00708.png 80
ucf/SkateBoarding/samples/00709.png 80
ucf/SkateBoarding/samples/00710.png 80
ucf/SkateBoarding/samples/00711.png 80
ucf/SkateBoarding/samples/00712.png 80
ucf/SkateBoarding/samples/00713.png 80
ucf/SkateBoarding/samples/00714.png 80
ucf/SkateBoarding/samples/00715.png 80
ucf/SkateBoarding/samples/00716.png 80
ucf/SkateBoarding/samples/00717.png 80
ucf/SkateBoarding/samples/00718.png 80
ucf/SkateBoarding/samples/00719.png 80
ucf/SkateBoarding/samples/00720.png 80
ucf/SkateBoarding/samples/00721.png 80
ucf/SkateBoarding/samples/00722.png 80
ucf/SkateBoarding/samples/00723.png 80
ucf/SkateBoarding/samples/00724.png 80
ucf/SkateBoarding/samples/00725.png 80
ucf/SkateBoarding/samples/00726.png 80
ucf/SkateBoarding/samples/00727.png 80
ucf/SkateBoarding/samples/00728.png 80
ucf/SkateBoarding/samples/00729.png 80
ucf/SkateBoarding/samples/00730.png 80
ucf/SkateBoarding/samples/00731.png 80
ucf/SkateBoarding/samples/00732.png 80
ucf/SkateBoarding/samples/00733.png 80
ucf/SkateBoarding/samples/00734.png 80
ucf/SkateBoarding/samples/00735.png 80
ucf/SkateBoarding/samples/00736.png 80
ucf/SkateBoarding/samples/00737.png 80
ucf/SkateBoarding/samples/00738.png 80
ucf/SkateBoarding/samples/00739.png 80
ucf/SkateBoarding/samples/00740.png 80
ucf/SkateBoarding/samples/00741.png 80
ucf/SkateBoarding/samples/00742.png 80
ucf/SkateBoarding/samples/00743.png 80
ucf/SkateBoarding/samples/00744.png 80
ucf/SkateBoarding/samples/00745.png 80
ucf/SkateBoarding/samples/00746.png 80
ucf/SkateBoarding/samples/00747.png 80
ucf/SkateBoarding/samples/00748.png 80
ucf/SkateBoarding/samples/00749.png 80
ucf/SkateBoarding/samples/00750.png 80
ucf/SkateBoarding/samples/00751.png 80
ucf/SkateBoarding/samples/00752.png 80
ucf/SkateBoarding/samples/00753.png 80
ucf/SkateBoarding/samples/00754.png 80
ucf/SkateBoarding/samples/00755.png 80
ucf/SkateBoarding/samples/00756.png 80
ucf/SkateBoarding/samples/00757.png 80
ucf/SkateBoarding/samples/00758.png 80
ucf/SkateBoarding/samples/00759.png 80
ucf/SkateBoarding/samples/00760.png 80
ucf/SkateBoarding/samples/00761.png 80
ucf/SkateBoarding/samples/00762.png 80
ucf/SkateBoarding/samples/00763.png 80
ucf/SkateBoarding/samples/00764.png 80
ucf/SkateBoarding/samples/00765.png 80
ucf/SkateBoarding/samples/00766.png 80
ucf/SkateBoarding/samples/00767.png 80
ucf/SkateBoarding/samples/00768.png 80
ucf/SkateBoarding/samples/00769.png 80
ucf/SkateBoarding/samples/00770.png 80
ucf/SkateBoarding/samples/00771.png 80
ucf/SkateBoarding/samples/00772.png 80
ucf/SkateBoarding/samples/00773.png 80
ucf/SkateBoarding/samples/00774.png 80
ucf/SkateBoarding/samples/00775.png 80
ucf/SkateBoarding/samples/00776.png 80
ucf/SkateBoarding/samples/00777.png 80
ucf/SkateBoarding/samples/00778.png 80
ucf/SkateBoarding/samples/00779.png 80
ucf/SkateBoarding/samples/00780.png 80
ucf/SkateBoarding/samples/00781.png 80
ucf/SkateBoarding/samples/00782.png 80
ucf/SkateBoarding/samples/00783.png 80
ucf/SkateBoarding/samples/00784.png 80
ucf/SkateBoarding/samples/00785.png 80
ucf/SkateBoarding/samples/00786.png 80
ucf/SkateBoarding/samples/00787.png 80
ucf/SkateBoarding/samples/00788.png 80
ucf/SkateBoarding/samples/00789.png 80
ucf/SkateBoarding/samples/00790.png 80
ucf/SkateBoarding/samples/00791.png 80
ucf/SkateBoarding/samples/00792.png 80
ucf/SkateBoarding/samples/00793.png 80
ucf/SkateBoarding/samples/00794.png 80
ucf/SkateBoarding/samples/00795.png 80
ucf/SkateBoarding/samples/00796.png 80
ucf/SkateBoarding/samples/00797.png 80
ucf/SkateBoarding/samples/00798.png 80
ucf/SkateBoarding/samples/00799.png 80
ucf/SkateBoarding/samples/00800.png 80
ucf/SkateBoarding/samples/00801.png 80
ucf/SkateBoarding/samples/00802.png 80
ucf/SkateBoarding/samples/00803.png 80
ucf/SkateBoarding/samples/00804.png 80
ucf/SkateBoarding/samples/00805.png 80
ucf/SkateBoarding/samples/00806.png 80
ucf/SkateBoarding/samples/00807.png 80
ucf/SkateBoarding/samples/00808.png 80
ucf/SkateBoarding/samples/00809.png 80
ucf/SkateBoarding/samples/00810.png 80
ucf/SkateBoarding/samples/00811.png 80
ucf/SkateBoarding/samples/00812.png 80
ucf/SkateBoarding/samples/00813.png 80
ucf/SkateBoarding/samples/00814.png 80
ucf/SkateBoarding/samples/00815.png 80
ucf/SkateBoarding/samples/00816.png 80
ucf/SkateBoarding/samples/00817.png 80
ucf/SkateBoarding/samples/00818.png 80
ucf/SkateBoarding/samples/00819.png 80
ucf/SkateBoarding/samples/00820.png 80
ucf/SkateBoarding/samples/00821.png 80
ucf/SkateBoarding/samples/00822.png 80
ucf/SkateBoarding/samples/00823.png 80
ucf/SkateBoarding/samples/00824.png 80
ucf/SkateBoarding/samples/00825.png 80
ucf/SkateBoarding/samples/00826.png 80
ucf/SkateBoarding/samples/00827.png 80
ucf/SkateBoarding/samples/00828.png 80
ucf/SkateBoarding/samples/00829.png 80
ucf/SkateBoarding/samples/00830.png 80
ucf/SkateBoarding/samples/00831.png 80
ucf/SkateBoarding/samples/00832.png 80
ucf/SkateBoarding/samples/00833.png 80
ucf/SkateBoarding/samples/00834.png 80
ucf/SkateBoarding/samples/00835.png 80
ucf/SkateBoarding/samples/00836.png 80
ucf/SkateBoarding/samples/00837.png 80
ucf/SkateBoarding/samples/00838.png 80
ucf/SkateBoarding/samples/00839.png 80
ucf/SkateBoarding/samples/00840.png 80
ucf/SkateBoarding/samples/00841.png 80
ucf/SkateBoarding/samples/00842.png 80
ucf/SkateBoarding/samples/00843.png 80
ucf/SkateBoarding/samples/00844.png 80
ucf/SkateBoarding/samples/00845.png 80
ucf/SkateBoarding/samples/00846.png 80
ucf/SkateBoarding/samples/00847.png 80
ucf/SkateBoarding/samples/00848.png 80
ucf/SkateBoarding/samples/00849.png 80
ucf/SkateBoarding/samples/00850.png 80
ucf/SkateBoarding/samples/00851.png 80
ucf/SkateBoarding/samples/00852.png 80
ucf/SkateBoarding/samples/00853.png 80
ucf/SkateBoarding/samples/00854.png 80
ucf/SkateBoarding/samples/00855.png 80
ucf/SkateBoarding/samples/00856.png 80
ucf/SkateBoarding/samples/00857.png 80
ucf/SkateBoarding/samples/00858.png 80
ucf/SkateBoarding/samples/00859.png 80
ucf/SkateBoarding/samples/00860.png 80
ucf/SkateBoarding/samples/00861.png 80
ucf/SkateBoarding/samples/00862.png 80
ucf/SkateBoarding/samples/00863.png 80
ucf/SkateBoarding/samples/00864.png 80
ucf/SkateBoarding/samples/00865.png 80
ucf/SkateBoarding/samples/00866.png 80
ucf/SkateBoarding/samples/00867.png 80
ucf/SkateBoarding/samples/00868.png 80
ucf/SkateBoarding/samples/00869.png 80
ucf/SkateBoarding/samples/00870.png 80
ucf/SkateBoarding/samples/00871.png 80
ucf/SkateBoarding/samples/00872.png 80
ucf/SkateBoarding/samples/00873.png 80
ucf/SkateBoarding/samples/00874.png 80
ucf/SkateBoarding/samples/00875.png 80
ucf/SkateBoarding/samples/00876.png 80
ucf/SkateBoarding/samples/00877.png 80
ucf/SkateBoarding/samples/00878.png 80
ucf/SkateBoarding/samples/00879.png 80
ucf/SkateBoarding/samples/00880.png 80
ucf/SkateBoarding/samples/00881.png 80
ucf/SkateBoarding/samples/00882.png 80
ucf/SkateBoarding/samples/00883.png 80
ucf/SkateBoarding/samples/00884.png 80
ucf/SkateBoarding/samples/00885.png 80
ucf/SkateBoarding/samples/00886.png 80
ucf/SkateBoarding/samples/00887.png 80
ucf/SkateBoarding/samples/00888.png 80
ucf/SkateBoarding/samples/00889.png 80
ucf/SkateBoarding/samples/00890.png 80
ucf/SkateBoarding/samples/00891.png 80
ucf/SkateBoarding/samples/00892.png 80
ucf/SkateBoarding/samples/00893.png 80
ucf/SkateBoarding/samples/00894.png 80
ucf/SkateBoarding/samples/00895.png 80
ucf/SkateBoarding/samples/00896.png 80
ucf/SkateBoarding/samples/00897.png 80
ucf/SkateBoarding/samples/00898.png 80
ucf/SkateBoarding/samples/00899.png 80
ucf/SkateBoarding/samples/00900.png 80
ucf/SkateBoarding/samples/00901.png 80
ucf/SkateBoarding/samples/00902.png 80
ucf/SkateBoarding/samples/00903.png 80
ucf/SkateBoarding/samples/00904.png 80
ucf/SkateBoarding/samples/00905.png 80
ucf/SkateBoarding/samples/00906.png 80
ucf/SkateBoarding/samples/00907.png 80
ucf/SkateBoarding/samples/00908.png 80
ucf/SkateBoarding/samples/00909.png 80
ucf/SkateBoarding/samples/00910.png 80
ucf/SkateBoarding/samples/00911.png 80
ucf/SkateBoarding/samples/00912.png 80
ucf/SkateBoarding/samples/00913.png 80
ucf/SkateBoarding/samples/00914.png 80
ucf/SkateBoarding/samples/00915.png 80
ucf/SkateBoarding/samples/00916.png 80
ucf/SkateBoarding/samples/00917.png 80
ucf/SkateBoarding/samples/00918.png 80
ucf/SkateBoarding/samples/00919.png 80
ucf/SkateBoarding/samples/00920.png 80
ucf/SkateBoarding/samples/00921.png 80
ucf/SkateBoarding/samples/00922.png 80
ucf/SkateBoarding/samples/00923.png 80
ucf/SkateBoarding/samples/00924.png 80
ucf/SkateBoarding/samples/00925.png 80
ucf/SkateBoarding/samples/00926.png 80
ucf/SkateBoarding/samples/00927.png 80
ucf/SkateBoarding/samples/00928.png 80
ucf/SkateBoarding/samples/00929.png 80
ucf/SkateBoarding/samples/00930.png 80
ucf/SkateBoarding/samples/00931.png 80
ucf/SkateBoarding/samples/00932.png 80
ucf/SkateBoarding/samples/00933.png 80
ucf/SkateBoarding/samples/00934.png 80
ucf/SkateBoarding/samples/00935.png 80
ucf/SkateBoarding/samples/00936.png 80
ucf/SkateBoarding/samples/00937.png 80
ucf/SkateBoarding/samples/00938.png 80
ucf/SkateBoarding/samples/00939.png 80
ucf/SkateBoarding/samples/00940.png 80
ucf/SkateBoarding/samples/00941.png 80
ucf/SkateBoarding/samples/00942.png 80
ucf/SkateBoarding/samples/00943.png 80
ucf/SkateBoarding/samples/00944.png 80
ucf/SkateBoarding/samples/00945.png 80
ucf/SkateBoarding/samples/00946.png 80
ucf/SkateBoarding/samples/00947.png 80
ucf/SkateBoarding/samples/00948.png 80
ucf/SkateBoarding/samples/00949.png 80
ucf/SkateBoarding/samples/00950.png 80
ucf/SkateBoarding/samples/00951.png 80
ucf/SkateBoarding/samples/00952.png 80
ucf/SkateBoarding/samples/00953.png 80
ucf/SkateBoarding/samples/00954.png 80
ucf/SkateBoarding/samples/00955.png 80
ucf/SkateBoarding/samples/00956.png 80
ucf/SkateBoarding/samples/00957.png 80
ucf/SkateBoarding/samples/00958.png 80
ucf/SkateBoarding/samples/00959.png 80
ucf/SkateBoarding/samples/00960.png 80
ucf/SkateBoarding/samples/00961.png 80
ucf/SkateBoarding/samples/00962.png 80
ucf/SkateBoarding/samples/00963.png 80
ucf/SkateBoarding/samples/00964.png 80
ucf/SkateBoarding/samples/00965.png 80
ucf/SkateBoarding/samples/00966.png 80
ucf/SkateBoarding/samples/00967.png 80
ucf/SkateBoarding/samples/00968.png 80
ucf/SkateBoarding/samples/00969.png 80
ucf/SkateBoarding/samples/00970.png 80
ucf/SkateBoarding/samples/00971.png 80
ucf/SkateBoarding/samples/00972.png 80
ucf/SkateBoarding/samples/00973.png 80
ucf/SkateBoarding/samples/00974.png 80
ucf/SkateBoarding/samples/00975.png 80
ucf/SkateBoarding/samples/00976.png 80
ucf/SkateBoarding/samples/00977.png 80
ucf/SkateBoarding/samples/00978.png 80
ucf/SkateBoarding/samples/00979.png 80
ucf/SkateBoarding/samples/00980.png 80
ucf/SkateBoarding/samples/00981.png 80
ucf/SkateBoarding/samples/00982.png 80
ucf/SkateBoarding/samples/00983.png 80
ucf/SkateBoarding/samples/00984.png 80
ucf/SkateBoarding/samples/00985.png 80
ucf/SkateBoarding/samples/00986.png 80
ucf/SkateBoarding/samples/00987.png 80
ucf/SkateBoarding/samples/00988.png 80
ucf/SkateBoarding/samples/00989.png 80
ucf/SkateBoarding/samples/00990.png 80
ucf/SkateBoarding/samples/00991.png 80
ucf/SkateBoarding/samples/00992.png 80
ucf/SkateBoarding/samples/00993.png 80
ucf/SkateBoarding/samples/00994.png 80
ucf/SkateBoarding/samples/00995.png 80
ucf/SkateBoarding/samples/00996.png 80
ucf/SkateBoarding/samples/00997.png 80
ucf/SkateBoarding/samples/00998.png 80
ucf/SkateBoarding/samples/00999.png 80
ucf/PlayingFlute/samples/00000.png 62
ucf/PlayingFlute/samples/00001.png 62
ucf/PlayingFlute/samples/00002.png 62
ucf/PlayingFlute/samples/00003.png 62
ucf/PlayingFlute/samples/00004.png 62
ucf/PlayingFlute/samples/00005.png 62
ucf/PlayingFlute/samples/00006.png 62
ucf/PlayingFlute/samples/00007.png 62
ucf/PlayingFlute/samples/00008.png 62
ucf/PlayingFlute/samples/00009.png 62
ucf/PlayingFlute/samples/00010.png 62
ucf/PlayingFlute/samples/00011.png 62
ucf/PlayingFlute/samples/00012.png 62
ucf/PlayingFlute/samples/00013.png 62
ucf/PlayingFlute/samples/00014.png 62
ucf/PlayingFlute/samples/00015.png 62
ucf/PlayingFlute/samples/00016.png 62
ucf/PlayingFlute/samples/00017.png 62
ucf/PlayingFlute/samples/00018.png 62
ucf/PlayingFlute/samples/00019.png 62
ucf/PlayingFlute/samples/00020.png 62
ucf/PlayingFlute/samples/00021.png 62
ucf/PlayingFlute/samples/00022.png 62
ucf/PlayingFlute/samples/00023.png 62
ucf/PlayingFlute/samples/00024.png 62
ucf/PlayingFlute/samples/00025.png 62
ucf/PlayingFlute/samples/00026.png 62
ucf/PlayingFlute/samples/00027.png 62
ucf/PlayingFlute/samples/00028.png 62
ucf/PlayingFlute/samples/00029.png 62
ucf/PlayingFlute/samples/00030.png 62
ucf/PlayingFlute/samples/00031.png 62
ucf/PlayingFlute/samples/00032.png 62
ucf/PlayingFlute/samples/00033.png 62
ucf/PlayingFlute/samples/00034.png 62
ucf/PlayingFlute/samples/00035.png 62
ucf/PlayingFlute/samples/00036.png 62
ucf/PlayingFlute/samples/00037.png 62
ucf/PlayingFlute/samples/00038.png 62
ucf/PlayingFlute/samples/00039.png 62
ucf/PlayingFlute/samples/00040.png 62
ucf/PlayingFlute/samples/00041.png 62
ucf/PlayingFlute/samples/00042.png 62
ucf/PlayingFlute/samples/00043.png 62
ucf/PlayingFlute/samples/00044.png 62
ucf/PlayingFlute/samples/00045.png 62
ucf/PlayingFlute/samples/00046.png 62
ucf/PlayingFlute/samples/00047.png 62
ucf/PlayingFlute/samples/00048.png 62
ucf/PlayingFlute/samples/00049.png 62
ucf/PlayingFlute/samples/00050.png 62
ucf/PlayingFlute/samples/00051.png 62
ucf/PlayingFlute/samples/00052.png 62
ucf/PlayingFlute/samples/00053.png 62
ucf/PlayingFlute/samples/00054.png 62
ucf/PlayingFlute/samples/00055.png 62
ucf/PlayingFlute/samples/00056.png 62
ucf/PlayingFlute/samples/00057.png 62
ucf/PlayingFlute/samples/00058.png 62
ucf/PlayingFlute/samples/00059.png 62
ucf/PlayingFlute/samples/00060.png 62
ucf/PlayingFlute/samples/00061.png 62
ucf/PlayingFlute/samples/00062.png 62
ucf/PlayingFlute/samples/00063.png 62
ucf/PlayingFlute/samples/00064.png 62
ucf/PlayingFlute/samples/00065.png 62
ucf/PlayingFlute/samples/00066.png 62
ucf/PlayingFlute/samples/00067.png 62
ucf/PlayingFlute/samples/00068.png 62
ucf/PlayingFlute/samples/00069.png 62
ucf/PlayingFlute/samples/00070.png 62
ucf/PlayingFlute/samples/00071.png 62
ucf/PlayingFlute/samples/00072.png 62
ucf/PlayingFlute/samples/00073.png 62
ucf/PlayingFlute/samples/00074.png 62
ucf/PlayingFlute/samples/00075.png 62
ucf/PlayingFlute/samples/00076.png 62
ucf/PlayingFlute/samples/00077.png 62
ucf/PlayingFlute/samples/00078.png 62
ucf/PlayingFlute/samples/00079.png 62
ucf/PlayingFlute/samples/00080.png 62
ucf/PlayingFlute/samples/00081.png 62
ucf/PlayingFlute/samples/00082.png 62
ucf/PlayingFlute/samples/00083.png 62
ucf/PlayingFlute/samples/00084.png 62
ucf/PlayingFlute/samples/00085.png 62
ucf/PlayingFlute/samples/00086.png 62
ucf/PlayingFlute/samples/00087.png 62
ucf/PlayingFlute/samples/00088.png 62
ucf/PlayingFlute/samples/00089.png 62
ucf/PlayingFlute/samples/00090.png 62
ucf/PlayingFlute/samples/00091.png 62
ucf/PlayingFlute/samples/00092.png 62
ucf/PlayingFlute/samples/00093.png 62
ucf/PlayingFlute/samples/00094.png 62
ucf/PlayingFlute/samples/00095.png 62
ucf/PlayingFlute/samples/00096.png 62
ucf/PlayingFlute/samples/00097.png 62
ucf/PlayingFlute/samples/00098.png 62
ucf/PlayingFlute/samples/00099.png 62
ucf/PlayingFlute/samples/00100.png 62
ucf/PlayingFlute/samples/00101.png 62
ucf/PlayingFlute/samples/00102.png 62
ucf/PlayingFlute/samples/00103.png 62
ucf/PlayingFlute/samples/00104.png 62
ucf/PlayingFlute/samples/00105.png 62
ucf/PlayingFlute/samples/00106.png 62
ucf/PlayingFlute/samples/00107.png 62
ucf/PlayingFlute/samples/00108.png 62
ucf/PlayingFlute/samples/00109.png 62
ucf/PlayingFlute/samples/00110.png 62
ucf/PlayingFlute/samples/00111.png 62
ucf/PlayingFlute/samples/00112.png 62
ucf/PlayingFlute/samples/00113.png 62
ucf/PlayingFlute/samples/00114.png 62
ucf/PlayingFlute/samples/00115.png 62
ucf/PlayingFlute/samples/00116.png 62
ucf/PlayingFlute/samples/00117.png 62
ucf/PlayingFlute/samples/00118.png 62
ucf/PlayingFlute/samples/00119.png 62
ucf/PlayingFlute/samples/00120.png 62
ucf/PlayingFlute/samples/00121.png 62
ucf/PlayingFlute/samples/00122.png 62
ucf/PlayingFlute/samples/00123.png 62
ucf/PlayingFlute/samples/00124.png 62
ucf/PlayingFlute/samples/00125.png 62
ucf/PlayingFlute/samples/00126.png 62
ucf/PlayingFlute/samples/00127.png 62
ucf/PlayingFlute/samples/00128.png 62
ucf/PlayingFlute/samples/00129.png 62
ucf/PlayingFlute/samples/00130.png 62
ucf/PlayingFlute/samples/00131.png 62
ucf/PlayingFlute/samples/00132.png 62
ucf/PlayingFlute/samples/00133.png 62
ucf/PlayingFlute/samples/00134.png 62
ucf/PlayingFlute/samples/00135.png 62
ucf/PlayingFlute/samples/00136.png 62
ucf/PlayingFlute/samples/00137.png 62
ucf/PlayingFlute/samples/00138.png 62
ucf/PlayingFlute/samples/00139.png 62
ucf/PlayingFlute/samples/00140.png 62
ucf/PlayingFlute/samples/00141.png 62
ucf/PlayingFlute/samples/00142.png 62
ucf/PlayingFlute/samples/00143.png 62
ucf/PlayingFlute/samples/00144.png 62
ucf/PlayingFlute/samples/00145.png 62
ucf/PlayingFlute/samples/00146.png 62
ucf/PlayingFlute/samples/00147.png 62
ucf/PlayingFlute/samples/00148.png 62
ucf/PlayingFlute/samples/00149.png 62
ucf/PlayingFlute/samples/00150.png 62
ucf/PlayingFlute/samples/00151.png 62
ucf/PlayingFlute/samples/00152.png 62
ucf/PlayingFlute/samples/00153.png 62
ucf/PlayingFlute/samples/00154.png 62
ucf/PlayingFlute/samples/00155.png 62
ucf/PlayingFlute/samples/00156.png 62
ucf/PlayingFlute/samples/00157.png 62
ucf/PlayingFlute/samples/00158.png 62
ucf/PlayingFlute/samples/00159.png 62
ucf/PlayingFlute/samples/00160.png 62
ucf/PlayingFlute/samples/00161.png 62
ucf/PlayingFlute/samples/00162.png 62
ucf/PlayingFlute/samples/00163.png 62
ucf/PlayingFlute/samples/00164.png 62
ucf/PlayingFlute/samples/00165.png 62
ucf/PlayingFlute/samples/00166.png 62
ucf/PlayingFlute/samples/00167.png 62
ucf/PlayingFlute/samples/00168.png 62
ucf/PlayingFlute/samples/00169.png 62
ucf/PlayingFlute/samples/00170.png 62
ucf/PlayingFlute/samples/00171.png 62
ucf/PlayingFlute/samples/00172.png 62
ucf/PlayingFlute/samples/00173.png 62
ucf/PlayingFlute/samples/00174.png 62
ucf/PlayingFlute/samples/00175.png 62
ucf/PlayingFlute/samples/00176.png 62
ucf/PlayingFlute/samples/00177.png 62
ucf/PlayingFlute/samples/00178.png 62
ucf/PlayingFlute/samples/00179.png 62
ucf/PlayingFlute/samples/00180.png 62
ucf/PlayingFlute/samples/00181.png 62
ucf/PlayingFlute/samples/00182.png 62
ucf/PlayingFlute/samples/00183.png 62
ucf/PlayingFlute/samples/00184.png 62
ucf/PlayingFlute/samples/00185.png 62
ucf/PlayingFlute/samples/00186.png 62
ucf/PlayingFlute/samples/00187.png 62
ucf/PlayingFlute/samples/00188.png 62
ucf/PlayingFlute/samples/00189.png 62
ucf/PlayingFlute/samples/00190.png 62
ucf/PlayingFlute/samples/00191.png 62
ucf/PlayingFlute/samples/00192.png 62
ucf/PlayingFlute/samples/00193.png 62
ucf/PlayingFlute/samples/00194.png 62
ucf/PlayingFlute/samples/00195.png 62
ucf/PlayingFlute/samples/00196.png 62
ucf/PlayingFlute/samples/00197.png 62
ucf/PlayingFlute/samples/00198.png 62
ucf/PlayingFlute/samples/00199.png 62
ucf/PlayingFlute/samples/00200.png 62
ucf/PlayingFlute/samples/00201.png 62
ucf/PlayingFlute/samples/00202.png 62
ucf/PlayingFlute/samples/00203.png 62
ucf/PlayingFlute/samples/00204.png 62
ucf/PlayingFlute/samples/00205.png 62
ucf/PlayingFlute/samples/00206.png 62
ucf/PlayingFlute/samples/00207.png 62
ucf/PlayingFlute/samples/00208.png 62
ucf/PlayingFlute/samples/00209.png 62
ucf/PlayingFlute/samples/00210.png 62
ucf/PlayingFlute/samples/00211.png 62
ucf/PlayingFlute/samples/00212.png 62
ucf/PlayingFlute/samples/00213.png 62
ucf/PlayingFlute/samples/00214.png 62
ucf/PlayingFlute/samples/00215.png 62
ucf/PlayingFlute/samples/00216.png 62
ucf/PlayingFlute/samples/00217.png 62
ucf/PlayingFlute/samples/00218.png 62
ucf/PlayingFlute/samples/00219.png 62
ucf/PlayingFlute/samples/00220.png 62
ucf/PlayingFlute/samples/00221.png 62
ucf/PlayingFlute/samples/00222.png 62
ucf/PlayingFlute/samples/00223.png 62
ucf/PlayingFlute/samples/00224.png 62
ucf/PlayingFlute/samples/00225.png 62
ucf/PlayingFlute/samples/00226.png 62
ucf/PlayingFlute/samples/00227.png 62
ucf/PlayingFlute/samples/00228.png 62
ucf/PlayingFlute/samples/00229.png 62
ucf/PlayingFlute/samples/00230.png 62
ucf/PlayingFlute/samples/00231.png 62
ucf/PlayingFlute/samples/00232.png 62
ucf/PlayingFlute/samples/00233.png 62
ucf/PlayingFlute/samples/00234.png 62
ucf/PlayingFlute/samples/00235.png 62
ucf/PlayingFlute/samples/00236.png 62
ucf/PlayingFlute/samples/00237.png 62
ucf/PlayingFlute/samples/00238.png 62
ucf/PlayingFlute/samples/00239.png 62
ucf/PlayingFlute/samples/00240.png 62
ucf/PlayingFlute/samples/00241.png 62
ucf/PlayingFlute/samples/00242.png 62
ucf/PlayingFlute/samples/00243.png 62
ucf/PlayingFlute/samples/00244.png 62
ucf/PlayingFlute/samples/00245.png 62
ucf/PlayingFlute/samples/00246.png 62
ucf/PlayingFlute/samples/00247.png 62
ucf/PlayingFlute/samples/00248.png 62
ucf/PlayingFlute/samples/00249.png 62
ucf/PlayingFlute/samples/00250.png 62
ucf/PlayingFlute/samples/00251.png 62
ucf/PlayingFlute/samples/00252.png 62
ucf/PlayingFlute/samples/00253.png 62
ucf/PlayingFlute/samples/00254.png 62
ucf/PlayingFlute/samples/00255.png 62
ucf/PlayingFlute/samples/00256.png 62
ucf/PlayingFlute/samples/00257.png 62
ucf/PlayingFlute/samples/00258.png 62
ucf/PlayingFlute/samples/00259.png 62
ucf/PlayingFlute/samples/00260.png 62
ucf/PlayingFlute/samples/00261.png 62
ucf/PlayingFlute/samples/00262.png 62
ucf/PlayingFlute/samples/00263.png 62
ucf/PlayingFlute/samples/00264.png 62
ucf/PlayingFlute/samples/00265.png 62
ucf/PlayingFlute/samples/00266.png 62
ucf/PlayingFlute/samples/00267.png 62
ucf/PlayingFlute/samples/00268.png 62
ucf/PlayingFlute/samples/00269.png 62
ucf/PlayingFlute/samples/00270.png 62
ucf/PlayingFlute/samples/00271.png 62
ucf/PlayingFlute/samples/00272.png 62
ucf/PlayingFlute/samples/00273.png 62
ucf/PlayingFlute/samples/00274.png 62
ucf/PlayingFlute/samples/00275.png 62
ucf/PlayingFlute/samples/00276.png 62
ucf/PlayingFlute/samples/00277.png 62
ucf/PlayingFlute/samples/00278.png 62
ucf/PlayingFlute/samples/00279.png 62
ucf/PlayingFlute/samples/00280.png 62
ucf/PlayingFlute/samples/00281.png 62
ucf/PlayingFlute/samples/00282.png 62
ucf/PlayingFlute/samples/00283.png 62
ucf/PlayingFlute/samples/00284.png 62
ucf/PlayingFlute/samples/00285.png 62
ucf/PlayingFlute/samples/00286.png 62
ucf/PlayingFlute/samples/00287.png 62
ucf/PlayingFlute/samples/00288.png 62
ucf/PlayingFlute/samples/00289.png 62
ucf/PlayingFlute/samples/00290.png 62
ucf/PlayingFlute/samples/00291.png 62
ucf/PlayingFlute/samples/00292.png 62
ucf/PlayingFlute/samples/00293.png 62
ucf/PlayingFlute/samples/00294.png 62
ucf/PlayingFlute/samples/00295.png 62
ucf/PlayingFlute/samples/00296.png 62
ucf/PlayingFlute/samples/00297.png 62
ucf/PlayingFlute/samples/00298.png 62
ucf/PlayingFlute/samples/00299.png 62
ucf/PlayingFlute/samples/00300.png 62
ucf/PlayingFlute/samples/00301.png 62
ucf/PlayingFlute/samples/00302.png 62
ucf/PlayingFlute/samples/00303.png 62
ucf/PlayingFlute/samples/00304.png 62
ucf/PlayingFlute/samples/00305.png 62
ucf/PlayingFlute/samples/00306.png 62
ucf/PlayingFlute/samples/00307.png 62
ucf/PlayingFlute/samples/00308.png 62
ucf/PlayingFlute/samples/00309.png 62
ucf/PlayingFlute/samples/00310.png 62
ucf/PlayingFlute/samples/00311.png 62
ucf/PlayingFlute/samples/00312.png 62
ucf/PlayingFlute/samples/00313.png 62
ucf/PlayingFlute/samples/00314.png 62
ucf/PlayingFlute/samples/00315.png 62
ucf/PlayingFlute/samples/00316.png 62
ucf/PlayingFlute/samples/00317.png 62
ucf/PlayingFlute/samples/00318.png 62
ucf/PlayingFlute/samples/00319.png 62
ucf/PlayingFlute/samples/00320.png 62
ucf/PlayingFlute/samples/00321.png 62
ucf/PlayingFlute/samples/00322.png 62
ucf/PlayingFlute/samples/00323.png 62
ucf/PlayingFlute/samples/00324.png 62
ucf/PlayingFlute/samples/00325.png 62
ucf/PlayingFlute/samples/00326.png 62
ucf/PlayingFlute/samples/00327.png 62
ucf/PlayingFlute/samples/00328.png 62
ucf/PlayingFlute/samples/00329.png 62
ucf/PlayingFlute/samples/00330.png 62
ucf/PlayingFlute/samples/00331.png 62
ucf/PlayingFlute/samples/00332.png 62
ucf/PlayingFlute/samples/00333.png 62
ucf/PlayingFlute/samples/00334.png 62
ucf/PlayingFlute/samples/00335.png 62
ucf/PlayingFlute/samples/00336.png 62
ucf/PlayingFlute/samples/00337.png 62
ucf/PlayingFlute/samples/00338.png 62
ucf/PlayingFlute/samples/00339.png 62
ucf/PlayingFlute/samples/00340.png 62
ucf/PlayingFlute/samples/00341.png 62
ucf/PlayingFlute/samples/00342.png 62
ucf/PlayingFlute/samples/00343.png 62
ucf/PlayingFlute/samples/00344.png 62
ucf/PlayingFlute/samples/00345.png 62
ucf/PlayingFlute/samples/00346.png 62
ucf/PlayingFlute/samples/00347.png 62
ucf/PlayingFlute/samples/00348.png 62
ucf/PlayingFlute/samples/00349.png 62
ucf/PlayingFlute/samples/00350.png 62
ucf/PlayingFlute/samples/00351.png 62
ucf/PlayingFlute/samples/00352.png 62
ucf/PlayingFlute/samples/00353.png 62
ucf/PlayingFlute/samples/00354.png 62
ucf/PlayingFlute/samples/00355.png 62
ucf/PlayingFlute/samples/00356.png 62
ucf/PlayingFlute/samples/00357.png 62
ucf/PlayingFlute/samples/00358.png 62
ucf/PlayingFlute/samples/00359.png 62
ucf/PlayingFlute/samples/00360.png 62
ucf/PlayingFlute/samples/00361.png 62
ucf/PlayingFlute/samples/00362.png 62
ucf/PlayingFlute/samples/00363.png 62
ucf/PlayingFlute/samples/00364.png 62
ucf/PlayingFlute/samples/00365.png 62
ucf/PlayingFlute/samples/00366.png 62
ucf/PlayingFlute/samples/00367.png 62
ucf/PlayingFlute/samples/00368.png 62
ucf/PlayingFlute/samples/00369.png 62
ucf/PlayingFlute/samples/00370.png 62
ucf/PlayingFlute/samples/00371.png 62
ucf/PlayingFlute/samples/00372.png 62
ucf/PlayingFlute/samples/00373.png 62
ucf/PlayingFlute/samples/00374.png 62
ucf/PlayingFlute/samples/00375.png 62
ucf/PlayingFlute/samples/00376.png 62
ucf/PlayingFlute/samples/00377.png 62
ucf/PlayingFlute/samples/00378.png 62
ucf/PlayingFlute/samples/00379.png 62
ucf/PlayingFlute/samples/00380.png 62
ucf/PlayingFlute/samples/00381.png 62
ucf/PlayingFlute/samples/00382.png 62
ucf/PlayingFlute/samples/00383.png 62
ucf/PlayingFlute/samples/00384.png 62
ucf/PlayingFlute/samples/00385.png 62
ucf/PlayingFlute/samples/00386.png 62
ucf/PlayingFlute/samples/00387.png 62
ucf/PlayingFlute/samples/00388.png 62
ucf/PlayingFlute/samples/00389.png 62
ucf/PlayingFlute/samples/00390.png 62
ucf/PlayingFlute/samples/00391.png 62
ucf/PlayingFlute/samples/00392.png 62
ucf/PlayingFlute/samples/00393.png 62
ucf/PlayingFlute/samples/00394.png 62
ucf/PlayingFlute/samples/00395.png 62
ucf/PlayingFlute/samples/00396.png 62
ucf/PlayingFlute/samples/00397.png 62
ucf/PlayingFlute/samples/00398.png 62
ucf/PlayingFlute/samples/00399.png 62
ucf/PlayingFlute/samples/00400.png 62
ucf/PlayingFlute/samples/00401.png 62
ucf/PlayingFlute/samples/00402.png 62
ucf/PlayingFlute/samples/00403.png 62
ucf/PlayingFlute/samples/00404.png 62
ucf/PlayingFlute/samples/00405.png 62
ucf/PlayingFlute/samples/00406.png 62
ucf/PlayingFlute/samples/00407.png 62
ucf/PlayingFlute/samples/00408.png 62
ucf/PlayingFlute/samples/00409.png 62
ucf/PlayingFlute/samples/00410.png 62
ucf/PlayingFlute/samples/00411.png 62
ucf/PlayingFlute/samples/00412.png 62
ucf/PlayingFlute/samples/00413.png 62
ucf/PlayingFlute/samples/00414.png 62
ucf/PlayingFlute/samples/00415.png 62
ucf/PlayingFlute/samples/00416.png 62
ucf/PlayingFlute/samples/00417.png 62
ucf/PlayingFlute/samples/00418.png 62
ucf/PlayingFlute/samples/00419.png 62
ucf/PlayingFlute/samples/00420.png 62
ucf/PlayingFlute/samples/00421.png 62
ucf/PlayingFlute/samples/00422.png 62
ucf/PlayingFlute/samples/00423.png 62
ucf/PlayingFlute/samples/00424.png 62
ucf/PlayingFlute/samples/00425.png 62
ucf/PlayingFlute/samples/00426.png 62
ucf/PlayingFlute/samples/00427.png 62
ucf/PlayingFlute/samples/00428.png 62
ucf/PlayingFlute/samples/00429.png 62
ucf/PlayingFlute/samples/00430.png 62
ucf/PlayingFlute/samples/00431.png 62
ucf/PlayingFlute/samples/00432.png 62
ucf/PlayingFlute/samples/00433.png 62
ucf/PlayingFlute/samples/00434.png 62
ucf/PlayingFlute/samples/00435.png 62
ucf/PlayingFlute/samples/00436.png 62
ucf/PlayingFlute/samples/00437.png 62
ucf/PlayingFlute/samples/00438.png 62
ucf/PlayingFlute/samples/00439.png 62
ucf/PlayingFlute/samples/00440.png 62
ucf/PlayingFlute/samples/00441.png 62
ucf/PlayingFlute/samples/00442.png 62
ucf/PlayingFlute/samples/00443.png 62
ucf/PlayingFlute/samples/00444.png 62
ucf/PlayingFlute/samples/00445.png 62
ucf/PlayingFlute/samples/00446.png 62
ucf/PlayingFlute/samples/00447.png 62
ucf/PlayingFlute/samples/00448.png 62
ucf/PlayingFlute/samples/00449.png 62
ucf/PlayingFlute/samples/00450.png 62
ucf/PlayingFlute/samples/00451.png 62
ucf/PlayingFlute/samples/00452.png 62
ucf/PlayingFlute/samples/00453.png 62
ucf/PlayingFlute/samples/00454.png 62
ucf/PlayingFlute/samples/00455.png 62
ucf/PlayingFlute/samples/00456.png 62
ucf/PlayingFlute/samples/00457.png 62
ucf/PlayingFlute/samples/00458.png 62
ucf/PlayingFlute/samples/00459.png 62
ucf/PlayingFlute/samples/00460.png 62
ucf/PlayingFlute/samples/00461.png 62
ucf/PlayingFlute/samples/00462.png 62
ucf/PlayingFlute/samples/00463.png 62
ucf/PlayingFlute/samples/00464.png 62
ucf/PlayingFlute/samples/00465.png 62
ucf/PlayingFlute/samples/00466.png 62
ucf/PlayingFlute/samples/00467.png 62
ucf/PlayingFlute/samples/00468.png 62
ucf/PlayingFlute/samples/00469.png 62
ucf/PlayingFlute/samples/00470.png 62
ucf/PlayingFlute/samples/00471.png 62
ucf/PlayingFlute/samples/00472.png 62
ucf/PlayingFlute/samples/00473.png 62
ucf/PlayingFlute/samples/00474.png 62
ucf/PlayingFlute/samples/00475.png 62
ucf/PlayingFlute/samples/00476.png 62
ucf/PlayingFlute/samples/00477.png 62
ucf/PlayingFlute/samples/00478.png 62
ucf/PlayingFlute/samples/00479.png 62
ucf/PlayingFlute/samples/00480.png 62
ucf/PlayingFlute/samples/00481.png 62
ucf/PlayingFlute/samples/00482.png 62
ucf/PlayingFlute/samples/00483.png 62
ucf/PlayingFlute/samples/00484.png 62
ucf/PlayingFlute/samples/00485.png 62
ucf/PlayingFlute/samples/00486.png 62
ucf/PlayingFlute/samples/00487.png 62
ucf/PlayingFlute/samples/00488.png 62
ucf/PlayingFlute/samples/00489.png 62
ucf/PlayingFlute/samples/00490.png 62
ucf/PlayingFlute/samples/00491.png 62
ucf/PlayingFlute/samples/00492.png 62
ucf/PlayingFlute/samples/00493.png 62
ucf/PlayingFlute/samples/00494.png 62
ucf/PlayingFlute/samples/00495.png 62
ucf/PlayingFlute/samples/00496.png 62
ucf/PlayingFlute/samples/00497.png 62
ucf/PlayingFlute/samples/00498.png 62
ucf/PlayingFlute/samples/00499.png 62
ucf/PlayingFlute/samples/00500.png 62
ucf/PlayingFlute/samples/00501.png 62
ucf/PlayingFlute/samples/00502.png 62
ucf/PlayingFlute/samples/00503.png 62
ucf/PlayingFlute/samples/00504.png 62
ucf/PlayingFlute/samples/00505.png 62
ucf/PlayingFlute/samples/00506.png 62
ucf/PlayingFlute/samples/00507.png 62
ucf/PlayingFlute/samples/00508.png 62
ucf/PlayingFlute/samples/00509.png 62
ucf/PlayingFlute/samples/00510.png 62
ucf/PlayingFlute/samples/00511.png 62
ucf/PlayingFlute/samples/00512.png 62
ucf/PlayingFlute/samples/00513.png 62
ucf/PlayingFlute/samples/00514.png 62
ucf/PlayingFlute/samples/00515.png 62
ucf/PlayingFlute/samples/00516.png 62
ucf/PlayingFlute/samples/00517.png 62
ucf/PlayingFlute/samples/00518.png 62
ucf/PlayingFlute/samples/00519.png 62
ucf/PlayingFlute/samples/00520.png 62
ucf/PlayingFlute/samples/00521.png 62
ucf/PlayingFlute/samples/00522.png 62
ucf/PlayingFlute/samples/00523.png 62
ucf/PlayingFlute/samples/00524.png 62
ucf/PlayingFlute/samples/00525.png 62
ucf/PlayingFlute/samples/00526.png 62
ucf/PlayingFlute/samples/00527.png 62
ucf/PlayingFlute/samples/00528.png 62
ucf/PlayingFlute/samples/00529.png 62
ucf/PlayingFlute/samples/00530.png 62
ucf/PlayingFlute/samples/00531.png 62
ucf/PlayingFlute/samples/00532.png 62
ucf/PlayingFlute/samples/00533.png 62
ucf/PlayingFlute/samples/00534.png 62
ucf/PlayingFlute/samples/00535.png 62
ucf/PlayingFlute/samples/00536.png 62
ucf/PlayingFlute/samples/00537.png 62
ucf/PlayingFlute/samples/00538.png 62
ucf/PlayingFlute/samples/00539.png 62
ucf/PlayingFlute/samples/00540.png 62
ucf/PlayingFlute/samples/00541.png 62
ucf/PlayingFlute/samples/00542.png 62
ucf/PlayingFlute/samples/00543.png 62
ucf/PlayingFlute/samples/00544.png 62
ucf/PlayingFlute/samples/00545.png 62
ucf/PlayingFlute/samples/00546.png 62
ucf/PlayingFlute/samples/00547.png 62
ucf/PlayingFlute/samples/00548.png 62
ucf/PlayingFlute/samples/00549.png 62
ucf/PlayingFlute/samples/00550.png 62
ucf/PlayingFlute/samples/00551.png 62
ucf/PlayingFlute/samples/00552.png 62
ucf/PlayingFlute/samples/00553.png 62
ucf/PlayingFlute/samples/00554.png 62
ucf/PlayingFlute/samples/00555.png 62
ucf/PlayingFlute/samples/00556.png 62
ucf/PlayingFlute/samples/00557.png 62
ucf/PlayingFlute/samples/00558.png 62
ucf/PlayingFlute/samples/00559.png 62
ucf/PlayingFlute/samples/00560.png 62
ucf/PlayingFlute/samples/00561.png 62
ucf/PlayingFlute/samples/00562.png 62
ucf/PlayingFlute/samples/00563.png 62
ucf/PlayingFlute/samples/00564.png 62
ucf/PlayingFlute/samples/00565.png 62
ucf/PlayingFlute/samples/00566.png 62
ucf/PlayingFlute/samples/00567.png 62
ucf/PlayingFlute/samples/00568.png 62
ucf/PlayingFlute/samples/00569.png 62
ucf/PlayingFlute/samples/00570.png 62
ucf/PlayingFlute/samples/00571.png 62
ucf/PlayingFlute/samples/00572.png 62
ucf/PlayingFlute/samples/00573.png 62
ucf/PlayingFlute/samples/00574.png 62
ucf/PlayingFlute/samples/00575.png 62
ucf/PlayingFlute/samples/00576.png 62
ucf/PlayingFlute/samples/00577.png 62
ucf/PlayingFlute/samples/00578.png 62
ucf/PlayingFlute/samples/00579.png 62
ucf/PlayingFlute/samples/00580.png 62
ucf/PlayingFlute/samples/00581.png 62
ucf/PlayingFlute/samples/00582.png 62
ucf/PlayingFlute/samples/00583.png 62
ucf/PlayingFlute/samples/00584.png 62
ucf/PlayingFlute/samples/00585.png 62
ucf/PlayingFlute/samples/00586.png 62
ucf/PlayingFlute/samples/00587.png 62
ucf/PlayingFlute/samples/00588.png 62
ucf/PlayingFlute/samples/00589.png 62
ucf/PlayingFlute/samples/00590.png 62
ucf/PlayingFlute/samples/00591.png 62
ucf/PlayingFlute/samples/00592.png 62
ucf/PlayingFlute/samples/00593.png 62
ucf/PlayingFlute/samples/00594.png 62
ucf/PlayingFlute/samples/00595.png 62
ucf/PlayingFlute/samples/00596.png 62
ucf/PlayingFlute/samples/00597.png 62
ucf/PlayingFlute/samples/00598.png 62
ucf/PlayingFlute/samples/00599.png 62
ucf/PlayingFlute/samples/00600.png 62
ucf/PlayingFlute/samples/00601.png 62
ucf/PlayingFlute/samples/00602.png 62
ucf/PlayingFlute/samples/00603.png 62
ucf/PlayingFlute/samples/00604.png 62
ucf/PlayingFlute/samples/00605.png 62
ucf/PlayingFlute/samples/00606.png 62
ucf/PlayingFlute/samples/00607.png 62
ucf/PlayingFlute/samples/00608.png 62
ucf/PlayingFlute/samples/00609.png 62
ucf/PlayingFlute/samples/00610.png 62
ucf/PlayingFlute/samples/00611.png 62
ucf/PlayingFlute/samples/00612.png 62
ucf/PlayingFlute/samples/00613.png 62
ucf/PlayingFlute/samples/00614.png 62
ucf/PlayingFlute/samples/00615.png 62
ucf/PlayingFlute/samples/00616.png 62
ucf/PlayingFlute/samples/00617.png 62
ucf/PlayingFlute/samples/00618.png 62
ucf/PlayingFlute/samples/00619.png 62
ucf/PlayingFlute/samples/00620.png 62
ucf/PlayingFlute/samples/00621.png 62
ucf/PlayingFlute/samples/00622.png 62
ucf/PlayingFlute/samples/00623.png 62
ucf/PlayingFlute/samples/00624.png 62
ucf/PlayingFlute/samples/00625.png 62
ucf/PlayingFlute/samples/00626.png 62
ucf/PlayingFlute/samples/00627.png 62
ucf/PlayingFlute/samples/00628.png 62
ucf/PlayingFlute/samples/00629.png 62
ucf/PlayingFlute/samples/00630.png 62
ucf/PlayingFlute/samples/00631.png 62
ucf/PlayingFlute/samples/00632.png 62
ucf/PlayingFlute/samples/00633.png 62
ucf/PlayingFlute/samples/00634.png 62
ucf/PlayingFlute/samples/00635.png 62
ucf/PlayingFlute/samples/00636.png 62
ucf/PlayingFlute/samples/00637.png 62
ucf/PlayingFlute/samples/00638.png 62
ucf/PlayingFlute/samples/00639.png 62
ucf/PlayingFlute/samples/00640.png 62
ucf/PlayingFlute/samples/00641.png 62
ucf/PlayingFlute/samples/00642.png 62
ucf/PlayingFlute/samples/00643.png 62
ucf/PlayingFlute/samples/00644.png 62
ucf/PlayingFlute/samples/00645.png 62
ucf/PlayingFlute/samples/00646.png 62
ucf/PlayingFlute/samples/00647.png 62
ucf/PlayingFlute/samples/00648.png 62
ucf/PlayingFlute/samples/00649.png 62
ucf/PlayingFlute/samples/00650.png 62
ucf/PlayingFlute/samples/00651.png 62
ucf/PlayingFlute/samples/00652.png 62
ucf/PlayingFlute/samples/00653.png 62
ucf/PlayingFlute/samples/00654.png 62
ucf/PlayingFlute/samples/00655.png 62
ucf/PlayingFlute/samples/00656.png 62
ucf/PlayingFlute/samples/00657.png 62
ucf/PlayingFlute/samples/00658.png 62
ucf/PlayingFlute/samples/00659.png 62
ucf/PlayingFlute/samples/00660.png 62
ucf/PlayingFlute/samples/00661.png 62
ucf/PlayingFlute/samples/00662.png 62
ucf/PlayingFlute/samples/00663.png 62
ucf/PlayingFlute/samples/00664.png 62
ucf/PlayingFlute/samples/00665.png 62
ucf/PlayingFlute/samples/00666.png 62
ucf/PlayingFlute/samples/00667.png 62
ucf/PlayingFlute/samples/00668.png 62
ucf/PlayingFlute/samples/00669.png 62
ucf/PlayingFlute/samples/00670.png 62
ucf/PlayingFlute/samples/00671.png 62
ucf/PlayingFlute/samples/00672.png 62
ucf/PlayingFlute/samples/00673.png 62
ucf/PlayingFlute/samples/00674.png 62
ucf/PlayingFlute/samples/00675.png 62
ucf/PlayingFlute/samples/00676.png 62
ucf/PlayingFlute/samples/00677.png 62
ucf/PlayingFlute/samples/00678.png 62
ucf/PlayingFlute/samples/00679.png 62
ucf/PlayingFlute/samples/00680.png 62
ucf/PlayingFlute/samples/00681.png 62
ucf/PlayingFlute/samples/00682.png 62
ucf/PlayingFlute/samples/00683.png 62
ucf/PlayingFlute/samples/00684.png 62
ucf/PlayingFlute/samples/00685.png 62
ucf/PlayingFlute/samples/00686.png 62
ucf/PlayingFlute/samples/00687.png 62
ucf/PlayingFlute/samples/00688.png 62
ucf/PlayingFlute/samples/00689.png 62
ucf/PlayingFlute/samples/00690.png 62
ucf/PlayingFlute/samples/00691.png 62
ucf/PlayingFlute/samples/00692.png 62
ucf/PlayingFlute/samples/00693.png 62
ucf/PlayingFlute/samples/00694.png 62
ucf/PlayingFlute/samples/00695.png 62
ucf/PlayingFlute/samples/00696.png 62
ucf/PlayingFlute/samples/00697.png 62
ucf/PlayingFlute/samples/00698.png 62
ucf/PlayingFlute/samples/00699.png 62
ucf/PlayingFlute/samples/00700.png 62
ucf/PlayingFlute/samples/00701.png 62
ucf/PlayingFlute/samples/00702.png 62
ucf/PlayingFlute/samples/00703.png 62
ucf/PlayingFlute/samples/00704.png 62
ucf/PlayingFlute/samples/00705.png 62
ucf/PlayingFlute/samples/00706.png 62
ucf/PlayingFlute/samples/00707.png 62
ucf/PlayingFlute/samples/00708.png 62
ucf/PlayingFlute/samples/00709.png 62
ucf/PlayingFlute/samples/00710.png 62
ucf/PlayingFlute/samples/00711.png 62
ucf/PlayingFlute/samples/00712.png 62
ucf/PlayingFlute/samples/00713.png 62
ucf/PlayingFlute/samples/00714.png 62
ucf/PlayingFlute/samples/00715.png 62
ucf/PlayingFlute/samples/00716.png 62
ucf/PlayingFlute/samples/00717.png 62
ucf/PlayingFlute/samples/00718.png 62
ucf/PlayingFlute/samples/00719.png 62
ucf/PlayingFlute/samples/00720.png 62
ucf/PlayingFlute/samples/00721.png 62
ucf/PlayingFlute/samples/00722.png 62
ucf/PlayingFlute/samples/00723.png 62
ucf/PlayingFlute/samples/00724.png 62
ucf/PlayingFlute/samples/00725.png 62
ucf/PlayingFlute/samples/00726.png 62
ucf/PlayingFlute/samples/00727.png 62
ucf/PlayingFlute/samples/00728.png 62
ucf/PlayingFlute/samples/00729.png 62
ucf/PlayingFlute/samples/00730.png 62
ucf/PlayingFlute/samples/00731.png 62
ucf/PlayingFlute/samples/00732.png 62
ucf/PlayingFlute/samples/00733.png 62
ucf/PlayingFlute/samples/00734.png 62
ucf/PlayingFlute/samples/00735.png 62
ucf/PlayingFlute/samples/00736.png 62
ucf/PlayingFlute/samples/00737.png 62
ucf/PlayingFlute/samples/00738.png 62
ucf/PlayingFlute/samples/00739.png 62
ucf/PlayingFlute/samples/00740.png 62
ucf/PlayingFlute/samples/00741.png 62
ucf/PlayingFlute/samples/00742.png 62
ucf/PlayingFlute/samples/00743.png 62
ucf/PlayingFlute/samples/00744.png 62
ucf/PlayingFlute/samples/00745.png 62
ucf/PlayingFlute/samples/00746.png 62
ucf/PlayingFlute/samples/00747.png 62
ucf/PlayingFlute/samples/00748.png 62
ucf/PlayingFlute/samples/00749.png 62
ucf/PlayingFlute/samples/00750.png 62
ucf/PlayingFlute/samples/00751.png 62
ucf/PlayingFlute/samples/00752.png 62
ucf/PlayingFlute/samples/00753.png 62
ucf/PlayingFlute/samples/00754.png 62
ucf/PlayingFlute/samples/00755.png 62
ucf/PlayingFlute/samples/00756.png 62
ucf/PlayingFlute/samples/00757.png 62
ucf/PlayingFlute/samples/00758.png 62
ucf/PlayingFlute/samples/00759.png 62
ucf/PlayingFlute/samples/00760.png 62
ucf/PlayingFlute/samples/00761.png 62
ucf/PlayingFlute/samples/00762.png 62
ucf/PlayingFlute/samples/00763.png 62
ucf/PlayingFlute/samples/00764.png 62
ucf/PlayingFlute/samples/00765.png 62
ucf/PlayingFlute/samples/00766.png 62
ucf/PlayingFlute/samples/00767.png 62
ucf/PlayingFlute/samples/00768.png 62
ucf/PlayingFlute/samples/00769.png 62
ucf/PlayingFlute/samples/00770.png 62
ucf/PlayingFlute/samples/00771.png 62
ucf/PlayingFlute/samples/00772.png 62
ucf/PlayingFlute/samples/00773.png 62
ucf/PlayingFlute/samples/00774.png 62
ucf/PlayingFlute/samples/00775.png 62
ucf/PlayingFlute/samples/00776.png 62
ucf/PlayingFlute/samples/00777.png 62
ucf/PlayingFlute/samples/00778.png 62
ucf/PlayingFlute/samples/00779.png 62
ucf/PlayingFlute/samples/00780.png 62
ucf/PlayingFlute/samples/00781.png 62
ucf/PlayingFlute/samples/00782.png 62
ucf/PlayingFlute/samples/00783.png 62
ucf/PlayingFlute/samples/00784.png 62
ucf/PlayingFlute/samples/00785.png 62
ucf/PlayingFlute/samples/00786.png 62
ucf/PlayingFlute/samples/00787.png 62
ucf/PlayingFlute/samples/00788.png 62
ucf/PlayingFlute/samples/00789.png 62
ucf/PlayingFlute/samples/00790.png 62
ucf/PlayingFlute/samples/00791.png 62
ucf/PlayingFlute/samples/00792.png 62
ucf/PlayingFlute/samples/00793.png 62
ucf/PlayingFlute/samples/00794.png 62
ucf/PlayingFlute/samples/00795.png 62
ucf/PlayingFlute/samples/00796.png 62
ucf/PlayingFlute/samples/00797.png 62
ucf/PlayingFlute/samples/00798.png 62
ucf/PlayingFlute/samples/00799.png 62
ucf/PlayingFlute/samples/00800.png 62
ucf/PlayingFlute/samples/00801.png 62
ucf/PlayingFlute/samples/00802.png 62
ucf/PlayingFlute/samples/00803.png 62
ucf/PlayingFlute/samples/00804.png 62
ucf/PlayingFlute/samples/00805.png 62
ucf/PlayingFlute/samples/00806.png 62
ucf/PlayingFlute/samples/00807.png 62
ucf/PlayingFlute/samples/00808.png 62
ucf/PlayingFlute/samples/00809.png 62
ucf/PlayingFlute/samples/00810.png 62
ucf/PlayingFlute/samples/00811.png 62
ucf/PlayingFlute/samples/00812.png 62
ucf/PlayingFlute/samples/00813.png 62
ucf/PlayingFlute/samples/00814.png 62
ucf/PlayingFlute/samples/00815.png 62
ucf/PlayingFlute/samples/00816.png 62
ucf/PlayingFlute/samples/00817.png 62
ucf/PlayingFlute/samples/00818.png 62
ucf/PlayingFlute/samples/00819.png 62
ucf/PlayingFlute/samples/00820.png 62
ucf/PlayingFlute/samples/00821.png 62
ucf/PlayingFlute/samples/00822.png 62
ucf/PlayingFlute/samples/00823.png 62
ucf/PlayingFlute/samples/00824.png 62
ucf/PlayingFlute/samples/00825.png 62
ucf/PlayingFlute/samples/00826.png 62
ucf/PlayingFlute/samples/00827.png 62
ucf/PlayingFlute/samples/00828.png 62
ucf/PlayingFlute/samples/00829.png 62
ucf/PlayingFlute/samples/00830.png 62
ucf/PlayingFlute/samples/00831.png 62
ucf/PlayingFlute/samples/00832.png 62
ucf/PlayingFlute/samples/00833.png 62
ucf/PlayingFlute/samples/00834.png 62
ucf/PlayingFlute/samples/00835.png 62
ucf/PlayingFlute/samples/00836.png 62
ucf/PlayingFlute/samples/00837.png 62
ucf/PlayingFlute/samples/00838.png 62
ucf/PlayingFlute/samples/00839.png 62
ucf/PlayingFlute/samples/00840.png 62
ucf/PlayingFlute/samples/00841.png 62
ucf/PlayingFlute/samples/00842.png 62
ucf/PlayingFlute/samples/00843.png 62
ucf/PlayingFlute/samples/00844.png 62
ucf/PlayingFlute/samples/00845.png 62
ucf/PlayingFlute/samples/00846.png 62
ucf/PlayingFlute/samples/00847.png 62
ucf/PlayingFlute/samples/00848.png 62
ucf/PlayingFlute/samples/00849.png 62
ucf/PlayingFlute/samples/00850.png 62
ucf/PlayingFlute/samples/00851.png 62
ucf/PlayingFlute/samples/00852.png 62
ucf/PlayingFlute/samples/00853.png 62
ucf/PlayingFlute/samples/00854.png 62
ucf/PlayingFlute/samples/00855.png 62
ucf/PlayingFlute/samples/00856.png 62
ucf/PlayingFlute/samples/00857.png 62
ucf/PlayingFlute/samples/00858.png 62
ucf/PlayingFlute/samples/00859.png 62
ucf/PlayingFlute/samples/00860.png 62
ucf/PlayingFlute/samples/00861.png 62
ucf/PlayingFlute/samples/00862.png 62
ucf/PlayingFlute/samples/00863.png 62
ucf/PlayingFlute/samples/00864.png 62
ucf/PlayingFlute/samples/00865.png 62
ucf/PlayingFlute/samples/00866.png 62
ucf/PlayingFlute/samples/00867.png 62
ucf/PlayingFlute/samples/00868.png 62
ucf/PlayingFlute/samples/00869.png 62
ucf/PlayingFlute/samples/00870.png 62
ucf/PlayingFlute/samples/00871.png 62
ucf/PlayingFlute/samples/00872.png 62
ucf/PlayingFlute/samples/00873.png 62
ucf/PlayingFlute/samples/00874.png 62
ucf/PlayingFlute/samples/00875.png 62
ucf/PlayingFlute/samples/00876.png 62
ucf/PlayingFlute/samples/00877.png 62
ucf/PlayingFlute/samples/00878.png 62
ucf/PlayingFlute/samples/00879.png 62
ucf/PlayingFlute/samples/00880.png 62
ucf/PlayingFlute/samples/00881.png 62
ucf/PlayingFlute/samples/00882.png 62
ucf/PlayingFlute/samples/00883.png 62
ucf/PlayingFlute/samples/00884.png 62
ucf/PlayingFlute/samples/00885.png 62
ucf/PlayingFlute/samples/00886.png 62
ucf/PlayingFlute/samples/00887.png 62
ucf/PlayingFlute/samples/00888.png 62
ucf/PlayingFlute/samples/00889.png 62
ucf/PlayingFlute/samples/00890.png 62
ucf/PlayingFlute/samples/00891.png 62
ucf/PlayingFlute/samples/00892.png 62
ucf/PlayingFlute/samples/00893.png 62
ucf/PlayingFlute/samples/00894.png 62
ucf/PlayingFlute/samples/00895.png 62
ucf/PlayingFlute/samples/00896.png 62
ucf/PlayingFlute/samples/00897.png 62
ucf/PlayingFlute/samples/00898.png 62
ucf/PlayingFlute/samples/00899.png 62
ucf/PlayingFlute/samples/00900.png 62
ucf/PlayingFlute/samples/00901.png 62
ucf/PlayingFlute/samples/00902.png 62
ucf/PlayingFlute/samples/00903.png 62
ucf/PlayingFlute/samples/00904.png 62
ucf/PlayingFlute/samples/00905.png 62
ucf/PlayingFlute/samples/00906.png 62
ucf/PlayingFlute/samples/00907.png 62
ucf/PlayingFlute/samples/00908.png 62
ucf/PlayingFlute/samples/00909.png 62
ucf/PlayingFlute/samples/00910.png 62
ucf/PlayingFlute/samples/00911.png 62
ucf/PlayingFlute/samples/00912.png 62
ucf/PlayingFlute/samples/00913.png 62
ucf/PlayingFlute/samples/00914.png 62
ucf/PlayingFlute/samples/00915.png 62
ucf/PlayingFlute/samples/00916.png 62
ucf/PlayingFlute/samples/00917.png 62
ucf/PlayingFlute/samples/00918.png 62
ucf/PlayingFlute/samples/00919.png 62
ucf/PlayingFlute/samples/00920.png 62
ucf/PlayingFlute/samples/00921.png 62
ucf/PlayingFlute/samples/00922.png 62
ucf/PlayingFlute/samples/00923.png 62
ucf/PlayingFlute/samples/00924.png 62
ucf/PlayingFlute/samples/00925.png 62
ucf/PlayingFlute/samples/00926.png 62
ucf/PlayingFlute/samples/00927.png 62
ucf/PlayingFlute/samples/00928.png 62
ucf/PlayingFlute/samples/00929.png 62
ucf/PlayingFlute/samples/00930.png 62
ucf/PlayingFlute/samples/00931.png 62
ucf/PlayingFlute/samples/00932.png 62
ucf/PlayingFlute/samples/00933.png 62
ucf/PlayingFlute/samples/00934.png 62
ucf/PlayingFlute/samples/00935.png 62
ucf/PlayingFlute/samples/00936.png 62
ucf/PlayingFlute/samples/00937.png 62
ucf/PlayingFlute/samples/00938.png 62
ucf/PlayingFlute/samples/00939.png 62
ucf/PlayingFlute/samples/00940.png 62
ucf/PlayingFlute/samples/00941.png 62
ucf/PlayingFlute/samples/00942.png 62
ucf/PlayingFlute/samples/00943.png 62
ucf/PlayingFlute/samples/00944.png 62
ucf/PlayingFlute/samples/00945.png 62
ucf/PlayingFlute/samples/00946.png 62
ucf/PlayingFlute/samples/00947.png 62
ucf/PlayingFlute/samples/00948.png 62
ucf/PlayingFlute/samples/00949.png 62
ucf/PlayingFlute/samples/00950.png 62
ucf/PlayingFlute/samples/00951.png 62
ucf/PlayingFlute/samples/00952.png 62
ucf/PlayingFlute/samples/00953.png 62
ucf/PlayingFlute/samples/00954.png 62
ucf/PlayingFlute/samples/00955.png 62
ucf/PlayingFlute/samples/00956.png 62
ucf/PlayingFlute/samples/00957.png 62
ucf/PlayingFlute/samples/00958.png 62
ucf/PlayingFlute/samples/00959.png 62
ucf/PlayingFlute/samples/00960.png 62
ucf/PlayingFlute/samples/00961.png 62
ucf/PlayingFlute/samples/00962.png 62
ucf/PlayingFlute/samples/00963.png 62
ucf/PlayingFlute/samples/00964.png 62
ucf/PlayingFlute/samples/00965.png 62
ucf/PlayingFlute/samples/00966.png 62
ucf/PlayingFlute/samples/00967.png 62
ucf/PlayingFlute/samples/00968.png 62
ucf/PlayingFlute/samples/00969.png 62
ucf/PlayingFlute/samples/00970.png 62
ucf/PlayingFlute/samples/00971.png 62
ucf/PlayingFlute/samples/00972.png 62
ucf/PlayingFlute/samples/00973.png 62
ucf/PlayingFlute/samples/00974.png 62
ucf/PlayingFlute/samples/00975.png 62
ucf/PlayingFlute/samples/00976.png 62
ucf/PlayingFlute/samples/00977.png 62
ucf/PlayingFlute/samples/00978.png 62
ucf/PlayingFlute/samples/00979.png 62
ucf/PlayingFlute/samples/00980.png 62
ucf/PlayingFlute/samples/00981.png 62
ucf/PlayingFlute/samples/00982.png 62
ucf/PlayingFlute/samples/00983.png 62
ucf/PlayingFlute/samples/00984.png 62
ucf/PlayingFlute/samples/00985.png 62
ucf/PlayingFlute/samples/00986.png 62
ucf/PlayingFlute/samples/00987.png 62
ucf/PlayingFlute/samples/00988.png 62
ucf/PlayingFlute/samples/00989.png 62
ucf/PlayingFlute/samples/00990.png 62
ucf/PlayingFlute/samples/00991.png 62
ucf/PlayingFlute/samples/00992.png 62
ucf/PlayingFlute/samples/00993.png 62
ucf/PlayingFlute/samples/00994.png 62
ucf/PlayingFlute/samples/00995.png 62
ucf/PlayingFlute/samples/00996.png 62
ucf/PlayingFlute/samples/00997.png 62
ucf/PlayingFlute/samples/00998.png 62
ucf/PlayingFlute/samples/00999.png 62
ucf/SoccerPenalty/samples/00000.png 85
ucf/SoccerPenalty/samples/00001.png 85
ucf/SoccerPenalty/samples/00002.png 85
ucf/SoccerPenalty/samples/00003.png 85
ucf/SoccerPenalty/samples/00004.png 85
ucf/SoccerPenalty/samples/00005.png 85
ucf/SoccerPenalty/samples/00006.png 85
ucf/SoccerPenalty/samples/00007.png 85
ucf/SoccerPenalty/samples/00008.png 85
ucf/SoccerPenalty/samples/00009.png 85
ucf/SoccerPenalty/samples/00010.png 85
ucf/SoccerPenalty/samples/00011.png 85
ucf/SoccerPenalty/samples/00012.png 85
ucf/SoccerPenalty/samples/00013.png 85
ucf/SoccerPenalty/samples/00014.png 85
ucf/SoccerPenalty/samples/00015.png 85
ucf/SoccerPenalty/samples/00016.png 85
ucf/SoccerPenalty/samples/00017.png 85
ucf/SoccerPenalty/samples/00018.png 85
ucf/SoccerPenalty/samples/00019.png 85
ucf/SoccerPenalty/samples/00020.png 85
ucf/SoccerPenalty/samples/00021.png 85
ucf/SoccerPenalty/samples/00022.png 85
ucf/SoccerPenalty/samples/00023.png 85
ucf/SoccerPenalty/samples/00024.png 85
ucf/SoccerPenalty/samples/00025.png 85
ucf/SoccerPenalty/samples/00026.png 85
ucf/SoccerPenalty/samples/00027.png 85
ucf/SoccerPenalty/samples/00028.png 85
ucf/SoccerPenalty/samples/00029.png 85
ucf/SoccerPenalty/samples/00030.png 85
ucf/SoccerPenalty/samples/00031.png 85
ucf/SoccerPenalty/samples/00032.png 85
ucf/SoccerPenalty/samples/00033.png 85
ucf/SoccerPenalty/samples/00034.png 85
ucf/SoccerPenalty/samples/00035.png 85
ucf/SoccerPenalty/samples/00036.png 85
ucf/SoccerPenalty/samples/00037.png 85
ucf/SoccerPenalty/samples/00038.png 85
ucf/SoccerPenalty/samples/00039.png 85
ucf/SoccerPenalty/samples/00040.png 85
ucf/SoccerPenalty/samples/00041.png 85
ucf/SoccerPenalty/samples/00042.png 85
ucf/SoccerPenalty/samples/00043.png 85
ucf/SoccerPenalty/samples/00044.png 85
ucf/SoccerPenalty/samples/00045.png 85
ucf/SoccerPenalty/samples/00046.png 85
ucf/SoccerPenalty/samples/00047.png 85
ucf/SoccerPenalty/samples/00048.png 85
ucf/SoccerPenalty/samples/00049.png 85
ucf/SoccerPenalty/samples/00050.png 85
ucf/SoccerPenalty/samples/00051.png 85
ucf/SoccerPenalty/samples/00052.png 85
ucf/SoccerPenalty/samples/00053.png 85
ucf/SoccerPenalty/samples/00054.png 85
ucf/SoccerPenalty/samples/00055.png 85
ucf/SoccerPenalty/samples/00056.png 85
ucf/SoccerPenalty/samples/00057.png 85
ucf/SoccerPenalty/samples/00058.png 85
ucf/SoccerPenalty/samples/00059.png 85
ucf/SoccerPenalty/samples/00060.png 85
ucf/SoccerPenalty/samples/00061.png 85
ucf/SoccerPenalty/samples/00062.png 85
ucf/SoccerPenalty/samples/00063.png 85
ucf/SoccerPenalty/samples/00064.png 85
ucf/SoccerPenalty/samples/00065.png 85
ucf/SoccerPenalty/samples/00066.png 85
ucf/SoccerPenalty/samples/00067.png 85
ucf/SoccerPenalty/samples/00068.png 85
ucf/SoccerPenalty/samples/00069.png 85
ucf/SoccerPenalty/samples/00070.png 85
ucf/SoccerPenalty/samples/00071.png 85
ucf/SoccerPenalty/samples/00072.png 85
ucf/SoccerPenalty/samples/00073.png 85
ucf/SoccerPenalty/samples/00074.png 85
ucf/SoccerPenalty/samples/00075.png 85
ucf/SoccerPenalty/samples/00076.png 85
ucf/SoccerPenalty/samples/00077.png 85
ucf/SoccerPenalty/samples/00078.png 85
ucf/SoccerPenalty/samples/00079.png 85
ucf/SoccerPenalty/samples/00080.png 85
ucf/SoccerPenalty/samples/00081.png 85
ucf/SoccerPenalty/samples/00082.png 85
ucf/SoccerPenalty/samples/00083.png 85
ucf/SoccerPenalty/samples/00084.png 85
ucf/SoccerPenalty/samples/00085.png 85
ucf/SoccerPenalty/samples/00086.png 85
ucf/SoccerPenalty/samples/00087.png 85
ucf/SoccerPenalty/samples/00088.png 85
ucf/SoccerPenalty/samples/00089.png 85
ucf/SoccerPenalty/samples/00090.png 85
ucf/SoccerPenalty/samples/00091.png 85
ucf/SoccerPenalty/samples/00092.png 85
ucf/SoccerPenalty/samples/00093.png 85
ucf/SoccerPenalty/samples/00094.png 85
ucf/SoccerPenalty/samples/00095.png 85
ucf/SoccerPenalty/samples/00096.png 85
ucf/SoccerPenalty/samples/00097.png 85
ucf/SoccerPenalty/samples/00098.png 85
ucf/SoccerPenalty/samples/00099.png 85
ucf/SoccerPenalty/samples/00100.png 85
ucf/SoccerPenalty/samples/00101.png 85
ucf/SoccerPenalty/samples/00102.png 85
ucf/SoccerPenalty/samples/00103.png 85
ucf/SoccerPenalty/samples/00104.png 85
ucf/SoccerPenalty/samples/00105.png 85
ucf/SoccerPenalty/samples/00106.png 85
ucf/SoccerPenalty/samples/00107.png 85
ucf/SoccerPenalty/samples/00108.png 85
ucf/SoccerPenalty/samples/00109.png 85
ucf/SoccerPenalty/samples/00110.png 85
ucf/SoccerPenalty/samples/00111.png 85
ucf/SoccerPenalty/samples/00112.png 85
ucf/SoccerPenalty/samples/00113.png 85
ucf/SoccerPenalty/samples/00114.png 85
ucf/SoccerPenalty/samples/00115.png 85
ucf/SoccerPenalty/samples/00116.png 85
ucf/SoccerPenalty/samples/00117.png 85
ucf/SoccerPenalty/samples/00118.png 85
ucf/SoccerPenalty/samples/00119.png 85
ucf/SoccerPenalty/samples/00120.png 85
ucf/SoccerPenalty/samples/00121.png 85
ucf/SoccerPenalty/samples/00122.png 85
ucf/SoccerPenalty/samples/00123.png 85
ucf/SoccerPenalty/samples/00124.png 85
ucf/SoccerPenalty/samples/00125.png 85
ucf/SoccerPenalty/samples/00126.png 85
ucf/SoccerPenalty/samples/00127.png 85
ucf/SoccerPenalty/samples/00128.png 85
ucf/SoccerPenalty/samples/00129.png 85
ucf/SoccerPenalty/samples/00130.png 85
ucf/SoccerPenalty/samples/00131.png 85
ucf/SoccerPenalty/samples/00132.png 85
ucf/SoccerPenalty/samples/00133.png 85
ucf/SoccerPenalty/samples/00134.png 85
ucf/SoccerPenalty/samples/00135.png 85
ucf/SoccerPenalty/samples/00136.png 85
ucf/SoccerPenalty/samples/00137.png 85
ucf/SoccerPenalty/samples/00138.png 85
ucf/SoccerPenalty/samples/00139.png 85
ucf/SoccerPenalty/samples/00140.png 85
ucf/SoccerPenalty/samples/00141.png 85
ucf/SoccerPenalty/samples/00142.png 85
ucf/SoccerPenalty/samples/00143.png 85
ucf/SoccerPenalty/samples/00144.png 85
ucf/SoccerPenalty/samples/00145.png 85
ucf/SoccerPenalty/samples/00146.png 85
ucf/SoccerPenalty/samples/00147.png 85
ucf/SoccerPenalty/samples/00148.png 85
ucf/SoccerPenalty/samples/00149.png 85
ucf/SoccerPenalty/samples/00150.png 85
ucf/SoccerPenalty/samples/00151.png 85
ucf/SoccerPenalty/samples/00152.png 85
ucf/SoccerPenalty/samples/00153.png 85
ucf/SoccerPenalty/samples/00154.png 85
ucf/SoccerPenalty/samples/00155.png 85
ucf/SoccerPenalty/samples/00156.png 85
ucf/SoccerPenalty/samples/00157.png 85
ucf/SoccerPenalty/samples/00158.png 85
ucf/SoccerPenalty/samples/00159.png 85
ucf/SoccerPenalty/samples/00160.png 85
ucf/SoccerPenalty/samples/00161.png 85
ucf/SoccerPenalty/samples/00162.png 85
ucf/SoccerPenalty/samples/00163.png 85
ucf/SoccerPenalty/samples/00164.png 85
ucf/SoccerPenalty/samples/00165.png 85
ucf/SoccerPenalty/samples/00166.png 85
ucf/SoccerPenalty/samples/00167.png 85
ucf/SoccerPenalty/samples/00168.png 85
ucf/SoccerPenalty/samples/00169.png 85
ucf/SoccerPenalty/samples/00170.png 85
ucf/SoccerPenalty/samples/00171.png 85
ucf/SoccerPenalty/samples/00172.png 85
ucf/SoccerPenalty/samples/00173.png 85
ucf/SoccerPenalty/samples/00174.png 85
ucf/SoccerPenalty/samples/00175.png 85
ucf/SoccerPenalty/samples/00176.png 85
ucf/SoccerPenalty/samples/00177.png 85
ucf/SoccerPenalty/samples/00178.png 85
ucf/SoccerPenalty/samples/00179.png 85
ucf/SoccerPenalty/samples/00180.png 85
ucf/SoccerPenalty/samples/00181.png 85
ucf/SoccerPenalty/samples/00182.png 85
ucf/SoccerPenalty/samples/00183.png 85
ucf/SoccerPenalty/samples/00184.png 85
ucf/SoccerPenalty/samples/00185.png 85
ucf/SoccerPenalty/samples/00186.png 85
ucf/SoccerPenalty/samples/00187.png 85
ucf/SoccerPenalty/samples/00188.png 85
ucf/SoccerPenalty/samples/00189.png 85
ucf/SoccerPenalty/samples/00190.png 85
ucf/SoccerPenalty/samples/00191.png 85
ucf/SoccerPenalty/samples/00192.png 85
ucf/SoccerPenalty/samples/00193.png 85
ucf/SoccerPenalty/samples/00194.png 85
ucf/SoccerPenalty/samples/00195.png 85
ucf/SoccerPenalty/samples/00196.png 85
ucf/SoccerPenalty/samples/00197.png 85
ucf/SoccerPenalty/samples/00198.png 85
ucf/SoccerPenalty/samples/00199.png 85
ucf/SoccerPenalty/samples/00200.png 85
ucf/SoccerPenalty/samples/00201.png 85
ucf/SoccerPenalty/samples/00202.png 85
ucf/SoccerPenalty/samples/00203.png 85
ucf/SoccerPenalty/samples/00204.png 85
ucf/SoccerPenalty/samples/00205.png 85
ucf/SoccerPenalty/samples/00206.png 85
ucf/SoccerPenalty/samples/00207.png 85
ucf/SoccerPenalty/samples/00208.png 85
ucf/SoccerPenalty/samples/00209.png 85
ucf/SoccerPenalty/samples/00210.png 85
ucf/SoccerPenalty/samples/00211.png 85
ucf/SoccerPenalty/samples/00212.png 85
ucf/SoccerPenalty/samples/00213.png 85
ucf/SoccerPenalty/samples/00214.png 85
ucf/SoccerPenalty/samples/00215.png 85
ucf/SoccerPenalty/samples/00216.png 85
ucf/SoccerPenalty/samples/00217.png 85
ucf/SoccerPenalty/samples/00218.png 85
ucf/SoccerPenalty/samples/00219.png 85
ucf/SoccerPenalty/samples/00220.png 85
ucf/SoccerPenalty/samples/00221.png 85
ucf/SoccerPenalty/samples/00222.png 85
ucf/SoccerPenalty/samples/00223.png 85
ucf/SoccerPenalty/samples/00224.png 85
ucf/SoccerPenalty/samples/00225.png 85
ucf/SoccerPenalty/samples/00226.png 85
ucf/SoccerPenalty/samples/00227.png 85
ucf/SoccerPenalty/samples/00228.png 85
ucf/SoccerPenalty/samples/00229.png 85
ucf/SoccerPenalty/samples/00230.png 85
ucf/SoccerPenalty/samples/00231.png 85
ucf/SoccerPenalty/samples/00232.png 85
ucf/SoccerPenalty/samples/00233.png 85
ucf/SoccerPenalty/samples/00234.png 85
ucf/SoccerPenalty/samples/00235.png 85
ucf/SoccerPenalty/samples/00236.png 85
ucf/SoccerPenalty/samples/00237.png 85
ucf/SoccerPenalty/samples/00238.png 85
ucf/SoccerPenalty/samples/00239.png 85
ucf/SoccerPenalty/samples/00240.png 85
ucf/SoccerPenalty/samples/00241.png 85
ucf/SoccerPenalty/samples/00242.png 85
ucf/SoccerPenalty/samples/00243.png 85
ucf/SoccerPenalty/samples/00244.png 85
ucf/SoccerPenalty/samples/00245.png 85
ucf/SoccerPenalty/samples/00246.png 85
ucf/SoccerPenalty/samples/00247.png 85
ucf/SoccerPenalty/samples/00248.png 85
ucf/SoccerPenalty/samples/00249.png 85
ucf/SoccerPenalty/samples/00250.png 85
ucf/SoccerPenalty/samples/00251.png 85
ucf/SoccerPenalty/samples/00252.png 85
ucf/SoccerPenalty/samples/00253.png 85
ucf/SoccerPenalty/samples/00254.png 85
ucf/SoccerPenalty/samples/00255.png 85
ucf/SoccerPenalty/samples/00256.png 85
ucf/SoccerPenalty/samples/00257.png 85
ucf/SoccerPenalty/samples/00258.png 85
ucf/SoccerPenalty/samples/00259.png 85
ucf/SoccerPenalty/samples/00260.png 85
ucf/SoccerPenalty/samples/00261.png 85
ucf/SoccerPenalty/samples/00262.png 85
ucf/SoccerPenalty/samples/00263.png 85
ucf/SoccerPenalty/samples/00264.png 85
ucf/SoccerPenalty/samples/00265.png 85
ucf/SoccerPenalty/samples/00266.png 85
ucf/SoccerPenalty/samples/00267.png 85
ucf/SoccerPenalty/samples/00268.png 85
ucf/SoccerPenalty/samples/00269.png 85
ucf/SoccerPenalty/samples/00270.png 85
ucf/SoccerPenalty/samples/00271.png 85
ucf/SoccerPenalty/samples/00272.png 85
ucf/SoccerPenalty/samples/00273.png 85
ucf/SoccerPenalty/samples/00274.png 85
ucf/SoccerPenalty/samples/00275.png 85
ucf/SoccerPenalty/samples/00276.png 85
ucf/SoccerPenalty/samples/00277.png 85
ucf/SoccerPenalty/samples/00278.png 85
ucf/SoccerPenalty/samples/00279.png 85
ucf/SoccerPenalty/samples/00280.png 85
ucf/SoccerPenalty/samples/00281.png 85
ucf/SoccerPenalty/samples/00282.png 85
ucf/SoccerPenalty/samples/00283.png 85
ucf/SoccerPenalty/samples/00284.png 85
ucf/SoccerPenalty/samples/00285.png 85
ucf/SoccerPenalty/samples/00286.png 85
ucf/SoccerPenalty/samples/00287.png 85
ucf/SoccerPenalty/samples/00288.png 85
ucf/SoccerPenalty/samples/00289.png 85
ucf/SoccerPenalty/samples/00290.png 85
ucf/SoccerPenalty/samples/00291.png 85
ucf/SoccerPenalty/samples/00292.png 85
ucf/SoccerPenalty/samples/00293.png 85
ucf/SoccerPenalty/samples/00294.png 85
ucf/SoccerPenalty/samples/00295.png 85
ucf/SoccerPenalty/samples/00296.png 85
ucf/SoccerPenalty/samples/00297.png 85
ucf/SoccerPenalty/samples/00298.png 85
ucf/SoccerPenalty/samples/00299.png 85
ucf/SoccerPenalty/samples/00300.png 85
ucf/SoccerPenalty/samples/00301.png 85
ucf/SoccerPenalty/samples/00302.png 85
ucf/SoccerPenalty/samples/00303.png 85
ucf/SoccerPenalty/samples/00304.png 85
ucf/SoccerPenalty/samples/00305.png 85
ucf/SoccerPenalty/samples/00306.png 85
ucf/SoccerPenalty/samples/00307.png 85
ucf/SoccerPenalty/samples/00308.png 85
ucf/SoccerPenalty/samples/00309.png 85
ucf/SoccerPenalty/samples/00310.png 85
ucf/SoccerPenalty/samples/00311.png 85
ucf/SoccerPenalty/samples/00312.png 85
ucf/SoccerPenalty/samples/00313.png 85
ucf/SoccerPenalty/samples/00314.png 85
ucf/SoccerPenalty/samples/00315.png 85
ucf/SoccerPenalty/samples/00316.png 85
ucf/SoccerPenalty/samples/00317.png 85
ucf/SoccerPenalty/samples/00318.png 85
ucf/SoccerPenalty/samples/00319.png 85
ucf/SoccerPenalty/samples/00320.png 85
ucf/SoccerPenalty/samples/00321.png 85
ucf/SoccerPenalty/samples/00322.png 85
ucf/SoccerPenalty/samples/00323.png 85
ucf/SoccerPenalty/samples/00324.png 85
ucf/SoccerPenalty/samples/00325.png 85
ucf/SoccerPenalty/samples/00326.png 85
ucf/SoccerPenalty/samples/00327.png 85
ucf/SoccerPenalty/samples/00328.png 85
ucf/SoccerPenalty/samples/00329.png 85
ucf/SoccerPenalty/samples/00330.png 85
ucf/SoccerPenalty/samples/00331.png 85
ucf/SoccerPenalty/samples/00332.png 85
ucf/SoccerPenalty/samples/00333.png 85
ucf/SoccerPenalty/samples/00334.png 85
ucf/SoccerPenalty/samples/00335.png 85
ucf/SoccerPenalty/samples/00336.png 85
ucf/SoccerPenalty/samples/00337.png 85
ucf/SoccerPenalty/samples/00338.png 85
ucf/SoccerPenalty/samples/00339.png 85
ucf/SoccerPenalty/samples/00340.png 85
ucf/SoccerPenalty/samples/00341.png 85
ucf/SoccerPenalty/samples/00342.png 85
ucf/SoccerPenalty/samples/00343.png 85
ucf/SoccerPenalty/samples/00344.png 85
ucf/SoccerPenalty/samples/00345.png 85
ucf/SoccerPenalty/samples/00346.png 85
ucf/SoccerPenalty/samples/00347.png 85
ucf/SoccerPenalty/samples/00348.png 85
ucf/SoccerPenalty/samples/00349.png 85
ucf/SoccerPenalty/samples/00350.png 85
ucf/SoccerPenalty/samples/00351.png 85
ucf/SoccerPenalty/samples/00352.png 85
ucf/SoccerPenalty/samples/00353.png 85
ucf/SoccerPenalty/samples/00354.png 85
ucf/SoccerPenalty/samples/00355.png 85
ucf/SoccerPenalty/samples/00356.png 85
ucf/SoccerPenalty/samples/00357.png 85
ucf/SoccerPenalty/samples/00358.png 85
ucf/SoccerPenalty/samples/00359.png 85
ucf/SoccerPenalty/samples/00360.png 85
ucf/SoccerPenalty/samples/00361.png 85
ucf/SoccerPenalty/samples/00362.png 85
ucf/SoccerPenalty/samples/00363.png 85
ucf/SoccerPenalty/samples/00364.png 85
ucf/SoccerPenalty/samples/00365.png 85
ucf/SoccerPenalty/samples/00366.png 85
ucf/SoccerPenalty/samples/00367.png 85
ucf/SoccerPenalty/samples/00368.png 85
ucf/SoccerPenalty/samples/00369.png 85
ucf/SoccerPenalty/samples/00370.png 85
ucf/SoccerPenalty/samples/00371.png 85
ucf/SoccerPenalty/samples/00372.png 85
ucf/SoccerPenalty/samples/00373.png 85
ucf/SoccerPenalty/samples/00374.png 85
ucf/SoccerPenalty/samples/00375.png 85
ucf/SoccerPenalty/samples/00376.png 85
ucf/SoccerPenalty/samples/00377.png 85
ucf/SoccerPenalty/samples/00378.png 85
ucf/SoccerPenalty/samples/00379.png 85
ucf/SoccerPenalty/samples/00380.png 85
ucf/SoccerPenalty/samples/00381.png 85
ucf/SoccerPenalty/samples/00382.png 85
ucf/SoccerPenalty/samples/00383.png 85
ucf/SoccerPenalty/samples/00384.png 85
ucf/SoccerPenalty/samples/00385.png 85
ucf/SoccerPenalty/samples/00386.png 85
ucf/SoccerPenalty/samples/00387.png 85
ucf/SoccerPenalty/samples/00388.png 85
ucf/SoccerPenalty/samples/00389.png 85
ucf/SoccerPenalty/samples/00390.png 85
ucf/SoccerPenalty/samples/00391.png 85
ucf/SoccerPenalty/samples/00392.png 85
ucf/SoccerPenalty/samples/00393.png 85
ucf/SoccerPenalty/samples/00394.png 85
ucf/SoccerPenalty/samples/00395.png 85
ucf/SoccerPenalty/samples/00396.png 85
ucf/SoccerPenalty/samples/00397.png 85
ucf/SoccerPenalty/samples/00398.png 85
ucf/SoccerPenalty/samples/00399.png 85
ucf/SoccerPenalty/samples/00400.png 85
ucf/SoccerPenalty/samples/00401.png 85
ucf/SoccerPenalty/samples/00402.png 85
ucf/SoccerPenalty/samples/00403.png 85
ucf/SoccerPenalty/samples/00404.png 85
ucf/SoccerPenalty/samples/00405.png 85
ucf/SoccerPenalty/samples/00406.png 85
ucf/SoccerPenalty/samples/00407.png 85
ucf/SoccerPenalty/samples/00408.png 85
ucf/SoccerPenalty/samples/00409.png 85
ucf/SoccerPenalty/samples/00410.png 85
ucf/SoccerPenalty/samples/00411.png 85
ucf/SoccerPenalty/samples/00412.png 85
ucf/SoccerPenalty/samples/00413.png 85
ucf/SoccerPenalty/samples/00414.png 85
ucf/SoccerPenalty/samples/00415.png 85
ucf/SoccerPenalty/samples/00416.png 85
ucf/SoccerPenalty/samples/00417.png 85
ucf/SoccerPenalty/samples/00418.png 85
ucf/SoccerPenalty/samples/00419.png 85
ucf/SoccerPenalty/samples/00420.png 85
ucf/SoccerPenalty/samples/00421.png 85
ucf/SoccerPenalty/samples/00422.png 85
ucf/SoccerPenalty/samples/00423.png 85
ucf/SoccerPenalty/samples/00424.png 85
ucf/SoccerPenalty/samples/00425.png 85
ucf/SoccerPenalty/samples/00426.png 85
ucf/SoccerPenalty/samples/00427.png 85
ucf/SoccerPenalty/samples/00428.png 85
ucf/SoccerPenalty/samples/00429.png 85
ucf/SoccerPenalty/samples/00430.png 85
ucf/SoccerPenalty/samples/00431.png 85
ucf/SoccerPenalty/samples/00432.png 85
ucf/SoccerPenalty/samples/00433.png 85
ucf/SoccerPenalty/samples/00434.png 85
ucf/SoccerPenalty/samples/00435.png 85
ucf/SoccerPenalty/samples/00436.png 85
ucf/SoccerPenalty/samples/00437.png 85
ucf/SoccerPenalty/samples/00438.png 85
ucf/SoccerPenalty/samples/00439.png 85
ucf/SoccerPenalty/samples/00440.png 85
ucf/SoccerPenalty/samples/00441.png 85
ucf/SoccerPenalty/samples/00442.png 85
ucf/SoccerPenalty/samples/00443.png 85
ucf/SoccerPenalty/samples/00444.png 85
ucf/SoccerPenalty/samples/00445.png 85
ucf/SoccerPenalty/samples/00446.png 85
ucf/SoccerPenalty/samples/00447.png 85
ucf/SoccerPenalty/samples/00448.png 85
ucf/SoccerPenalty/samples/00449.png 85
ucf/SoccerPenalty/samples/00450.png 85
ucf/SoccerPenalty/samples/00451.png 85
ucf/SoccerPenalty/samples/00452.png 85
ucf/SoccerPenalty/samples/00453.png 85
ucf/SoccerPenalty/samples/00454.png 85
ucf/SoccerPenalty/samples/00455.png 85
ucf/SoccerPenalty/samples/00456.png 85
ucf/SoccerPenalty/samples/00457.png 85
ucf/SoccerPenalty/samples/00458.png 85
ucf/SoccerPenalty/samples/00459.png 85
ucf/SoccerPenalty/samples/00460.png 85
ucf/SoccerPenalty/samples/00461.png 85
ucf/SoccerPenalty/samples/00462.png 85
ucf/SoccerPenalty/samples/00463.png 85
ucf/SoccerPenalty/samples/00464.png 85
ucf/SoccerPenalty/samples/00465.png 85
ucf/SoccerPenalty/samples/00466.png 85
ucf/SoccerPenalty/samples/00467.png 85
ucf/SoccerPenalty/samples/00468.png 85
ucf/SoccerPenalty/samples/00469.png 85
ucf/SoccerPenalty/samples/00470.png 85
ucf/SoccerPenalty/samples/00471.png 85
ucf/SoccerPenalty/samples/00472.png 85
ucf/SoccerPenalty/samples/00473.png 85
ucf/SoccerPenalty/samples/00474.png 85
ucf/SoccerPenalty/samples/00475.png 85
ucf/SoccerPenalty/samples/00476.png 85
ucf/SoccerPenalty/samples/00477.png 85
ucf/SoccerPenalty/samples/00478.png 85
ucf/SoccerPenalty/samples/00479.png 85
ucf/SoccerPenalty/samples/00480.png 85
ucf/SoccerPenalty/samples/00481.png 85
ucf/SoccerPenalty/samples/00482.png 85
ucf/SoccerPenalty/samples/00483.png 85
ucf/SoccerPenalty/samples/00484.png 85
ucf/SoccerPenalty/samples/00485.png 85
ucf/SoccerPenalty/samples/00486.png 85
ucf/SoccerPenalty/samples/00487.png 85
ucf/SoccerPenalty/samples/00488.png 85
ucf/SoccerPenalty/samples/00489.png 85
ucf/SoccerPenalty/samples/00490.png 85
ucf/SoccerPenalty/samples/00491.png 85
ucf/SoccerPenalty/samples/00492.png 85
ucf/SoccerPenalty/samples/00493.png 85
ucf/SoccerPenalty/samples/00494.png 85
ucf/SoccerPenalty/samples/00495.png 85
ucf/SoccerPenalty/samples/00496.png 85
ucf/SoccerPenalty/samples/00497.png 85
ucf/SoccerPenalty/samples/00498.png 85
ucf/SoccerPenalty/samples/00499.png 85
ucf/SoccerPenalty/samples/00500.png 85
ucf/SoccerPenalty/samples/00501.png 85
ucf/SoccerPenalty/samples/00502.png 85
ucf/SoccerPenalty/samples/00503.png 85
ucf/SoccerPenalty/samples/00504.png 85
ucf/SoccerPenalty/samples/00505.png 85
ucf/SoccerPenalty/samples/00506.png 85
ucf/SoccerPenalty/samples/00507.png 85
ucf/SoccerPenalty/samples/00508.png 85
ucf/SoccerPenalty/samples/00509.png 85
ucf/SoccerPenalty/samples/00510.png 85
ucf/SoccerPenalty/samples/00511.png 85
ucf/SoccerPenalty/samples/00512.png 85
ucf/SoccerPenalty/samples/00513.png 85
ucf/SoccerPenalty/samples/00514.png 85
ucf/SoccerPenalty/samples/00515.png 85
ucf/SoccerPenalty/samples/00516.png 85
ucf/SoccerPenalty/samples/00517.png 85
ucf/SoccerPenalty/samples/00518.png 85
ucf/SoccerPenalty/samples/00519.png 85
ucf/SoccerPenalty/samples/00520.png 85
ucf/SoccerPenalty/samples/00521.png 85
ucf/SoccerPenalty/samples/00522.png 85
ucf/SoccerPenalty/samples/00523.png 85
ucf/SoccerPenalty/samples/00524.png 85
ucf/SoccerPenalty/samples/00525.png 85
ucf/SoccerPenalty/samples/00526.png 85
ucf/SoccerPenalty/samples/00527.png 85
ucf/SoccerPenalty/samples/00528.png 85
ucf/SoccerPenalty/samples/00529.png 85
ucf/SoccerPenalty/samples/00530.png 85
ucf/SoccerPenalty/samples/00531.png 85
ucf/SoccerPenalty/samples/00532.png 85
ucf/SoccerPenalty/samples/00533.png 85
ucf/SoccerPenalty/samples/00534.png 85
ucf/SoccerPenalty/samples/00535.png 85
ucf/SoccerPenalty/samples/00536.png 85
ucf/SoccerPenalty/samples/00537.png 85
ucf/SoccerPenalty/samples/00538.png 85
ucf/SoccerPenalty/samples/00539.png 85
ucf/SoccerPenalty/samples/00540.png 85
ucf/SoccerPenalty/samples/00541.png 85
ucf/SoccerPenalty/samples/00542.png 85
ucf/SoccerPenalty/samples/00543.png 85
ucf/SoccerPenalty/samples/00544.png 85
ucf/SoccerPenalty/samples/00545.png 85
ucf/SoccerPenalty/samples/00546.png 85
ucf/SoccerPenalty/samples/00547.png 85
ucf/SoccerPenalty/samples/00548.png 85
ucf/SoccerPenalty/samples/00549.png 85
ucf/SoccerPenalty/samples/00550.png 85
ucf/SoccerPenalty/samples/00551.png 85
ucf/SoccerPenalty/samples/00552.png 85
ucf/SoccerPenalty/samples/00553.png 85
ucf/SoccerPenalty/samples/00554.png 85
ucf/SoccerPenalty/samples/00555.png 85
ucf/SoccerPenalty/samples/00556.png 85
ucf/SoccerPenalty/samples/00557.png 85
ucf/SoccerPenalty/samples/00558.png 85
ucf/SoccerPenalty/samples/00559.png 85
ucf/SoccerPenalty/samples/00560.png 85
ucf/SoccerPenalty/samples/00561.png 85
ucf/SoccerPenalty/samples/00562.png 85
ucf/SoccerPenalty/samples/00563.png 85
ucf/SoccerPenalty/samples/00564.png 85
ucf/SoccerPenalty/samples/00565.png 85
ucf/SoccerPenalty/samples/00566.png 85
ucf/SoccerPenalty/samples/00567.png 85
ucf/SoccerPenalty/samples/00568.png 85
ucf/SoccerPenalty/samples/00569.png 85
ucf/SoccerPenalty/samples/00570.png 85
ucf/SoccerPenalty/samples/00571.png 85
ucf/SoccerPenalty/samples/00572.png 85
ucf/SoccerPenalty/samples/00573.png 85
ucf/SoccerPenalty/samples/00574.png 85
ucf/SoccerPenalty/samples/00575.png 85
ucf/SoccerPenalty/samples/00576.png 85
ucf/SoccerPenalty/samples/00577.png 85
ucf/SoccerPenalty/samples/00578.png 85
ucf/SoccerPenalty/samples/00579.png 85
ucf/SoccerPenalty/samples/00580.png 85
ucf/SoccerPenalty/samples/00581.png 85
ucf/SoccerPenalty/samples/00582.png 85
ucf/SoccerPenalty/samples/00583.png 85
ucf/SoccerPenalty/samples/00584.png 85
ucf/SoccerPenalty/samples/00585.png 85
ucf/SoccerPenalty/samples/00586.png 85
ucf/SoccerPenalty/samples/00587.png 85
ucf/SoccerPenalty/samples/00588.png 85
ucf/SoccerPenalty/samples/00589.png 85
ucf/SoccerPenalty/samples/00590.png 85
ucf/SoccerPenalty/samples/00591.png 85
ucf/SoccerPenalty/samples/00592.png 85
ucf/SoccerPenalty/samples/00593.png 85
ucf/SoccerPenalty/samples/00594.png 85
ucf/SoccerPenalty/samples/00595.png 85
ucf/SoccerPenalty/samples/00596.png 85
ucf/SoccerPenalty/samples/00597.png 85
ucf/SoccerPenalty/samples/00598.png 85
ucf/SoccerPenalty/samples/00599.png 85
ucf/SoccerPenalty/samples/00600.png 85
ucf/SoccerPenalty/samples/00601.png 85
ucf/SoccerPenalty/samples/00602.png 85
ucf/SoccerPenalty/samples/00603.png 85
ucf/SoccerPenalty/samples/00604.png 85
ucf/SoccerPenalty/samples/00605.png 85
ucf/SoccerPenalty/samples/00606.png 85
ucf/SoccerPenalty/samples/00607.png 85
ucf/SoccerPenalty/samples/00608.png 85
ucf/SoccerPenalty/samples/00609.png 85
ucf/SoccerPenalty/samples/00610.png 85
ucf/SoccerPenalty/samples/00611.png 85
ucf/SoccerPenalty/samples/00612.png 85
ucf/SoccerPenalty/samples/00613.png 85
ucf/SoccerPenalty/samples/00614.png 85
ucf/SoccerPenalty/samples/00615.png 85
ucf/SoccerPenalty/samples/00616.png 85
ucf/SoccerPenalty/samples/00617.png 85
ucf/SoccerPenalty/samples/00618.png 85
ucf/SoccerPenalty/samples/00619.png 85
ucf/SoccerPenalty/samples/00620.png 85
ucf/SoccerPenalty/samples/00621.png 85
ucf/SoccerPenalty/samples/00622.png 85
ucf/SoccerPenalty/samples/00623.png 85
ucf/SoccerPenalty/samples/00624.png 85
ucf/SoccerPenalty/samples/00625.png 85
ucf/SoccerPenalty/samples/00626.png 85
ucf/SoccerPenalty/samples/00627.png 85
ucf/SoccerPenalty/samples/00628.png 85
ucf/SoccerPenalty/samples/00629.png 85
ucf/SoccerPenalty/samples/00630.png 85
ucf/SoccerPenalty/samples/00631.png 85
ucf/SoccerPenalty/samples/00632.png 85
ucf/SoccerPenalty/samples/00633.png 85
ucf/SoccerPenalty/samples/00634.png 85
ucf/SoccerPenalty/samples/00635.png 85
ucf/SoccerPenalty/samples/00636.png 85
ucf/SoccerPenalty/samples/00637.png 85
ucf/SoccerPenalty/samples/00638.png 85
ucf/SoccerPenalty/samples/00639.png 85
ucf/SoccerPenalty/samples/00640.png 85
ucf/SoccerPenalty/samples/00641.png 85
ucf/SoccerPenalty/samples/00642.png 85
ucf/SoccerPenalty/samples/00643.png 85
ucf/SoccerPenalty/samples/00644.png 85
ucf/SoccerPenalty/samples/00645.png 85
ucf/SoccerPenalty/samples/00646.png 85
ucf/SoccerPenalty/samples/00647.png 85
ucf/SoccerPenalty/samples/00648.png 85
ucf/SoccerPenalty/samples/00649.png 85
ucf/SoccerPenalty/samples/00650.png 85
ucf/SoccerPenalty/samples/00651.png 85
ucf/SoccerPenalty/samples/00652.png 85
ucf/SoccerPenalty/samples/00653.png 85
ucf/SoccerPenalty/samples/00654.png 85
ucf/SoccerPenalty/samples/00655.png 85
ucf/SoccerPenalty/samples/00656.png 85
ucf/SoccerPenalty/samples/00657.png 85
ucf/SoccerPenalty/samples/00658.png 85
ucf/SoccerPenalty/samples/00659.png 85
ucf/SoccerPenalty/samples/00660.png 85
ucf/SoccerPenalty/samples/00661.png 85
ucf/SoccerPenalty/samples/00662.png 85
ucf/SoccerPenalty/samples/00663.png 85
ucf/SoccerPenalty/samples/00664.png 85
ucf/SoccerPenalty/samples/00665.png 85
ucf/SoccerPenalty/samples/00666.png 85
ucf/SoccerPenalty/samples/00667.png 85
ucf/SoccerPenalty/samples/00668.png 85
ucf/SoccerPenalty/samples/00669.png 85
ucf/SoccerPenalty/samples/00670.png 85
ucf/SoccerPenalty/samples/00671.png 85
ucf/SoccerPenalty/samples/00672.png 85
ucf/SoccerPenalty/samples/00673.png 85
ucf/SoccerPenalty/samples/00674.png 85
ucf/SoccerPenalty/samples/00675.png 85
ucf/SoccerPenalty/samples/00676.png 85
ucf/SoccerPenalty/samples/00677.png 85
ucf/SoccerPenalty/samples/00678.png 85
ucf/SoccerPenalty/samples/00679.png 85
ucf/SoccerPenalty/samples/00680.png 85
ucf/SoccerPenalty/samples/00681.png 85
ucf/SoccerPenalty/samples/00682.png 85
ucf/SoccerPenalty/samples/00683.png 85
ucf/SoccerPenalty/samples/00684.png 85
ucf/SoccerPenalty/samples/00685.png 85
ucf/SoccerPenalty/samples/00686.png 85
ucf/SoccerPenalty/samples/00687.png 85
ucf/SoccerPenalty/samples/00688.png 85
ucf/SoccerPenalty/samples/00689.png 85
ucf/SoccerPenalty/samples/00690.png 85
ucf/SoccerPenalty/samples/00691.png 85
ucf/SoccerPenalty/samples/00692.png 85
ucf/SoccerPenalty/samples/00693.png 85
ucf/SoccerPenalty/samples/00694.png 85
ucf/SoccerPenalty/samples/00695.png 85
ucf/SoccerPenalty/samples/00696.png 85
ucf/SoccerPenalty/samples/00697.png 85
ucf/SoccerPenalty/samples/00698.png 85
ucf/SoccerPenalty/samples/00699.png 85
ucf/SoccerPenalty/samples/00700.png 85
ucf/SoccerPenalty/samples/00701.png 85
ucf/SoccerPenalty/samples/00702.png 85
ucf/SoccerPenalty/samples/00703.png 85
ucf/SoccerPenalty/samples/00704.png 85
ucf/SoccerPenalty/samples/00705.png 85
ucf/SoccerPenalty/samples/00706.png 85
ucf/SoccerPenalty/samples/00707.png 85
ucf/SoccerPenalty/samples/00708.png 85
ucf/SoccerPenalty/samples/00709.png 85
ucf/SoccerPenalty/samples/00710.png 85
ucf/SoccerPenalty/samples/00711.png 85
ucf/SoccerPenalty/samples/00712.png 85
ucf/SoccerPenalty/samples/00713.png 85
ucf/SoccerPenalty/samples/00714.png 85
ucf/SoccerPenalty/samples/00715.png 85
ucf/SoccerPenalty/samples/00716.png 85
ucf/SoccerPenalty/samples/00717.png 85
ucf/SoccerPenalty/samples/00718.png 85
ucf/SoccerPenalty/samples/00719.png 85
ucf/SoccerPenalty/samples/00720.png 85
ucf/SoccerPenalty/samples/00721.png 85
ucf/SoccerPenalty/samples/00722.png 85
ucf/SoccerPenalty/samples/00723.png 85
ucf/SoccerPenalty/samples/00724.png 85
ucf/SoccerPenalty/samples/00725.png 85
ucf/SoccerPenalty/samples/00726.png 85
ucf/SoccerPenalty/samples/00727.png 85
ucf/SoccerPenalty/samples/00728.png 85
ucf/SoccerPenalty/samples/00729.png 85
ucf/SoccerPenalty/samples/00730.png 85
ucf/SoccerPenalty/samples/00731.png 85
ucf/SoccerPenalty/samples/00732.png 85
ucf/SoccerPenalty/samples/00733.png 85
ucf/SoccerPenalty/samples/00734.png 85
ucf/SoccerPenalty/samples/00735.png 85
ucf/SoccerPenalty/samples/00736.png 85
ucf/SoccerPenalty/samples/00737.png 85
ucf/SoccerPenalty/samples/00738.png 85
ucf/SoccerPenalty/samples/00739.png 85
ucf/SoccerPenalty/samples/00740.png 85
ucf/SoccerPenalty/samples/00741.png 85
ucf/SoccerPenalty/samples/00742.png 85
ucf/SoccerPenalty/samples/00743.png 85
ucf/SoccerPenalty/samples/00744.png 85
ucf/SoccerPenalty/samples/00745.png 85
ucf/SoccerPenalty/samples/00746.png 85
ucf/SoccerPenalty/samples/00747.png 85
ucf/SoccerPenalty/samples/00748.png 85
ucf/SoccerPenalty/samples/00749.png 85
ucf/SoccerPenalty/samples/00750.png 85
ucf/SoccerPenalty/samples/00751.png 85
ucf/SoccerPenalty/samples/00752.png 85
ucf/SoccerPenalty/samples/00753.png 85
ucf/SoccerPenalty/samples/00754.png 85
ucf/SoccerPenalty/samples/00755.png 85
ucf/SoccerPenalty/samples/00756.png 85
ucf/SoccerPenalty/samples/00757.png 85
ucf/SoccerPenalty/samples/00758.png 85
ucf/SoccerPenalty/samples/00759.png 85
ucf/SoccerPenalty/samples/00760.png 85
ucf/SoccerPenalty/samples/00761.png 85
ucf/SoccerPenalty/samples/00762.png 85
ucf/SoccerPenalty/samples/00763.png 85
ucf/SoccerPenalty/samples/00764.png 85
ucf/SoccerPenalty/samples/00765.png 85
ucf/SoccerPenalty/samples/00766.png 85
ucf/SoccerPenalty/samples/00767.png 85
ucf/SoccerPenalty/samples/00768.png 85
ucf/SoccerPenalty/samples/00769.png 85
ucf/SoccerPenalty/samples/00770.png 85
ucf/SoccerPenalty/samples/00771.png 85
ucf/SoccerPenalty/samples/00772.png 85
ucf/SoccerPenalty/samples/00773.png 85
ucf/SoccerPenalty/samples/00774.png 85
ucf/SoccerPenalty/samples/00775.png 85
ucf/SoccerPenalty/samples/00776.png 85
ucf/SoccerPenalty/samples/00777.png 85
ucf/SoccerPenalty/samples/00778.png 85
ucf/SoccerPenalty/samples/00779.png 85
ucf/SoccerPenalty/samples/00780.png 85
ucf/SoccerPenalty/samples/00781.png 85
ucf/SoccerPenalty/samples/00782.png 85
ucf/SoccerPenalty/samples/00783.png 85
ucf/SoccerPenalty/samples/00784.png 85
ucf/SoccerPenalty/samples/00785.png 85
ucf/SoccerPenalty/samples/00786.png 85
ucf/SoccerPenalty/samples/00787.png 85
ucf/SoccerPenalty/samples/00788.png 85
ucf/SoccerPenalty/samples/00789.png 85
ucf/SoccerPenalty/samples/00790.png 85
ucf/SoccerPenalty/samples/00791.png 85
ucf/SoccerPenalty/samples/00792.png 85
ucf/SoccerPenalty/samples/00793.png 85
ucf/SoccerPenalty/samples/00794.png 85
ucf/SoccerPenalty/samples/00795.png 85
ucf/SoccerPenalty/samples/00796.png 85
ucf/SoccerPenalty/samples/00797.png 85
ucf/SoccerPenalty/samples/00798.png 85
ucf/SoccerPenalty/samples/00799.png 85
ucf/SoccerPenalty/samples/00800.png 85
ucf/SoccerPenalty/samples/00801.png 85
ucf/SoccerPenalty/samples/00802.png 85
ucf/SoccerPenalty/samples/00803.png 85
ucf/SoccerPenalty/samples/00804.png 85
ucf/SoccerPenalty/samples/00805.png 85
ucf/SoccerPenalty/samples/00806.png 85
ucf/SoccerPenalty/samples/00807.png 85
ucf/SoccerPenalty/samples/00808.png 85
ucf/SoccerPenalty/samples/00809.png 85
ucf/SoccerPenalty/samples/00810.png 85
ucf/SoccerPenalty/samples/00811.png 85
ucf/SoccerPenalty/samples/00812.png 85
ucf/SoccerPenalty/samples/00813.png 85
ucf/SoccerPenalty/samples/00814.png 85
ucf/SoccerPenalty/samples/00815.png 85
ucf/SoccerPenalty/samples/00816.png 85
ucf/SoccerPenalty/samples/00817.png 85
ucf/SoccerPenalty/samples/00818.png 85
ucf/SoccerPenalty/samples/00819.png 85
ucf/SoccerPenalty/samples/00820.png 85
ucf/SoccerPenalty/samples/00821.png 85
ucf/SoccerPenalty/samples/00822.png 85
ucf/SoccerPenalty/samples/00823.png 85
ucf/SoccerPenalty/samples/00824.png 85
ucf/SoccerPenalty/samples/00825.png 85
ucf/SoccerPenalty/samples/00826.png 85
ucf/SoccerPenalty/samples/00827.png 85
ucf/SoccerPenalty/samples/00828.png 85
ucf/SoccerPenalty/samples/00829.png 85
ucf/SoccerPenalty/samples/00830.png 85
ucf/SoccerPenalty/samples/00831.png 85
ucf/SoccerPenalty/samples/00832.png 85
ucf/SoccerPenalty/samples/00833.png 85
ucf/SoccerPenalty/samples/00834.png 85
ucf/SoccerPenalty/samples/00835.png 85
ucf/SoccerPenalty/samples/00836.png 85
ucf/SoccerPenalty/samples/00837.png 85
ucf/SoccerPenalty/samples/00838.png 85
ucf/SoccerPenalty/samples/00839.png 85
ucf/SoccerPenalty/samples/00840.png 85
ucf/SoccerPenalty/samples/00841.png 85
ucf/SoccerPenalty/samples/00842.png 85
ucf/SoccerPenalty/samples/00843.png 85
ucf/SoccerPenalty/samples/00844.png 85
ucf/SoccerPenalty/samples/00845.png 85
ucf/SoccerPenalty/samples/00846.png 85
ucf/SoccerPenalty/samples/00847.png 85
ucf/SoccerPenalty/samples/00848.png 85
ucf/SoccerPenalty/samples/00849.png 85
ucf/SoccerPenalty/samples/00850.png 85
ucf/SoccerPenalty/samples/00851.png 85
ucf/SoccerPenalty/samples/00852.png 85
ucf/SoccerPenalty/samples/00853.png 85
ucf/SoccerPenalty/samples/00854.png 85
ucf/SoccerPenalty/samples/00855.png 85
ucf/SoccerPenalty/samples/00856.png 85
ucf/SoccerPenalty/samples/00857.png 85
ucf/SoccerPenalty/samples/00858.png 85
ucf/SoccerPenalty/samples/00859.png 85
ucf/SoccerPenalty/samples/00860.png 85
ucf/SoccerPenalty/samples/00861.png 85
ucf/SoccerPenalty/samples/00862.png 85
ucf/SoccerPenalty/samples/00863.png 85
ucf/SoccerPenalty/samples/00864.png 85
ucf/SoccerPenalty/samples/00865.png 85
ucf/SoccerPenalty/samples/00866.png 85
ucf/SoccerPenalty/samples/00867.png 85
ucf/SoccerPenalty/samples/00868.png 85
ucf/SoccerPenalty/samples/00869.png 85
ucf/SoccerPenalty/samples/00870.png 85
ucf/SoccerPenalty/samples/00871.png 85
ucf/SoccerPenalty/samples/00872.png 85
ucf/SoccerPenalty/samples/00873.png 85
ucf/SoccerPenalty/samples/00874.png 85
ucf/SoccerPenalty/samples/00875.png 85
ucf/SoccerPenalty/samples/00876.png 85
ucf/SoccerPenalty/samples/00877.png 85
ucf/SoccerPenalty/samples/00878.png 85
ucf/SoccerPenalty/samples/00879.png 85
ucf/SoccerPenalty/samples/00880.png 85
ucf/SoccerPenalty/samples/00881.png 85
ucf/SoccerPenalty/samples/00882.png 85
ucf/SoccerPenalty/samples/00883.png 85
ucf/SoccerPenalty/samples/00884.png 85
ucf/SoccerPenalty/samples/00885.png 85
ucf/SoccerPenalty/samples/00886.png 85
ucf/SoccerPenalty/samples/00887.png 85
ucf/SoccerPenalty/samples/00888.png 85
ucf/SoccerPenalty/samples/00889.png 85
ucf/SoccerPenalty/samples/00890.png 85
ucf/SoccerPenalty/samples/00891.png 85
ucf/SoccerPenalty/samples/00892.png 85
ucf/SoccerPenalty/samples/00893.png 85
ucf/SoccerPenalty/samples/00894.png 85
ucf/SoccerPenalty/samples/00895.png 85
ucf/SoccerPenalty/samples/00896.png 85
ucf/SoccerPenalty/samples/00897.png 85
ucf/SoccerPenalty/samples/00898.png 85
ucf/SoccerPenalty/samples/00899.png 85
ucf/SoccerPenalty/samples/00900.png 85
ucf/SoccerPenalty/samples/00901.png 85
ucf/SoccerPenalty/samples/00902.png 85
ucf/SoccerPenalty/samples/00903.png 85
ucf/SoccerPenalty/samples/00904.png 85
ucf/SoccerPenalty/samples/00905.png 85
ucf/SoccerPenalty/samples/00906.png 85
ucf/SoccerPenalty/samples/00907.png 85
ucf/SoccerPenalty/samples/00908.png 85
ucf/SoccerPenalty/samples/00909.png 85
ucf/SoccerPenalty/samples/00910.png 85
ucf/SoccerPenalty/samples/00911.png 85
ucf/SoccerPenalty/samples/00912.png 85
ucf/SoccerPenalty/samples/00913.png 85
ucf/SoccerPenalty/samples/00914.png 85
ucf/SoccerPenalty/samples/00915.png 85
ucf/SoccerPenalty/samples/00916.png 85
ucf/SoccerPenalty/samples/00917.png 85
ucf/SoccerPenalty/samples/00918.png 85
ucf/SoccerPenalty/samples/00919.png 85
ucf/SoccerPenalty/samples/00920.png 85
ucf/SoccerPenalty/samples/00921.png 85
ucf/SoccerPenalty/samples/00922.png 85
ucf/SoccerPenalty/samples/00923.png 85
ucf/SoccerPenalty/samples/00924.png 85
ucf/SoccerPenalty/samples/00925.png 85
ucf/SoccerPenalty/samples/00926.png 85
ucf/SoccerPenalty/samples/00927.png 85
ucf/SoccerPenalty/samples/00928.png 85
ucf/SoccerPenalty/samples/00929.png 85
ucf/SoccerPenalty/samples/00930.png 85
ucf/SoccerPenalty/samples/00931.png 85
ucf/SoccerPenalty/samples/00932.png 85
ucf/SoccerPenalty/samples/00933.png 85
ucf/SoccerPenalty/samples/00934.png 85
ucf/SoccerPenalty/samples/00935.png 85
ucf/SoccerPenalty/samples/00936.png 85
ucf/SoccerPenalty/samples/00937.png 85
ucf/SoccerPenalty/samples/00938.png 85
ucf/SoccerPenalty/samples/00939.png 85
ucf/SoccerPenalty/samples/00940.png 85
ucf/SoccerPenalty/samples/00941.png 85
ucf/SoccerPenalty/samples/00942.png 85
ucf/SoccerPenalty/samples/00943.png 85
ucf/SoccerPenalty/samples/00944.png 85
ucf/SoccerPenalty/samples/00945.png 85
ucf/SoccerPenalty/samples/00946.png 85
ucf/SoccerPenalty/samples/00947.png 85
ucf/SoccerPenalty/samples/00948.png 85
ucf/SoccerPenalty/samples/00949.png 85
ucf/SoccerPenalty/samples/00950.png 85
ucf/SoccerPenalty/samples/00951.png 85
ucf/SoccerPenalty/samples/00952.png 85
ucf/SoccerPenalty/samples/00953.png 85
ucf/SoccerPenalty/samples/00954.png 85
ucf/SoccerPenalty/samples/00955.png 85
ucf/SoccerPenalty/samples/00956.png 85
ucf/SoccerPenalty/samples/00957.png 85
ucf/SoccerPenalty/samples/00958.png 85
ucf/SoccerPenalty/samples/00959.png 85
ucf/SoccerPenalty/samples/00960.png 85
ucf/SoccerPenalty/samples/00961.png 85
ucf/SoccerPenalty/samples/00962.png 85
ucf/SoccerPenalty/samples/00963.png 85
ucf/SoccerPenalty/samples/00964.png 85
ucf/SoccerPenalty/samples/00965.png 85
ucf/SoccerPenalty/samples/00966.png 85
ucf/SoccerPenalty/samples/00967.png 85
ucf/SoccerPenalty/samples/00968.png 85
ucf/SoccerPenalty/samples/00969.png 85
ucf/SoccerPenalty/samples/00970.png 85
ucf/SoccerPenalty/samples/00971.png 85
ucf/SoccerPenalty/samples/00972.png 85
ucf/SoccerPenalty/samples/00973.png 85
ucf/SoccerPenalty/samples/00974.png 85
ucf/SoccerPenalty/samples/00975.png 85
ucf/SoccerPenalty/samples/00976.png 85
ucf/SoccerPenalty/samples/00977.png 85
ucf/SoccerPenalty/samples/00978.png 85
ucf/SoccerPenalty/samples/00979.png 85
ucf/SoccerPenalty/samples/00980.png 85
ucf/SoccerPenalty/samples/00981.png 85
ucf/SoccerPenalty/samples/00982.png 85
ucf/SoccerPenalty/samples/00983.png 85
ucf/SoccerPenalty/samples/00984.png 85
ucf/SoccerPenalty/samples/00985.png 85
ucf/SoccerPenalty/samples/00986.png 85
ucf/SoccerPenalty/samples/00987.png 85
ucf/SoccerPenalty/samples/00988.png 85
ucf/SoccerPenalty/samples/00989.png 85
ucf/SoccerPenalty/samples/00990.png 85
ucf/SoccerPenalty/samples/00991.png 85
ucf/SoccerPenalty/samples/00992.png 85
ucf/SoccerPenalty/samples/00993.png 85
ucf/SoccerPenalty/samples/00994.png 85
ucf/SoccerPenalty/samples/00995.png 85
ucf/SoccerPenalty/samples/00996.png 85
ucf/SoccerPenalty/samples/00997.png 85
ucf/SoccerPenalty/samples/00998.png 85
ucf/SoccerPenalty/samples/00999.png 85
ucf/PlayingViolin/samples/00000.png 67
ucf/PlayingViolin/samples/00001.png 67
ucf/PlayingViolin/samples/00002.png 67
ucf/PlayingViolin/samples/00003.png 67
ucf/PlayingViolin/samples/00004.png 67
ucf/PlayingViolin/samples/00005.png 67
ucf/PlayingViolin/samples/00006.png 67
ucf/PlayingViolin/samples/00007.png 67
ucf/PlayingViolin/samples/00008.png 67
ucf/PlayingViolin/samples/00009.png 67
ucf/PlayingViolin/samples/00010.png 67
ucf/PlayingViolin/samples/00011.png 67
ucf/PlayingViolin/samples/00012.png 67
ucf/PlayingViolin/samples/00013.png 67
ucf/PlayingViolin/samples/00014.png 67
ucf/PlayingViolin/samples/00015.png 67
ucf/PlayingViolin/samples/00016.png 67
ucf/PlayingViolin/samples/00017.png 67
ucf/PlayingViolin/samples/00018.png 67
ucf/PlayingViolin/samples/00019.png 67
ucf/PlayingViolin/samples/00020.png 67
ucf/PlayingViolin/samples/00021.png 67
ucf/PlayingViolin/samples/00022.png 67
ucf/PlayingViolin/samples/00023.png 67
ucf/PlayingViolin/samples/00024.png 67
ucf/PlayingViolin/samples/00025.png 67
ucf/PlayingViolin/samples/00026.png 67
ucf/PlayingViolin/samples/00027.png 67
ucf/PlayingViolin/samples/00028.png 67
ucf/PlayingViolin/samples/00029.png 67
ucf/PlayingViolin/samples/00030.png 67
ucf/PlayingViolin/samples/00031.png 67
ucf/PlayingViolin/samples/00032.png 67
ucf/PlayingViolin/samples/00033.png 67
ucf/PlayingViolin/samples/00034.png 67
ucf/PlayingViolin/samples/00035.png 67
ucf/PlayingViolin/samples/00036.png 67
ucf/PlayingViolin/samples/00037.png 67
ucf/PlayingViolin/samples/00038.png 67
ucf/PlayingViolin/samples/00039.png 67
ucf/PlayingViolin/samples/00040.png 67
ucf/PlayingViolin/samples/00041.png 67
ucf/PlayingViolin/samples/00042.png 67
ucf/PlayingViolin/samples/00043.png 67
ucf/PlayingViolin/samples/00044.png 67
ucf/PlayingViolin/samples/00045.png 67
ucf/PlayingViolin/samples/00046.png 67
ucf/PlayingViolin/samples/00047.png 67
ucf/PlayingViolin/samples/00048.png 67
ucf/PlayingViolin/samples/00049.png 67
ucf/PlayingViolin/samples/00050.png 67
ucf/PlayingViolin/samples/00051.png 67
ucf/PlayingViolin/samples/00052.png 67
ucf/PlayingViolin/samples/00053.png 67
ucf/PlayingViolin/samples/00054.png 67
ucf/PlayingViolin/samples/00055.png 67
ucf/PlayingViolin/samples/00056.png 67
ucf/PlayingViolin/samples/00057.png 67
ucf/PlayingViolin/samples/00058.png 67
ucf/PlayingViolin/samples/00059.png 67
ucf/PlayingViolin/samples/00060.png 67
ucf/PlayingViolin/samples/00061.png 67
ucf/PlayingViolin/samples/00062.png 67
ucf/PlayingViolin/samples/00063.png 67
ucf/PlayingViolin/samples/00064.png 67
ucf/PlayingViolin/samples/00065.png 67
ucf/PlayingViolin/samples/00066.png 67
ucf/PlayingViolin/samples/00067.png 67
ucf/PlayingViolin/samples/00068.png 67
ucf/PlayingViolin/samples/00069.png 67
ucf/PlayingViolin/samples/00070.png 67
ucf/PlayingViolin/samples/00071.png 67
ucf/PlayingViolin/samples/00072.png 67
ucf/PlayingViolin/samples/00073.png 67
ucf/PlayingViolin/samples/00074.png 67
ucf/PlayingViolin/samples/00075.png 67
ucf/PlayingViolin/samples/00076.png 67
ucf/PlayingViolin/samples/00077.png 67
ucf/PlayingViolin/samples/00078.png 67
ucf/PlayingViolin/samples/00079.png 67
ucf/PlayingViolin/samples/00080.png 67
ucf/PlayingViolin/samples/00081.png 67
ucf/PlayingViolin/samples/00082.png 67
ucf/PlayingViolin/samples/00083.png 67
ucf/PlayingViolin/samples/00084.png 67
ucf/PlayingViolin/samples/00085.png 67
ucf/PlayingViolin/samples/00086.png 67
ucf/PlayingViolin/samples/00087.png 67
ucf/PlayingViolin/samples/00088.png 67
ucf/PlayingViolin/samples/00089.png 67
ucf/PlayingViolin/samples/00090.png 67
ucf/PlayingViolin/samples/00091.png 67
ucf/PlayingViolin/samples/00092.png 67
ucf/PlayingViolin/samples/00093.png 67
ucf/PlayingViolin/samples/00094.png 67
ucf/PlayingViolin/samples/00095.png 67
ucf/PlayingViolin/samples/00096.png 67
ucf/PlayingViolin/samples/00097.png 67
ucf/PlayingViolin/samples/00098.png 67
ucf/PlayingViolin/samples/00099.png 67
ucf/PlayingViolin/samples/00100.png 67
ucf/PlayingViolin/samples/00101.png 67
ucf/PlayingViolin/samples/00102.png 67
ucf/PlayingViolin/samples/00103.png 67
ucf/PlayingViolin/samples/00104.png 67
ucf/PlayingViolin/samples/00105.png 67
ucf/PlayingViolin/samples/00106.png 67
ucf/PlayingViolin/samples/00107.png 67
ucf/PlayingViolin/samples/00108.png 67
ucf/PlayingViolin/samples/00109.png 67
ucf/PlayingViolin/samples/00110.png 67
ucf/PlayingViolin/samples/00111.png 67
ucf/PlayingViolin/samples/00112.png 67
ucf/PlayingViolin/samples/00113.png 67
ucf/PlayingViolin/samples/00114.png 67
ucf/PlayingViolin/samples/00115.png 67
ucf/PlayingViolin/samples/00116.png 67
ucf/PlayingViolin/samples/00117.png 67
ucf/PlayingViolin/samples/00118.png 67
ucf/PlayingViolin/samples/00119.png 67
ucf/PlayingViolin/samples/00120.png 67
ucf/PlayingViolin/samples/00121.png 67
ucf/PlayingViolin/samples/00122.png 67
ucf/PlayingViolin/samples/00123.png 67
ucf/PlayingViolin/samples/00124.png 67
ucf/PlayingViolin/samples/00125.png 67
ucf/PlayingViolin/samples/00126.png 67
ucf/PlayingViolin/samples/00127.png 67
ucf/PlayingViolin/samples/00128.png 67
ucf/PlayingViolin/samples/00129.png 67
ucf/PlayingViolin/samples/00130.png 67
ucf/PlayingViolin/samples/00131.png 67
ucf/PlayingViolin/samples/00132.png 67
ucf/PlayingViolin/samples/00133.png 67
ucf/PlayingViolin/samples/00134.png 67
ucf/PlayingViolin/samples/00135.png 67
ucf/PlayingViolin/samples/00136.png 67
ucf/PlayingViolin/samples/00137.png 67
ucf/PlayingViolin/samples/00138.png 67
ucf/PlayingViolin/samples/00139.png 67
ucf/PlayingViolin/samples/00140.png 67
ucf/PlayingViolin/samples/00141.png 67
ucf/PlayingViolin/samples/00142.png 67
ucf/PlayingViolin/samples/00143.png 67
ucf/PlayingViolin/samples/00144.png 67
ucf/PlayingViolin/samples/00145.png 67
ucf/PlayingViolin/samples/00146.png 67
ucf/PlayingViolin/samples/00147.png 67
ucf/PlayingViolin/samples/00148.png 67
ucf/PlayingViolin/samples/00149.png 67
ucf/PlayingViolin/samples/00150.png 67
ucf/PlayingViolin/samples/00151.png 67
ucf/PlayingViolin/samples/00152.png 67
ucf/PlayingViolin/samples/00153.png 67
ucf/PlayingViolin/samples/00154.png 67
ucf/PlayingViolin/samples/00155.png 67
ucf/PlayingViolin/samples/00156.png 67
ucf/PlayingViolin/samples/00157.png 67
ucf/PlayingViolin/samples/00158.png 67
ucf/PlayingViolin/samples/00159.png 67
ucf/PlayingViolin/samples/00160.png 67
ucf/PlayingViolin/samples/00161.png 67
ucf/PlayingViolin/samples/00162.png 67
ucf/PlayingViolin/samples/00163.png 67
ucf/PlayingViolin/samples/00164.png 67
ucf/PlayingViolin/samples/00165.png 67
ucf/PlayingViolin/samples/00166.png 67
ucf/PlayingViolin/samples/00167.png 67
ucf/PlayingViolin/samples/00168.png 67
ucf/PlayingViolin/samples/00169.png 67
ucf/PlayingViolin/samples/00170.png 67
ucf/PlayingViolin/samples/00171.png 67
ucf/PlayingViolin/samples/00172.png 67
ucf/PlayingViolin/samples/00173.png 67
ucf/PlayingViolin/samples/00174.png 67
ucf/PlayingViolin/samples/00175.png 67
ucf/PlayingViolin/samples/00176.png 67
ucf/PlayingViolin/samples/00177.png 67
ucf/PlayingViolin/samples/00178.png 67
ucf/PlayingViolin/samples/00179.png 67
ucf/PlayingViolin/samples/00180.png 67
ucf/PlayingViolin/samples/00181.png 67
ucf/PlayingViolin/samples/00182.png 67
ucf/PlayingViolin/samples/00183.png 67
ucf/PlayingViolin/samples/00184.png 67
ucf/PlayingViolin/samples/00185.png 67
ucf/PlayingViolin/samples/00186.png 67
ucf/PlayingViolin/samples/00187.png 67
ucf/PlayingViolin/samples/00188.png 67
ucf/PlayingViolin/samples/00189.png 67
ucf/PlayingViolin/samples/00190.png 67
ucf/PlayingViolin/samples/00191.png 67
ucf/PlayingViolin/samples/00192.png 67
ucf/PlayingViolin/samples/00193.png 67
ucf/PlayingViolin/samples/00194.png 67
ucf/PlayingViolin/samples/00195.png 67
ucf/PlayingViolin/samples/00196.png 67
ucf/PlayingViolin/samples/00197.png 67
ucf/PlayingViolin/samples/00198.png 67
ucf/PlayingViolin/samples/00199.png 67
ucf/PlayingViolin/samples/00200.png 67
ucf/PlayingViolin/samples/00201.png 67
ucf/PlayingViolin/samples/00202.png 67
ucf/PlayingViolin/samples/00203.png 67
ucf/PlayingViolin/samples/00204.png 67
ucf/PlayingViolin/samples/00205.png 67
ucf/PlayingViolin/samples/00206.png 67
ucf/PlayingViolin/samples/00207.png 67
ucf/PlayingViolin/samples/00208.png 67
ucf/PlayingViolin/samples/00209.png 67
ucf/PlayingViolin/samples/00210.png 67
ucf/PlayingViolin/samples/00211.png 67
ucf/PlayingViolin/samples/00212.png 67
ucf/PlayingViolin/samples/00213.png 67
ucf/PlayingViolin/samples/00214.png 67
ucf/PlayingViolin/samples/00215.png 67
ucf/PlayingViolin/samples/00216.png 67
ucf/PlayingViolin/samples/00217.png 67
ucf/PlayingViolin/samples/00218.png 67
ucf/PlayingViolin/samples/00219.png 67
ucf/PlayingViolin/samples/00220.png 67
ucf/PlayingViolin/samples/00221.png 67
ucf/PlayingViolin/samples/00222.png 67
ucf/PlayingViolin/samples/00223.png 67
ucf/PlayingViolin/samples/00224.png 67
ucf/PlayingViolin/samples/00225.png 67
ucf/PlayingViolin/samples/00226.png 67
ucf/PlayingViolin/samples/00227.png 67
ucf/PlayingViolin/samples/00228.png 67
ucf/PlayingViolin/samples/00229.png 67
ucf/PlayingViolin/samples/00230.png 67
ucf/PlayingViolin/samples/00231.png 67
ucf/PlayingViolin/samples/00232.png 67
ucf/PlayingViolin/samples/00233.png 67
ucf/PlayingViolin/samples/00234.png 67
ucf/PlayingViolin/samples/00235.png 67
ucf/PlayingViolin/samples/00236.png 67
ucf/PlayingViolin/samples/00237.png 67
ucf/PlayingViolin/samples/00238.png 67
ucf/PlayingViolin/samples/00239.png 67
ucf/PlayingViolin/samples/00240.png 67
ucf/PlayingViolin/samples/00241.png 67
ucf/PlayingViolin/samples/00242.png 67
ucf/PlayingViolin/samples/00243.png 67
ucf/PlayingViolin/samples/00244.png 67
ucf/PlayingViolin/samples/00245.png 67
ucf/PlayingViolin/samples/00246.png 67
ucf/PlayingViolin/samples/00247.png 67
ucf/PlayingViolin/samples/00248.png 67
ucf/PlayingViolin/samples/00249.png 67
ucf/PlayingViolin/samples/00250.png 67
ucf/PlayingViolin/samples/00251.png 67
ucf/PlayingViolin/samples/00252.png 67
ucf/PlayingViolin/samples/00253.png 67
ucf/PlayingViolin/samples/00254.png 67
ucf/PlayingViolin/samples/00255.png 67
ucf/PlayingViolin/samples/00256.png 67
ucf/PlayingViolin/samples/00257.png 67
ucf/PlayingViolin/samples/00258.png 67
ucf/PlayingViolin/samples/00259.png 67
ucf/PlayingViolin/samples/00260.png 67
ucf/PlayingViolin/samples/00261.png 67
ucf/PlayingViolin/samples/00262.png 67
ucf/PlayingViolin/samples/00263.png 67
ucf/PlayingViolin/samples/00264.png 67
ucf/PlayingViolin/samples/00265.png 67
ucf/PlayingViolin/samples/00266.png 67
ucf/PlayingViolin/samples/00267.png 67
ucf/PlayingViolin/samples/00268.png 67
ucf/PlayingViolin/samples/00269.png 67
ucf/PlayingViolin/samples/00270.png 67
ucf/PlayingViolin/samples/00271.png 67
ucf/PlayingViolin/samples/00272.png 67
ucf/PlayingViolin/samples/00273.png 67
ucf/PlayingViolin/samples/00274.png 67
ucf/PlayingViolin/samples/00275.png 67
ucf/PlayingViolin/samples/00276.png 67
ucf/PlayingViolin/samples/00277.png 67
ucf/PlayingViolin/samples/00278.png 67
ucf/PlayingViolin/samples/00279.png 67
ucf/PlayingViolin/samples/00280.png 67
ucf/PlayingViolin/samples/00281.png 67
ucf/PlayingViolin/samples/00282.png 67
ucf/PlayingViolin/samples/00283.png 67
ucf/PlayingViolin/samples/00284.png 67
ucf/PlayingViolin/samples/00285.png 67
ucf/PlayingViolin/samples/00286.png 67
ucf/PlayingViolin/samples/00287.png 67
ucf/PlayingViolin/samples/00288.png 67
ucf/PlayingViolin/samples/00289.png 67
ucf/PlayingViolin/samples/00290.png 67
ucf/PlayingViolin/samples/00291.png 67
ucf/PlayingViolin/samples/00292.png 67
ucf/PlayingViolin/samples/00293.png 67
ucf/PlayingViolin/samples/00294.png 67
ucf/PlayingViolin/samples/00295.png 67
ucf/PlayingViolin/samples/00296.png 67
ucf/PlayingViolin/samples/00297.png 67
ucf/PlayingViolin/samples/00298.png 67
ucf/PlayingViolin/samples/00299.png 67
ucf/PlayingViolin/samples/00300.png 67
ucf/PlayingViolin/samples/00301.png 67
ucf/PlayingViolin/samples/00302.png 67
ucf/PlayingViolin/samples/00303.png 67
ucf/PlayingViolin/samples/00304.png 67
ucf/PlayingViolin/samples/00305.png 67
ucf/PlayingViolin/samples/00306.png 67
ucf/PlayingViolin/samples/00307.png 67
ucf/PlayingViolin/samples/00308.png 67
ucf/PlayingViolin/samples/00309.png 67
ucf/PlayingViolin/samples/00310.png 67
ucf/PlayingViolin/samples/00311.png 67
ucf/PlayingViolin/samples/00312.png 67
ucf/PlayingViolin/samples/00313.png 67
ucf/PlayingViolin/samples/00314.png 67
ucf/PlayingViolin/samples/00315.png 67
ucf/PlayingViolin/samples/00316.png 67
ucf/PlayingViolin/samples/00317.png 67
ucf/PlayingViolin/samples/00318.png 67
ucf/PlayingViolin/samples/00319.png 67
ucf/PlayingViolin/samples/00320.png 67
ucf/PlayingViolin/samples/00321.png 67
ucf/PlayingViolin/samples/00322.png 67
ucf/PlayingViolin/samples/00323.png 67
ucf/PlayingViolin/samples/00324.png 67
ucf/PlayingViolin/samples/00325.png 67
ucf/PlayingViolin/samples/00326.png 67
ucf/PlayingViolin/samples/00327.png 67
ucf/PlayingViolin/samples/00328.png 67
ucf/PlayingViolin/samples/00329.png 67
ucf/PlayingViolin/samples/00330.png 67
ucf/PlayingViolin/samples/00331.png 67
ucf/PlayingViolin/samples/00332.png 67
ucf/PlayingViolin/samples/00333.png 67
ucf/PlayingViolin/samples/00334.png 67
ucf/PlayingViolin/samples/00335.png 67
ucf/PlayingViolin/samples/00336.png 67
ucf/PlayingViolin/samples/00337.png 67
ucf/PlayingViolin/samples/00338.png 67
ucf/PlayingViolin/samples/00339.png 67
ucf/PlayingViolin/samples/00340.png 67
ucf/PlayingViolin/samples/00341.png 67
ucf/PlayingViolin/samples/00342.png 67
ucf/PlayingViolin/samples/00343.png 67
ucf/PlayingViolin/samples/00344.png 67
ucf/PlayingViolin/samples/00345.png 67
ucf/PlayingViolin/samples/00346.png 67
ucf/PlayingViolin/samples/00347.png 67
ucf/PlayingViolin/samples/00348.png 67
ucf/PlayingViolin/samples/00349.png 67
ucf/PlayingViolin/samples/00350.png 67
ucf/PlayingViolin/samples/00351.png 67
ucf/PlayingViolin/samples/00352.png 67
ucf/PlayingViolin/samples/00353.png 67
ucf/PlayingViolin/samples/00354.png 67
ucf/PlayingViolin/samples/00355.png 67
ucf/PlayingViolin/samples/00356.png 67
ucf/PlayingViolin/samples/00357.png 67
ucf/PlayingViolin/samples/00358.png 67
ucf/PlayingViolin/samples/00359.png 67
ucf/PlayingViolin/samples/00360.png 67
ucf/PlayingViolin/samples/00361.png 67
ucf/PlayingViolin/samples/00362.png 67
ucf/PlayingViolin/samples/00363.png 67
ucf/PlayingViolin/samples/00364.png 67
ucf/PlayingViolin/samples/00365.png 67
ucf/PlayingViolin/samples/00366.png 67
ucf/PlayingViolin/samples/00367.png 67
ucf/PlayingViolin/samples/00368.png 67
ucf/PlayingViolin/samples/00369.png 67
ucf/PlayingViolin/samples/00370.png 67
ucf/PlayingViolin/samples/00371.png 67
ucf/PlayingViolin/samples/00372.png 67
ucf/PlayingViolin/samples/00373.png 67
ucf/PlayingViolin/samples/00374.png 67
ucf/PlayingViolin/samples/00375.png 67
ucf/PlayingViolin/samples/00376.png 67
ucf/PlayingViolin/samples/00377.png 67
ucf/PlayingViolin/samples/00378.png 67
ucf/PlayingViolin/samples/00379.png 67
ucf/PlayingViolin/samples/00380.png 67
ucf/PlayingViolin/samples/00381.png 67
ucf/PlayingViolin/samples/00382.png 67
ucf/PlayingViolin/samples/00383.png 67
ucf/PlayingViolin/samples/00384.png 67
ucf/PlayingViolin/samples/00385.png 67
ucf/PlayingViolin/samples/00386.png 67
ucf/PlayingViolin/samples/00387.png 67
ucf/PlayingViolin/samples/00388.png 67
ucf/PlayingViolin/samples/00389.png 67
ucf/PlayingViolin/samples/00390.png 67
ucf/PlayingViolin/samples/00391.png 67
ucf/PlayingViolin/samples/00392.png 67
ucf/PlayingViolin/samples/00393.png 67
ucf/PlayingViolin/samples/00394.png 67
ucf/PlayingViolin/samples/00395.png 67
ucf/PlayingViolin/samples/00396.png 67
ucf/PlayingViolin/samples/00397.png 67
ucf/PlayingViolin/samples/00398.png 67
ucf/PlayingViolin/samples/00399.png 67
ucf/PlayingViolin/samples/00400.png 67
ucf/PlayingViolin/samples/00401.png 67
ucf/PlayingViolin/samples/00402.png 67
ucf/PlayingViolin/samples/00403.png 67
ucf/PlayingViolin/samples/00404.png 67
ucf/PlayingViolin/samples/00405.png 67
ucf/PlayingViolin/samples/00406.png 67
ucf/PlayingViolin/samples/00407.png 67
ucf/PlayingViolin/samples/00408.png 67
ucf/PlayingViolin/samples/00409.png 67
ucf/PlayingViolin/samples/00410.png 67
ucf/PlayingViolin/samples/00411.png 67
ucf/PlayingViolin/samples/00412.png 67
ucf/PlayingViolin/samples/00413.png 67
ucf/PlayingViolin/samples/00414.png 67
ucf/PlayingViolin/samples/00415.png 67
ucf/PlayingViolin/samples/00416.png 67
ucf/PlayingViolin/samples/00417.png 67
ucf/PlayingViolin/samples/00418.png 67
ucf/PlayingViolin/samples/00419.png 67
ucf/PlayingViolin/samples/00420.png 67
ucf/PlayingViolin/samples/00421.png 67
ucf/PlayingViolin/samples/00422.png 67
ucf/PlayingViolin/samples/00423.png 67
ucf/PlayingViolin/samples/00424.png 67
ucf/PlayingViolin/samples/00425.png 67
ucf/PlayingViolin/samples/00426.png 67
ucf/PlayingViolin/samples/00427.png 67
ucf/PlayingViolin/samples/00428.png 67
ucf/PlayingViolin/samples/00429.png 67
ucf/PlayingViolin/samples/00430.png 67
ucf/PlayingViolin/samples/00431.png 67
ucf/PlayingViolin/samples/00432.png 67
ucf/PlayingViolin/samples/00433.png 67
ucf/PlayingViolin/samples/00434.png 67
ucf/PlayingViolin/samples/00435.png 67
ucf/PlayingViolin/samples/00436.png 67
ucf/PlayingViolin/samples/00437.png 67
ucf/PlayingViolin/samples/00438.png 67
ucf/PlayingViolin/samples/00439.png 67
ucf/PlayingViolin/samples/00440.png 67
ucf/PlayingViolin/samples/00441.png 67
ucf/PlayingViolin/samples/00442.png 67
ucf/PlayingViolin/samples/00443.png 67
ucf/PlayingViolin/samples/00444.png 67
ucf/PlayingViolin/samples/00445.png 67
ucf/PlayingViolin/samples/00446.png 67
ucf/PlayingViolin/samples/00447.png 67
ucf/PlayingViolin/samples/00448.png 67
ucf/PlayingViolin/samples/00449.png 67
ucf/PlayingViolin/samples/00450.png 67
ucf/PlayingViolin/samples/00451.png 67
ucf/PlayingViolin/samples/00452.png 67
ucf/PlayingViolin/samples/00453.png 67
ucf/PlayingViolin/samples/00454.png 67
ucf/PlayingViolin/samples/00455.png 67
ucf/PlayingViolin/samples/00456.png 67
ucf/PlayingViolin/samples/00457.png 67
ucf/PlayingViolin/samples/00458.png 67
ucf/PlayingViolin/samples/00459.png 67
ucf/PlayingViolin/samples/00460.png 67
ucf/PlayingViolin/samples/00461.png 67
ucf/PlayingViolin/samples/00462.png 67
ucf/PlayingViolin/samples/00463.png 67
ucf/PlayingViolin/samples/00464.png 67
ucf/PlayingViolin/samples/00465.png 67
ucf/PlayingViolin/samples/00466.png 67
ucf/PlayingViolin/samples/00467.png 67
ucf/PlayingViolin/samples/00468.png 67
ucf/PlayingViolin/samples/00469.png 67
ucf/PlayingViolin/samples/00470.png 67
ucf/PlayingViolin/samples/00471.png 67
ucf/PlayingViolin/samples/00472.png 67
ucf/PlayingViolin/samples/00473.png 67
ucf/PlayingViolin/samples/00474.png 67
ucf/PlayingViolin/samples/00475.png 67
ucf/PlayingViolin/samples/00476.png 67
ucf/PlayingViolin/samples/00477.png 67
ucf/PlayingViolin/samples/00478.png 67
ucf/PlayingViolin/samples/00479.png 67
ucf/PlayingViolin/samples/00480.png 67
ucf/PlayingViolin/samples/00481.png 67
ucf/PlayingViolin/samples/00482.png 67
ucf/PlayingViolin/samples/00483.png 67
ucf/PlayingViolin/samples/00484.png 67
ucf/PlayingViolin/samples/00485.png 67
ucf/PlayingViolin/samples/00486.png 67
ucf/PlayingViolin/samples/00487.png 67
ucf/PlayingViolin/samples/00488.png 67
ucf/PlayingViolin/samples/00489.png 67
ucf/PlayingViolin/samples/00490.png 67
ucf/PlayingViolin/samples/00491.png 67
ucf/PlayingViolin/samples/00492.png 67
ucf/PlayingViolin/samples/00493.png 67
ucf/PlayingViolin/samples/00494.png 67
ucf/PlayingViolin/samples/00495.png 67
ucf/PlayingViolin/samples/00496.png 67
ucf/PlayingViolin/samples/00497.png 67
ucf/PlayingViolin/samples/00498.png 67
ucf/PlayingViolin/samples/00499.png 67
ucf/PlayingViolin/samples/00500.png 67
ucf/PlayingViolin/samples/00501.png 67
ucf/PlayingViolin/samples/00502.png 67
ucf/PlayingViolin/samples/00503.png 67
ucf/PlayingViolin/samples/00504.png 67
ucf/PlayingViolin/samples/00505.png 67
ucf/PlayingViolin/samples/00506.png 67
ucf/PlayingViolin/samples/00507.png 67
ucf/PlayingViolin/samples/00508.png 67
ucf/PlayingViolin/samples/00509.png 67
ucf/PlayingViolin/samples/00510.png 67
ucf/PlayingViolin/samples/00511.png 67
ucf/PlayingViolin/samples/00512.png 67
ucf/PlayingViolin/samples/00513.png 67
ucf/PlayingViolin/samples/00514.png 67
ucf/PlayingViolin/samples/00515.png 67
ucf/PlayingViolin/samples/00516.png 67
ucf/PlayingViolin/samples/00517.png 67
ucf/PlayingViolin/samples/00518.png 67
ucf/PlayingViolin/samples/00519.png 67
ucf/PlayingViolin/samples/00520.png 67
ucf/PlayingViolin/samples/00521.png 67
ucf/PlayingViolin/samples/00522.png 67
ucf/PlayingViolin/samples/00523.png 67
ucf/PlayingViolin/samples/00524.png 67
ucf/PlayingViolin/samples/00525.png 67
ucf/PlayingViolin/samples/00526.png 67
ucf/PlayingViolin/samples/00527.png 67
ucf/PlayingViolin/samples/00528.png 67
ucf/PlayingViolin/samples/00529.png 67
ucf/PlayingViolin/samples/00530.png 67
ucf/PlayingViolin/samples/00531.png 67
ucf/PlayingViolin/samples/00532.png 67
ucf/PlayingViolin/samples/00533.png 67
ucf/PlayingViolin/samples/00534.png 67
ucf/PlayingViolin/samples/00535.png 67
ucf/PlayingViolin/samples/00536.png 67
ucf/PlayingViolin/samples/00537.png 67
ucf/PlayingViolin/samples/00538.png 67
ucf/PlayingViolin/samples/00539.png 67
ucf/PlayingViolin/samples/00540.png 67
ucf/PlayingViolin/samples/00541.png 67
ucf/PlayingViolin/samples/00542.png 67
ucf/PlayingViolin/samples/00543.png 67
ucf/PlayingViolin/samples/00544.png 67
ucf/PlayingViolin/samples/00545.png 67
ucf/PlayingViolin/samples/00546.png 67
ucf/PlayingViolin/samples/00547.png 67
ucf/PlayingViolin/samples/00548.png 67
ucf/PlayingViolin/samples/00549.png 67
ucf/PlayingViolin/samples/00550.png 67
ucf/PlayingViolin/samples/00551.png 67
ucf/PlayingViolin/samples/00552.png 67
ucf/PlayingViolin/samples/00553.png 67
ucf/PlayingViolin/samples/00554.png 67
ucf/PlayingViolin/samples/00555.png 67
ucf/PlayingViolin/samples/00556.png 67
ucf/PlayingViolin/samples/00557.png 67
ucf/PlayingViolin/samples/00558.png 67
ucf/PlayingViolin/samples/00559.png 67
ucf/PlayingViolin/samples/00560.png 67
ucf/PlayingViolin/samples/00561.png 67
ucf/PlayingViolin/samples/00562.png 67
ucf/PlayingViolin/samples/00563.png 67
ucf/PlayingViolin/samples/00564.png 67
ucf/PlayingViolin/samples/00565.png 67
ucf/PlayingViolin/samples/00566.png 67
ucf/PlayingViolin/samples/00567.png 67
ucf/PlayingViolin/samples/00568.png 67
ucf/PlayingViolin/samples/00569.png 67
ucf/PlayingViolin/samples/00570.png 67
ucf/PlayingViolin/samples/00571.png 67
ucf/PlayingViolin/samples/00572.png 67
ucf/PlayingViolin/samples/00573.png 67
ucf/PlayingViolin/samples/00574.png 67
ucf/PlayingViolin/samples/00575.png 67
ucf/PlayingViolin/samples/00576.png 67
ucf/PlayingViolin/samples/00577.png 67
ucf/PlayingViolin/samples/00578.png 67
ucf/PlayingViolin/samples/00579.png 67
ucf/PlayingViolin/samples/00580.png 67
ucf/PlayingViolin/samples/00581.png 67
ucf/PlayingViolin/samples/00582.png 67
ucf/PlayingViolin/samples/00583.png 67
ucf/PlayingViolin/samples/00584.png 67
ucf/PlayingViolin/samples/00585.png 67
ucf/PlayingViolin/samples/00586.png 67
ucf/PlayingViolin/samples/00587.png 67
ucf/PlayingViolin/samples/00588.png 67
ucf/PlayingViolin/samples/00589.png 67
ucf/PlayingViolin/samples/00590.png 67
ucf/PlayingViolin/samples/00591.png 67
ucf/PlayingViolin/samples/00592.png 67
ucf/PlayingViolin/samples/00593.png 67
ucf/PlayingViolin/samples/00594.png 67
ucf/PlayingViolin/samples/00595.png 67
ucf/PlayingViolin/samples/00596.png 67
ucf/PlayingViolin/samples/00597.png 67
ucf/PlayingViolin/samples/00598.png 67
ucf/PlayingViolin/samples/00599.png 67
ucf/PlayingViolin/samples/00600.png 67
ucf/PlayingViolin/samples/00601.png 67
ucf/PlayingViolin/samples/00602.png 67
ucf/PlayingViolin/samples/00603.png 67
ucf/PlayingViolin/samples/00604.png 67
ucf/PlayingViolin/samples/00605.png 67
ucf/PlayingViolin/samples/00606.png 67
ucf/PlayingViolin/samples/00607.png 67
ucf/PlayingViolin/samples/00608.png 67
ucf/PlayingViolin/samples/00609.png 67
ucf/PlayingViolin/samples/00610.png 67
ucf/PlayingViolin/samples/00611.png 67
ucf/PlayingViolin/samples/00612.png 67
ucf/PlayingViolin/samples/00613.png 67
ucf/PlayingViolin/samples/00614.png 67
ucf/PlayingViolin/samples/00615.png 67
ucf/PlayingViolin/samples/00616.png 67
ucf/PlayingViolin/samples/00617.png 67
ucf/PlayingViolin/samples/00618.png 67
ucf/PlayingViolin/samples/00619.png 67
ucf/PlayingViolin/samples/00620.png 67
ucf/PlayingViolin/samples/00621.png 67
ucf/PlayingViolin/samples/00622.png 67
ucf/PlayingViolin/samples/00623.png 67
ucf/PlayingViolin/samples/00624.png 67
ucf/PlayingViolin/samples/00625.png 67
ucf/PlayingViolin/samples/00626.png 67
ucf/PlayingViolin/samples/00627.png 67
ucf/PlayingViolin/samples/00628.png 67
ucf/PlayingViolin/samples/00629.png 67
ucf/PlayingViolin/samples/00630.png 67
ucf/PlayingViolin/samples/00631.png 67
ucf/PlayingViolin/samples/00632.png 67
ucf/PlayingViolin/samples/00633.png 67
ucf/PlayingViolin/samples/00634.png 67
ucf/PlayingViolin/samples/00635.png 67
ucf/PlayingViolin/samples/00636.png 67
ucf/PlayingViolin/samples/00637.png 67
ucf/PlayingViolin/samples/00638.png 67
ucf/PlayingViolin/samples/00639.png 67
ucf/PlayingViolin/samples/00640.png 67
ucf/PlayingViolin/samples/00641.png 67
ucf/PlayingViolin/samples/00642.png 67
ucf/PlayingViolin/samples/00643.png 67
ucf/PlayingViolin/samples/00644.png 67
ucf/PlayingViolin/samples/00645.png 67
ucf/PlayingViolin/samples/00646.png 67
ucf/PlayingViolin/samples/00647.png 67
ucf/PlayingViolin/samples/00648.png 67
ucf/PlayingViolin/samples/00649.png 67
ucf/PlayingViolin/samples/00650.png 67
ucf/PlayingViolin/samples/00651.png 67
ucf/PlayingViolin/samples/00652.png 67
ucf/PlayingViolin/samples/00653.png 67
ucf/PlayingViolin/samples/00654.png 67
ucf/PlayingViolin/samples/00655.png 67
ucf/PlayingViolin/samples/00656.png 67
ucf/PlayingViolin/samples/00657.png 67
ucf/PlayingViolin/samples/00658.png 67
ucf/PlayingViolin/samples/00659.png 67
ucf/PlayingViolin/samples/00660.png 67
ucf/PlayingViolin/samples/00661.png 67
ucf/PlayingViolin/samples/00662.png 67
ucf/PlayingViolin/samples/00663.png 67
ucf/PlayingViolin/samples/00664.png 67
ucf/PlayingViolin/samples/00665.png 67
ucf/PlayingViolin/samples/00666.png 67
ucf/PlayingViolin/samples/00667.png 67
ucf/PlayingViolin/samples/00668.png 67
ucf/PlayingViolin/samples/00669.png 67
ucf/PlayingViolin/samples/00670.png 67
ucf/PlayingViolin/samples/00671.png 67
ucf/PlayingViolin/samples/00672.png 67
ucf/PlayingViolin/samples/00673.png 67
ucf/PlayingViolin/samples/00674.png 67
ucf/PlayingViolin/samples/00675.png 67
ucf/PlayingViolin/samples/00676.png 67
ucf/PlayingViolin/samples/00677.png 67
ucf/PlayingViolin/samples/00678.png 67
ucf/PlayingViolin/samples/00679.png 67
ucf/PlayingViolin/samples/00680.png 67
ucf/PlayingViolin/samples/00681.png 67
ucf/PlayingViolin/samples/00682.png 67
ucf/PlayingViolin/samples/00683.png 67
ucf/PlayingViolin/samples/00684.png 67
ucf/PlayingViolin/samples/00685.png 67
ucf/PlayingViolin/samples/00686.png 67
ucf/PlayingViolin/samples/00687.png 67
ucf/PlayingViolin/samples/00688.png 67
ucf/PlayingViolin/samples/00689.png 67
ucf/PlayingViolin/samples/00690.png 67
ucf/PlayingViolin/samples/00691.png 67
ucf/PlayingViolin/samples/00692.png 67
ucf/PlayingViolin/samples/00693.png 67
ucf/PlayingViolin/samples/00694.png 67
ucf/PlayingViolin/samples/00695.png 67
ucf/PlayingViolin/samples/00696.png 67
ucf/PlayingViolin/samples/00697.png 67
ucf/PlayingViolin/samples/00698.png 67
ucf/PlayingViolin/samples/00699.png 67
ucf/PlayingViolin/samples/00700.png 67
ucf/PlayingViolin/samples/00701.png 67
ucf/PlayingViolin/samples/00702.png 67
ucf/PlayingViolin/samples/00703.png 67
ucf/PlayingViolin/samples/00704.png 67
ucf/PlayingViolin/samples/00705.png 67
ucf/PlayingViolin/samples/00706.png 67
ucf/PlayingViolin/samples/00707.png 67
ucf/PlayingViolin/samples/00708.png 67
ucf/PlayingViolin/samples/00709.png 67
ucf/PlayingViolin/samples/00710.png 67
ucf/PlayingViolin/samples/00711.png 67
ucf/PlayingViolin/samples/00712.png 67
ucf/PlayingViolin/samples/00713.png 67
ucf/PlayingViolin/samples/00714.png 67
ucf/PlayingViolin/samples/00715.png 67
ucf/PlayingViolin/samples/00716.png 67
ucf/PlayingViolin/samples/00717.png 67
ucf/PlayingViolin/samples/00718.png 67
ucf/PlayingViolin/samples/00719.png 67
ucf/PlayingViolin/samples/00720.png 67
ucf/PlayingViolin/samples/00721.png 67
ucf/PlayingViolin/samples/00722.png 67
ucf/PlayingViolin/samples/00723.png 67
ucf/PlayingViolin/samples/00724.png 67
ucf/PlayingViolin/samples/00725.png 67
ucf/PlayingViolin/samples/00726.png 67
ucf/PlayingViolin/samples/00727.png 67
ucf/PlayingViolin/samples/00728.png 67
ucf/PlayingViolin/samples/00729.png 67
ucf/PlayingViolin/samples/00730.png 67
ucf/PlayingViolin/samples/00731.png 67
ucf/PlayingViolin/samples/00732.png 67
ucf/PlayingViolin/samples/00733.png 67
ucf/PlayingViolin/samples/00734.png 67
ucf/PlayingViolin/samples/00735.png 67
ucf/PlayingViolin/samples/00736.png 67
ucf/PlayingViolin/samples/00737.png 67
ucf/PlayingViolin/samples/00738.png 67
ucf/PlayingViolin/samples/00739.png 67
ucf/PlayingViolin/samples/00740.png 67
ucf/PlayingViolin/samples/00741.png 67
ucf/PlayingViolin/samples/00742.png 67
ucf/PlayingViolin/samples/00743.png 67
ucf/PlayingViolin/samples/00744.png 67
ucf/PlayingViolin/samples/00745.png 67
ucf/PlayingViolin/samples/00746.png 67
ucf/PlayingViolin/samples/00747.png 67
ucf/PlayingViolin/samples/00748.png 67
ucf/PlayingViolin/samples/00749.png 67
ucf/PlayingViolin/samples/00750.png 67
ucf/PlayingViolin/samples/00751.png 67
ucf/PlayingViolin/samples/00752.png 67
ucf/PlayingViolin/samples/00753.png 67
ucf/PlayingViolin/samples/00754.png 67
ucf/PlayingViolin/samples/00755.png 67
ucf/PlayingViolin/samples/00756.png 67
ucf/PlayingViolin/samples/00757.png 67
ucf/PlayingViolin/samples/00758.png 67
ucf/PlayingViolin/samples/00759.png 67
ucf/PlayingViolin/samples/00760.png 67
ucf/PlayingViolin/samples/00761.png 67
ucf/PlayingViolin/samples/00762.png 67
ucf/PlayingViolin/samples/00763.png 67
ucf/PlayingViolin/samples/00764.png 67
ucf/PlayingViolin/samples/00765.png 67
ucf/PlayingViolin/samples/00766.png 67
ucf/PlayingViolin/samples/00767.png 67
ucf/PlayingViolin/samples/00768.png 67
ucf/PlayingViolin/samples/00769.png 67
ucf/PlayingViolin/samples/00770.png 67
ucf/PlayingViolin/samples/00771.png 67
ucf/PlayingViolin/samples/00772.png 67
ucf/PlayingViolin/samples/00773.png 67
ucf/PlayingViolin/samples/00774.png 67
ucf/PlayingViolin/samples/00775.png 67
ucf/PlayingViolin/samples/00776.png 67
ucf/PlayingViolin/samples/00777.png 67
ucf/PlayingViolin/samples/00778.png 67
ucf/PlayingViolin/samples/00779.png 67
ucf/PlayingViolin/samples/00780.png 67
ucf/PlayingViolin/samples/00781.png 67
ucf/PlayingViolin/samples/00782.png 67
ucf/PlayingViolin/samples/00783.png 67
ucf/PlayingViolin/samples/00784.png 67
ucf/PlayingViolin/samples/00785.png 67
ucf/PlayingViolin/samples/00786.png 67
ucf/PlayingViolin/samples/00787.png 67
ucf/PlayingViolin/samples/00788.png 67
ucf/PlayingViolin/samples/00789.png 67
ucf/PlayingViolin/samples/00790.png 67
ucf/PlayingViolin/samples/00791.png 67
ucf/PlayingViolin/samples/00792.png 67
ucf/PlayingViolin/samples/00793.png 67
ucf/PlayingViolin/samples/00794.png 67
ucf/PlayingViolin/samples/00795.png 67
ucf/PlayingViolin/samples/00796.png 67
ucf/PlayingViolin/samples/00797.png 67
ucf/PlayingViolin/samples/00798.png 67
ucf/PlayingViolin/samples/00799.png 67
ucf/PlayingViolin/samples/00800.png 67
ucf/PlayingViolin/samples/00801.png 67
ucf/PlayingViolin/samples/00802.png 67
ucf/PlayingViolin/samples/00803.png 67
ucf/PlayingViolin/samples/00804.png 67
ucf/PlayingViolin/samples/00805.png 67
ucf/PlayingViolin/samples/00806.png 67
ucf/PlayingViolin/samples/00807.png 67
ucf/PlayingViolin/samples/00808.png 67
ucf/PlayingViolin/samples/00809.png 67
ucf/PlayingViolin/samples/00810.png 67
ucf/PlayingViolin/samples/00811.png 67
ucf/PlayingViolin/samples/00812.png 67
ucf/PlayingViolin/samples/00813.png 67
ucf/PlayingViolin/samples/00814.png 67
ucf/PlayingViolin/samples/00815.png 67
ucf/PlayingViolin/samples/00816.png 67
ucf/PlayingViolin/samples/00817.png 67
ucf/PlayingViolin/samples/00818.png 67
ucf/PlayingViolin/samples/00819.png 67
ucf/PlayingViolin/samples/00820.png 67
ucf/PlayingViolin/samples/00821.png 67
ucf/PlayingViolin/samples/00822.png 67
ucf/PlayingViolin/samples/00823.png 67
ucf/PlayingViolin/samples/00824.png 67
ucf/PlayingViolin/samples/00825.png 67
ucf/PlayingViolin/samples/00826.png 67
ucf/PlayingViolin/samples/00827.png 67
ucf/PlayingViolin/samples/00828.png 67
ucf/PlayingViolin/samples/00829.png 67
ucf/PlayingViolin/samples/00830.png 67
ucf/PlayingViolin/samples/00831.png 67
ucf/PlayingViolin/samples/00832.png 67
ucf/PlayingViolin/samples/00833.png 67
ucf/PlayingViolin/samples/00834.png 67
ucf/PlayingViolin/samples/00835.png 67
ucf/PlayingViolin/samples/00836.png 67
ucf/PlayingViolin/samples/00837.png 67
ucf/PlayingViolin/samples/00838.png 67
ucf/PlayingViolin/samples/00839.png 67
ucf/PlayingViolin/samples/00840.png 67
ucf/PlayingViolin/samples/00841.png 67
ucf/PlayingViolin/samples/00842.png 67
ucf/PlayingViolin/samples/00843.png 67
ucf/PlayingViolin/samples/00844.png 67
ucf/PlayingViolin/samples/00845.png 67
ucf/PlayingViolin/samples/00846.png 67
ucf/PlayingViolin/samples/00847.png 67
ucf/PlayingViolin/samples/00848.png 67
ucf/PlayingViolin/samples/00849.png 67
ucf/PlayingViolin/samples/00850.png 67
ucf/PlayingViolin/samples/00851.png 67
ucf/PlayingViolin/samples/00852.png 67
ucf/PlayingViolin/samples/00853.png 67
ucf/PlayingViolin/samples/00854.png 67
ucf/PlayingViolin/samples/00855.png 67
ucf/PlayingViolin/samples/00856.png 67
ucf/PlayingViolin/samples/00857.png 67
ucf/PlayingViolin/samples/00858.png 67
ucf/PlayingViolin/samples/00859.png 67
ucf/PlayingViolin/samples/00860.png 67
ucf/PlayingViolin/samples/00861.png 67
ucf/PlayingViolin/samples/00862.png 67
ucf/PlayingViolin/samples/00863.png 67
ucf/PlayingViolin/samples/00864.png 67
ucf/PlayingViolin/samples/00865.png 67
ucf/PlayingViolin/samples/00866.png 67
ucf/PlayingViolin/samples/00867.png 67
ucf/PlayingViolin/samples/00868.png 67
ucf/PlayingViolin/samples/00869.png 67
ucf/PlayingViolin/samples/00870.png 67
ucf/PlayingViolin/samples/00871.png 67
ucf/PlayingViolin/samples/00872.png 67
ucf/PlayingViolin/samples/00873.png 67
ucf/PlayingViolin/samples/00874.png 67
ucf/PlayingViolin/samples/00875.png 67
ucf/PlayingViolin/samples/00876.png 67
ucf/PlayingViolin/samples/00877.png 67
ucf/PlayingViolin/samples/00878.png 67
ucf/PlayingViolin/samples/00879.png 67
ucf/PlayingViolin/samples/00880.png 67
ucf/PlayingViolin/samples/00881.png 67
ucf/PlayingViolin/samples/00882.png 67
ucf/PlayingViolin/samples/00883.png 67
ucf/PlayingViolin/samples/00884.png 67
ucf/PlayingViolin/samples/00885.png 67
ucf/PlayingViolin/samples/00886.png 67
ucf/PlayingViolin/samples/00887.png 67
ucf/PlayingViolin/samples/00888.png 67
ucf/PlayingViolin/samples/00889.png 67
ucf/PlayingViolin/samples/00890.png 67
ucf/PlayingViolin/samples/00891.png 67
ucf/PlayingViolin/samples/00892.png 67
ucf/PlayingViolin/samples/00893.png 67
ucf/PlayingViolin/samples/00894.png 67
ucf/PlayingViolin/samples/00895.png 67
ucf/PlayingViolin/samples/00896.png 67
ucf/PlayingViolin/samples/00897.png 67
ucf/PlayingViolin/samples/00898.png 67
ucf/PlayingViolin/samples/00899.png 67
ucf/PlayingViolin/samples/00900.png 67
ucf/PlayingViolin/samples/00901.png 67
ucf/PlayingViolin/samples/00902.png 67
ucf/PlayingViolin/samples/00903.png 67
ucf/PlayingViolin/samples/00904.png 67
ucf/PlayingViolin/samples/00905.png 67
ucf/PlayingViolin/samples/00906.png 67
ucf/PlayingViolin/samples/00907.png 67
ucf/PlayingViolin/samples/00908.png 67
ucf/PlayingViolin/samples/00909.png 67
ucf/PlayingViolin/samples/00910.png 67
ucf/PlayingViolin/samples/00911.png 67
ucf/PlayingViolin/samples/00912.png 67
ucf/PlayingViolin/samples/00913.png 67
ucf/PlayingViolin/samples/00914.png 67
ucf/PlayingViolin/samples/00915.png 67
ucf/PlayingViolin/samples/00916.png 67
ucf/PlayingViolin/samples/00917.png 67
ucf/PlayingViolin/samples/00918.png 67
ucf/PlayingViolin/samples/00919.png 67
ucf/PlayingViolin/samples/00920.png 67
ucf/PlayingViolin/samples/00921.png 67
ucf/PlayingViolin/samples/00922.png 67
ucf/PlayingViolin/samples/00923.png 67
ucf/PlayingViolin/samples/00924.png 67
ucf/PlayingViolin/samples/00925.png 67
ucf/PlayingViolin/samples/00926.png 67
ucf/PlayingViolin/samples/00927.png 67
ucf/PlayingViolin/samples/00928.png 67
ucf/PlayingViolin/samples/00929.png 67
ucf/PlayingViolin/samples/00930.png 67
ucf/PlayingViolin/samples/00931.png 67
ucf/PlayingViolin/samples/00932.png 67
ucf/PlayingViolin/samples/00933.png 67
ucf/PlayingViolin/samples/00934.png 67
ucf/PlayingViolin/samples/00935.png 67
ucf/PlayingViolin/samples/00936.png 67
ucf/PlayingViolin/samples/00937.png 67
ucf/PlayingViolin/samples/00938.png 67
ucf/PlayingViolin/samples/00939.png 67
ucf/PlayingViolin/samples/00940.png 67
ucf/PlayingViolin/samples/00941.png 67
ucf/PlayingViolin/samples/00942.png 67
ucf/PlayingViolin/samples/00943.png 67
ucf/PlayingViolin/samples/00944.png 67
ucf/PlayingViolin/samples/00945.png 67
ucf/PlayingViolin/samples/00946.png 67
ucf/PlayingViolin/samples/00947.png 67
ucf/PlayingViolin/samples/00948.png 67
ucf/PlayingViolin/samples/00949.png 67
ucf/PlayingViolin/samples/00950.png 67
ucf/PlayingViolin/samples/00951.png 67
ucf/PlayingViolin/samples/00952.png 67
ucf/PlayingViolin/samples/00953.png 67
ucf/PlayingViolin/samples/00954.png 67
ucf/PlayingViolin/samples/00955.png 67
ucf/PlayingViolin/samples/00956.png 67
ucf/PlayingViolin/samples/00957.png 67
ucf/PlayingViolin/samples/00958.png 67
ucf/PlayingViolin/samples/00959.png 67
ucf/PlayingViolin/samples/00960.png 67
ucf/PlayingViolin/samples/00961.png 67
ucf/PlayingViolin/samples/00962.png 67
ucf/PlayingViolin/samples/00963.png 67
ucf/PlayingViolin/samples/00964.png 67
ucf/PlayingViolin/samples/00965.png 67
ucf/PlayingViolin/samples/00966.png 67
ucf/PlayingViolin/samples/00967.png 67
ucf/PlayingViolin/samples/00968.png 67
ucf/PlayingViolin/samples/00969.png 67
ucf/PlayingViolin/samples/00970.png 67
ucf/PlayingViolin/samples/00971.png 67
ucf/PlayingViolin/samples/00972.png 67
ucf/PlayingViolin/samples/00973.png 67
ucf/PlayingViolin/samples/00974.png 67
ucf/PlayingViolin/samples/00975.png 67
ucf/PlayingViolin/samples/00976.png 67
ucf/PlayingViolin/samples/00977.png 67
ucf/PlayingViolin/samples/00978.png 67
ucf/PlayingViolin/samples/00979.png 67
ucf/PlayingViolin/samples/00980.png 67
ucf/PlayingViolin/samples/00981.png 67
ucf/PlayingViolin/samples/00982.png 67
ucf/PlayingViolin/samples/00983.png 67
ucf/PlayingViolin/samples/00984.png 67
ucf/PlayingViolin/samples/00985.png 67
ucf/PlayingViolin/samples/00986.png 67
ucf/PlayingViolin/samples/00987.png 67
ucf/PlayingViolin/samples/00988.png 67
ucf/PlayingViolin/samples/00989.png 67
ucf/PlayingViolin/samples/00990.png 67
ucf/PlayingViolin/samples/00991.png 67
ucf/PlayingViolin/samples/00992.png 67
ucf/PlayingViolin/samples/00993.png 67
ucf/PlayingViolin/samples/00994.png 67
ucf/PlayingViolin/samples/00995.png 67
ucf/PlayingViolin/samples/00996.png 67
ucf/PlayingViolin/samples/00997.png 67
ucf/PlayingViolin/samples/00998.png 67
ucf/PlayingViolin/samples/00999.png 67
ucf/Rafting/samples/00000.png 73
ucf/Rafting/samples/00001.png 73
ucf/Rafting/samples/00002.png 73
ucf/Rafting/samples/00003.png 73
ucf/Rafting/samples/00004.png 73
ucf/Rafting/samples/00005.png 73
ucf/Rafting/samples/00006.png 73
ucf/Rafting/samples/00007.png 73
ucf/Rafting/samples/00008.png 73
ucf/Rafting/samples/00009.png 73
ucf/Rafting/samples/00010.png 73
ucf/Rafting/samples/00011.png 73
ucf/Rafting/samples/00012.png 73
ucf/Rafting/samples/00013.png 73
ucf/Rafting/samples/00014.png 73
ucf/Rafting/samples/00015.png 73
ucf/Rafting/samples/00016.png 73
ucf/Rafting/samples/00017.png 73
ucf/Rafting/samples/00018.png 73
ucf/Rafting/samples/00019.png 73
ucf/Rafting/samples/00020.png 73
ucf/Rafting/samples/00021.png 73
ucf/Rafting/samples/00022.png 73
ucf/Rafting/samples/00023.png 73
ucf/Rafting/samples/00024.png 73
ucf/Rafting/samples/00025.png 73
ucf/Rafting/samples/00026.png 73
ucf/Rafting/samples/00027.png 73
ucf/Rafting/samples/00028.png 73
ucf/Rafting/samples/00029.png 73
ucf/Rafting/samples/00030.png 73
ucf/Rafting/samples/00031.png 73
ucf/Rafting/samples/00032.png 73
ucf/Rafting/samples/00033.png 73
ucf/Rafting/samples/00034.png 73
ucf/Rafting/samples/00035.png 73
ucf/Rafting/samples/00036.png 73
ucf/Rafting/samples/00037.png 73
ucf/Rafting/samples/00038.png 73
ucf/Rafting/samples/00039.png 73
ucf/Rafting/samples/00040.png 73
ucf/Rafting/samples/00041.png 73
ucf/Rafting/samples/00042.png 73
ucf/Rafting/samples/00043.png 73
ucf/Rafting/samples/00044.png 73
ucf/Rafting/samples/00045.png 73
ucf/Rafting/samples/00046.png 73
ucf/Rafting/samples/00047.png 73
ucf/Rafting/samples/00048.png 73
ucf/Rafting/samples/00049.png 73
ucf/Rafting/samples/00050.png 73
ucf/Rafting/samples/00051.png 73
ucf/Rafting/samples/00052.png 73
ucf/Rafting/samples/00053.png 73
ucf/Rafting/samples/00054.png 73
ucf/Rafting/samples/00055.png 73
ucf/Rafting/samples/00056.png 73
ucf/Rafting/samples/00057.png 73
ucf/Rafting/samples/00058.png 73
ucf/Rafting/samples/00059.png 73
ucf/Rafting/samples/00060.png 73
ucf/Rafting/samples/00061.png 73
ucf/Rafting/samples/00062.png 73
ucf/Rafting/samples/00063.png 73
ucf/Rafting/samples/00064.png 73
ucf/Rafting/samples/00065.png 73
ucf/Rafting/samples/00066.png 73
ucf/Rafting/samples/00067.png 73
ucf/Rafting/samples/00068.png 73
ucf/Rafting/samples/00069.png 73
ucf/Rafting/samples/00070.png 73
ucf/Rafting/samples/00071.png 73
ucf/Rafting/samples/00072.png 73
ucf/Rafting/samples/00073.png 73
ucf/Rafting/samples/00074.png 73
ucf/Rafting/samples/00075.png 73
ucf/Rafting/samples/00076.png 73
ucf/Rafting/samples/00077.png 73
ucf/Rafting/samples/00078.png 73
ucf/Rafting/samples/00079.png 73
ucf/Rafting/samples/00080.png 73
ucf/Rafting/samples/00081.png 73
ucf/Rafting/samples/00082.png 73
ucf/Rafting/samples/00083.png 73
ucf/Rafting/samples/00084.png 73
ucf/Rafting/samples/00085.png 73
ucf/Rafting/samples/00086.png 73
ucf/Rafting/samples/00087.png 73
ucf/Rafting/samples/00088.png 73
ucf/Rafting/samples/00089.png 73
ucf/Rafting/samples/00090.png 73
ucf/Rafting/samples/00091.png 73
ucf/Rafting/samples/00092.png 73
ucf/Rafting/samples/00093.png 73
ucf/Rafting/samples/00094.png 73
ucf/Rafting/samples/00095.png 73
ucf/Rafting/samples/00096.png 73
ucf/Rafting/samples/00097.png 73
ucf/Rafting/samples/00098.png 73
ucf/Rafting/samples/00099.png 73
ucf/Rafting/samples/00100.png 73
ucf/Rafting/samples/00101.png 73
ucf/Rafting/samples/00102.png 73
ucf/Rafting/samples/00103.png 73
ucf/Rafting/samples/00104.png 73
ucf/Rafting/samples/00105.png 73
ucf/Rafting/samples/00106.png 73
ucf/Rafting/samples/00107.png 73
ucf/Rafting/samples/00108.png 73
ucf/Rafting/samples/00109.png 73
ucf/Rafting/samples/00110.png 73
ucf/Rafting/samples/00111.png 73
ucf/Rafting/samples/00112.png 73
ucf/Rafting/samples/00113.png 73
ucf/Rafting/samples/00114.png 73
ucf/Rafting/samples/00115.png 73
ucf/Rafting/samples/00116.png 73
ucf/Rafting/samples/00117.png 73
ucf/Rafting/samples/00118.png 73
ucf/Rafting/samples/00119.png 73
ucf/Rafting/samples/00120.png 73
ucf/Rafting/samples/00121.png 73
ucf/Rafting/samples/00122.png 73
ucf/Rafting/samples/00123.png 73
ucf/Rafting/samples/00124.png 73
ucf/Rafting/samples/00125.png 73
ucf/Rafting/samples/00126.png 73
ucf/Rafting/samples/00127.png 73
ucf/Rafting/samples/00128.png 73
ucf/Rafting/samples/00129.png 73
ucf/Rafting/samples/00130.png 73
ucf/Rafting/samples/00131.png 73
ucf/Rafting/samples/00132.png 73
ucf/Rafting/samples/00133.png 73
ucf/Rafting/samples/00134.png 73
ucf/Rafting/samples/00135.png 73
ucf/Rafting/samples/00136.png 73
ucf/Rafting/samples/00137.png 73
ucf/Rafting/samples/00138.png 73
ucf/Rafting/samples/00139.png 73
ucf/Rafting/samples/00140.png 73
ucf/Rafting/samples/00141.png 73
ucf/Rafting/samples/00142.png 73
ucf/Rafting/samples/00143.png 73
ucf/Rafting/samples/00144.png 73
ucf/Rafting/samples/00145.png 73
ucf/Rafting/samples/00146.png 73
ucf/Rafting/samples/00147.png 73
ucf/Rafting/samples/00148.png 73
ucf/Rafting/samples/00149.png 73
ucf/Rafting/samples/00150.png 73
ucf/Rafting/samples/00151.png 73
ucf/Rafting/samples/00152.png 73
ucf/Rafting/samples/00153.png 73
ucf/Rafting/samples/00154.png 73
ucf/Rafting/samples/00155.png 73
ucf/Rafting/samples/00156.png 73
ucf/Rafting/samples/00157.png 73
ucf/Rafting/samples/00158.png 73
ucf/Rafting/samples/00159.png 73
ucf/Rafting/samples/00160.png 73
ucf/Rafting/samples/00161.png 73
ucf/Rafting/samples/00162.png 73
ucf/Rafting/samples/00163.png 73
ucf/Rafting/samples/00164.png 73
ucf/Rafting/samples/00165.png 73
ucf/Rafting/samples/00166.png 73
ucf/Rafting/samples/00167.png 73
ucf/Rafting/samples/00168.png 73
ucf/Rafting/samples/00169.png 73
ucf/Rafting/samples/00170.png 73
ucf/Rafting/samples/00171.png 73
ucf/Rafting/samples/00172.png 73
ucf/Rafting/samples/00173.png 73
ucf/Rafting/samples/00174.png 73
ucf/Rafting/samples/00175.png 73
ucf/Rafting/samples/00176.png 73
ucf/Rafting/samples/00177.png 73
ucf/Rafting/samples/00178.png 73
ucf/Rafting/samples/00179.png 73
ucf/Rafting/samples/00180.png 73
ucf/Rafting/samples/00181.png 73
ucf/Rafting/samples/00182.png 73
ucf/Rafting/samples/00183.png 73
ucf/Rafting/samples/00184.png 73
ucf/Rafting/samples/00185.png 73
ucf/Rafting/samples/00186.png 73
ucf/Rafting/samples/00187.png 73
ucf/Rafting/samples/00188.png 73
ucf/Rafting/samples/00189.png 73
ucf/Rafting/samples/00190.png 73
ucf/Rafting/samples/00191.png 73
ucf/Rafting/samples/00192.png 73
ucf/Rafting/samples/00193.png 73
ucf/Rafting/samples/00194.png 73
ucf/Rafting/samples/00195.png 73
ucf/Rafting/samples/00196.png 73
ucf/Rafting/samples/00197.png 73
ucf/Rafting/samples/00198.png 73
ucf/Rafting/samples/00199.png 73
ucf/Rafting/samples/00200.png 73
ucf/Rafting/samples/00201.png 73
ucf/Rafting/samples/00202.png 73
ucf/Rafting/samples/00203.png 73
ucf/Rafting/samples/00204.png 73
ucf/Rafting/samples/00205.png 73
ucf/Rafting/samples/00206.png 73
ucf/Rafting/samples/00207.png 73
ucf/Rafting/samples/00208.png 73
ucf/Rafting/samples/00209.png 73
ucf/Rafting/samples/00210.png 73
ucf/Rafting/samples/00211.png 73
ucf/Rafting/samples/00212.png 73
ucf/Rafting/samples/00213.png 73
ucf/Rafting/samples/00214.png 73
ucf/Rafting/samples/00215.png 73
ucf/Rafting/samples/00216.png 73
ucf/Rafting/samples/00217.png 73
ucf/Rafting/samples/00218.png 73
ucf/Rafting/samples/00219.png 73
ucf/Rafting/samples/00220.png 73
ucf/Rafting/samples/00221.png 73
ucf/Rafting/samples/00222.png 73
ucf/Rafting/samples/00223.png 73
ucf/Rafting/samples/00224.png 73
ucf/Rafting/samples/00225.png 73
ucf/Rafting/samples/00226.png 73
ucf/Rafting/samples/00227.png 73
ucf/Rafting/samples/00228.png 73
ucf/Rafting/samples/00229.png 73
ucf/Rafting/samples/00230.png 73
ucf/Rafting/samples/00231.png 73
ucf/Rafting/samples/00232.png 73
ucf/Rafting/samples/00233.png 73
ucf/Rafting/samples/00234.png 73
ucf/Rafting/samples/00235.png 73
ucf/Rafting/samples/00236.png 73
ucf/Rafting/samples/00237.png 73
ucf/Rafting/samples/00238.png 73
ucf/Rafting/samples/00239.png 73
ucf/Rafting/samples/00240.png 73
ucf/Rafting/samples/00241.png 73
ucf/Rafting/samples/00242.png 73
ucf/Rafting/samples/00243.png 73
ucf/Rafting/samples/00244.png 73
ucf/Rafting/samples/00245.png 73
ucf/Rafting/samples/00246.png 73
ucf/Rafting/samples/00247.png 73
ucf/Rafting/samples/00248.png 73
ucf/Rafting/samples/00249.png 73
ucf/Rafting/samples/00250.png 73
ucf/Rafting/samples/00251.png 73
ucf/Rafting/samples/00252.png 73
ucf/Rafting/samples/00253.png 73
ucf/Rafting/samples/00254.png 73
ucf/Rafting/samples/00255.png 73
ucf/Rafting/samples/00256.png 73
ucf/Rafting/samples/00257.png 73
ucf/Rafting/samples/00258.png 73
ucf/Rafting/samples/00259.png 73
ucf/Rafting/samples/00260.png 73
ucf/Rafting/samples/00261.png 73
ucf/Rafting/samples/00262.png 73
ucf/Rafting/samples/00263.png 73
ucf/Rafting/samples/00264.png 73
ucf/Rafting/samples/00265.png 73
ucf/Rafting/samples/00266.png 73
ucf/Rafting/samples/00267.png 73
ucf/Rafting/samples/00268.png 73
ucf/Rafting/samples/00269.png 73
ucf/Rafting/samples/00270.png 73
ucf/Rafting/samples/00271.png 73
ucf/Rafting/samples/00272.png 73
ucf/Rafting/samples/00273.png 73
ucf/Rafting/samples/00274.png 73
ucf/Rafting/samples/00275.png 73
ucf/Rafting/samples/00276.png 73
ucf/Rafting/samples/00277.png 73
ucf/Rafting/samples/00278.png 73
ucf/Rafting/samples/00279.png 73
ucf/Rafting/samples/00280.png 73
ucf/Rafting/samples/00281.png 73
ucf/Rafting/samples/00282.png 73
ucf/Rafting/samples/00283.png 73
ucf/Rafting/samples/00284.png 73
ucf/Rafting/samples/00285.png 73
ucf/Rafting/samples/00286.png 73
ucf/Rafting/samples/00287.png 73
ucf/Rafting/samples/00288.png 73
ucf/Rafting/samples/00289.png 73
ucf/Rafting/samples/00290.png 73
ucf/Rafting/samples/00291.png 73
ucf/Rafting/samples/00292.png 73
ucf/Rafting/samples/00293.png 73
ucf/Rafting/samples/00294.png 73
ucf/Rafting/samples/00295.png 73
ucf/Rafting/samples/00296.png 73
ucf/Rafting/samples/00297.png 73
ucf/Rafting/samples/00298.png 73
ucf/Rafting/samples/00299.png 73
ucf/Rafting/samples/00300.png 73
ucf/Rafting/samples/00301.png 73
ucf/Rafting/samples/00302.png 73
ucf/Rafting/samples/00303.png 73
ucf/Rafting/samples/00304.png 73
ucf/Rafting/samples/00305.png 73
ucf/Rafting/samples/00306.png 73
ucf/Rafting/samples/00307.png 73
ucf/Rafting/samples/00308.png 73
ucf/Rafting/samples/00309.png 73
ucf/Rafting/samples/00310.png 73
ucf/Rafting/samples/00311.png 73
ucf/Rafting/samples/00312.png 73
ucf/Rafting/samples/00313.png 73
ucf/Rafting/samples/00314.png 73
ucf/Rafting/samples/00315.png 73
ucf/Rafting/samples/00316.png 73
ucf/Rafting/samples/00317.png 73
ucf/Rafting/samples/00318.png 73
ucf/Rafting/samples/00319.png 73
ucf/Rafting/samples/00320.png 73
ucf/Rafting/samples/00321.png 73
ucf/Rafting/samples/00322.png 73
ucf/Rafting/samples/00323.png 73
ucf/Rafting/samples/00324.png 73
ucf/Rafting/samples/00325.png 73
ucf/Rafting/samples/00326.png 73
ucf/Rafting/samples/00327.png 73
ucf/Rafting/samples/00328.png 73
ucf/Rafting/samples/00329.png 73
ucf/Rafting/samples/00330.png 73
ucf/Rafting/samples/00331.png 73
ucf/Rafting/samples/00332.png 73
ucf/Rafting/samples/00333.png 73
ucf/Rafting/samples/00334.png 73
ucf/Rafting/samples/00335.png 73
ucf/Rafting/samples/00336.png 73
ucf/Rafting/samples/00337.png 73
ucf/Rafting/samples/00338.png 73
ucf/Rafting/samples/00339.png 73
ucf/Rafting/samples/00340.png 73
ucf/Rafting/samples/00341.png 73
ucf/Rafting/samples/00342.png 73
ucf/Rafting/samples/00343.png 73
ucf/Rafting/samples/00344.png 73
ucf/Rafting/samples/00345.png 73
ucf/Rafting/samples/00346.png 73
ucf/Rafting/samples/00347.png 73
ucf/Rafting/samples/00348.png 73
ucf/Rafting/samples/00349.png 73
ucf/Rafting/samples/00350.png 73
ucf/Rafting/samples/00351.png 73
ucf/Rafting/samples/00352.png 73
ucf/Rafting/samples/00353.png 73
ucf/Rafting/samples/00354.png 73
ucf/Rafting/samples/00355.png 73
ucf/Rafting/samples/00356.png 73
ucf/Rafting/samples/00357.png 73
ucf/Rafting/samples/00358.png 73
ucf/Rafting/samples/00359.png 73
ucf/Rafting/samples/00360.png 73
ucf/Rafting/samples/00361.png 73
ucf/Rafting/samples/00362.png 73
ucf/Rafting/samples/00363.png 73
ucf/Rafting/samples/00364.png 73
ucf/Rafting/samples/00365.png 73
ucf/Rafting/samples/00366.png 73
ucf/Rafting/samples/00367.png 73
ucf/Rafting/samples/00368.png 73
ucf/Rafting/samples/00369.png 73
ucf/Rafting/samples/00370.png 73
ucf/Rafting/samples/00371.png 73
ucf/Rafting/samples/00372.png 73
ucf/Rafting/samples/00373.png 73
ucf/Rafting/samples/00374.png 73
ucf/Rafting/samples/00375.png 73
ucf/Rafting/samples/00376.png 73
ucf/Rafting/samples/00377.png 73
ucf/Rafting/samples/00378.png 73
ucf/Rafting/samples/00379.png 73
ucf/Rafting/samples/00380.png 73
ucf/Rafting/samples/00381.png 73
ucf/Rafting/samples/00382.png 73
ucf/Rafting/samples/00383.png 73
ucf/Rafting/samples/00384.png 73
ucf/Rafting/samples/00385.png 73
ucf/Rafting/samples/00386.png 73
ucf/Rafting/samples/00387.png 73
ucf/Rafting/samples/00388.png 73
ucf/Rafting/samples/00389.png 73
ucf/Rafting/samples/00390.png 73
ucf/Rafting/samples/00391.png 73
ucf/Rafting/samples/00392.png 73
ucf/Rafting/samples/00393.png 73
ucf/Rafting/samples/00394.png 73
ucf/Rafting/samples/00395.png 73
ucf/Rafting/samples/00396.png 73
ucf/Rafting/samples/00397.png 73
ucf/Rafting/samples/00398.png 73
ucf/Rafting/samples/00399.png 73
ucf/Rafting/samples/00400.png 73
ucf/Rafting/samples/00401.png 73
ucf/Rafting/samples/00402.png 73
ucf/Rafting/samples/00403.png 73
ucf/Rafting/samples/00404.png 73
ucf/Rafting/samples/00405.png 73
ucf/Rafting/samples/00406.png 73
ucf/Rafting/samples/00407.png 73
ucf/Rafting/samples/00408.png 73
ucf/Rafting/samples/00409.png 73
ucf/Rafting/samples/00410.png 73
ucf/Rafting/samples/00411.png 73
ucf/Rafting/samples/00412.png 73
ucf/Rafting/samples/00413.png 73
ucf/Rafting/samples/00414.png 73
ucf/Rafting/samples/00415.png 73
ucf/Rafting/samples/00416.png 73
ucf/Rafting/samples/00417.png 73
ucf/Rafting/samples/00418.png 73
ucf/Rafting/samples/00419.png 73
ucf/Rafting/samples/00420.png 73
ucf/Rafting/samples/00421.png 73
ucf/Rafting/samples/00422.png 73
ucf/Rafting/samples/00423.png 73
ucf/Rafting/samples/00424.png 73
ucf/Rafting/samples/00425.png 73
ucf/Rafting/samples/00426.png 73
ucf/Rafting/samples/00427.png 73
ucf/Rafting/samples/00428.png 73
ucf/Rafting/samples/00429.png 73
ucf/Rafting/samples/00430.png 73
ucf/Rafting/samples/00431.png 73
ucf/Rafting/samples/00432.png 73
ucf/Rafting/samples/00433.png 73
ucf/Rafting/samples/00434.png 73
ucf/Rafting/samples/00435.png 73
ucf/Rafting/samples/00436.png 73
ucf/Rafting/samples/00437.png 73
ucf/Rafting/samples/00438.png 73
ucf/Rafting/samples/00439.png 73
ucf/Rafting/samples/00440.png 73
ucf/Rafting/samples/00441.png 73
ucf/Rafting/samples/00442.png 73
ucf/Rafting/samples/00443.png 73
ucf/Rafting/samples/00444.png 73
ucf/Rafting/samples/00445.png 73
ucf/Rafting/samples/00446.png 73
ucf/Rafting/samples/00447.png 73
ucf/Rafting/samples/00448.png 73
ucf/Rafting/samples/00449.png 73
ucf/Rafting/samples/00450.png 73
ucf/Rafting/samples/00451.png 73
ucf/Rafting/samples/00452.png 73
ucf/Rafting/samples/00453.png 73
ucf/Rafting/samples/00454.png 73
ucf/Rafting/samples/00455.png 73
ucf/Rafting/samples/00456.png 73
ucf/Rafting/samples/00457.png 73
ucf/Rafting/samples/00458.png 73
ucf/Rafting/samples/00459.png 73
ucf/Rafting/samples/00460.png 73
ucf/Rafting/samples/00461.png 73
ucf/Rafting/samples/00462.png 73
ucf/Rafting/samples/00463.png 73
ucf/Rafting/samples/00464.png 73
ucf/Rafting/samples/00465.png 73
ucf/Rafting/samples/00466.png 73
ucf/Rafting/samples/00467.png 73
ucf/Rafting/samples/00468.png 73
ucf/Rafting/samples/00469.png 73
ucf/Rafting/samples/00470.png 73
ucf/Rafting/samples/00471.png 73
ucf/Rafting/samples/00472.png 73
ucf/Rafting/samples/00473.png 73
ucf/Rafting/samples/00474.png 73
ucf/Rafting/samples/00475.png 73
ucf/Rafting/samples/00476.png 73
ucf/Rafting/samples/00477.png 73
ucf/Rafting/samples/00478.png 73
ucf/Rafting/samples/00479.png 73
ucf/Rafting/samples/00480.png 73
ucf/Rafting/samples/00481.png 73
ucf/Rafting/samples/00482.png 73
ucf/Rafting/samples/00483.png 73
ucf/Rafting/samples/00484.png 73
ucf/Rafting/samples/00485.png 73
ucf/Rafting/samples/00486.png 73
ucf/Rafting/samples/00487.png 73
ucf/Rafting/samples/00488.png 73
ucf/Rafting/samples/00489.png 73
ucf/Rafting/samples/00490.png 73
ucf/Rafting/samples/00491.png 73
ucf/Rafting/samples/00492.png 73
ucf/Rafting/samples/00493.png 73
ucf/Rafting/samples/00494.png 73
ucf/Rafting/samples/00495.png 73
ucf/Rafting/samples/00496.png 73
ucf/Rafting/samples/00497.png 73
ucf/Rafting/samples/00498.png 73
ucf/Rafting/samples/00499.png 73
ucf/Rafting/samples/00500.png 73
ucf/Rafting/samples/00501.png 73
ucf/Rafting/samples/00502.png 73
ucf/Rafting/samples/00503.png 73
ucf/Rafting/samples/00504.png 73
ucf/Rafting/samples/00505.png 73
ucf/Rafting/samples/00506.png 73
ucf/Rafting/samples/00507.png 73
ucf/Rafting/samples/00508.png 73
ucf/Rafting/samples/00509.png 73
ucf/Rafting/samples/00510.png 73
ucf/Rafting/samples/00511.png 73
ucf/Rafting/samples/00512.png 73
ucf/Rafting/samples/00513.png 73
ucf/Rafting/samples/00514.png 73
ucf/Rafting/samples/00515.png 73
ucf/Rafting/samples/00516.png 73
ucf/Rafting/samples/00517.png 73
ucf/Rafting/samples/00518.png 73
ucf/Rafting/samples/00519.png 73
ucf/Rafting/samples/00520.png 73
ucf/Rafting/samples/00521.png 73
ucf/Rafting/samples/00522.png 73
ucf/Rafting/samples/00523.png 73
ucf/Rafting/samples/00524.png 73
ucf/Rafting/samples/00525.png 73
ucf/Rafting/samples/00526.png 73
ucf/Rafting/samples/00527.png 73
ucf/Rafting/samples/00528.png 73
ucf/Rafting/samples/00529.png 73
ucf/Rafting/samples/00530.png 73
ucf/Rafting/samples/00531.png 73
ucf/Rafting/samples/00532.png 73
ucf/Rafting/samples/00533.png 73
ucf/Rafting/samples/00534.png 73
ucf/Rafting/samples/00535.png 73
ucf/Rafting/samples/00536.png 73
ucf/Rafting/samples/00537.png 73
ucf/Rafting/samples/00538.png 73
ucf/Rafting/samples/00539.png 73
ucf/Rafting/samples/00540.png 73
ucf/Rafting/samples/00541.png 73
ucf/Rafting/samples/00542.png 73
ucf/Rafting/samples/00543.png 73
ucf/Rafting/samples/00544.png 73
ucf/Rafting/samples/00545.png 73
ucf/Rafting/samples/00546.png 73
ucf/Rafting/samples/00547.png 73
ucf/Rafting/samples/00548.png 73
ucf/Rafting/samples/00549.png 73
ucf/Rafting/samples/00550.png 73
ucf/Rafting/samples/00551.png 73
ucf/Rafting/samples/00552.png 73
ucf/Rafting/samples/00553.png 73
ucf/Rafting/samples/00554.png 73
ucf/Rafting/samples/00555.png 73
ucf/Rafting/samples/00556.png 73
ucf/Rafting/samples/00557.png 73
ucf/Rafting/samples/00558.png 73
ucf/Rafting/samples/00559.png 73
ucf/Rafting/samples/00560.png 73
ucf/Rafting/samples/00561.png 73
ucf/Rafting/samples/00562.png 73
ucf/Rafting/samples/00563.png 73
ucf/Rafting/samples/00564.png 73
ucf/Rafting/samples/00565.png 73
ucf/Rafting/samples/00566.png 73
ucf/Rafting/samples/00567.png 73
ucf/Rafting/samples/00568.png 73
ucf/Rafting/samples/00569.png 73
ucf/Rafting/samples/00570.png 73
ucf/Rafting/samples/00571.png 73
ucf/Rafting/samples/00572.png 73
ucf/Rafting/samples/00573.png 73
ucf/Rafting/samples/00574.png 73
ucf/Rafting/samples/00575.png 73
ucf/Rafting/samples/00576.png 73
ucf/Rafting/samples/00577.png 73
ucf/Rafting/samples/00578.png 73
ucf/Rafting/samples/00579.png 73
ucf/Rafting/samples/00580.png 73
ucf/Rafting/samples/00581.png 73
ucf/Rafting/samples/00582.png 73
ucf/Rafting/samples/00583.png 73
ucf/Rafting/samples/00584.png 73
ucf/Rafting/samples/00585.png 73
ucf/Rafting/samples/00586.png 73
ucf/Rafting/samples/00587.png 73
ucf/Rafting/samples/00588.png 73
ucf/Rafting/samples/00589.png 73
ucf/Rafting/samples/00590.png 73
ucf/Rafting/samples/00591.png 73
ucf/Rafting/samples/00592.png 73
ucf/Rafting/samples/00593.png 73
ucf/Rafting/samples/00594.png 73
ucf/Rafting/samples/00595.png 73
ucf/Rafting/samples/00596.png 73
ucf/Rafting/samples/00597.png 73
ucf/Rafting/samples/00598.png 73
ucf/Rafting/samples/00599.png 73
ucf/Rafting/samples/00600.png 73
ucf/Rafting/samples/00601.png 73
ucf/Rafting/samples/00602.png 73
ucf/Rafting/samples/00603.png 73
ucf/Rafting/samples/00604.png 73
ucf/Rafting/samples/00605.png 73
ucf/Rafting/samples/00606.png 73
ucf/Rafting/samples/00607.png 73
ucf/Rafting/samples/00608.png 73
ucf/Rafting/samples/00609.png 73
ucf/Rafting/samples/00610.png 73
ucf/Rafting/samples/00611.png 73
ucf/Rafting/samples/00612.png 73
ucf/Rafting/samples/00613.png 73
ucf/Rafting/samples/00614.png 73
ucf/Rafting/samples/00615.png 73
ucf/Rafting/samples/00616.png 73
ucf/Rafting/samples/00617.png 73
ucf/Rafting/samples/00618.png 73
ucf/Rafting/samples/00619.png 73
ucf/Rafting/samples/00620.png 73
ucf/Rafting/samples/00621.png 73
ucf/Rafting/samples/00622.png 73
ucf/Rafting/samples/00623.png 73
ucf/Rafting/samples/00624.png 73
ucf/Rafting/samples/00625.png 73
ucf/Rafting/samples/00626.png 73
ucf/Rafting/samples/00627.png 73
ucf/Rafting/samples/00628.png 73
ucf/Rafting/samples/00629.png 73
ucf/Rafting/samples/00630.png 73
ucf/Rafting/samples/00631.png 73
ucf/Rafting/samples/00632.png 73
ucf/Rafting/samples/00633.png 73
ucf/Rafting/samples/00634.png 73
ucf/Rafting/samples/00635.png 73
ucf/Rafting/samples/00636.png 73
ucf/Rafting/samples/00637.png 73
ucf/Rafting/samples/00638.png 73
ucf/Rafting/samples/00639.png 73
ucf/Rafting/samples/00640.png 73
ucf/Rafting/samples/00641.png 73
ucf/Rafting/samples/00642.png 73
ucf/Rafting/samples/00643.png 73
ucf/Rafting/samples/00644.png 73
ucf/Rafting/samples/00645.png 73
ucf/Rafting/samples/00646.png 73
ucf/Rafting/samples/00647.png 73
ucf/Rafting/samples/00648.png 73
ucf/Rafting/samples/00649.png 73
ucf/Rafting/samples/00650.png 73
ucf/Rafting/samples/00651.png 73
ucf/Rafting/samples/00652.png 73
ucf/Rafting/samples/00653.png 73
ucf/Rafting/samples/00654.png 73
ucf/Rafting/samples/00655.png 73
ucf/Rafting/samples/00656.png 73
ucf/Rafting/samples/00657.png 73
ucf/Rafting/samples/00658.png 73
ucf/Rafting/samples/00659.png 73
ucf/Rafting/samples/00660.png 73
ucf/Rafting/samples/00661.png 73
ucf/Rafting/samples/00662.png 73
ucf/Rafting/samples/00663.png 73
ucf/Rafting/samples/00664.png 73
ucf/Rafting/samples/00665.png 73
ucf/Rafting/samples/00666.png 73
ucf/Rafting/samples/00667.png 73
ucf/Rafting/samples/00668.png 73
ucf/Rafting/samples/00669.png 73
ucf/Rafting/samples/00670.png 73
ucf/Rafting/samples/00671.png 73
ucf/Rafting/samples/00672.png 73
ucf/Rafting/samples/00673.png 73
ucf/Rafting/samples/00674.png 73
ucf/Rafting/samples/00675.png 73
ucf/Rafting/samples/00676.png 73
ucf/Rafting/samples/00677.png 73
ucf/Rafting/samples/00678.png 73
ucf/Rafting/samples/00679.png 73
ucf/Rafting/samples/00680.png 73
ucf/Rafting/samples/00681.png 73
ucf/Rafting/samples/00682.png 73
ucf/Rafting/samples/00683.png 73
ucf/Rafting/samples/00684.png 73
ucf/Rafting/samples/00685.png 73
ucf/Rafting/samples/00686.png 73
ucf/Rafting/samples/00687.png 73
ucf/Rafting/samples/00688.png 73
ucf/Rafting/samples/00689.png 73
ucf/Rafting/samples/00690.png 73
ucf/Rafting/samples/00691.png 73
ucf/Rafting/samples/00692.png 73
ucf/Rafting/samples/00693.png 73
ucf/Rafting/samples/00694.png 73
ucf/Rafting/samples/00695.png 73
ucf/Rafting/samples/00696.png 73
ucf/Rafting/samples/00697.png 73
ucf/Rafting/samples/00698.png 73
ucf/Rafting/samples/00699.png 73
ucf/Rafting/samples/00700.png 73
ucf/Rafting/samples/00701.png 73
ucf/Rafting/samples/00702.png 73
ucf/Rafting/samples/00703.png 73
ucf/Rafting/samples/00704.png 73
ucf/Rafting/samples/00705.png 73
ucf/Rafting/samples/00706.png 73
ucf/Rafting/samples/00707.png 73
ucf/Rafting/samples/00708.png 73
ucf/Rafting/samples/00709.png 73
ucf/Rafting/samples/00710.png 73
ucf/Rafting/samples/00711.png 73
ucf/Rafting/samples/00712.png 73
ucf/Rafting/samples/00713.png 73
ucf/Rafting/samples/00714.png 73
ucf/Rafting/samples/00715.png 73
ucf/Rafting/samples/00716.png 73
ucf/Rafting/samples/00717.png 73
ucf/Rafting/samples/00718.png 73
ucf/Rafting/samples/00719.png 73
ucf/Rafting/samples/00720.png 73
ucf/Rafting/samples/00721.png 73
ucf/Rafting/samples/00722.png 73
ucf/Rafting/samples/00723.png 73
ucf/Rafting/samples/00724.png 73
ucf/Rafting/samples/00725.png 73
ucf/Rafting/samples/00726.png 73
ucf/Rafting/samples/00727.png 73
ucf/Rafting/samples/00728.png 73
ucf/Rafting/samples/00729.png 73
ucf/Rafting/samples/00730.png 73
ucf/Rafting/samples/00731.png 73
ucf/Rafting/samples/00732.png 73
ucf/Rafting/samples/00733.png 73
ucf/Rafting/samples/00734.png 73
ucf/Rafting/samples/00735.png 73
ucf/Rafting/samples/00736.png 73
ucf/Rafting/samples/00737.png 73
ucf/Rafting/samples/00738.png 73
ucf/Rafting/samples/00739.png 73
ucf/Rafting/samples/00740.png 73
ucf/Rafting/samples/00741.png 73
ucf/Rafting/samples/00742.png 73
ucf/Rafting/samples/00743.png 73
ucf/Rafting/samples/00744.png 73
ucf/Rafting/samples/00745.png 73
ucf/Rafting/samples/00746.png 73
ucf/Rafting/samples/00747.png 73
ucf/Rafting/samples/00748.png 73
ucf/Rafting/samples/00749.png 73
ucf/Rafting/samples/00750.png 73
ucf/Rafting/samples/00751.png 73
ucf/Rafting/samples/00752.png 73
ucf/Rafting/samples/00753.png 73
ucf/Rafting/samples/00754.png 73
ucf/Rafting/samples/00755.png 73
ucf/Rafting/samples/00756.png 73
ucf/Rafting/samples/00757.png 73
ucf/Rafting/samples/00758.png 73
ucf/Rafting/samples/00759.png 73
ucf/Rafting/samples/00760.png 73
ucf/Rafting/samples/00761.png 73
ucf/Rafting/samples/00762.png 73
ucf/Rafting/samples/00763.png 73
ucf/Rafting/samples/00764.png 73
ucf/Rafting/samples/00765.png 73
ucf/Rafting/samples/00766.png 73
ucf/Rafting/samples/00767.png 73
ucf/Rafting/samples/00768.png 73
ucf/Rafting/samples/00769.png 73
ucf/Rafting/samples/00770.png 73
ucf/Rafting/samples/00771.png 73
ucf/Rafting/samples/00772.png 73
ucf/Rafting/samples/00773.png 73
ucf/Rafting/samples/00774.png 73
ucf/Rafting/samples/00775.png 73
ucf/Rafting/samples/00776.png 73
ucf/Rafting/samples/00777.png 73
ucf/Rafting/samples/00778.png 73
ucf/Rafting/samples/00779.png 73
ucf/Rafting/samples/00780.png 73
ucf/Rafting/samples/00781.png 73
ucf/Rafting/samples/00782.png 73
ucf/Rafting/samples/00783.png 73
ucf/Rafting/samples/00784.png 73
ucf/Rafting/samples/00785.png 73
ucf/Rafting/samples/00786.png 73
ucf/Rafting/samples/00787.png 73
ucf/Rafting/samples/00788.png 73
ucf/Rafting/samples/00789.png 73
ucf/Rafting/samples/00790.png 73
ucf/Rafting/samples/00791.png 73
ucf/Rafting/samples/00792.png 73
ucf/Rafting/samples/00793.png 73
ucf/Rafting/samples/00794.png 73
ucf/Rafting/samples/00795.png 73
ucf/Rafting/samples/00796.png 73
ucf/Rafting/samples/00797.png 73
ucf/Rafting/samples/00798.png 73
ucf/Rafting/samples/00799.png 73
ucf/Rafting/samples/00800.png 73
ucf/Rafting/samples/00801.png 73
ucf/Rafting/samples/00802.png 73
ucf/Rafting/samples/00803.png 73
ucf/Rafting/samples/00804.png 73
ucf/Rafting/samples/00805.png 73
ucf/Rafting/samples/00806.png 73
ucf/Rafting/samples/00807.png 73
ucf/Rafting/samples/00808.png 73
ucf/Rafting/samples/00809.png 73
ucf/Rafting/samples/00810.png 73
ucf/Rafting/samples/00811.png 73
ucf/Rafting/samples/00812.png 73
ucf/Rafting/samples/00813.png 73
ucf/Rafting/samples/00814.png 73
ucf/Rafting/samples/00815.png 73
ucf/Rafting/samples/00816.png 73
ucf/Rafting/samples/00817.png 73
ucf/Rafting/samples/00818.png 73
ucf/Rafting/samples/00819.png 73
ucf/Rafting/samples/00820.png 73
ucf/Rafting/samples/00821.png 73
ucf/Rafting/samples/00822.png 73
ucf/Rafting/samples/00823.png 73
ucf/Rafting/samples/00824.png 73
ucf/Rafting/samples/00825.png 73
ucf/Rafting/samples/00826.png 73
ucf/Rafting/samples/00827.png 73
ucf/Rafting/samples/00828.png 73
ucf/Rafting/samples/00829.png 73
ucf/Rafting/samples/00830.png 73
ucf/Rafting/samples/00831.png 73
ucf/Rafting/samples/00832.png 73
ucf/Rafting/samples/00833.png 73
ucf/Rafting/samples/00834.png 73
ucf/Rafting/samples/00835.png 73
ucf/Rafting/samples/00836.png 73
ucf/Rafting/samples/00837.png 73
ucf/Rafting/samples/00838.png 73
ucf/Rafting/samples/00839.png 73
ucf/Rafting/samples/00840.png 73
ucf/Rafting/samples/00841.png 73
ucf/Rafting/samples/00842.png 73
ucf/Rafting/samples/00843.png 73
ucf/Rafting/samples/00844.png 73
ucf/Rafting/samples/00845.png 73
ucf/Rafting/samples/00846.png 73
ucf/Rafting/samples/00847.png 73
ucf/Rafting/samples/00848.png 73
ucf/Rafting/samples/00849.png 73
ucf/Rafting/samples/00850.png 73
ucf/Rafting/samples/00851.png 73
ucf/Rafting/samples/00852.png 73
ucf/Rafting/samples/00853.png 73
ucf/Rafting/samples/00854.png 73
ucf/Rafting/samples/00855.png 73
ucf/Rafting/samples/00856.png 73
ucf/Rafting/samples/00857.png 73
ucf/Rafting/samples/00858.png 73
ucf/Rafting/samples/00859.png 73
ucf/Rafting/samples/00860.png 73
ucf/Rafting/samples/00861.png 73
ucf/Rafting/samples/00862.png 73
ucf/Rafting/samples/00863.png 73
ucf/Rafting/samples/00864.png 73
ucf/Rafting/samples/00865.png 73
ucf/Rafting/samples/00866.png 73
ucf/Rafting/samples/00867.png 73
ucf/Rafting/samples/00868.png 73
ucf/Rafting/samples/00869.png 73
ucf/Rafting/samples/00870.png 73
ucf/Rafting/samples/00871.png 73
ucf/Rafting/samples/00872.png 73
ucf/Rafting/samples/00873.png 73
ucf/Rafting/samples/00874.png 73
ucf/Rafting/samples/00875.png 73
ucf/Rafting/samples/00876.png 73
ucf/Rafting/samples/00877.png 73
ucf/Rafting/samples/00878.png 73
ucf/Rafting/samples/00879.png 73
ucf/Rafting/samples/00880.png 73
ucf/Rafting/samples/00881.png 73
ucf/Rafting/samples/00882.png 73
ucf/Rafting/samples/00883.png 73
ucf/Rafting/samples/00884.png 73
ucf/Rafting/samples/00885.png 73
ucf/Rafting/samples/00886.png 73
ucf/Rafting/samples/00887.png 73
ucf/Rafting/samples/00888.png 73
ucf/Rafting/samples/00889.png 73
ucf/Rafting/samples/00890.png 73
ucf/Rafting/samples/00891.png 73
ucf/Rafting/samples/00892.png 73
ucf/Rafting/samples/00893.png 73
ucf/Rafting/samples/00894.png 73
ucf/Rafting/samples/00895.png 73
ucf/Rafting/samples/00896.png 73
ucf/Rafting/samples/00897.png 73
ucf/Rafting/samples/00898.png 73
ucf/Rafting/samples/00899.png 73
ucf/Rafting/samples/00900.png 73
ucf/Rafting/samples/00901.png 73
ucf/Rafting/samples/00902.png 73
ucf/Rafting/samples/00903.png 73
ucf/Rafting/samples/00904.png 73
ucf/Rafting/samples/00905.png 73
ucf/Rafting/samples/00906.png 73
ucf/Rafting/samples/00907.png 73
ucf/Rafting/samples/00908.png 73
ucf/Rafting/samples/00909.png 73
ucf/Rafting/samples/00910.png 73
ucf/Rafting/samples/00911.png 73
ucf/Rafting/samples/00912.png 73
ucf/Rafting/samples/00913.png 73
ucf/Rafting/samples/00914.png 73
ucf/Rafting/samples/00915.png 73
ucf/Rafting/samples/00916.png 73
ucf/Rafting/samples/00917.png 73
ucf/Rafting/samples/00918.png 73
ucf/Rafting/samples/00919.png 73
ucf/Rafting/samples/00920.png 73
ucf/Rafting/samples/00921.png 73
ucf/Rafting/samples/00922.png 73
ucf/Rafting/samples/00923.png 73
ucf/Rafting/samples/00924.png 73
ucf/Rafting/samples/00925.png 73
ucf/Rafting/samples/00926.png 73
ucf/Rafting/samples/00927.png 73
ucf/Rafting/samples/00928.png 73
ucf/Rafting/samples/00929.png 73
ucf/Rafting/samples/00930.png 73
ucf/Rafting/samples/00931.png 73
ucf/Rafting/samples/00932.png 73
ucf/Rafting/samples/00933.png 73
ucf/Rafting/samples/00934.png 73
ucf/Rafting/samples/00935.png 73
ucf/Rafting/samples/00936.png 73
ucf/Rafting/samples/00937.png 73
ucf/Rafting/samples/00938.png 73
ucf/Rafting/samples/00939.png 73
ucf/Rafting/samples/00940.png 73
ucf/Rafting/samples/00941.png 73
ucf/Rafting/samples/00942.png 73
ucf/Rafting/samples/00943.png 73
ucf/Rafting/samples/00944.png 73
ucf/Rafting/samples/00945.png 73
ucf/Rafting/samples/00946.png 73
ucf/Rafting/samples/00947.png 73
ucf/Rafting/samples/00948.png 73
ucf/Rafting/samples/00949.png 73
ucf/Rafting/samples/00950.png 73
ucf/Rafting/samples/00951.png 73
ucf/Rafting/samples/00952.png 73
ucf/Rafting/samples/00953.png 73
ucf/Rafting/samples/00954.png 73
ucf/Rafting/samples/00955.png 73
ucf/Rafting/samples/00956.png 73
ucf/Rafting/samples/00957.png 73
ucf/Rafting/samples/00958.png 73
ucf/Rafting/samples/00959.png 73
ucf/Rafting/samples/00960.png 73
ucf/Rafting/samples/00961.png 73
ucf/Rafting/samples/00962.png 73
ucf/Rafting/samples/00963.png 73
ucf/Rafting/samples/00964.png 73
ucf/Rafting/samples/00965.png 73
ucf/Rafting/samples/00966.png 73
ucf/Rafting/samples/00967.png 73
ucf/Rafting/samples/00968.png 73
ucf/Rafting/samples/00969.png 73
ucf/Rafting/samples/00970.png 73
ucf/Rafting/samples/00971.png 73
ucf/Rafting/samples/00972.png 73
ucf/Rafting/samples/00973.png 73
ucf/Rafting/samples/00974.png 73
ucf/Rafting/samples/00975.png 73
ucf/Rafting/samples/00976.png 73
ucf/Rafting/samples/00977.png 73
ucf/Rafting/samples/00978.png 73
ucf/Rafting/samples/00979.png 73
ucf/Rafting/samples/00980.png 73
ucf/Rafting/samples/00981.png 73
ucf/Rafting/samples/00982.png 73
ucf/Rafting/samples/00983.png 73
ucf/Rafting/samples/00984.png 73
ucf/Rafting/samples/00985.png 73
ucf/Rafting/samples/00986.png 73
ucf/Rafting/samples/00987.png 73
ucf/Rafting/samples/00988.png 73
ucf/Rafting/samples/00989.png 73
ucf/Rafting/samples/00990.png 73
ucf/Rafting/samples/00991.png 73
ucf/Rafting/samples/00992.png 73
ucf/Rafting/samples/00993.png 73
ucf/Rafting/samples/00994.png 73
ucf/Rafting/samples/00995.png 73
ucf/Rafting/samples/00996.png 73
ucf/Rafting/samples/00997.png 73
ucf/Rafting/samples/00998.png 73
ucf/Rafting/samples/00999.png 73
ucf/Typing/samples/00000.png 95
ucf/Typing/samples/00001.png 95
ucf/Typing/samples/00002.png 95
ucf/Typing/samples/00003.png 95
ucf/Typing/samples/00004.png 95
ucf/Typing/samples/00005.png 95
ucf/Typing/samples/00006.png 95
ucf/Typing/samples/00007.png 95
ucf/Typing/samples/00008.png 95
ucf/Typing/samples/00009.png 95
ucf/Typing/samples/00010.png 95
ucf/Typing/samples/00011.png 95
ucf/Typing/samples/00012.png 95
ucf/Typing/samples/00013.png 95
ucf/Typing/samples/00014.png 95
ucf/Typing/samples/00015.png 95
ucf/Typing/samples/00016.png 95
ucf/Typing/samples/00017.png 95
ucf/Typing/samples/00018.png 95
ucf/Typing/samples/00019.png 95
ucf/Typing/samples/00020.png 95
ucf/Typing/samples/00021.png 95
ucf/Typing/samples/00022.png 95
ucf/Typing/samples/00023.png 95
ucf/Typing/samples/00024.png 95
ucf/Typing/samples/00025.png 95
ucf/Typing/samples/00026.png 95
ucf/Typing/samples/00027.png 95
ucf/Typing/samples/00028.png 95
ucf/Typing/samples/00029.png 95
ucf/Typing/samples/00030.png 95
ucf/Typing/samples/00031.png 95
ucf/Typing/samples/00032.png 95
ucf/Typing/samples/00033.png 95
ucf/Typing/samples/00034.png 95
ucf/Typing/samples/00035.png 95
ucf/Typing/samples/00036.png 95
ucf/Typing/samples/00037.png 95
ucf/Typing/samples/00038.png 95
ucf/Typing/samples/00039.png 95
ucf/Typing/samples/00040.png 95
ucf/Typing/samples/00041.png 95
ucf/Typing/samples/00042.png 95
ucf/Typing/samples/00043.png 95
ucf/Typing/samples/00044.png 95
ucf/Typing/samples/00045.png 95
ucf/Typing/samples/00046.png 95
ucf/Typing/samples/00047.png 95
ucf/Typing/samples/00048.png 95
ucf/Typing/samples/00049.png 95
ucf/Typing/samples/00050.png 95
ucf/Typing/samples/00051.png 95
ucf/Typing/samples/00052.png 95
ucf/Typing/samples/00053.png 95
ucf/Typing/samples/00054.png 95
ucf/Typing/samples/00055.png 95
ucf/Typing/samples/00056.png 95
ucf/Typing/samples/00057.png 95
ucf/Typing/samples/00058.png 95
ucf/Typing/samples/00059.png 95
ucf/Typing/samples/00060.png 95
ucf/Typing/samples/00061.png 95
ucf/Typing/samples/00062.png 95
ucf/Typing/samples/00063.png 95
ucf/Typing/samples/00064.png 95
ucf/Typing/samples/00065.png 95
ucf/Typing/samples/00066.png 95
ucf/Typing/samples/00067.png 95
ucf/Typing/samples/00068.png 95
ucf/Typing/samples/00069.png 95
ucf/Typing/samples/00070.png 95
ucf/Typing/samples/00071.png 95
ucf/Typing/samples/00072.png 95
ucf/Typing/samples/00073.png 95
ucf/Typing/samples/00074.png 95
ucf/Typing/samples/00075.png 95
ucf/Typing/samples/00076.png 95
ucf/Typing/samples/00077.png 95
ucf/Typing/samples/00078.png 95
ucf/Typing/samples/00079.png 95
ucf/Typing/samples/00080.png 95
ucf/Typing/samples/00081.png 95
ucf/Typing/samples/00082.png 95
ucf/Typing/samples/00083.png 95
ucf/Typing/samples/00084.png 95
ucf/Typing/samples/00085.png 95
ucf/Typing/samples/00086.png 95
ucf/Typing/samples/00087.png 95
ucf/Typing/samples/00088.png 95
ucf/Typing/samples/00089.png 95
ucf/Typing/samples/00090.png 95
ucf/Typing/samples/00091.png 95
ucf/Typing/samples/00092.png 95
ucf/Typing/samples/00093.png 95
ucf/Typing/samples/00094.png 95
ucf/Typing/samples/00095.png 95
ucf/Typing/samples/00096.png 95
ucf/Typing/samples/00097.png 95
ucf/Typing/samples/00098.png 95
ucf/Typing/samples/00099.png 95
ucf/Typing/samples/00100.png 95
ucf/Typing/samples/00101.png 95
ucf/Typing/samples/00102.png 95
ucf/Typing/samples/00103.png 95
ucf/Typing/samples/00104.png 95
ucf/Typing/samples/00105.png 95
ucf/Typing/samples/00106.png 95
ucf/Typing/samples/00107.png 95
ucf/Typing/samples/00108.png 95
ucf/Typing/samples/00109.png 95
ucf/Typing/samples/00110.png 95
ucf/Typing/samples/00111.png 95
ucf/Typing/samples/00112.png 95
ucf/Typing/samples/00113.png 95
ucf/Typing/samples/00114.png 95
ucf/Typing/samples/00115.png 95
ucf/Typing/samples/00116.png 95
ucf/Typing/samples/00117.png 95
ucf/Typing/samples/00118.png 95
ucf/Typing/samples/00119.png 95
ucf/Typing/samples/00120.png 95
ucf/Typing/samples/00121.png 95
ucf/Typing/samples/00122.png 95
ucf/Typing/samples/00123.png 95
ucf/Typing/samples/00124.png 95
ucf/Typing/samples/00125.png 95
ucf/Typing/samples/00126.png 95
ucf/Typing/samples/00127.png 95
ucf/Typing/samples/00128.png 95
ucf/Typing/samples/00129.png 95
ucf/Typing/samples/00130.png 95
ucf/Typing/samples/00131.png 95
ucf/Typing/samples/00132.png 95
ucf/Typing/samples/00133.png 95
ucf/Typing/samples/00134.png 95
ucf/Typing/samples/00135.png 95
ucf/Typing/samples/00136.png 95
ucf/Typing/samples/00137.png 95
ucf/Typing/samples/00138.png 95
ucf/Typing/samples/00139.png 95
ucf/Typing/samples/00140.png 95
ucf/Typing/samples/00141.png 95
ucf/Typing/samples/00142.png 95
ucf/Typing/samples/00143.png 95
ucf/Typing/samples/00144.png 95
ucf/Typing/samples/00145.png 95
ucf/Typing/samples/00146.png 95
ucf/Typing/samples/00147.png 95
ucf/Typing/samples/00148.png 95
ucf/Typing/samples/00149.png 95
ucf/Typing/samples/00150.png 95
ucf/Typing/samples/00151.png 95
ucf/Typing/samples/00152.png 95
ucf/Typing/samples/00153.png 95
ucf/Typing/samples/00154.png 95
ucf/Typing/samples/00155.png 95
ucf/Typing/samples/00156.png 95
ucf/Typing/samples/00157.png 95
ucf/Typing/samples/00158.png 95
ucf/Typing/samples/00159.png 95
ucf/Typing/samples/00160.png 95
ucf/Typing/samples/00161.png 95
ucf/Typing/samples/00162.png 95
ucf/Typing/samples/00163.png 95
ucf/Typing/samples/00164.png 95
ucf/Typing/samples/00165.png 95
ucf/Typing/samples/00166.png 95
ucf/Typing/samples/00167.png 95
ucf/Typing/samples/00168.png 95
ucf/Typing/samples/00169.png 95
ucf/Typing/samples/00170.png 95
ucf/Typing/samples/00171.png 95
ucf/Typing/samples/00172.png 95
ucf/Typing/samples/00173.png 95
ucf/Typing/samples/00174.png 95
ucf/Typing/samples/00175.png 95
ucf/Typing/samples/00176.png 95
ucf/Typing/samples/00177.png 95
ucf/Typing/samples/00178.png 95
ucf/Typing/samples/00179.png 95
ucf/Typing/samples/00180.png 95
ucf/Typing/samples/00181.png 95
ucf/Typing/samples/00182.png 95
ucf/Typing/samples/00183.png 95
ucf/Typing/samples/00184.png 95
ucf/Typing/samples/00185.png 95
ucf/Typing/samples/00186.png 95
ucf/Typing/samples/00187.png 95
ucf/Typing/samples/00188.png 95
ucf/Typing/samples/00189.png 95
ucf/Typing/samples/00190.png 95
ucf/Typing/samples/00191.png 95
ucf/Typing/samples/00192.png 95
ucf/Typing/samples/00193.png 95
ucf/Typing/samples/00194.png 95
ucf/Typing/samples/00195.png 95
ucf/Typing/samples/00196.png 95
ucf/Typing/samples/00197.png 95
ucf/Typing/samples/00198.png 95
ucf/Typing/samples/00199.png 95
ucf/Typing/samples/00200.png 95
ucf/Typing/samples/00201.png 95
ucf/Typing/samples/00202.png 95
ucf/Typing/samples/00203.png 95
ucf/Typing/samples/00204.png 95
ucf/Typing/samples/00205.png 95
ucf/Typing/samples/00206.png 95
ucf/Typing/samples/00207.png 95
ucf/Typing/samples/00208.png 95
ucf/Typing/samples/00209.png 95
ucf/Typing/samples/00210.png 95
ucf/Typing/samples/00211.png 95
ucf/Typing/samples/00212.png 95
ucf/Typing/samples/00213.png 95
ucf/Typing/samples/00214.png 95
ucf/Typing/samples/00215.png 95
ucf/Typing/samples/00216.png 95
ucf/Typing/samples/00217.png 95
ucf/Typing/samples/00218.png 95
ucf/Typing/samples/00219.png 95
ucf/Typing/samples/00220.png 95
ucf/Typing/samples/00221.png 95
ucf/Typing/samples/00222.png 95
ucf/Typing/samples/00223.png 95
ucf/Typing/samples/00224.png 95
ucf/Typing/samples/00225.png 95
ucf/Typing/samples/00226.png 95
ucf/Typing/samples/00227.png 95
ucf/Typing/samples/00228.png 95
ucf/Typing/samples/00229.png 95
ucf/Typing/samples/00230.png 95
ucf/Typing/samples/00231.png 95
ucf/Typing/samples/00232.png 95
ucf/Typing/samples/00233.png 95
ucf/Typing/samples/00234.png 95
ucf/Typing/samples/00235.png 95
ucf/Typing/samples/00236.png 95
ucf/Typing/samples/00237.png 95
ucf/Typing/samples/00238.png 95
ucf/Typing/samples/00239.png 95
ucf/Typing/samples/00240.png 95
ucf/Typing/samples/00241.png 95
ucf/Typing/samples/00242.png 95
ucf/Typing/samples/00243.png 95
ucf/Typing/samples/00244.png 95
ucf/Typing/samples/00245.png 95
ucf/Typing/samples/00246.png 95
ucf/Typing/samples/00247.png 95
ucf/Typing/samples/00248.png 95
ucf/Typing/samples/00249.png 95
ucf/Typing/samples/00250.png 95
ucf/Typing/samples/00251.png 95
ucf/Typing/samples/00252.png 95
ucf/Typing/samples/00253.png 95
ucf/Typing/samples/00254.png 95
ucf/Typing/samples/00255.png 95
ucf/Typing/samples/00256.png 95
ucf/Typing/samples/00257.png 95
ucf/Typing/samples/00258.png 95
ucf/Typing/samples/00259.png 95
ucf/Typing/samples/00260.png 95
ucf/Typing/samples/00261.png 95
ucf/Typing/samples/00262.png 95
ucf/Typing/samples/00263.png 95
ucf/Typing/samples/00264.png 95
ucf/Typing/samples/00265.png 95
ucf/Typing/samples/00266.png 95
ucf/Typing/samples/00267.png 95
ucf/Typing/samples/00268.png 95
ucf/Typing/samples/00269.png 95
ucf/Typing/samples/00270.png 95
ucf/Typing/samples/00271.png 95
ucf/Typing/samples/00272.png 95
ucf/Typing/samples/00273.png 95
ucf/Typing/samples/00274.png 95
ucf/Typing/samples/00275.png 95
ucf/Typing/samples/00276.png 95
ucf/Typing/samples/00277.png 95
ucf/Typing/samples/00278.png 95
ucf/Typing/samples/00279.png 95
ucf/Typing/samples/00280.png 95
ucf/Typing/samples/00281.png 95
ucf/Typing/samples/00282.png 95
ucf/Typing/samples/00283.png 95
ucf/Typing/samples/00284.png 95
ucf/Typing/samples/00285.png 95
ucf/Typing/samples/00286.png 95
ucf/Typing/samples/00287.png 95
ucf/Typing/samples/00288.png 95
ucf/Typing/samples/00289.png 95
ucf/Typing/samples/00290.png 95
ucf/Typing/samples/00291.png 95
ucf/Typing/samples/00292.png 95
ucf/Typing/samples/00293.png 95
ucf/Typing/samples/00294.png 95
ucf/Typing/samples/00295.png 95
ucf/Typing/samples/00296.png 95
ucf/Typing/samples/00297.png 95
ucf/Typing/samples/00298.png 95
ucf/Typing/samples/00299.png 95
ucf/Typing/samples/00300.png 95
ucf/Typing/samples/00301.png 95
ucf/Typing/samples/00302.png 95
ucf/Typing/samples/00303.png 95
ucf/Typing/samples/00304.png 95
ucf/Typing/samples/00305.png 95
ucf/Typing/samples/00306.png 95
ucf/Typing/samples/00307.png 95
ucf/Typing/samples/00308.png 95
ucf/Typing/samples/00309.png 95
ucf/Typing/samples/00310.png 95
ucf/Typing/samples/00311.png 95
ucf/Typing/samples/00312.png 95
ucf/Typing/samples/00313.png 95
ucf/Typing/samples/00314.png 95
ucf/Typing/samples/00315.png 95
ucf/Typing/samples/00316.png 95
ucf/Typing/samples/00317.png 95
ucf/Typing/samples/00318.png 95
ucf/Typing/samples/00319.png 95
ucf/Typing/samples/00320.png 95
ucf/Typing/samples/00321.png 95
ucf/Typing/samples/00322.png 95
ucf/Typing/samples/00323.png 95
ucf/Typing/samples/00324.png 95
ucf/Typing/samples/00325.png 95
ucf/Typing/samples/00326.png 95
ucf/Typing/samples/00327.png 95
ucf/Typing/samples/00328.png 95
ucf/Typing/samples/00329.png 95
ucf/Typing/samples/00330.png 95
ucf/Typing/samples/00331.png 95
ucf/Typing/samples/00332.png 95
ucf/Typing/samples/00333.png 95
ucf/Typing/samples/00334.png 95
ucf/Typing/samples/00335.png 95
ucf/Typing/samples/00336.png 95
ucf/Typing/samples/00337.png 95
ucf/Typing/samples/00338.png 95
ucf/Typing/samples/00339.png 95
ucf/Typing/samples/00340.png 95
ucf/Typing/samples/00341.png 95
ucf/Typing/samples/00342.png 95
ucf/Typing/samples/00343.png 95
ucf/Typing/samples/00344.png 95
ucf/Typing/samples/00345.png 95
ucf/Typing/samples/00346.png 95
ucf/Typing/samples/00347.png 95
ucf/Typing/samples/00348.png 95
ucf/Typing/samples/00349.png 95
ucf/Typing/samples/00350.png 95
ucf/Typing/samples/00351.png 95
ucf/Typing/samples/00352.png 95
ucf/Typing/samples/00353.png 95
ucf/Typing/samples/00354.png 95
ucf/Typing/samples/00355.png 95
ucf/Typing/samples/00356.png 95
ucf/Typing/samples/00357.png 95
ucf/Typing/samples/00358.png 95
ucf/Typing/samples/00359.png 95
ucf/Typing/samples/00360.png 95
ucf/Typing/samples/00361.png 95
ucf/Typing/samples/00362.png 95
ucf/Typing/samples/00363.png 95
ucf/Typing/samples/00364.png 95
ucf/Typing/samples/00365.png 95
ucf/Typing/samples/00366.png 95
ucf/Typing/samples/00367.png 95
ucf/Typing/samples/00368.png 95
ucf/Typing/samples/00369.png 95
ucf/Typing/samples/00370.png 95
ucf/Typing/samples/00371.png 95
ucf/Typing/samples/00372.png 95
ucf/Typing/samples/00373.png 95
ucf/Typing/samples/00374.png 95
ucf/Typing/samples/00375.png 95
ucf/Typing/samples/00376.png 95
ucf/Typing/samples/00377.png 95
ucf/Typing/samples/00378.png 95
ucf/Typing/samples/00379.png 95
ucf/Typing/samples/00380.png 95
ucf/Typing/samples/00381.png 95
ucf/Typing/samples/00382.png 95
ucf/Typing/samples/00383.png 95
ucf/Typing/samples/00384.png 95
ucf/Typing/samples/00385.png 95
ucf/Typing/samples/00386.png 95
ucf/Typing/samples/00387.png 95
ucf/Typing/samples/00388.png 95
ucf/Typing/samples/00389.png 95
ucf/Typing/samples/00390.png 95
ucf/Typing/samples/00391.png 95
ucf/Typing/samples/00392.png 95
ucf/Typing/samples/00393.png 95
ucf/Typing/samples/00394.png 95
ucf/Typing/samples/00395.png 95
ucf/Typing/samples/00396.png 95
ucf/Typing/samples/00397.png 95
ucf/Typing/samples/00398.png 95
ucf/Typing/samples/00399.png 95
ucf/Typing/samples/00400.png 95
ucf/Typing/samples/00401.png 95
ucf/Typing/samples/00402.png 95
ucf/Typing/samples/00403.png 95
ucf/Typing/samples/00404.png 95
ucf/Typing/samples/00405.png 95
ucf/Typing/samples/00406.png 95
ucf/Typing/samples/00407.png 95
ucf/Typing/samples/00408.png 95
ucf/Typing/samples/00409.png 95
ucf/Typing/samples/00410.png 95
ucf/Typing/samples/00411.png 95
ucf/Typing/samples/00412.png 95
ucf/Typing/samples/00413.png 95
ucf/Typing/samples/00414.png 95
ucf/Typing/samples/00415.png 95
ucf/Typing/samples/00416.png 95
ucf/Typing/samples/00417.png 95
ucf/Typing/samples/00418.png 95
ucf/Typing/samples/00419.png 95
ucf/Typing/samples/00420.png 95
ucf/Typing/samples/00421.png 95
ucf/Typing/samples/00422.png 95
ucf/Typing/samples/00423.png 95
ucf/Typing/samples/00424.png 95
ucf/Typing/samples/00425.png 95
ucf/Typing/samples/00426.png 95
ucf/Typing/samples/00427.png 95
ucf/Typing/samples/00428.png 95
ucf/Typing/samples/00429.png 95
ucf/Typing/samples/00430.png 95
ucf/Typing/samples/00431.png 95
ucf/Typing/samples/00432.png 95
ucf/Typing/samples/00433.png 95
ucf/Typing/samples/00434.png 95
ucf/Typing/samples/00435.png 95
ucf/Typing/samples/00436.png 95
ucf/Typing/samples/00437.png 95
ucf/Typing/samples/00438.png 95
ucf/Typing/samples/00439.png 95
ucf/Typing/samples/00440.png 95
ucf/Typing/samples/00441.png 95
ucf/Typing/samples/00442.png 95
ucf/Typing/samples/00443.png 95
ucf/Typing/samples/00444.png 95
ucf/Typing/samples/00445.png 95
ucf/Typing/samples/00446.png 95
ucf/Typing/samples/00447.png 95
ucf/Typing/samples/00448.png 95
ucf/Typing/samples/00449.png 95
ucf/Typing/samples/00450.png 95
ucf/Typing/samples/00451.png 95
ucf/Typing/samples/00452.png 95
ucf/Typing/samples/00453.png 95
ucf/Typing/samples/00454.png 95
ucf/Typing/samples/00455.png 95
ucf/Typing/samples/00456.png 95
ucf/Typing/samples/00457.png 95
ucf/Typing/samples/00458.png 95
ucf/Typing/samples/00459.png 95
ucf/Typing/samples/00460.png 95
ucf/Typing/samples/00461.png 95
ucf/Typing/samples/00462.png 95
ucf/Typing/samples/00463.png 95
ucf/Typing/samples/00464.png 95
ucf/Typing/samples/00465.png 95
ucf/Typing/samples/00466.png 95
ucf/Typing/samples/00467.png 95
ucf/Typing/samples/00468.png 95
ucf/Typing/samples/00469.png 95
ucf/Typing/samples/00470.png 95
ucf/Typing/samples/00471.png 95
ucf/Typing/samples/00472.png 95
ucf/Typing/samples/00473.png 95
ucf/Typing/samples/00474.png 95
ucf/Typing/samples/00475.png 95
ucf/Typing/samples/00476.png 95
ucf/Typing/samples/00477.png 95
ucf/Typing/samples/00478.png 95
ucf/Typing/samples/00479.png 95
ucf/Typing/samples/00480.png 95
ucf/Typing/samples/00481.png 95
ucf/Typing/samples/00482.png 95
ucf/Typing/samples/00483.png 95
ucf/Typing/samples/00484.png 95
ucf/Typing/samples/00485.png 95
ucf/Typing/samples/00486.png 95
ucf/Typing/samples/00487.png 95
ucf/Typing/samples/00488.png 95
ucf/Typing/samples/00489.png 95
ucf/Typing/samples/00490.png 95
ucf/Typing/samples/00491.png 95
ucf/Typing/samples/00492.png 95
ucf/Typing/samples/00493.png 95
ucf/Typing/samples/00494.png 95
ucf/Typing/samples/00495.png 95
ucf/Typing/samples/00496.png 95
ucf/Typing/samples/00497.png 95
ucf/Typing/samples/00498.png 95
ucf/Typing/samples/00499.png 95
ucf/Typing/samples/00500.png 95
ucf/Typing/samples/00501.png 95
ucf/Typing/samples/00502.png 95
ucf/Typing/samples/00503.png 95
ucf/Typing/samples/00504.png 95
ucf/Typing/samples/00505.png 95
ucf/Typing/samples/00506.png 95
ucf/Typing/samples/00507.png 95
ucf/Typing/samples/00508.png 95
ucf/Typing/samples/00509.png 95
ucf/Typing/samples/00510.png 95
ucf/Typing/samples/00511.png 95
ucf/Typing/samples/00512.png 95
ucf/Typing/samples/00513.png 95
ucf/Typing/samples/00514.png 95
ucf/Typing/samples/00515.png 95
ucf/Typing/samples/00516.png 95
ucf/Typing/samples/00517.png 95
ucf/Typing/samples/00518.png 95
ucf/Typing/samples/00519.png 95
ucf/Typing/samples/00520.png 95
ucf/Typing/samples/00521.png 95
ucf/Typing/samples/00522.png 95
ucf/Typing/samples/00523.png 95
ucf/Typing/samples/00524.png 95
ucf/Typing/samples/00525.png 95
ucf/Typing/samples/00526.png 95
ucf/Typing/samples/00527.png 95
ucf/Typing/samples/00528.png 95
ucf/Typing/samples/00529.png 95
ucf/Typing/samples/00530.png 95
ucf/Typing/samples/00531.png 95
ucf/Typing/samples/00532.png 95
ucf/Typing/samples/00533.png 95
ucf/Typing/samples/00534.png 95
ucf/Typing/samples/00535.png 95
ucf/Typing/samples/00536.png 95
ucf/Typing/samples/00537.png 95
ucf/Typing/samples/00538.png 95
ucf/Typing/samples/00539.png 95
ucf/Typing/samples/00540.png 95
ucf/Typing/samples/00541.png 95
ucf/Typing/samples/00542.png 95
ucf/Typing/samples/00543.png 95
ucf/Typing/samples/00544.png 95
ucf/Typing/samples/00545.png 95
ucf/Typing/samples/00546.png 95
ucf/Typing/samples/00547.png 95
ucf/Typing/samples/00548.png 95
ucf/Typing/samples/00549.png 95
ucf/Typing/samples/00550.png 95
ucf/Typing/samples/00551.png 95
ucf/Typing/samples/00552.png 95
ucf/Typing/samples/00553.png 95
ucf/Typing/samples/00554.png 95
ucf/Typing/samples/00555.png 95
ucf/Typing/samples/00556.png 95
ucf/Typing/samples/00557.png 95
ucf/Typing/samples/00558.png 95
ucf/Typing/samples/00559.png 95
ucf/Typing/samples/00560.png 95
ucf/Typing/samples/00561.png 95
ucf/Typing/samples/00562.png 95
ucf/Typing/samples/00563.png 95
ucf/Typing/samples/00564.png 95
ucf/Typing/samples/00565.png 95
ucf/Typing/samples/00566.png 95
ucf/Typing/samples/00567.png 95
ucf/Typing/samples/00568.png 95
ucf/Typing/samples/00569.png 95
ucf/Typing/samples/00570.png 95
ucf/Typing/samples/00571.png 95
ucf/Typing/samples/00572.png 95
ucf/Typing/samples/00573.png 95
ucf/Typing/samples/00574.png 95
ucf/Typing/samples/00575.png 95
ucf/Typing/samples/00576.png 95
ucf/Typing/samples/00577.png 95
ucf/Typing/samples/00578.png 95
ucf/Typing/samples/00579.png 95
ucf/Typing/samples/00580.png 95
ucf/Typing/samples/00581.png 95
ucf/Typing/samples/00582.png 95
ucf/Typing/samples/00583.png 95
ucf/Typing/samples/00584.png 95
ucf/Typing/samples/00585.png 95
ucf/Typing/samples/00586.png 95
ucf/Typing/samples/00587.png 95
ucf/Typing/samples/00588.png 95
ucf/Typing/samples/00589.png 95
ucf/Typing/samples/00590.png 95
ucf/Typing/samples/00591.png 95
ucf/Typing/samples/00592.png 95
ucf/Typing/samples/00593.png 95
ucf/Typing/samples/00594.png 95
ucf/Typing/samples/00595.png 95
ucf/Typing/samples/00596.png 95
ucf/Typing/samples/00597.png 95
ucf/Typing/samples/00598.png 95
ucf/Typing/samples/00599.png 95
ucf/Typing/samples/00600.png 95
ucf/Typing/samples/00601.png 95
ucf/Typing/samples/00602.png 95
ucf/Typing/samples/00603.png 95
ucf/Typing/samples/00604.png 95
ucf/Typing/samples/00605.png 95
ucf/Typing/samples/00606.png 95
ucf/Typing/samples/00607.png 95
ucf/Typing/samples/00608.png 95
ucf/Typing/samples/00609.png 95
ucf/Typing/samples/00610.png 95
ucf/Typing/samples/00611.png 95
ucf/Typing/samples/00612.png 95
ucf/Typing/samples/00613.png 95
ucf/Typing/samples/00614.png 95
ucf/Typing/samples/00615.png 95
ucf/Typing/samples/00616.png 95
ucf/Typing/samples/00617.png 95
ucf/Typing/samples/00618.png 95
ucf/Typing/samples/00619.png 95
ucf/Typing/samples/00620.png 95
ucf/Typing/samples/00621.png 95
ucf/Typing/samples/00622.png 95
ucf/Typing/samples/00623.png 95
ucf/Typing/samples/00624.png 95
ucf/Typing/samples/00625.png 95
ucf/Typing/samples/00626.png 95
ucf/Typing/samples/00627.png 95
ucf/Typing/samples/00628.png 95
ucf/Typing/samples/00629.png 95
ucf/Typing/samples/00630.png 95
ucf/Typing/samples/00631.png 95
ucf/Typing/samples/00632.png 95
ucf/Typing/samples/00633.png 95
ucf/Typing/samples/00634.png 95
ucf/Typing/samples/00635.png 95
ucf/Typing/samples/00636.png 95
ucf/Typing/samples/00637.png 95
ucf/Typing/samples/00638.png 95
ucf/Typing/samples/00639.png 95
ucf/Typing/samples/00640.png 95
ucf/Typing/samples/00641.png 95
ucf/Typing/samples/00642.png 95
ucf/Typing/samples/00643.png 95
ucf/Typing/samples/00644.png 95
ucf/Typing/samples/00645.png 95
ucf/Typing/samples/00646.png 95
ucf/Typing/samples/00647.png 95
ucf/Typing/samples/00648.png 95
ucf/Typing/samples/00649.png 95
ucf/Typing/samples/00650.png 95
ucf/Typing/samples/00651.png 95
ucf/Typing/samples/00652.png 95
ucf/Typing/samples/00653.png 95
ucf/Typing/samples/00654.png 95
ucf/Typing/samples/00655.png 95
ucf/Typing/samples/00656.png 95
ucf/Typing/samples/00657.png 95
ucf/Typing/samples/00658.png 95
ucf/Typing/samples/00659.png 95
ucf/Typing/samples/00660.png 95
ucf/Typing/samples/00661.png 95
ucf/Typing/samples/00662.png 95
ucf/Typing/samples/00663.png 95
ucf/Typing/samples/00664.png 95
ucf/Typing/samples/00665.png 95
ucf/Typing/samples/00666.png 95
ucf/Typing/samples/00667.png 95
ucf/Typing/samples/00668.png 95
ucf/Typing/samples/00669.png 95
ucf/Typing/samples/00670.png 95
ucf/Typing/samples/00671.png 95
ucf/Typing/samples/00672.png 95
ucf/Typing/samples/00673.png 95
ucf/Typing/samples/00674.png 95
ucf/Typing/samples/00675.png 95
ucf/Typing/samples/00676.png 95
ucf/Typing/samples/00677.png 95
ucf/Typing/samples/00678.png 95
ucf/Typing/samples/00679.png 95
ucf/Typing/samples/00680.png 95
ucf/Typing/samples/00681.png 95
ucf/Typing/samples/00682.png 95
ucf/Typing/samples/00683.png 95
ucf/Typing/samples/00684.png 95
ucf/Typing/samples/00685.png 95
ucf/Typing/samples/00686.png 95
ucf/Typing/samples/00687.png 95
ucf/Typing/samples/00688.png 95
ucf/Typing/samples/00689.png 95
ucf/Typing/samples/00690.png 95
ucf/Typing/samples/00691.png 95
ucf/Typing/samples/00692.png 95
ucf/Typing/samples/00693.png 95
ucf/Typing/samples/00694.png 95
ucf/Typing/samples/00695.png 95
ucf/Typing/samples/00696.png 95
ucf/Typing/samples/00697.png 95
ucf/Typing/samples/00698.png 95
ucf/Typing/samples/00699.png 95
ucf/Typing/samples/00700.png 95
ucf/Typing/samples/00701.png 95
ucf/Typing/samples/00702.png 95
ucf/Typing/samples/00703.png 95
ucf/Typing/samples/00704.png 95
ucf/Typing/samples/00705.png 95
ucf/Typing/samples/00706.png 95
ucf/Typing/samples/00707.png 95
ucf/Typing/samples/00708.png 95
ucf/Typing/samples/00709.png 95
ucf/Typing/samples/00710.png 95
ucf/Typing/samples/00711.png 95
ucf/Typing/samples/00712.png 95
ucf/Typing/samples/00713.png 95
ucf/Typing/samples/00714.png 95
ucf/Typing/samples/00715.png 95
ucf/Typing/samples/00716.png 95
ucf/Typing/samples/00717.png 95
ucf/Typing/samples/00718.png 95
ucf/Typing/samples/00719.png 95
ucf/Typing/samples/00720.png 95
ucf/Typing/samples/00721.png 95
ucf/Typing/samples/00722.png 95
ucf/Typing/samples/00723.png 95
ucf/Typing/samples/00724.png 95
ucf/Typing/samples/00725.png 95
ucf/Typing/samples/00726.png 95
ucf/Typing/samples/00727.png 95
ucf/Typing/samples/00728.png 95
ucf/Typing/samples/00729.png 95
ucf/Typing/samples/00730.png 95
ucf/Typing/samples/00731.png 95
ucf/Typing/samples/00732.png 95
ucf/Typing/samples/00733.png 95
ucf/Typing/samples/00734.png 95
ucf/Typing/samples/00735.png 95
ucf/Typing/samples/00736.png 95
ucf/Typing/samples/00737.png 95
ucf/Typing/samples/00738.png 95
ucf/Typing/samples/00739.png 95
ucf/Typing/samples/00740.png 95
ucf/Typing/samples/00741.png 95
ucf/Typing/samples/00742.png 95
ucf/Typing/samples/00743.png 95
ucf/Typing/samples/00744.png 95
ucf/Typing/samples/00745.png 95
ucf/Typing/samples/00746.png 95
ucf/Typing/samples/00747.png 95
ucf/Typing/samples/00748.png 95
ucf/Typing/samples/00749.png 95
ucf/Typing/samples/00750.png 95
ucf/Typing/samples/00751.png 95
ucf/Typing/samples/00752.png 95
ucf/Typing/samples/00753.png 95
ucf/Typing/samples/00754.png 95
ucf/Typing/samples/00755.png 95
ucf/Typing/samples/00756.png 95
ucf/Typing/samples/00757.png 95
ucf/Typing/samples/00758.png 95
ucf/Typing/samples/00759.png 95
ucf/Typing/samples/00760.png 95
ucf/Typing/samples/00761.png 95
ucf/Typing/samples/00762.png 95
ucf/Typing/samples/00763.png 95
ucf/Typing/samples/00764.png 95
ucf/Typing/samples/00765.png 95
ucf/Typing/samples/00766.png 95
ucf/Typing/samples/00767.png 95
ucf/Typing/samples/00768.png 95
ucf/Typing/samples/00769.png 95
ucf/Typing/samples/00770.png 95
ucf/Typing/samples/00771.png 95
ucf/Typing/samples/00772.png 95
ucf/Typing/samples/00773.png 95
ucf/Typing/samples/00774.png 95
ucf/Typing/samples/00775.png 95
ucf/Typing/samples/00776.png 95
ucf/Typing/samples/00777.png 95
ucf/Typing/samples/00778.png 95
ucf/Typing/samples/00779.png 95
ucf/Typing/samples/00780.png 95
ucf/Typing/samples/00781.png 95
ucf/Typing/samples/00782.png 95
ucf/Typing/samples/00783.png 95
ucf/Typing/samples/00784.png 95
ucf/Typing/samples/00785.png 95
ucf/Typing/samples/00786.png 95
ucf/Typing/samples/00787.png 95
ucf/Typing/samples/00788.png 95
ucf/Typing/samples/00789.png 95
ucf/Typing/samples/00790.png 95
ucf/Typing/samples/00791.png 95
ucf/Typing/samples/00792.png 95
ucf/Typing/samples/00793.png 95
ucf/Typing/samples/00794.png 95
ucf/Typing/samples/00795.png 95
ucf/Typing/samples/00796.png 95
ucf/Typing/samples/00797.png 95
ucf/Typing/samples/00798.png 95
ucf/Typing/samples/00799.png 95
ucf/Typing/samples/00800.png 95
ucf/Typing/samples/00801.png 95
ucf/Typing/samples/00802.png 95
ucf/Typing/samples/00803.png 95
ucf/Typing/samples/00804.png 95
ucf/Typing/samples/00805.png 95
ucf/Typing/samples/00806.png 95
ucf/Typing/samples/00807.png 95
ucf/Typing/samples/00808.png 95
ucf/Typing/samples/00809.png 95
ucf/Typing/samples/00810.png 95
ucf/Typing/samples/00811.png 95
ucf/Typing/samples/00812.png 95
ucf/Typing/samples/00813.png 95
ucf/Typing/samples/00814.png 95
ucf/Typing/samples/00815.png 95
ucf/Typing/samples/00816.png 95
ucf/Typing/samples/00817.png 95
ucf/Typing/samples/00818.png 95
ucf/Typing/samples/00819.png 95
ucf/Typing/samples/00820.png 95
ucf/Typing/samples/00821.png 95
ucf/Typing/samples/00822.png 95
ucf/Typing/samples/00823.png 95
ucf/Typing/samples/00824.png 95
ucf/Typing/samples/00825.png 95
ucf/Typing/samples/00826.png 95
ucf/Typing/samples/00827.png 95
ucf/Typing/samples/00828.png 95
ucf/Typing/samples/00829.png 95
ucf/Typing/samples/00830.png 95
ucf/Typing/samples/00831.png 95
ucf/Typing/samples/00832.png 95
ucf/Typing/samples/00833.png 95
ucf/Typing/samples/00834.png 95
ucf/Typing/samples/00835.png 95
ucf/Typing/samples/00836.png 95
ucf/Typing/samples/00837.png 95
ucf/Typing/samples/00838.png 95
ucf/Typing/samples/00839.png 95
ucf/Typing/samples/00840.png 95
ucf/Typing/samples/00841.png 95
ucf/Typing/samples/00842.png 95
ucf/Typing/samples/00843.png 95
ucf/Typing/samples/00844.png 95
ucf/Typing/samples/00845.png 95
ucf/Typing/samples/00846.png 95
ucf/Typing/samples/00847.png 95
ucf/Typing/samples/00848.png 95
ucf/Typing/samples/00849.png 95
ucf/Typing/samples/00850.png 95
ucf/Typing/samples/00851.png 95
ucf/Typing/samples/00852.png 95
ucf/Typing/samples/00853.png 95
ucf/Typing/samples/00854.png 95
ucf/Typing/samples/00855.png 95
ucf/Typing/samples/00856.png 95
ucf/Typing/samples/00857.png 95
ucf/Typing/samples/00858.png 95
ucf/Typing/samples/00859.png 95
ucf/Typing/samples/00860.png 95
ucf/Typing/samples/00861.png 95
ucf/Typing/samples/00862.png 95
ucf/Typing/samples/00863.png 95
ucf/Typing/samples/00864.png 95
ucf/Typing/samples/00865.png 95
ucf/Typing/samples/00866.png 95
ucf/Typing/samples/00867.png 95
ucf/Typing/samples/00868.png 95
ucf/Typing/samples/00869.png 95
ucf/Typing/samples/00870.png 95
ucf/Typing/samples/00871.png 95
ucf/Typing/samples/00872.png 95
ucf/Typing/samples/00873.png 95
ucf/Typing/samples/00874.png 95
ucf/Typing/samples/00875.png 95
ucf/Typing/samples/00876.png 95
ucf/Typing/samples/00877.png 95
ucf/Typing/samples/00878.png 95
ucf/Typing/samples/00879.png 95
ucf/Typing/samples/00880.png 95
ucf/Typing/samples/00881.png 95
ucf/Typing/samples/00882.png 95
ucf/Typing/samples/00883.png 95
ucf/Typing/samples/00884.png 95
ucf/Typing/samples/00885.png 95
ucf/Typing/samples/00886.png 95
ucf/Typing/samples/00887.png 95
ucf/Typing/samples/00888.png 95
ucf/Typing/samples/00889.png 95
ucf/Typing/samples/00890.png 95
ucf/Typing/samples/00891.png 95
ucf/Typing/samples/00892.png 95
ucf/Typing/samples/00893.png 95
ucf/Typing/samples/00894.png 95
ucf/Typing/samples/00895.png 95
ucf/Typing/samples/00896.png 95
ucf/Typing/samples/00897.png 95
ucf/Typing/samples/00898.png 95
ucf/Typing/samples/00899.png 95
ucf/Typing/samples/00900.png 95
ucf/Typing/samples/00901.png 95
ucf/Typing/samples/00902.png 95
ucf/Typing/samples/00903.png 95
ucf/Typing/samples/00904.png 95
ucf/Typing/samples/00905.png 95
ucf/Typing/samples/00906.png 95
ucf/Typing/samples/00907.png 95
ucf/Typing/samples/00908.png 95
ucf/Typing/samples/00909.png 95
ucf/Typing/samples/00910.png 95
ucf/Typing/samples/00911.png 95
ucf/Typing/samples/00912.png 95
ucf/Typing/samples/00913.png 95
ucf/Typing/samples/00914.png 95
ucf/Typing/samples/00915.png 95
ucf/Typing/samples/00916.png 95
ucf/Typing/samples/00917.png 95
ucf/Typing/samples/00918.png 95
ucf/Typing/samples/00919.png 95
ucf/Typing/samples/00920.png 95
ucf/Typing/samples/00921.png 95
ucf/Typing/samples/00922.png 95
ucf/Typing/samples/00923.png 95
ucf/Typing/samples/00924.png 95
ucf/Typing/samples/00925.png 95
ucf/Typing/samples/00926.png 95
ucf/Typing/samples/00927.png 95
ucf/Typing/samples/00928.png 95
ucf/Typing/samples/00929.png 95
ucf/Typing/samples/00930.png 95
ucf/Typing/samples/00931.png 95
ucf/Typing/samples/00932.png 95
ucf/Typing/samples/00933.png 95
ucf/Typing/samples/00934.png 95
ucf/Typing/samples/00935.png 95
ucf/Typing/samples/00936.png 95
ucf/Typing/samples/00937.png 95
ucf/Typing/samples/00938.png 95
ucf/Typing/samples/00939.png 95
ucf/Typing/samples/00940.png 95
ucf/Typing/samples/00941.png 95
ucf/Typing/samples/00942.png 95
ucf/Typing/samples/00943.png 95
ucf/Typing/samples/00944.png 95
ucf/Typing/samples/00945.png 95
ucf/Typing/samples/00946.png 95
ucf/Typing/samples/00947.png 95
ucf/Typing/samples/00948.png 95
ucf/Typing/samples/00949.png 95
ucf/Typing/samples/00950.png 95
ucf/Typing/samples/00951.png 95
ucf/Typing/samples/00952.png 95
ucf/Typing/samples/00953.png 95
ucf/Typing/samples/00954.png 95
ucf/Typing/samples/00955.png 95
ucf/Typing/samples/00956.png 95
ucf/Typing/samples/00957.png 95
ucf/Typing/samples/00958.png 95
ucf/Typing/samples/00959.png 95
ucf/Typing/samples/00960.png 95
ucf/Typing/samples/00961.png 95
ucf/Typing/samples/00962.png 95
ucf/Typing/samples/00963.png 95
ucf/Typing/samples/00964.png 95
ucf/Typing/samples/00965.png 95
ucf/Typing/samples/00966.png 95
ucf/Typing/samples/00967.png 95
ucf/Typing/samples/00968.png 95
ucf/Typing/samples/00969.png 95
ucf/Typing/samples/00970.png 95
ucf/Typing/samples/00971.png 95
ucf/Typing/samples/00972.png 95
ucf/Typing/samples/00973.png 95
ucf/Typing/samples/00974.png 95
ucf/Typing/samples/00975.png 95
ucf/Typing/samples/00976.png 95
ucf/Typing/samples/00977.png 95
ucf/Typing/samples/00978.png 95
ucf/Typing/samples/00979.png 95
ucf/Typing/samples/00980.png 95
ucf/Typing/samples/00981.png 95
ucf/Typing/samples/00982.png 95
ucf/Typing/samples/00983.png 95
ucf/Typing/samples/00984.png 95
ucf/Typing/samples/00985.png 95
ucf/Typing/samples/00986.png 95
ucf/Typing/samples/00987.png 95
ucf/Typing/samples/00988.png 95
ucf/Typing/samples/00989.png 95
ucf/Typing/samples/00990.png 95
ucf/Typing/samples/00991.png 95
ucf/Typing/samples/00992.png 95
ucf/Typing/samples/00993.png 95
ucf/Typing/samples/00994.png 95
ucf/Typing/samples/00995.png 95
ucf/Typing/samples/00996.png 95
ucf/Typing/samples/00997.png 95
ucf/Typing/samples/00998.png 95
ucf/Typing/samples/00999.png 95
ucf/BabyCrawling/samples/00000.png 4
ucf/BabyCrawling/samples/00001.png 4
ucf/BabyCrawling/samples/00002.png 4
ucf/BabyCrawling/samples/00003.png 4
ucf/BabyCrawling/samples/00004.png 4
ucf/BabyCrawling/samples/00005.png 4
ucf/BabyCrawling/samples/00006.png 4
ucf/BabyCrawling/samples/00007.png 4
ucf/BabyCrawling/samples/00008.png 4
ucf/BabyCrawling/samples/00009.png 4
ucf/BabyCrawling/samples/00010.png 4
ucf/BabyCrawling/samples/00011.png 4
ucf/BabyCrawling/samples/00012.png 4
ucf/BabyCrawling/samples/00013.png 4
ucf/BabyCrawling/samples/00014.png 4
ucf/BabyCrawling/samples/00015.png 4
ucf/BabyCrawling/samples/00016.png 4
ucf/BabyCrawling/samples/00017.png 4
ucf/BabyCrawling/samples/00018.png 4
ucf/BabyCrawling/samples/00019.png 4
ucf/BabyCrawling/samples/00020.png 4
ucf/BabyCrawling/samples/00021.png 4
ucf/BabyCrawling/samples/00022.png 4
ucf/BabyCrawling/samples/00023.png 4
ucf/BabyCrawling/samples/00024.png 4
ucf/BabyCrawling/samples/00025.png 4
ucf/BabyCrawling/samples/00026.png 4
ucf/BabyCrawling/samples/00027.png 4
ucf/BabyCrawling/samples/00028.png 4
ucf/BabyCrawling/samples/00029.png 4
ucf/BabyCrawling/samples/00030.png 4
ucf/BabyCrawling/samples/00031.png 4
ucf/BabyCrawling/samples/00032.png 4
ucf/BabyCrawling/samples/00033.png 4
ucf/BabyCrawling/samples/00034.png 4
ucf/BabyCrawling/samples/00035.png 4
ucf/BabyCrawling/samples/00036.png 4
ucf/BabyCrawling/samples/00037.png 4
ucf/BabyCrawling/samples/00038.png 4
ucf/BabyCrawling/samples/00039.png 4
ucf/BabyCrawling/samples/00040.png 4
ucf/BabyCrawling/samples/00041.png 4
ucf/BabyCrawling/samples/00042.png 4
ucf/BabyCrawling/samples/00043.png 4
ucf/BabyCrawling/samples/00044.png 4
ucf/BabyCrawling/samples/00045.png 4
ucf/BabyCrawling/samples/00046.png 4
ucf/BabyCrawling/samples/00047.png 4
ucf/BabyCrawling/samples/00048.png 4
ucf/BabyCrawling/samples/00049.png 4
ucf/BabyCrawling/samples/00050.png 4
ucf/BabyCrawling/samples/00051.png 4
ucf/BabyCrawling/samples/00052.png 4
ucf/BabyCrawling/samples/00053.png 4
ucf/BabyCrawling/samples/00054.png 4
ucf/BabyCrawling/samples/00055.png 4
ucf/BabyCrawling/samples/00056.png 4
ucf/BabyCrawling/samples/00057.png 4
ucf/BabyCrawling/samples/00058.png 4
ucf/BabyCrawling/samples/00059.png 4
ucf/BabyCrawling/samples/00060.png 4
ucf/BabyCrawling/samples/00061.png 4
ucf/BabyCrawling/samples/00062.png 4
ucf/BabyCrawling/samples/00063.png 4
ucf/BabyCrawling/samples/00064.png 4
ucf/BabyCrawling/samples/00065.png 4
ucf/BabyCrawling/samples/00066.png 4
ucf/BabyCrawling/samples/00067.png 4
ucf/BabyCrawling/samples/00068.png 4
ucf/BabyCrawling/samples/00069.png 4
ucf/BabyCrawling/samples/00070.png 4
ucf/BabyCrawling/samples/00071.png 4
ucf/BabyCrawling/samples/00072.png 4
ucf/BabyCrawling/samples/00073.png 4
ucf/BabyCrawling/samples/00074.png 4
ucf/BabyCrawling/samples/00075.png 4
ucf/BabyCrawling/samples/00076.png 4
ucf/BabyCrawling/samples/00077.png 4
ucf/BabyCrawling/samples/00078.png 4
ucf/BabyCrawling/samples/00079.png 4
ucf/BabyCrawling/samples/00080.png 4
ucf/BabyCrawling/samples/00081.png 4
ucf/BabyCrawling/samples/00082.png 4
ucf/BabyCrawling/samples/00083.png 4
ucf/BabyCrawling/samples/00084.png 4
ucf/BabyCrawling/samples/00085.png 4
ucf/BabyCrawling/samples/00086.png 4
ucf/BabyCrawling/samples/00087.png 4
ucf/BabyCrawling/samples/00088.png 4
ucf/BabyCrawling/samples/00089.png 4
ucf/BabyCrawling/samples/00090.png 4
ucf/BabyCrawling/samples/00091.png 4
ucf/BabyCrawling/samples/00092.png 4
ucf/BabyCrawling/samples/00093.png 4
ucf/BabyCrawling/samples/00094.png 4
ucf/BabyCrawling/samples/00095.png 4
ucf/BabyCrawling/samples/00096.png 4
ucf/BabyCrawling/samples/00097.png 4
ucf/BabyCrawling/samples/00098.png 4
ucf/BabyCrawling/samples/00099.png 4
ucf/BabyCrawling/samples/00100.png 4
ucf/BabyCrawling/samples/00101.png 4
ucf/BabyCrawling/samples/00102.png 4
ucf/BabyCrawling/samples/00103.png 4
ucf/BabyCrawling/samples/00104.png 4
ucf/BabyCrawling/samples/00105.png 4
ucf/BabyCrawling/samples/00106.png 4
ucf/BabyCrawling/samples/00107.png 4
ucf/BabyCrawling/samples/00108.png 4
ucf/BabyCrawling/samples/00109.png 4
ucf/BabyCrawling/samples/00110.png 4
ucf/BabyCrawling/samples/00111.png 4
ucf/BabyCrawling/samples/00112.png 4
ucf/BabyCrawling/samples/00113.png 4
ucf/BabyCrawling/samples/00114.png 4
ucf/BabyCrawling/samples/00115.png 4
ucf/BabyCrawling/samples/00116.png 4
ucf/BabyCrawling/samples/00117.png 4
ucf/BabyCrawling/samples/00118.png 4
ucf/BabyCrawling/samples/00119.png 4
ucf/BabyCrawling/samples/00120.png 4
ucf/BabyCrawling/samples/00121.png 4
ucf/BabyCrawling/samples/00122.png 4
ucf/BabyCrawling/samples/00123.png 4
ucf/BabyCrawling/samples/00124.png 4
ucf/BabyCrawling/samples/00125.png 4
ucf/BabyCrawling/samples/00126.png 4
ucf/BabyCrawling/samples/00127.png 4
ucf/BabyCrawling/samples/00128.png 4
ucf/BabyCrawling/samples/00129.png 4
ucf/BabyCrawling/samples/00130.png 4
ucf/BabyCrawling/samples/00131.png 4
ucf/BabyCrawling/samples/00132.png 4
ucf/BabyCrawling/samples/00133.png 4
ucf/BabyCrawling/samples/00134.png 4
ucf/BabyCrawling/samples/00135.png 4
ucf/BabyCrawling/samples/00136.png 4
ucf/BabyCrawling/samples/00137.png 4
ucf/BabyCrawling/samples/00138.png 4
ucf/BabyCrawling/samples/00139.png 4
ucf/BabyCrawling/samples/00140.png 4
ucf/BabyCrawling/samples/00141.png 4
ucf/BabyCrawling/samples/00142.png 4
ucf/BabyCrawling/samples/00143.png 4
ucf/BabyCrawling/samples/00144.png 4
ucf/BabyCrawling/samples/00145.png 4
ucf/BabyCrawling/samples/00146.png 4
ucf/BabyCrawling/samples/00147.png 4
ucf/BabyCrawling/samples/00148.png 4
ucf/BabyCrawling/samples/00149.png 4
ucf/BabyCrawling/samples/00150.png 4
ucf/BabyCrawling/samples/00151.png 4
ucf/BabyCrawling/samples/00152.png 4
ucf/BabyCrawling/samples/00153.png 4
ucf/BabyCrawling/samples/00154.png 4
ucf/BabyCrawling/samples/00155.png 4
ucf/BabyCrawling/samples/00156.png 4
ucf/BabyCrawling/samples/00157.png 4
ucf/BabyCrawling/samples/00158.png 4
ucf/BabyCrawling/samples/00159.png 4
ucf/BabyCrawling/samples/00160.png 4
ucf/BabyCrawling/samples/00161.png 4
ucf/BabyCrawling/samples/00162.png 4
ucf/BabyCrawling/samples/00163.png 4
ucf/BabyCrawling/samples/00164.png 4
ucf/BabyCrawling/samples/00165.png 4
ucf/BabyCrawling/samples/00166.png 4
ucf/BabyCrawling/samples/00167.png 4
ucf/BabyCrawling/samples/00168.png 4
ucf/BabyCrawling/samples/00169.png 4
ucf/BabyCrawling/samples/00170.png 4
ucf/BabyCrawling/samples/00171.png 4
ucf/BabyCrawling/samples/00172.png 4
ucf/BabyCrawling/samples/00173.png 4
ucf/BabyCrawling/samples/00174.png 4
ucf/BabyCrawling/samples/00175.png 4
ucf/BabyCrawling/samples/00176.png 4
ucf/BabyCrawling/samples/00177.png 4
ucf/BabyCrawling/samples/00178.png 4
ucf/BabyCrawling/samples/00179.png 4
ucf/BabyCrawling/samples/00180.png 4
ucf/BabyCrawling/samples/00181.png 4
ucf/BabyCrawling/samples/00182.png 4
ucf/BabyCrawling/samples/00183.png 4
ucf/BabyCrawling/samples/00184.png 4
ucf/BabyCrawling/samples/00185.png 4
ucf/BabyCrawling/samples/00186.png 4
ucf/BabyCrawling/samples/00187.png 4
ucf/BabyCrawling/samples/00188.png 4
ucf/BabyCrawling/samples/00189.png 4
ucf/BabyCrawling/samples/00190.png 4
ucf/BabyCrawling/samples/00191.png 4
ucf/BabyCrawling/samples/00192.png 4
ucf/BabyCrawling/samples/00193.png 4
ucf/BabyCrawling/samples/00194.png 4
ucf/BabyCrawling/samples/00195.png 4
ucf/BabyCrawling/samples/00196.png 4
ucf/BabyCrawling/samples/00197.png 4
ucf/BabyCrawling/samples/00198.png 4
ucf/BabyCrawling/samples/00199.png 4
ucf/BabyCrawling/samples/00200.png 4
ucf/BabyCrawling/samples/00201.png 4
ucf/BabyCrawling/samples/00202.png 4
ucf/BabyCrawling/samples/00203.png 4
ucf/BabyCrawling/samples/00204.png 4
ucf/BabyCrawling/samples/00205.png 4
ucf/BabyCrawling/samples/00206.png 4
ucf/BabyCrawling/samples/00207.png 4
ucf/BabyCrawling/samples/00208.png 4
ucf/BabyCrawling/samples/00209.png 4
ucf/BabyCrawling/samples/00210.png 4
ucf/BabyCrawling/samples/00211.png 4
ucf/BabyCrawling/samples/00212.png 4
ucf/BabyCrawling/samples/00213.png 4
ucf/BabyCrawling/samples/00214.png 4
ucf/BabyCrawling/samples/00215.png 4
ucf/BabyCrawling/samples/00216.png 4
ucf/BabyCrawling/samples/00217.png 4
ucf/BabyCrawling/samples/00218.png 4
ucf/BabyCrawling/samples/00219.png 4
ucf/BabyCrawling/samples/00220.png 4
ucf/BabyCrawling/samples/00221.png 4
ucf/BabyCrawling/samples/00222.png 4
ucf/BabyCrawling/samples/00223.png 4
ucf/BabyCrawling/samples/00224.png 4
ucf/BabyCrawling/samples/00225.png 4
ucf/BabyCrawling/samples/00226.png 4
ucf/BabyCrawling/samples/00227.png 4
ucf/BabyCrawling/samples/00228.png 4
ucf/BabyCrawling/samples/00229.png 4
ucf/BabyCrawling/samples/00230.png 4
ucf/BabyCrawling/samples/00231.png 4
ucf/BabyCrawling/samples/00232.png 4
ucf/BabyCrawling/samples/00233.png 4
ucf/BabyCrawling/samples/00234.png 4
ucf/BabyCrawling/samples/00235.png 4
ucf/BabyCrawling/samples/00236.png 4
ucf/BabyCrawling/samples/00237.png 4
ucf/BabyCrawling/samples/00238.png 4
ucf/BabyCrawling/samples/00239.png 4
ucf/BabyCrawling/samples/00240.png 4
ucf/BabyCrawling/samples/00241.png 4
ucf/BabyCrawling/samples/00242.png 4
ucf/BabyCrawling/samples/00243.png 4
ucf/BabyCrawling/samples/00244.png 4
ucf/BabyCrawling/samples/00245.png 4
ucf/BabyCrawling/samples/00246.png 4
ucf/BabyCrawling/samples/00247.png 4
ucf/BabyCrawling/samples/00248.png 4
ucf/BabyCrawling/samples/00249.png 4
ucf/BabyCrawling/samples/00250.png 4
ucf/BabyCrawling/samples/00251.png 4
ucf/BabyCrawling/samples/00252.png 4
ucf/BabyCrawling/samples/00253.png 4
ucf/BabyCrawling/samples/00254.png 4
ucf/BabyCrawling/samples/00255.png 4
ucf/BabyCrawling/samples/00256.png 4
ucf/BabyCrawling/samples/00257.png 4
ucf/BabyCrawling/samples/00258.png 4
ucf/BabyCrawling/samples/00259.png 4
ucf/BabyCrawling/samples/00260.png 4
ucf/BabyCrawling/samples/00261.png 4
ucf/BabyCrawling/samples/00262.png 4
ucf/BabyCrawling/samples/00263.png 4
ucf/BabyCrawling/samples/00264.png 4
ucf/BabyCrawling/samples/00265.png 4
ucf/BabyCrawling/samples/00266.png 4
ucf/BabyCrawling/samples/00267.png 4
ucf/BabyCrawling/samples/00268.png 4
ucf/BabyCrawling/samples/00269.png 4
ucf/BabyCrawling/samples/00270.png 4
ucf/BabyCrawling/samples/00271.png 4
ucf/BabyCrawling/samples/00272.png 4
ucf/BabyCrawling/samples/00273.png 4
ucf/BabyCrawling/samples/00274.png 4
ucf/BabyCrawling/samples/00275.png 4
ucf/BabyCrawling/samples/00276.png 4
ucf/BabyCrawling/samples/00277.png 4
ucf/BabyCrawling/samples/00278.png 4
ucf/BabyCrawling/samples/00279.png 4
ucf/BabyCrawling/samples/00280.png 4
ucf/BabyCrawling/samples/00281.png 4
ucf/BabyCrawling/samples/00282.png 4
ucf/BabyCrawling/samples/00283.png 4
ucf/BabyCrawling/samples/00284.png 4
ucf/BabyCrawling/samples/00285.png 4
ucf/BabyCrawling/samples/00286.png 4
ucf/BabyCrawling/samples/00287.png 4
ucf/BabyCrawling/samples/00288.png 4
ucf/BabyCrawling/samples/00289.png 4
ucf/BabyCrawling/samples/00290.png 4
ucf/BabyCrawling/samples/00291.png 4
ucf/BabyCrawling/samples/00292.png 4
ucf/BabyCrawling/samples/00293.png 4
ucf/BabyCrawling/samples/00294.png 4
ucf/BabyCrawling/samples/00295.png 4
ucf/BabyCrawling/samples/00296.png 4
ucf/BabyCrawling/samples/00297.png 4
ucf/BabyCrawling/samples/00298.png 4
ucf/BabyCrawling/samples/00299.png 4
ucf/BabyCrawling/samples/00300.png 4
ucf/BabyCrawling/samples/00301.png 4
ucf/BabyCrawling/samples/00302.png 4
ucf/BabyCrawling/samples/00303.png 4
ucf/BabyCrawling/samples/00304.png 4
ucf/BabyCrawling/samples/00305.png 4
ucf/BabyCrawling/samples/00306.png 4
ucf/BabyCrawling/samples/00307.png 4
ucf/BabyCrawling/samples/00308.png 4
ucf/BabyCrawling/samples/00309.png 4
ucf/BabyCrawling/samples/00310.png 4
ucf/BabyCrawling/samples/00311.png 4
ucf/BabyCrawling/samples/00312.png 4
ucf/BabyCrawling/samples/00313.png 4
ucf/BabyCrawling/samples/00314.png 4
ucf/BabyCrawling/samples/00315.png 4
ucf/BabyCrawling/samples/00316.png 4
ucf/BabyCrawling/samples/00317.png 4
ucf/BabyCrawling/samples/00318.png 4
ucf/BabyCrawling/samples/00319.png 4
ucf/BabyCrawling/samples/00320.png 4
ucf/BabyCrawling/samples/00321.png 4
ucf/BabyCrawling/samples/00322.png 4
ucf/BabyCrawling/samples/00323.png 4
ucf/BabyCrawling/samples/00324.png 4
ucf/BabyCrawling/samples/00325.png 4
ucf/BabyCrawling/samples/00326.png 4
ucf/BabyCrawling/samples/00327.png 4
ucf/BabyCrawling/samples/00328.png 4
ucf/BabyCrawling/samples/00329.png 4
ucf/BabyCrawling/samples/00330.png 4
ucf/BabyCrawling/samples/00331.png 4
ucf/BabyCrawling/samples/00332.png 4
ucf/BabyCrawling/samples/00333.png 4
ucf/BabyCrawling/samples/00334.png 4
ucf/BabyCrawling/samples/00335.png 4
ucf/BabyCrawling/samples/00336.png 4
ucf/BabyCrawling/samples/00337.png 4
ucf/BabyCrawling/samples/00338.png 4
ucf/BabyCrawling/samples/00339.png 4
ucf/BabyCrawling/samples/00340.png 4
ucf/BabyCrawling/samples/00341.png 4
ucf/BabyCrawling/samples/00342.png 4
ucf/BabyCrawling/samples/00343.png 4
ucf/BabyCrawling/samples/00344.png 4
ucf/BabyCrawling/samples/00345.png 4
ucf/BabyCrawling/samples/00346.png 4
ucf/BabyCrawling/samples/00347.png 4
ucf/BabyCrawling/samples/00348.png 4
ucf/BabyCrawling/samples/00349.png 4
ucf/BabyCrawling/samples/00350.png 4
ucf/BabyCrawling/samples/00351.png 4
ucf/BabyCrawling/samples/00352.png 4
ucf/BabyCrawling/samples/00353.png 4
ucf/BabyCrawling/samples/00354.png 4
ucf/BabyCrawling/samples/00355.png 4
ucf/BabyCrawling/samples/00356.png 4
ucf/BabyCrawling/samples/00357.png 4
ucf/BabyCrawling/samples/00358.png 4
ucf/BabyCrawling/samples/00359.png 4
ucf/BabyCrawling/samples/00360.png 4
ucf/BabyCrawling/samples/00361.png 4
ucf/BabyCrawling/samples/00362.png 4
ucf/BabyCrawling/samples/00363.png 4
ucf/BabyCrawling/samples/00364.png 4
ucf/BabyCrawling/samples/00365.png 4
ucf/BabyCrawling/samples/00366.png 4
ucf/BabyCrawling/samples/00367.png 4
ucf/BabyCrawling/samples/00368.png 4
ucf/BabyCrawling/samples/00369.png 4
ucf/BabyCrawling/samples/00370.png 4
ucf/BabyCrawling/samples/00371.png 4
ucf/BabyCrawling/samples/00372.png 4
ucf/BabyCrawling/samples/00373.png 4
ucf/BabyCrawling/samples/00374.png 4
ucf/BabyCrawling/samples/00375.png 4
ucf/BabyCrawling/samples/00376.png 4
ucf/BabyCrawling/samples/00377.png 4
ucf/BabyCrawling/samples/00378.png 4
ucf/BabyCrawling/samples/00379.png 4
ucf/BabyCrawling/samples/00380.png 4
ucf/BabyCrawling/samples/00381.png 4
ucf/BabyCrawling/samples/00382.png 4
ucf/BabyCrawling/samples/00383.png 4
ucf/BabyCrawling/samples/00384.png 4
ucf/BabyCrawling/samples/00385.png 4
ucf/BabyCrawling/samples/00386.png 4
ucf/BabyCrawling/samples/00387.png 4
ucf/BabyCrawling/samples/00388.png 4
ucf/BabyCrawling/samples/00389.png 4
ucf/BabyCrawling/samples/00390.png 4
ucf/BabyCrawling/samples/00391.png 4
ucf/BabyCrawling/samples/00392.png 4
ucf/BabyCrawling/samples/00393.png 4
ucf/BabyCrawling/samples/00394.png 4
ucf/BabyCrawling/samples/00395.png 4
ucf/BabyCrawling/samples/00396.png 4
ucf/BabyCrawling/samples/00397.png 4
ucf/BabyCrawling/samples/00398.png 4
ucf/BabyCrawling/samples/00399.png 4
ucf/BabyCrawling/samples/00400.png 4
ucf/BabyCrawling/samples/00401.png 4
ucf/BabyCrawling/samples/00402.png 4
ucf/BabyCrawling/samples/00403.png 4
ucf/BabyCrawling/samples/00404.png 4
ucf/BabyCrawling/samples/00405.png 4
ucf/BabyCrawling/samples/00406.png 4
ucf/BabyCrawling/samples/00407.png 4
ucf/BabyCrawling/samples/00408.png 4
ucf/BabyCrawling/samples/00409.png 4
ucf/BabyCrawling/samples/00410.png 4
ucf/BabyCrawling/samples/00411.png 4
ucf/BabyCrawling/samples/00412.png 4
ucf/BabyCrawling/samples/00413.png 4
ucf/BabyCrawling/samples/00414.png 4
ucf/BabyCrawling/samples/00415.png 4
ucf/BabyCrawling/samples/00416.png 4
ucf/BabyCrawling/samples/00417.png 4
ucf/BabyCrawling/samples/00418.png 4
ucf/BabyCrawling/samples/00419.png 4
ucf/BabyCrawling/samples/00420.png 4
ucf/BabyCrawling/samples/00421.png 4
ucf/BabyCrawling/samples/00422.png 4
ucf/BabyCrawling/samples/00423.png 4
ucf/BabyCrawling/samples/00424.png 4
ucf/BabyCrawling/samples/00425.png 4
ucf/BabyCrawling/samples/00426.png 4
ucf/BabyCrawling/samples/00427.png 4
ucf/BabyCrawling/samples/00428.png 4
ucf/BabyCrawling/samples/00429.png 4
ucf/BabyCrawling/samples/00430.png 4
ucf/BabyCrawling/samples/00431.png 4
ucf/BabyCrawling/samples/00432.png 4
ucf/BabyCrawling/samples/00433.png 4
ucf/BabyCrawling/samples/00434.png 4
ucf/BabyCrawling/samples/00435.png 4
ucf/BabyCrawling/samples/00436.png 4
ucf/BabyCrawling/samples/00437.png 4
ucf/BabyCrawling/samples/00438.png 4
ucf/BabyCrawling/samples/00439.png 4
ucf/BabyCrawling/samples/00440.png 4
ucf/BabyCrawling/samples/00441.png 4
ucf/BabyCrawling/samples/00442.png 4
ucf/BabyCrawling/samples/00443.png 4
ucf/BabyCrawling/samples/00444.png 4
ucf/BabyCrawling/samples/00445.png 4
ucf/BabyCrawling/samples/00446.png 4
ucf/BabyCrawling/samples/00447.png 4
ucf/BabyCrawling/samples/00448.png 4
ucf/BabyCrawling/samples/00449.png 4
ucf/BabyCrawling/samples/00450.png 4
ucf/BabyCrawling/samples/00451.png 4
ucf/BabyCrawling/samples/00452.png 4
ucf/BabyCrawling/samples/00453.png 4
ucf/BabyCrawling/samples/00454.png 4
ucf/BabyCrawling/samples/00455.png 4
ucf/BabyCrawling/samples/00456.png 4
ucf/BabyCrawling/samples/00457.png 4
ucf/BabyCrawling/samples/00458.png 4
ucf/BabyCrawling/samples/00459.png 4
ucf/BabyCrawling/samples/00460.png 4
ucf/BabyCrawling/samples/00461.png 4
ucf/BabyCrawling/samples/00462.png 4
ucf/BabyCrawling/samples/00463.png 4
ucf/BabyCrawling/samples/00464.png 4
ucf/BabyCrawling/samples/00465.png 4
ucf/BabyCrawling/samples/00466.png 4
ucf/BabyCrawling/samples/00467.png 4
ucf/BabyCrawling/samples/00468.png 4
ucf/BabyCrawling/samples/00469.png 4
ucf/BabyCrawling/samples/00470.png 4
ucf/BabyCrawling/samples/00471.png 4
ucf/BabyCrawling/samples/00472.png 4
ucf/BabyCrawling/samples/00473.png 4
ucf/BabyCrawling/samples/00474.png 4
ucf/BabyCrawling/samples/00475.png 4
ucf/BabyCrawling/samples/00476.png 4
ucf/BabyCrawling/samples/00477.png 4
ucf/BabyCrawling/samples/00478.png 4
ucf/BabyCrawling/samples/00479.png 4
ucf/BabyCrawling/samples/00480.png 4
ucf/BabyCrawling/samples/00481.png 4
ucf/BabyCrawling/samples/00482.png 4
ucf/BabyCrawling/samples/00483.png 4
ucf/BabyCrawling/samples/00484.png 4
ucf/BabyCrawling/samples/00485.png 4
ucf/BabyCrawling/samples/00486.png 4
ucf/BabyCrawling/samples/00487.png 4
ucf/BabyCrawling/samples/00488.png 4
ucf/BabyCrawling/samples/00489.png 4
ucf/BabyCrawling/samples/00490.png 4
ucf/BabyCrawling/samples/00491.png 4
ucf/BabyCrawling/samples/00492.png 4
ucf/BabyCrawling/samples/00493.png 4
ucf/BabyCrawling/samples/00494.png 4
ucf/BabyCrawling/samples/00495.png 4
ucf/BabyCrawling/samples/00496.png 4
ucf/BabyCrawling/samples/00497.png 4
ucf/BabyCrawling/samples/00498.png 4
ucf/BabyCrawling/samples/00499.png 4
ucf/BabyCrawling/samples/00500.png 4
ucf/BabyCrawling/samples/00501.png 4
ucf/BabyCrawling/samples/00502.png 4
ucf/BabyCrawling/samples/00503.png 4
ucf/BabyCrawling/samples/00504.png 4
ucf/BabyCrawling/samples/00505.png 4
ucf/BabyCrawling/samples/00506.png 4
ucf/BabyCrawling/samples/00507.png 4
ucf/BabyCrawling/samples/00508.png 4
ucf/BabyCrawling/samples/00509.png 4
ucf/BabyCrawling/samples/00510.png 4
ucf/BabyCrawling/samples/00511.png 4
ucf/BabyCrawling/samples/00512.png 4
ucf/BabyCrawling/samples/00513.png 4
ucf/BabyCrawling/samples/00514.png 4
ucf/BabyCrawling/samples/00515.png 4
ucf/BabyCrawling/samples/00516.png 4
ucf/BabyCrawling/samples/00517.png 4
ucf/BabyCrawling/samples/00518.png 4
ucf/BabyCrawling/samples/00519.png 4
ucf/BabyCrawling/samples/00520.png 4
ucf/BabyCrawling/samples/00521.png 4
ucf/BabyCrawling/samples/00522.png 4
ucf/BabyCrawling/samples/00523.png 4
ucf/BabyCrawling/samples/00524.png 4
ucf/BabyCrawling/samples/00525.png 4
ucf/BabyCrawling/samples/00526.png 4
ucf/BabyCrawling/samples/00527.png 4
ucf/BabyCrawling/samples/00528.png 4
ucf/BabyCrawling/samples/00529.png 4
ucf/BabyCrawling/samples/00530.png 4
ucf/BabyCrawling/samples/00531.png 4
ucf/BabyCrawling/samples/00532.png 4
ucf/BabyCrawling/samples/00533.png 4
ucf/BabyCrawling/samples/00534.png 4
ucf/BabyCrawling/samples/00535.png 4
ucf/BabyCrawling/samples/00536.png 4
ucf/BabyCrawling/samples/00537.png 4
ucf/BabyCrawling/samples/00538.png 4
ucf/BabyCrawling/samples/00539.png 4
ucf/BabyCrawling/samples/00540.png 4
ucf/BabyCrawling/samples/00541.png 4
ucf/BabyCrawling/samples/00542.png 4
ucf/BabyCrawling/samples/00543.png 4
ucf/BabyCrawling/samples/00544.png 4
ucf/BabyCrawling/samples/00545.png 4
ucf/BabyCrawling/samples/00546.png 4
ucf/BabyCrawling/samples/00547.png 4
ucf/BabyCrawling/samples/00548.png 4
ucf/BabyCrawling/samples/00549.png 4
ucf/BabyCrawling/samples/00550.png 4
ucf/BabyCrawling/samples/00551.png 4
ucf/BabyCrawling/samples/00552.png 4
ucf/BabyCrawling/samples/00553.png 4
ucf/BabyCrawling/samples/00554.png 4
ucf/BabyCrawling/samples/00555.png 4
ucf/BabyCrawling/samples/00556.png 4
ucf/BabyCrawling/samples/00557.png 4
ucf/BabyCrawling/samples/00558.png 4
ucf/BabyCrawling/samples/00559.png 4
ucf/BabyCrawling/samples/00560.png 4
ucf/BabyCrawling/samples/00561.png 4
ucf/BabyCrawling/samples/00562.png 4
ucf/BabyCrawling/samples/00563.png 4
ucf/BabyCrawling/samples/00564.png 4
ucf/BabyCrawling/samples/00565.png 4
ucf/BabyCrawling/samples/00566.png 4
ucf/BabyCrawling/samples/00567.png 4
ucf/BabyCrawling/samples/00568.png 4
ucf/BabyCrawling/samples/00569.png 4
ucf/BabyCrawling/samples/00570.png 4
ucf/BabyCrawling/samples/00571.png 4
ucf/BabyCrawling/samples/00572.png 4
ucf/BabyCrawling/samples/00573.png 4
ucf/BabyCrawling/samples/00574.png 4
ucf/BabyCrawling/samples/00575.png 4
ucf/BabyCrawling/samples/00576.png 4
ucf/BabyCrawling/samples/00577.png 4
ucf/BabyCrawling/samples/00578.png 4
ucf/BabyCrawling/samples/00579.png 4
ucf/BabyCrawling/samples/00580.png 4
ucf/BabyCrawling/samples/00581.png 4
ucf/BabyCrawling/samples/00582.png 4
ucf/BabyCrawling/samples/00583.png 4
ucf/BabyCrawling/samples/00584.png 4
ucf/BabyCrawling/samples/00585.png 4
ucf/BabyCrawling/samples/00586.png 4
ucf/BabyCrawling/samples/00587.png 4
ucf/BabyCrawling/samples/00588.png 4
ucf/BabyCrawling/samples/00589.png 4
ucf/BabyCrawling/samples/00590.png 4
ucf/BabyCrawling/samples/00591.png 4
ucf/BabyCrawling/samples/00592.png 4
ucf/BabyCrawling/samples/00593.png 4
ucf/BabyCrawling/samples/00594.png 4
ucf/BabyCrawling/samples/00595.png 4
ucf/BabyCrawling/samples/00596.png 4
ucf/BabyCrawling/samples/00597.png 4
ucf/BabyCrawling/samples/00598.png 4
ucf/BabyCrawling/samples/00599.png 4
ucf/BabyCrawling/samples/00600.png 4
ucf/BabyCrawling/samples/00601.png 4
ucf/BabyCrawling/samples/00602.png 4
ucf/BabyCrawling/samples/00603.png 4
ucf/BabyCrawling/samples/00604.png 4
ucf/BabyCrawling/samples/00605.png 4
ucf/BabyCrawling/samples/00606.png 4
ucf/BabyCrawling/samples/00607.png 4
ucf/BabyCrawling/samples/00608.png 4
ucf/BabyCrawling/samples/00609.png 4
ucf/BabyCrawling/samples/00610.png 4
ucf/BabyCrawling/samples/00611.png 4
ucf/BabyCrawling/samples/00612.png 4
ucf/BabyCrawling/samples/00613.png 4
ucf/BabyCrawling/samples/00614.png 4
ucf/BabyCrawling/samples/00615.png 4
ucf/BabyCrawling/samples/00616.png 4
ucf/BabyCrawling/samples/00617.png 4
ucf/BabyCrawling/samples/00618.png 4
ucf/BabyCrawling/samples/00619.png 4
ucf/BabyCrawling/samples/00620.png 4
ucf/BabyCrawling/samples/00621.png 4
ucf/BabyCrawling/samples/00622.png 4
ucf/BabyCrawling/samples/00623.png 4
ucf/BabyCrawling/samples/00624.png 4
ucf/BabyCrawling/samples/00625.png 4
ucf/BabyCrawling/samples/00626.png 4
ucf/BabyCrawling/samples/00627.png 4
ucf/BabyCrawling/samples/00628.png 4
ucf/BabyCrawling/samples/00629.png 4
ucf/BabyCrawling/samples/00630.png 4
ucf/BabyCrawling/samples/00631.png 4
ucf/BabyCrawling/samples/00632.png 4
ucf/BabyCrawling/samples/00633.png 4
ucf/BabyCrawling/samples/00634.png 4
ucf/BabyCrawling/samples/00635.png 4
ucf/BabyCrawling/samples/00636.png 4
ucf/BabyCrawling/samples/00637.png 4
ucf/BabyCrawling/samples/00638.png 4
ucf/BabyCrawling/samples/00639.png 4
ucf/BabyCrawling/samples/00640.png 4
ucf/BabyCrawling/samples/00641.png 4
ucf/BabyCrawling/samples/00642.png 4
ucf/BabyCrawling/samples/00643.png 4
ucf/BabyCrawling/samples/00644.png 4
ucf/BabyCrawling/samples/00645.png 4
ucf/BabyCrawling/samples/00646.png 4
ucf/BabyCrawling/samples/00647.png 4
ucf/BabyCrawling/samples/00648.png 4
ucf/BabyCrawling/samples/00649.png 4
ucf/BabyCrawling/samples/00650.png 4
ucf/BabyCrawling/samples/00651.png 4
ucf/BabyCrawling/samples/00652.png 4
ucf/BabyCrawling/samples/00653.png 4
ucf/BabyCrawling/samples/00654.png 4
ucf/BabyCrawling/samples/00655.png 4
ucf/BabyCrawling/samples/00656.png 4
ucf/BabyCrawling/samples/00657.png 4
ucf/BabyCrawling/samples/00658.png 4
ucf/BabyCrawling/samples/00659.png 4
ucf/BabyCrawling/samples/00660.png 4
ucf/BabyCrawling/samples/00661.png 4
ucf/BabyCrawling/samples/00662.png 4
ucf/BabyCrawling/samples/00663.png 4
ucf/BabyCrawling/samples/00664.png 4
ucf/BabyCrawling/samples/00665.png 4
ucf/BabyCrawling/samples/00666.png 4
ucf/BabyCrawling/samples/00667.png 4
ucf/BabyCrawling/samples/00668.png 4
ucf/BabyCrawling/samples/00669.png 4
ucf/BabyCrawling/samples/00670.png 4
ucf/BabyCrawling/samples/00671.png 4
ucf/BabyCrawling/samples/00672.png 4
ucf/BabyCrawling/samples/00673.png 4
ucf/BabyCrawling/samples/00674.png 4
ucf/BabyCrawling/samples/00675.png 4
ucf/BabyCrawling/samples/00676.png 4
ucf/BabyCrawling/samples/00677.png 4
ucf/BabyCrawling/samples/00678.png 4
ucf/BabyCrawling/samples/00679.png 4
ucf/BabyCrawling/samples/00680.png 4
ucf/BabyCrawling/samples/00681.png 4
ucf/BabyCrawling/samples/00682.png 4
ucf/BabyCrawling/samples/00683.png 4
ucf/BabyCrawling/samples/00684.png 4
ucf/BabyCrawling/samples/00685.png 4
ucf/BabyCrawling/samples/00686.png 4
ucf/BabyCrawling/samples/00687.png 4
ucf/BabyCrawling/samples/00688.png 4
ucf/BabyCrawling/samples/00689.png 4
ucf/BabyCrawling/samples/00690.png 4
ucf/BabyCrawling/samples/00691.png 4
ucf/BabyCrawling/samples/00692.png 4
ucf/BabyCrawling/samples/00693.png 4
ucf/BabyCrawling/samples/00694.png 4
ucf/BabyCrawling/samples/00695.png 4
ucf/BabyCrawling/samples/00696.png 4
ucf/BabyCrawling/samples/00697.png 4
ucf/BabyCrawling/samples/00698.png 4
ucf/BabyCrawling/samples/00699.png 4
ucf/BabyCrawling/samples/00700.png 4
ucf/BabyCrawling/samples/00701.png 4
ucf/BabyCrawling/samples/00702.png 4
ucf/BabyCrawling/samples/00703.png 4
ucf/BabyCrawling/samples/00704.png 4
ucf/BabyCrawling/samples/00705.png 4
ucf/BabyCrawling/samples/00706.png 4
ucf/BabyCrawling/samples/00707.png 4
ucf/BabyCrawling/samples/00708.png 4
ucf/BabyCrawling/samples/00709.png 4
ucf/BabyCrawling/samples/00710.png 4
ucf/BabyCrawling/samples/00711.png 4
ucf/BabyCrawling/samples/00712.png 4
ucf/BabyCrawling/samples/00713.png 4
ucf/BabyCrawling/samples/00714.png 4
ucf/BabyCrawling/samples/00715.png 4
ucf/BabyCrawling/samples/00716.png 4
ucf/BabyCrawling/samples/00717.png 4
ucf/BabyCrawling/samples/00718.png 4
ucf/BabyCrawling/samples/00719.png 4
ucf/BabyCrawling/samples/00720.png 4
ucf/BabyCrawling/samples/00721.png 4
ucf/BabyCrawling/samples/00722.png 4
ucf/BabyCrawling/samples/00723.png 4
ucf/BabyCrawling/samples/00724.png 4
ucf/BabyCrawling/samples/00725.png 4
ucf/BabyCrawling/samples/00726.png 4
ucf/BabyCrawling/samples/00727.png 4
ucf/BabyCrawling/samples/00728.png 4
ucf/BabyCrawling/samples/00729.png 4
ucf/BabyCrawling/samples/00730.png 4
ucf/BabyCrawling/samples/00731.png 4
ucf/BabyCrawling/samples/00732.png 4
ucf/BabyCrawling/samples/00733.png 4
ucf/BabyCrawling/samples/00734.png 4
ucf/BabyCrawling/samples/00735.png 4
ucf/BabyCrawling/samples/00736.png 4
ucf/BabyCrawling/samples/00737.png 4
ucf/BabyCrawling/samples/00738.png 4
ucf/BabyCrawling/samples/00739.png 4
ucf/BabyCrawling/samples/00740.png 4
ucf/BabyCrawling/samples/00741.png 4
ucf/BabyCrawling/samples/00742.png 4
ucf/BabyCrawling/samples/00743.png 4
ucf/BabyCrawling/samples/00744.png 4
ucf/BabyCrawling/samples/00745.png 4
ucf/BabyCrawling/samples/00746.png 4
ucf/BabyCrawling/samples/00747.png 4
ucf/BabyCrawling/samples/00748.png 4
ucf/BabyCrawling/samples/00749.png 4
ucf/BabyCrawling/samples/00750.png 4
ucf/BabyCrawling/samples/00751.png 4
ucf/BabyCrawling/samples/00752.png 4
ucf/BabyCrawling/samples/00753.png 4
ucf/BabyCrawling/samples/00754.png 4
ucf/BabyCrawling/samples/00755.png 4
ucf/BabyCrawling/samples/00756.png 4
ucf/BabyCrawling/samples/00757.png 4
ucf/BabyCrawling/samples/00758.png 4
ucf/BabyCrawling/samples/00759.png 4
ucf/BabyCrawling/samples/00760.png 4
ucf/BabyCrawling/samples/00761.png 4
ucf/BabyCrawling/samples/00762.png 4
ucf/BabyCrawling/samples/00763.png 4
ucf/BabyCrawling/samples/00764.png 4
ucf/BabyCrawling/samples/00765.png 4
ucf/BabyCrawling/samples/00766.png 4
ucf/BabyCrawling/samples/00767.png 4
ucf/BabyCrawling/samples/00768.png 4
ucf/BabyCrawling/samples/00769.png 4
ucf/BabyCrawling/samples/00770.png 4
ucf/BabyCrawling/samples/00771.png 4
ucf/BabyCrawling/samples/00772.png 4
ucf/BabyCrawling/samples/00773.png 4
ucf/BabyCrawling/samples/00774.png 4
ucf/BabyCrawling/samples/00775.png 4
ucf/BabyCrawling/samples/00776.png 4
ucf/BabyCrawling/samples/00777.png 4
ucf/BabyCrawling/samples/00778.png 4
ucf/BabyCrawling/samples/00779.png 4
ucf/BabyCrawling/samples/00780.png 4
ucf/BabyCrawling/samples/00781.png 4
ucf/BabyCrawling/samples/00782.png 4
ucf/BabyCrawling/samples/00783.png 4
ucf/BabyCrawling/samples/00784.png 4
ucf/BabyCrawling/samples/00785.png 4
ucf/BabyCrawling/samples/00786.png 4
ucf/BabyCrawling/samples/00787.png 4
ucf/BabyCrawling/samples/00788.png 4
ucf/BabyCrawling/samples/00789.png 4
ucf/BabyCrawling/samples/00790.png 4
ucf/BabyCrawling/samples/00791.png 4
ucf/BabyCrawling/samples/00792.png 4
ucf/BabyCrawling/samples/00793.png 4
ucf/BabyCrawling/samples/00794.png 4
ucf/BabyCrawling/samples/00795.png 4
ucf/BabyCrawling/samples/00796.png 4
ucf/BabyCrawling/samples/00797.png 4
ucf/BabyCrawling/samples/00798.png 4
ucf/BabyCrawling/samples/00799.png 4
ucf/BabyCrawling/samples/00800.png 4
ucf/BabyCrawling/samples/00801.png 4
ucf/BabyCrawling/samples/00802.png 4
ucf/BabyCrawling/samples/00803.png 4
ucf/BabyCrawling/samples/00804.png 4
ucf/BabyCrawling/samples/00805.png 4
ucf/BabyCrawling/samples/00806.png 4
ucf/BabyCrawling/samples/00807.png 4
ucf/BabyCrawling/samples/00808.png 4
ucf/BabyCrawling/samples/00809.png 4
ucf/BabyCrawling/samples/00810.png 4
ucf/BabyCrawling/samples/00811.png 4
ucf/BabyCrawling/samples/00812.png 4
ucf/BabyCrawling/samples/00813.png 4
ucf/BabyCrawling/samples/00814.png 4
ucf/BabyCrawling/samples/00815.png 4
ucf/BabyCrawling/samples/00816.png 4
ucf/BabyCrawling/samples/00817.png 4
ucf/BabyCrawling/samples/00818.png 4
ucf/BabyCrawling/samples/00819.png 4
ucf/BabyCrawling/samples/00820.png 4
ucf/BabyCrawling/samples/00821.png 4
ucf/BabyCrawling/samples/00822.png 4
ucf/BabyCrawling/samples/00823.png 4
ucf/BabyCrawling/samples/00824.png 4
ucf/BabyCrawling/samples/00825.png 4
ucf/BabyCrawling/samples/00826.png 4
ucf/BabyCrawling/samples/00827.png 4
ucf/BabyCrawling/samples/00828.png 4
ucf/BabyCrawling/samples/00829.png 4
ucf/BabyCrawling/samples/00830.png 4
ucf/BabyCrawling/samples/00831.png 4
ucf/BabyCrawling/samples/00832.png 4
ucf/BabyCrawling/samples/00833.png 4
ucf/BabyCrawling/samples/00834.png 4
ucf/BabyCrawling/samples/00835.png 4
ucf/BabyCrawling/samples/00836.png 4
ucf/BabyCrawling/samples/00837.png 4
ucf/BabyCrawling/samples/00838.png 4
ucf/BabyCrawling/samples/00839.png 4
ucf/BabyCrawling/samples/00840.png 4
ucf/BabyCrawling/samples/00841.png 4
ucf/BabyCrawling/samples/00842.png 4
ucf/BabyCrawling/samples/00843.png 4
ucf/BabyCrawling/samples/00844.png 4
ucf/BabyCrawling/samples/00845.png 4
ucf/BabyCrawling/samples/00846.png 4
ucf/BabyCrawling/samples/00847.png 4
ucf/BabyCrawling/samples/00848.png 4
ucf/BabyCrawling/samples/00849.png 4
ucf/BabyCrawling/samples/00850.png 4
ucf/BabyCrawling/samples/00851.png 4
ucf/BabyCrawling/samples/00852.png 4
ucf/BabyCrawling/samples/00853.png 4
ucf/BabyCrawling/samples/00854.png 4
ucf/BabyCrawling/samples/00855.png 4
ucf/BabyCrawling/samples/00856.png 4
ucf/BabyCrawling/samples/00857.png 4
ucf/BabyCrawling/samples/00858.png 4
ucf/BabyCrawling/samples/00859.png 4
ucf/BabyCrawling/samples/00860.png 4
ucf/BabyCrawling/samples/00861.png 4
ucf/BabyCrawling/samples/00862.png 4
ucf/BabyCrawling/samples/00863.png 4
ucf/BabyCrawling/samples/00864.png 4
ucf/BabyCrawling/samples/00865.png 4
ucf/BabyCrawling/samples/00866.png 4
ucf/BabyCrawling/samples/00867.png 4
ucf/BabyCrawling/samples/00868.png 4
ucf/BabyCrawling/samples/00869.png 4
ucf/BabyCrawling/samples/00870.png 4
ucf/BabyCrawling/samples/00871.png 4
ucf/BabyCrawling/samples/00872.png 4
ucf/BabyCrawling/samples/00873.png 4
ucf/BabyCrawling/samples/00874.png 4
ucf/BabyCrawling/samples/00875.png 4
ucf/BabyCrawling/samples/00876.png 4
ucf/BabyCrawling/samples/00877.png 4
ucf/BabyCrawling/samples/00878.png 4
ucf/BabyCrawling/samples/00879.png 4
ucf/BabyCrawling/samples/00880.png 4
ucf/BabyCrawling/samples/00881.png 4
ucf/BabyCrawling/samples/00882.png 4
ucf/BabyCrawling/samples/00883.png 4
ucf/BabyCrawling/samples/00884.png 4
ucf/BabyCrawling/samples/00885.png 4
ucf/BabyCrawling/samples/00886.png 4
ucf/BabyCrawling/samples/00887.png 4
ucf/BabyCrawling/samples/00888.png 4
ucf/BabyCrawling/samples/00889.png 4
ucf/BabyCrawling/samples/00890.png 4
ucf/BabyCrawling/samples/00891.png 4
ucf/BabyCrawling/samples/00892.png 4
ucf/BabyCrawling/samples/00893.png 4
ucf/BabyCrawling/samples/00894.png 4
ucf/BabyCrawling/samples/00895.png 4
ucf/BabyCrawling/samples/00896.png 4
ucf/BabyCrawling/samples/00897.png 4
ucf/BabyCrawling/samples/00898.png 4
ucf/BabyCrawling/samples/00899.png 4
ucf/BabyCrawling/samples/00900.png 4
ucf/BabyCrawling/samples/00901.png 4
ucf/BabyCrawling/samples/00902.png 4
ucf/BabyCrawling/samples/00903.png 4
ucf/BabyCrawling/samples/00904.png 4
ucf/BabyCrawling/samples/00905.png 4
ucf/BabyCrawling/samples/00906.png 4
ucf/BabyCrawling/samples/00907.png 4
ucf/BabyCrawling/samples/00908.png 4
ucf/BabyCrawling/samples/00909.png 4
ucf/BabyCrawling/samples/00910.png 4
ucf/BabyCrawling/samples/00911.png 4
ucf/BabyCrawling/samples/00912.png 4
ucf/BabyCrawling/samples/00913.png 4
ucf/BabyCrawling/samples/00914.png 4
ucf/BabyCrawling/samples/00915.png 4
ucf/BabyCrawling/samples/00916.png 4
ucf/BabyCrawling/samples/00917.png 4
ucf/BabyCrawling/samples/00918.png 4
ucf/BabyCrawling/samples/00919.png 4
ucf/BabyCrawling/samples/00920.png 4
ucf/BabyCrawling/samples/00921.png 4
ucf/BabyCrawling/samples/00922.png 4
ucf/BabyCrawling/samples/00923.png 4
ucf/BabyCrawling/samples/00924.png 4
ucf/BabyCrawling/samples/00925.png 4
ucf/BabyCrawling/samples/00926.png 4
ucf/BabyCrawling/samples/00927.png 4
ucf/BabyCrawling/samples/00928.png 4
ucf/BabyCrawling/samples/00929.png 4
ucf/BabyCrawling/samples/00930.png 4
ucf/BabyCrawling/samples/00931.png 4
ucf/BabyCrawling/samples/00932.png 4
ucf/BabyCrawling/samples/00933.png 4
ucf/BabyCrawling/samples/00934.png 4
ucf/BabyCrawling/samples/00935.png 4
ucf/BabyCrawling/samples/00936.png 4
ucf/BabyCrawling/samples/00937.png 4
ucf/BabyCrawling/samples/00938.png 4
ucf/BabyCrawling/samples/00939.png 4
ucf/BabyCrawling/samples/00940.png 4
ucf/BabyCrawling/samples/00941.png 4
ucf/BabyCrawling/samples/00942.png 4
ucf/BabyCrawling/samples/00943.png 4
ucf/BabyCrawling/samples/00944.png 4
ucf/BabyCrawling/samples/00945.png 4
ucf/BabyCrawling/samples/00946.png 4
ucf/BabyCrawling/samples/00947.png 4
ucf/BabyCrawling/samples/00948.png 4
ucf/BabyCrawling/samples/00949.png 4
ucf/BabyCrawling/samples/00950.png 4
ucf/BabyCrawling/samples/00951.png 4
ucf/BabyCrawling/samples/00952.png 4
ucf/BabyCrawling/samples/00953.png 4
ucf/BabyCrawling/samples/00954.png 4
ucf/BabyCrawling/samples/00955.png 4
ucf/BabyCrawling/samples/00956.png 4
ucf/BabyCrawling/samples/00957.png 4
ucf/BabyCrawling/samples/00958.png 4
ucf/BabyCrawling/samples/00959.png 4
ucf/BabyCrawling/samples/00960.png 4
ucf/BabyCrawling/samples/00961.png 4
ucf/BabyCrawling/samples/00962.png 4
ucf/BabyCrawling/samples/00963.png 4
ucf/BabyCrawling/samples/00964.png 4
ucf/BabyCrawling/samples/00965.png 4
ucf/BabyCrawling/samples/00966.png 4
ucf/BabyCrawling/samples/00967.png 4
ucf/BabyCrawling/samples/00968.png 4
ucf/BabyCrawling/samples/00969.png 4
ucf/BabyCrawling/samples/00970.png 4
ucf/BabyCrawling/samples/00971.png 4
ucf/BabyCrawling/samples/00972.png 4
ucf/BabyCrawling/samples/00973.png 4
ucf/BabyCrawling/samples/00974.png 4
ucf/BabyCrawling/samples/00975.png 4
ucf/BabyCrawling/samples/00976.png 4
ucf/BabyCrawling/samples/00977.png 4
ucf/BabyCrawling/samples/00978.png 4
ucf/BabyCrawling/samples/00979.png 4
ucf/BabyCrawling/samples/00980.png 4
ucf/BabyCrawling/samples/00981.png 4
ucf/BabyCrawling/samples/00982.png 4
ucf/BabyCrawling/samples/00983.png 4
ucf/BabyCrawling/samples/00984.png 4
ucf/BabyCrawling/samples/00985.png 4
ucf/BabyCrawling/samples/00986.png 4
ucf/BabyCrawling/samples/00987.png 4
ucf/BabyCrawling/samples/00988.png 4
ucf/BabyCrawling/samples/00989.png 4
ucf/BabyCrawling/samples/00990.png 4
ucf/BabyCrawling/samples/00991.png 4
ucf/BabyCrawling/samples/00992.png 4
ucf/BabyCrawling/samples/00993.png 4
ucf/BabyCrawling/samples/00994.png 4
ucf/BabyCrawling/samples/00995.png 4
ucf/BabyCrawling/samples/00996.png 4
ucf/BabyCrawling/samples/00997.png 4
ucf/BabyCrawling/samples/00998.png 4
ucf/BabyCrawling/samples/00999.png 4
ucf/HighJump/samples/00000.png 40
ucf/HighJump/samples/00001.png 40
ucf/HighJump/samples/00002.png 40
ucf/HighJump/samples/00003.png 40
ucf/HighJump/samples/00004.png 40
ucf/HighJump/samples/00005.png 40
ucf/HighJump/samples/00006.png 40
ucf/HighJump/samples/00007.png 40
ucf/HighJump/samples/00008.png 40
ucf/HighJump/samples/00009.png 40
ucf/HighJump/samples/00010.png 40
ucf/HighJump/samples/00011.png 40
ucf/HighJump/samples/00012.png 40
ucf/HighJump/samples/00013.png 40
ucf/HighJump/samples/00014.png 40
ucf/HighJump/samples/00015.png 40
ucf/HighJump/samples/00016.png 40
ucf/HighJump/samples/00017.png 40
ucf/HighJump/samples/00018.png 40
ucf/HighJump/samples/00019.png 40
ucf/HighJump/samples/00020.png 40
ucf/HighJump/samples/00021.png 40
ucf/HighJump/samples/00022.png 40
ucf/HighJump/samples/00023.png 40
ucf/HighJump/samples/00024.png 40
ucf/HighJump/samples/00025.png 40
ucf/HighJump/samples/00026.png 40
ucf/HighJump/samples/00027.png 40
ucf/HighJump/samples/00028.png 40
ucf/HighJump/samples/00029.png 40
ucf/HighJump/samples/00030.png 40
ucf/HighJump/samples/00031.png 40
ucf/HighJump/samples/00032.png 40
ucf/HighJump/samples/00033.png 40
ucf/HighJump/samples/00034.png 40
ucf/HighJump/samples/00035.png 40
ucf/HighJump/samples/00036.png 40
ucf/HighJump/samples/00037.png 40
ucf/HighJump/samples/00038.png 40
ucf/HighJump/samples/00039.png 40
ucf/HighJump/samples/00040.png 40
ucf/HighJump/samples/00041.png 40
ucf/HighJump/samples/00042.png 40
ucf/HighJump/samples/00043.png 40
ucf/HighJump/samples/00044.png 40
ucf/HighJump/samples/00045.png 40
ucf/HighJump/samples/00046.png 40
ucf/HighJump/samples/00047.png 40
ucf/HighJump/samples/00048.png 40
ucf/HighJump/samples/00049.png 40
ucf/HighJump/samples/00050.png 40
ucf/HighJump/samples/00051.png 40
ucf/HighJump/samples/00052.png 40
ucf/HighJump/samples/00053.png 40
ucf/HighJump/samples/00054.png 40
ucf/HighJump/samples/00055.png 40
ucf/HighJump/samples/00056.png 40
ucf/HighJump/samples/00057.png 40
ucf/HighJump/samples/00058.png 40
ucf/HighJump/samples/00059.png 40
ucf/HighJump/samples/00060.png 40
ucf/HighJump/samples/00061.png 40
ucf/HighJump/samples/00062.png 40
ucf/HighJump/samples/00063.png 40
ucf/HighJump/samples/00064.png 40
ucf/HighJump/samples/00065.png 40
ucf/HighJump/samples/00066.png 40
ucf/HighJump/samples/00067.png 40
ucf/HighJump/samples/00068.png 40
ucf/HighJump/samples/00069.png 40
ucf/HighJump/samples/00070.png 40
ucf/HighJump/samples/00071.png 40
ucf/HighJump/samples/00072.png 40
ucf/HighJump/samples/00073.png 40
ucf/HighJump/samples/00074.png 40
ucf/HighJump/samples/00075.png 40
ucf/HighJump/samples/00076.png 40
ucf/HighJump/samples/00077.png 40
ucf/HighJump/samples/00078.png 40
ucf/HighJump/samples/00079.png 40
ucf/HighJump/samples/00080.png 40
ucf/HighJump/samples/00081.png 40
ucf/HighJump/samples/00082.png 40
ucf/HighJump/samples/00083.png 40
ucf/HighJump/samples/00084.png 40
ucf/HighJump/samples/00085.png 40
ucf/HighJump/samples/00086.png 40
ucf/HighJump/samples/00087.png 40
ucf/HighJump/samples/00088.png 40
ucf/HighJump/samples/00089.png 40
ucf/HighJump/samples/00090.png 40
ucf/HighJump/samples/00091.png 40
ucf/HighJump/samples/00092.png 40
ucf/HighJump/samples/00093.png 40
ucf/HighJump/samples/00094.png 40
ucf/HighJump/samples/00095.png 40
ucf/HighJump/samples/00096.png 40
ucf/HighJump/samples/00097.png 40
ucf/HighJump/samples/00098.png 40
ucf/HighJump/samples/00099.png 40
ucf/HighJump/samples/00100.png 40
ucf/HighJump/samples/00101.png 40
ucf/HighJump/samples/00102.png 40
ucf/HighJump/samples/00103.png 40
ucf/HighJump/samples/00104.png 40
ucf/HighJump/samples/00105.png 40
ucf/HighJump/samples/00106.png 40
ucf/HighJump/samples/00107.png 40
ucf/HighJump/samples/00108.png 40
ucf/HighJump/samples/00109.png 40
ucf/HighJump/samples/00110.png 40
ucf/HighJump/samples/00111.png 40
ucf/HighJump/samples/00112.png 40
ucf/HighJump/samples/00113.png 40
ucf/HighJump/samples/00114.png 40
ucf/HighJump/samples/00115.png 40
ucf/HighJump/samples/00116.png 40
ucf/HighJump/samples/00117.png 40
ucf/HighJump/samples/00118.png 40
ucf/HighJump/samples/00119.png 40
ucf/HighJump/samples/00120.png 40
ucf/HighJump/samples/00121.png 40
ucf/HighJump/samples/00122.png 40
ucf/HighJump/samples/00123.png 40
ucf/HighJump/samples/00124.png 40
ucf/HighJump/samples/00125.png 40
ucf/HighJump/samples/00126.png 40
ucf/HighJump/samples/00127.png 40
ucf/HighJump/samples/00128.png 40
ucf/HighJump/samples/00129.png 40
ucf/HighJump/samples/00130.png 40
ucf/HighJump/samples/00131.png 40
ucf/HighJump/samples/00132.png 40
ucf/HighJump/samples/00133.png 40
ucf/HighJump/samples/00134.png 40
ucf/HighJump/samples/00135.png 40
ucf/HighJump/samples/00136.png 40
ucf/HighJump/samples/00137.png 40
ucf/HighJump/samples/00138.png 40
ucf/HighJump/samples/00139.png 40
ucf/HighJump/samples/00140.png 40
ucf/HighJump/samples/00141.png 40
ucf/HighJump/samples/00142.png 40
ucf/HighJump/samples/00143.png 40
ucf/HighJump/samples/00144.png 40
ucf/HighJump/samples/00145.png 40
ucf/HighJump/samples/00146.png 40
ucf/HighJump/samples/00147.png 40
ucf/HighJump/samples/00148.png 40
ucf/HighJump/samples/00149.png 40
ucf/HighJump/samples/00150.png 40
ucf/HighJump/samples/00151.png 40
ucf/HighJump/samples/00152.png 40
ucf/HighJump/samples/00153.png 40
ucf/HighJump/samples/00154.png 40
ucf/HighJump/samples/00155.png 40
ucf/HighJump/samples/00156.png 40
ucf/HighJump/samples/00157.png 40
ucf/HighJump/samples/00158.png 40
ucf/HighJump/samples/00159.png 40
ucf/HighJump/samples/00160.png 40
ucf/HighJump/samples/00161.png 40
ucf/HighJump/samples/00162.png 40
ucf/HighJump/samples/00163.png 40
ucf/HighJump/samples/00164.png 40
ucf/HighJump/samples/00165.png 40
ucf/HighJump/samples/00166.png 40
ucf/HighJump/samples/00167.png 40
ucf/HighJump/samples/00168.png 40
ucf/HighJump/samples/00169.png 40
ucf/HighJump/samples/00170.png 40
ucf/HighJump/samples/00171.png 40
ucf/HighJump/samples/00172.png 40
ucf/HighJump/samples/00173.png 40
ucf/HighJump/samples/00174.png 40
ucf/HighJump/samples/00175.png 40
ucf/HighJump/samples/00176.png 40
ucf/HighJump/samples/00177.png 40
ucf/HighJump/samples/00178.png 40
ucf/HighJump/samples/00179.png 40
ucf/HighJump/samples/00180.png 40
ucf/HighJump/samples/00181.png 40
ucf/HighJump/samples/00182.png 40
ucf/HighJump/samples/00183.png 40
ucf/HighJump/samples/00184.png 40
ucf/HighJump/samples/00185.png 40
ucf/HighJump/samples/00186.png 40
ucf/HighJump/samples/00187.png 40
ucf/HighJump/samples/00188.png 40
ucf/HighJump/samples/00189.png 40
ucf/HighJump/samples/00190.png 40
ucf/HighJump/samples/00191.png 40
ucf/HighJump/samples/00192.png 40
ucf/HighJump/samples/00193.png 40
ucf/HighJump/samples/00194.png 40
ucf/HighJump/samples/00195.png 40
ucf/HighJump/samples/00196.png 40
ucf/HighJump/samples/00197.png 40
ucf/HighJump/samples/00198.png 40
ucf/HighJump/samples/00199.png 40
ucf/HighJump/samples/00200.png 40
ucf/HighJump/samples/00201.png 40
ucf/HighJump/samples/00202.png 40
ucf/HighJump/samples/00203.png 40
ucf/HighJump/samples/00204.png 40
ucf/HighJump/samples/00205.png 40
ucf/HighJump/samples/00206.png 40
ucf/HighJump/samples/00207.png 40
ucf/HighJump/samples/00208.png 40
ucf/HighJump/samples/00209.png 40
ucf/HighJump/samples/00210.png 40
ucf/HighJump/samples/00211.png 40
ucf/HighJump/samples/00212.png 40
ucf/HighJump/samples/00213.png 40
ucf/HighJump/samples/00214.png 40
ucf/HighJump/samples/00215.png 40
ucf/HighJump/samples/00216.png 40
ucf/HighJump/samples/00217.png 40
ucf/HighJump/samples/00218.png 40
ucf/HighJump/samples/00219.png 40
ucf/HighJump/samples/00220.png 40
ucf/HighJump/samples/00221.png 40
ucf/HighJump/samples/00222.png 40
ucf/HighJump/samples/00223.png 40
ucf/HighJump/samples/00224.png 40
ucf/HighJump/samples/00225.png 40
ucf/HighJump/samples/00226.png 40
ucf/HighJump/samples/00227.png 40
ucf/HighJump/samples/00228.png 40
ucf/HighJump/samples/00229.png 40
ucf/HighJump/samples/00230.png 40
ucf/HighJump/samples/00231.png 40
ucf/HighJump/samples/00232.png 40
ucf/HighJump/samples/00233.png 40
ucf/HighJump/samples/00234.png 40
ucf/HighJump/samples/00235.png 40
ucf/HighJump/samples/00236.png 40
ucf/HighJump/samples/00237.png 40
ucf/HighJump/samples/00238.png 40
ucf/HighJump/samples/00239.png 40
ucf/HighJump/samples/00240.png 40
ucf/HighJump/samples/00241.png 40
ucf/HighJump/samples/00242.png 40
ucf/HighJump/samples/00243.png 40
ucf/HighJump/samples/00244.png 40
ucf/HighJump/samples/00245.png 40
ucf/HighJump/samples/00246.png 40
ucf/HighJump/samples/00247.png 40
ucf/HighJump/samples/00248.png 40
ucf/HighJump/samples/00249.png 40
ucf/HighJump/samples/00250.png 40
ucf/HighJump/samples/00251.png 40
ucf/HighJump/samples/00252.png 40
ucf/HighJump/samples/00253.png 40
ucf/HighJump/samples/00254.png 40
ucf/HighJump/samples/00255.png 40
ucf/HighJump/samples/00256.png 40
ucf/HighJump/samples/00257.png 40
ucf/HighJump/samples/00258.png 40
ucf/HighJump/samples/00259.png 40
ucf/HighJump/samples/00260.png 40
ucf/HighJump/samples/00261.png 40
ucf/HighJump/samples/00262.png 40
ucf/HighJump/samples/00263.png 40
ucf/HighJump/samples/00264.png 40
ucf/HighJump/samples/00265.png 40
ucf/HighJump/samples/00266.png 40
ucf/HighJump/samples/00267.png 40
ucf/HighJump/samples/00268.png 40
ucf/HighJump/samples/00269.png 40
ucf/HighJump/samples/00270.png 40
ucf/HighJump/samples/00271.png 40
ucf/HighJump/samples/00272.png 40
ucf/HighJump/samples/00273.png 40
ucf/HighJump/samples/00274.png 40
ucf/HighJump/samples/00275.png 40
ucf/HighJump/samples/00276.png 40
ucf/HighJump/samples/00277.png 40
ucf/HighJump/samples/00278.png 40
ucf/HighJump/samples/00279.png 40
ucf/HighJump/samples/00280.png 40
ucf/HighJump/samples/00281.png 40
ucf/HighJump/samples/00282.png 40
ucf/HighJump/samples/00283.png 40
ucf/HighJump/samples/00284.png 40
ucf/HighJump/samples/00285.png 40
ucf/HighJump/samples/00286.png 40
ucf/HighJump/samples/00287.png 40
ucf/HighJump/samples/00288.png 40
ucf/HighJump/samples/00289.png 40
ucf/HighJump/samples/00290.png 40
ucf/HighJump/samples/00291.png 40
ucf/HighJump/samples/00292.png 40
ucf/HighJump/samples/00293.png 40
ucf/HighJump/samples/00294.png 40
ucf/HighJump/samples/00295.png 40
ucf/HighJump/samples/00296.png 40
ucf/HighJump/samples/00297.png 40
ucf/HighJump/samples/00298.png 40
ucf/HighJump/samples/00299.png 40
ucf/HighJump/samples/00300.png 40
ucf/HighJump/samples/00301.png 40
ucf/HighJump/samples/00302.png 40
ucf/HighJump/samples/00303.png 40
ucf/HighJump/samples/00304.png 40
ucf/HighJump/samples/00305.png 40
ucf/HighJump/samples/00306.png 40
ucf/HighJump/samples/00307.png 40
ucf/HighJump/samples/00308.png 40
ucf/HighJump/samples/00309.png 40
ucf/HighJump/samples/00310.png 40
ucf/HighJump/samples/00311.png 40
ucf/HighJump/samples/00312.png 40
ucf/HighJump/samples/00313.png 40
ucf/HighJump/samples/00314.png 40
ucf/HighJump/samples/00315.png 40
ucf/HighJump/samples/00316.png 40
ucf/HighJump/samples/00317.png 40
ucf/HighJump/samples/00318.png 40
ucf/HighJump/samples/00319.png 40
ucf/HighJump/samples/00320.png 40
ucf/HighJump/samples/00321.png 40
ucf/HighJump/samples/00322.png 40
ucf/HighJump/samples/00323.png 40
ucf/HighJump/samples/00324.png 40
ucf/HighJump/samples/00325.png 40
ucf/HighJump/samples/00326.png 40
ucf/HighJump/samples/00327.png 40
ucf/HighJump/samples/00328.png 40
ucf/HighJump/samples/00329.png 40
ucf/HighJump/samples/00330.png 40
ucf/HighJump/samples/00331.png 40
ucf/HighJump/samples/00332.png 40
ucf/HighJump/samples/00333.png 40
ucf/HighJump/samples/00334.png 40
ucf/HighJump/samples/00335.png 40
ucf/HighJump/samples/00336.png 40
ucf/HighJump/samples/00337.png 40
ucf/HighJump/samples/00338.png 40
ucf/HighJump/samples/00339.png 40
ucf/HighJump/samples/00340.png 40
ucf/HighJump/samples/00341.png 40
ucf/HighJump/samples/00342.png 40
ucf/HighJump/samples/00343.png 40
ucf/HighJump/samples/00344.png 40
ucf/HighJump/samples/00345.png 40
ucf/HighJump/samples/00346.png 40
ucf/HighJump/samples/00347.png 40
ucf/HighJump/samples/00348.png 40
ucf/HighJump/samples/00349.png 40
ucf/HighJump/samples/00350.png 40
ucf/HighJump/samples/00351.png 40
ucf/HighJump/samples/00352.png 40
ucf/HighJump/samples/00353.png 40
ucf/HighJump/samples/00354.png 40
ucf/HighJump/samples/00355.png 40
ucf/HighJump/samples/00356.png 40
ucf/HighJump/samples/00357.png 40
ucf/HighJump/samples/00358.png 40
ucf/HighJump/samples/00359.png 40
ucf/HighJump/samples/00360.png 40
ucf/HighJump/samples/00361.png 40
ucf/HighJump/samples/00362.png 40
ucf/HighJump/samples/00363.png 40
ucf/HighJump/samples/00364.png 40
ucf/HighJump/samples/00365.png 40
ucf/HighJump/samples/00366.png 40
ucf/HighJump/samples/00367.png 40
ucf/HighJump/samples/00368.png 40
ucf/HighJump/samples/00369.png 40
ucf/HighJump/samples/00370.png 40
ucf/HighJump/samples/00371.png 40
ucf/HighJump/samples/00372.png 40
ucf/HighJump/samples/00373.png 40
ucf/HighJump/samples/00374.png 40
ucf/HighJump/samples/00375.png 40
ucf/HighJump/samples/00376.png 40
ucf/HighJump/samples/00377.png 40
ucf/HighJump/samples/00378.png 40
ucf/HighJump/samples/00379.png 40
ucf/HighJump/samples/00380.png 40
ucf/HighJump/samples/00381.png 40
ucf/HighJump/samples/00382.png 40
ucf/HighJump/samples/00383.png 40
ucf/HighJump/samples/00384.png 40
ucf/HighJump/samples/00385.png 40
ucf/HighJump/samples/00386.png 40
ucf/HighJump/samples/00387.png 40
ucf/HighJump/samples/00388.png 40
ucf/HighJump/samples/00389.png 40
ucf/HighJump/samples/00390.png 40
ucf/HighJump/samples/00391.png 40
ucf/HighJump/samples/00392.png 40
ucf/HighJump/samples/00393.png 40
ucf/HighJump/samples/00394.png 40
ucf/HighJump/samples/00395.png 40
ucf/HighJump/samples/00396.png 40
ucf/HighJump/samples/00397.png 40
ucf/HighJump/samples/00398.png 40
ucf/HighJump/samples/00399.png 40
ucf/HighJump/samples/00400.png 40
ucf/HighJump/samples/00401.png 40
ucf/HighJump/samples/00402.png 40
ucf/HighJump/samples/00403.png 40
ucf/HighJump/samples/00404.png 40
ucf/HighJump/samples/00405.png 40
ucf/HighJump/samples/00406.png 40
ucf/HighJump/samples/00407.png 40
ucf/HighJump/samples/00408.png 40
ucf/HighJump/samples/00409.png 40
ucf/HighJump/samples/00410.png 40
ucf/HighJump/samples/00411.png 40
ucf/HighJump/samples/00412.png 40
ucf/HighJump/samples/00413.png 40
ucf/HighJump/samples/00414.png 40
ucf/HighJump/samples/00415.png 40
ucf/HighJump/samples/00416.png 40
ucf/HighJump/samples/00417.png 40
ucf/HighJump/samples/00418.png 40
ucf/HighJump/samples/00419.png 40
ucf/HighJump/samples/00420.png 40
ucf/HighJump/samples/00421.png 40
ucf/HighJump/samples/00422.png 40
ucf/HighJump/samples/00423.png 40
ucf/HighJump/samples/00424.png 40
ucf/HighJump/samples/00425.png 40
ucf/HighJump/samples/00426.png 40
ucf/HighJump/samples/00427.png 40
ucf/HighJump/samples/00428.png 40
ucf/HighJump/samples/00429.png 40
ucf/HighJump/samples/00430.png 40
ucf/HighJump/samples/00431.png 40
ucf/HighJump/samples/00432.png 40
ucf/HighJump/samples/00433.png 40
ucf/HighJump/samples/00434.png 40
ucf/HighJump/samples/00435.png 40
ucf/HighJump/samples/00436.png 40
ucf/HighJump/samples/00437.png 40
ucf/HighJump/samples/00438.png 40
ucf/HighJump/samples/00439.png 40
ucf/HighJump/samples/00440.png 40
ucf/HighJump/samples/00441.png 40
ucf/HighJump/samples/00442.png 40
ucf/HighJump/samples/00443.png 40
ucf/HighJump/samples/00444.png 40
ucf/HighJump/samples/00445.png 40
ucf/HighJump/samples/00446.png 40
ucf/HighJump/samples/00447.png 40
ucf/HighJump/samples/00448.png 40
ucf/HighJump/samples/00449.png 40
ucf/HighJump/samples/00450.png 40
ucf/HighJump/samples/00451.png 40
ucf/HighJump/samples/00452.png 40
ucf/HighJump/samples/00453.png 40
ucf/HighJump/samples/00454.png 40
ucf/HighJump/samples/00455.png 40
ucf/HighJump/samples/00456.png 40
ucf/HighJump/samples/00457.png 40
ucf/HighJump/samples/00458.png 40
ucf/HighJump/samples/00459.png 40
ucf/HighJump/samples/00460.png 40
ucf/HighJump/samples/00461.png 40
ucf/HighJump/samples/00462.png 40
ucf/HighJump/samples/00463.png 40
ucf/HighJump/samples/00464.png 40
ucf/HighJump/samples/00465.png 40
ucf/HighJump/samples/00466.png 40
ucf/HighJump/samples/00467.png 40
ucf/HighJump/samples/00468.png 40
ucf/HighJump/samples/00469.png 40
ucf/HighJump/samples/00470.png 40
ucf/HighJump/samples/00471.png 40
ucf/HighJump/samples/00472.png 40
ucf/HighJump/samples/00473.png 40
ucf/HighJump/samples/00474.png 40
ucf/HighJump/samples/00475.png 40
ucf/HighJump/samples/00476.png 40
ucf/HighJump/samples/00477.png 40
ucf/HighJump/samples/00478.png 40
ucf/HighJump/samples/00479.png 40
ucf/HighJump/samples/00480.png 40
ucf/HighJump/samples/00481.png 40
ucf/HighJump/samples/00482.png 40
ucf/HighJump/samples/00483.png 40
ucf/HighJump/samples/00484.png 40
ucf/HighJump/samples/00485.png 40
ucf/HighJump/samples/00486.png 40
ucf/HighJump/samples/00487.png 40
ucf/HighJump/samples/00488.png 40
ucf/HighJump/samples/00489.png 40
ucf/HighJump/samples/00490.png 40
ucf/HighJump/samples/00491.png 40
ucf/HighJump/samples/00492.png 40
ucf/HighJump/samples/00493.png 40
ucf/HighJump/samples/00494.png 40
ucf/HighJump/samples/00495.png 40
ucf/HighJump/samples/00496.png 40
ucf/HighJump/samples/00497.png 40
ucf/HighJump/samples/00498.png 40
ucf/HighJump/samples/00499.png 40
ucf/HighJump/samples/00500.png 40
ucf/HighJump/samples/00501.png 40
ucf/HighJump/samples/00502.png 40
ucf/HighJump/samples/00503.png 40
ucf/HighJump/samples/00504.png 40
ucf/HighJump/samples/00505.png 40
ucf/HighJump/samples/00506.png 40
ucf/HighJump/samples/00507.png 40
ucf/HighJump/samples/00508.png 40
ucf/HighJump/samples/00509.png 40
ucf/HighJump/samples/00510.png 40
ucf/HighJump/samples/00511.png 40
ucf/HighJump/samples/00512.png 40
ucf/HighJump/samples/00513.png 40
ucf/HighJump/samples/00514.png 40
ucf/HighJump/samples/00515.png 40
ucf/HighJump/samples/00516.png 40
ucf/HighJump/samples/00517.png 40
ucf/HighJump/samples/00518.png 40
ucf/HighJump/samples/00519.png 40
ucf/HighJump/samples/00520.png 40
ucf/HighJump/samples/00521.png 40
ucf/HighJump/samples/00522.png 40
ucf/HighJump/samples/00523.png 40
ucf/HighJump/samples/00524.png 40
ucf/HighJump/samples/00525.png 40
ucf/HighJump/samples/00526.png 40
ucf/HighJump/samples/00527.png 40
ucf/HighJump/samples/00528.png 40
ucf/HighJump/samples/00529.png 40
ucf/HighJump/samples/00530.png 40
ucf/HighJump/samples/00531.png 40
ucf/HighJump/samples/00532.png 40
ucf/HighJump/samples/00533.png 40
ucf/HighJump/samples/00534.png 40
ucf/HighJump/samples/00535.png 40
ucf/HighJump/samples/00536.png 40
ucf/HighJump/samples/00537.png 40
ucf/HighJump/samples/00538.png 40
ucf/HighJump/samples/00539.png 40
ucf/HighJump/samples/00540.png 40
ucf/HighJump/samples/00541.png 40
ucf/HighJump/samples/00542.png 40
ucf/HighJump/samples/00543.png 40
ucf/HighJump/samples/00544.png 40
ucf/HighJump/samples/00545.png 40
ucf/HighJump/samples/00546.png 40
ucf/HighJump/samples/00547.png 40
ucf/HighJump/samples/00548.png 40
ucf/HighJump/samples/00549.png 40
ucf/HighJump/samples/00550.png 40
ucf/HighJump/samples/00551.png 40
ucf/HighJump/samples/00552.png 40
ucf/HighJump/samples/00553.png 40
ucf/HighJump/samples/00554.png 40
ucf/HighJump/samples/00555.png 40
ucf/HighJump/samples/00556.png 40
ucf/HighJump/samples/00557.png 40
ucf/HighJump/samples/00558.png 40
ucf/HighJump/samples/00559.png 40
ucf/HighJump/samples/00560.png 40
ucf/HighJump/samples/00561.png 40
ucf/HighJump/samples/00562.png 40
ucf/HighJump/samples/00563.png 40
ucf/HighJump/samples/00564.png 40
ucf/HighJump/samples/00565.png 40
ucf/HighJump/samples/00566.png 40
ucf/HighJump/samples/00567.png 40
ucf/HighJump/samples/00568.png 40
ucf/HighJump/samples/00569.png 40
ucf/HighJump/samples/00570.png 40
ucf/HighJump/samples/00571.png 40
ucf/HighJump/samples/00572.png 40
ucf/HighJump/samples/00573.png 40
ucf/HighJump/samples/00574.png 40
ucf/HighJump/samples/00575.png 40
ucf/HighJump/samples/00576.png 40
ucf/HighJump/samples/00577.png 40
ucf/HighJump/samples/00578.png 40
ucf/HighJump/samples/00579.png 40
ucf/HighJump/samples/00580.png 40
ucf/HighJump/samples/00581.png 40
ucf/HighJump/samples/00582.png 40
ucf/HighJump/samples/00583.png 40
ucf/HighJump/samples/00584.png 40
ucf/HighJump/samples/00585.png 40
ucf/HighJump/samples/00586.png 40
ucf/HighJump/samples/00587.png 40
ucf/HighJump/samples/00588.png 40
ucf/HighJump/samples/00589.png 40
ucf/HighJump/samples/00590.png 40
ucf/HighJump/samples/00591.png 40
ucf/HighJump/samples/00592.png 40
ucf/HighJump/samples/00593.png 40
ucf/HighJump/samples/00594.png 40
ucf/HighJump/samples/00595.png 40
ucf/HighJump/samples/00596.png 40
ucf/HighJump/samples/00597.png 40
ucf/HighJump/samples/00598.png 40
ucf/HighJump/samples/00599.png 40
ucf/HighJump/samples/00600.png 40
ucf/HighJump/samples/00601.png 40
ucf/HighJump/samples/00602.png 40
ucf/HighJump/samples/00603.png 40
ucf/HighJump/samples/00604.png 40
ucf/HighJump/samples/00605.png 40
ucf/HighJump/samples/00606.png 40
ucf/HighJump/samples/00607.png 40
ucf/HighJump/samples/00608.png 40
ucf/HighJump/samples/00609.png 40
ucf/HighJump/samples/00610.png 40
ucf/HighJump/samples/00611.png 40
ucf/HighJump/samples/00612.png 40
ucf/HighJump/samples/00613.png 40
ucf/HighJump/samples/00614.png 40
ucf/HighJump/samples/00615.png 40
ucf/HighJump/samples/00616.png 40
ucf/HighJump/samples/00617.png 40
ucf/HighJump/samples/00618.png 40
ucf/HighJump/samples/00619.png 40
ucf/HighJump/samples/00620.png 40
ucf/HighJump/samples/00621.png 40
ucf/HighJump/samples/00622.png 40
ucf/HighJump/samples/00623.png 40
ucf/HighJump/samples/00624.png 40
ucf/HighJump/samples/00625.png 40
ucf/HighJump/samples/00626.png 40
ucf/HighJump/samples/00627.png 40
ucf/HighJump/samples/00628.png 40
ucf/HighJump/samples/00629.png 40
ucf/HighJump/samples/00630.png 40
ucf/HighJump/samples/00631.png 40
ucf/HighJump/samples/00632.png 40
ucf/HighJump/samples/00633.png 40
ucf/HighJump/samples/00634.png 40
ucf/HighJump/samples/00635.png 40
ucf/HighJump/samples/00636.png 40
ucf/HighJump/samples/00637.png 40
ucf/HighJump/samples/00638.png 40
ucf/HighJump/samples/00639.png 40
ucf/HighJump/samples/00640.png 40
ucf/HighJump/samples/00641.png 40
ucf/HighJump/samples/00642.png 40
ucf/HighJump/samples/00643.png 40
ucf/HighJump/samples/00644.png 40
ucf/HighJump/samples/00645.png 40
ucf/HighJump/samples/00646.png 40
ucf/HighJump/samples/00647.png 40
ucf/HighJump/samples/00648.png 40
ucf/HighJump/samples/00649.png 40
ucf/HighJump/samples/00650.png 40
ucf/HighJump/samples/00651.png 40
ucf/HighJump/samples/00652.png 40
ucf/HighJump/samples/00653.png 40
ucf/HighJump/samples/00654.png 40
ucf/HighJump/samples/00655.png 40
ucf/HighJump/samples/00656.png 40
ucf/HighJump/samples/00657.png 40
ucf/HighJump/samples/00658.png 40
ucf/HighJump/samples/00659.png 40
ucf/HighJump/samples/00660.png 40
ucf/HighJump/samples/00661.png 40
ucf/HighJump/samples/00662.png 40
ucf/HighJump/samples/00663.png 40
ucf/HighJump/samples/00664.png 40
ucf/HighJump/samples/00665.png 40
ucf/HighJump/samples/00666.png 40
ucf/HighJump/samples/00667.png 40
ucf/HighJump/samples/00668.png 40
ucf/HighJump/samples/00669.png 40
ucf/HighJump/samples/00670.png 40
ucf/HighJump/samples/00671.png 40
ucf/HighJump/samples/00672.png 40
ucf/HighJump/samples/00673.png 40
ucf/HighJump/samples/00674.png 40
ucf/HighJump/samples/00675.png 40
ucf/HighJump/samples/00676.png 40
ucf/HighJump/samples/00677.png 40
ucf/HighJump/samples/00678.png 40
ucf/HighJump/samples/00679.png 40
ucf/HighJump/samples/00680.png 40
ucf/HighJump/samples/00681.png 40
ucf/HighJump/samples/00682.png 40
ucf/HighJump/samples/00683.png 40
ucf/HighJump/samples/00684.png 40
ucf/HighJump/samples/00685.png 40
ucf/HighJump/samples/00686.png 40
ucf/HighJump/samples/00687.png 40
ucf/HighJump/samples/00688.png 40
ucf/HighJump/samples/00689.png 40
ucf/HighJump/samples/00690.png 40
ucf/HighJump/samples/00691.png 40
ucf/HighJump/samples/00692.png 40
ucf/HighJump/samples/00693.png 40
ucf/HighJump/samples/00694.png 40
ucf/HighJump/samples/00695.png 40
ucf/HighJump/samples/00696.png 40
ucf/HighJump/samples/00697.png 40
ucf/HighJump/samples/00698.png 40
ucf/HighJump/samples/00699.png 40
ucf/HighJump/samples/00700.png 40
ucf/HighJump/samples/00701.png 40
ucf/HighJump/samples/00702.png 40
ucf/HighJump/samples/00703.png 40
ucf/HighJump/samples/00704.png 40
ucf/HighJump/samples/00705.png 40
ucf/HighJump/samples/00706.png 40
ucf/HighJump/samples/00707.png 40
ucf/HighJump/samples/00708.png 40
ucf/HighJump/samples/00709.png 40
ucf/HighJump/samples/00710.png 40
ucf/HighJump/samples/00711.png 40
ucf/HighJump/samples/00712.png 40
ucf/HighJump/samples/00713.png 40
ucf/HighJump/samples/00714.png 40
ucf/HighJump/samples/00715.png 40
ucf/HighJump/samples/00716.png 40
ucf/HighJump/samples/00717.png 40
ucf/HighJump/samples/00718.png 40
ucf/HighJump/samples/00719.png 40
ucf/HighJump/samples/00720.png 40
ucf/HighJump/samples/00721.png 40
ucf/HighJump/samples/00722.png 40
ucf/HighJump/samples/00723.png 40
ucf/HighJump/samples/00724.png 40
ucf/HighJump/samples/00725.png 40
ucf/HighJump/samples/00726.png 40
ucf/HighJump/samples/00727.png 40
ucf/HighJump/samples/00728.png 40
ucf/HighJump/samples/00729.png 40
ucf/HighJump/samples/00730.png 40
ucf/HighJump/samples/00731.png 40
ucf/HighJump/samples/00732.png 40
ucf/HighJump/samples/00733.png 40
ucf/HighJump/samples/00734.png 40
ucf/HighJump/samples/00735.png 40
ucf/HighJump/samples/00736.png 40
ucf/HighJump/samples/00737.png 40
ucf/HighJump/samples/00738.png 40
ucf/HighJump/samples/00739.png 40
ucf/HighJump/samples/00740.png 40
ucf/HighJump/samples/00741.png 40
ucf/HighJump/samples/00742.png 40
ucf/HighJump/samples/00743.png 40
ucf/HighJump/samples/00744.png 40
ucf/HighJump/samples/00745.png 40
ucf/HighJump/samples/00746.png 40
ucf/HighJump/samples/00747.png 40
ucf/HighJump/samples/00748.png 40
ucf/HighJump/samples/00749.png 40
ucf/HighJump/samples/00750.png 40
ucf/HighJump/samples/00751.png 40
ucf/HighJump/samples/00752.png 40
ucf/HighJump/samples/00753.png 40
ucf/HighJump/samples/00754.png 40
ucf/HighJump/samples/00755.png 40
ucf/HighJump/samples/00756.png 40
ucf/HighJump/samples/00757.png 40
ucf/HighJump/samples/00758.png 40
ucf/HighJump/samples/00759.png 40
ucf/HighJump/samples/00760.png 40
ucf/HighJump/samples/00761.png 40
ucf/HighJump/samples/00762.png 40
ucf/HighJump/samples/00763.png 40
ucf/HighJump/samples/00764.png 40
ucf/HighJump/samples/00765.png 40
ucf/HighJump/samples/00766.png 40
ucf/HighJump/samples/00767.png 40
ucf/HighJump/samples/00768.png 40
ucf/HighJump/samples/00769.png 40
ucf/HighJump/samples/00770.png 40
ucf/HighJump/samples/00771.png 40
ucf/HighJump/samples/00772.png 40
ucf/HighJump/samples/00773.png 40
ucf/HighJump/samples/00774.png 40
ucf/HighJump/samples/00775.png 40
ucf/HighJump/samples/00776.png 40
ucf/HighJump/samples/00777.png 40
ucf/HighJump/samples/00778.png 40
ucf/HighJump/samples/00779.png 40
ucf/HighJump/samples/00780.png 40
ucf/HighJump/samples/00781.png 40
ucf/HighJump/samples/00782.png 40
ucf/HighJump/samples/00783.png 40
ucf/HighJump/samples/00784.png 40
ucf/HighJump/samples/00785.png 40
ucf/HighJump/samples/00786.png 40
ucf/HighJump/samples/00787.png 40
ucf/HighJump/samples/00788.png 40
ucf/HighJump/samples/00789.png 40
ucf/HighJump/samples/00790.png 40
ucf/HighJump/samples/00791.png 40
ucf/HighJump/samples/00792.png 40
ucf/HighJump/samples/00793.png 40
ucf/HighJump/samples/00794.png 40
ucf/HighJump/samples/00795.png 40
ucf/HighJump/samples/00796.png 40
ucf/HighJump/samples/00797.png 40
ucf/HighJump/samples/00798.png 40
ucf/HighJump/samples/00799.png 40
ucf/HighJump/samples/00800.png 40
ucf/HighJump/samples/00801.png 40
ucf/HighJump/samples/00802.png 40
ucf/HighJump/samples/00803.png 40
ucf/HighJump/samples/00804.png 40
ucf/HighJump/samples/00805.png 40
ucf/HighJump/samples/00806.png 40
ucf/HighJump/samples/00807.png 40
ucf/HighJump/samples/00808.png 40
ucf/HighJump/samples/00809.png 40
ucf/HighJump/samples/00810.png 40
ucf/HighJump/samples/00811.png 40
ucf/HighJump/samples/00812.png 40
ucf/HighJump/samples/00813.png 40
ucf/HighJump/samples/00814.png 40
ucf/HighJump/samples/00815.png 40
ucf/HighJump/samples/00816.png 40
ucf/HighJump/samples/00817.png 40
ucf/HighJump/samples/00818.png 40
ucf/HighJump/samples/00819.png 40
ucf/HighJump/samples/00820.png 40
ucf/HighJump/samples/00821.png 40
ucf/HighJump/samples/00822.png 40
ucf/HighJump/samples/00823.png 40
ucf/HighJump/samples/00824.png 40
ucf/HighJump/samples/00825.png 40
ucf/HighJump/samples/00826.png 40
ucf/HighJump/samples/00827.png 40
ucf/HighJump/samples/00828.png 40
ucf/HighJump/samples/00829.png 40
ucf/HighJump/samples/00830.png 40
ucf/HighJump/samples/00831.png 40
ucf/HighJump/samples/00832.png 40
ucf/HighJump/samples/00833.png 40
ucf/HighJump/samples/00834.png 40
ucf/HighJump/samples/00835.png 40
ucf/HighJump/samples/00836.png 40
ucf/HighJump/samples/00837.png 40
ucf/HighJump/samples/00838.png 40
ucf/HighJump/samples/00839.png 40
ucf/HighJump/samples/00840.png 40
ucf/HighJump/samples/00841.png 40
ucf/HighJump/samples/00842.png 40
ucf/HighJump/samples/00843.png 40
ucf/HighJump/samples/00844.png 40
ucf/HighJump/samples/00845.png 40
ucf/HighJump/samples/00846.png 40
ucf/HighJump/samples/00847.png 40
ucf/HighJump/samples/00848.png 40
ucf/HighJump/samples/00849.png 40
ucf/HighJump/samples/00850.png 40
ucf/HighJump/samples/00851.png 40
ucf/HighJump/samples/00852.png 40
ucf/HighJump/samples/00853.png 40
ucf/HighJump/samples/00854.png 40
ucf/HighJump/samples/00855.png 40
ucf/HighJump/samples/00856.png 40
ucf/HighJump/samples/00857.png 40
ucf/HighJump/samples/00858.png 40
ucf/HighJump/samples/00859.png 40
ucf/HighJump/samples/00860.png 40
ucf/HighJump/samples/00861.png 40
ucf/HighJump/samples/00862.png 40
ucf/HighJump/samples/00863.png 40
ucf/HighJump/samples/00864.png 40
ucf/HighJump/samples/00865.png 40
ucf/HighJump/samples/00866.png 40
ucf/HighJump/samples/00867.png 40
ucf/HighJump/samples/00868.png 40
ucf/HighJump/samples/00869.png 40
ucf/HighJump/samples/00870.png 40
ucf/HighJump/samples/00871.png 40
ucf/HighJump/samples/00872.png 40
ucf/HighJump/samples/00873.png 40
ucf/HighJump/samples/00874.png 40
ucf/HighJump/samples/00875.png 40
ucf/HighJump/samples/00876.png 40
ucf/HighJump/samples/00877.png 40
ucf/HighJump/samples/00878.png 40
ucf/HighJump/samples/00879.png 40
ucf/HighJump/samples/00880.png 40
ucf/HighJump/samples/00881.png 40
ucf/HighJump/samples/00882.png 40
ucf/HighJump/samples/00883.png 40
ucf/HighJump/samples/00884.png 40
ucf/HighJump/samples/00885.png 40
ucf/HighJump/samples/00886.png 40
ucf/HighJump/samples/00887.png 40
ucf/HighJump/samples/00888.png 40
ucf/HighJump/samples/00889.png 40
ucf/HighJump/samples/00890.png 40
ucf/HighJump/samples/00891.png 40
ucf/HighJump/samples/00892.png 40
ucf/HighJump/samples/00893.png 40
ucf/HighJump/samples/00894.png 40
ucf/HighJump/samples/00895.png 40
ucf/HighJump/samples/00896.png 40
ucf/HighJump/samples/00897.png 40
ucf/HighJump/samples/00898.png 40
ucf/HighJump/samples/00899.png 40
ucf/HighJump/samples/00900.png 40
ucf/HighJump/samples/00901.png 40
ucf/HighJump/samples/00902.png 40
ucf/HighJump/samples/00903.png 40
ucf/HighJump/samples/00904.png 40
ucf/HighJump/samples/00905.png 40
ucf/HighJump/samples/00906.png 40
ucf/HighJump/samples/00907.png 40
ucf/HighJump/samples/00908.png 40
ucf/HighJump/samples/00909.png 40
ucf/HighJump/samples/00910.png 40
ucf/HighJump/samples/00911.png 40
ucf/HighJump/samples/00912.png 40
ucf/HighJump/samples/00913.png 40
ucf/HighJump/samples/00914.png 40
ucf/HighJump/samples/00915.png 40
ucf/HighJump/samples/00916.png 40
ucf/HighJump/samples/00917.png 40
ucf/HighJump/samples/00918.png 40
ucf/HighJump/samples/00919.png 40
ucf/HighJump/samples/00920.png 40
ucf/HighJump/samples/00921.png 40
ucf/HighJump/samples/00922.png 40
ucf/HighJump/samples/00923.png 40
ucf/HighJump/samples/00924.png 40
ucf/HighJump/samples/00925.png 40
ucf/HighJump/samples/00926.png 40
ucf/HighJump/samples/00927.png 40
ucf/HighJump/samples/00928.png 40
ucf/HighJump/samples/00929.png 40
ucf/HighJump/samples/00930.png 40
ucf/HighJump/samples/00931.png 40
ucf/HighJump/samples/00932.png 40
ucf/HighJump/samples/00933.png 40
ucf/HighJump/samples/00934.png 40
ucf/HighJump/samples/00935.png 40
ucf/HighJump/samples/00936.png 40
ucf/HighJump/samples/00937.png 40
ucf/HighJump/samples/00938.png 40
ucf/HighJump/samples/00939.png 40
ucf/HighJump/samples/00940.png 40
ucf/HighJump/samples/00941.png 40
ucf/HighJump/samples/00942.png 40
ucf/HighJump/samples/00943.png 40
ucf/HighJump/samples/00944.png 40
ucf/HighJump/samples/00945.png 40
ucf/HighJump/samples/00946.png 40
ucf/HighJump/samples/00947.png 40
ucf/HighJump/samples/00948.png 40
ucf/HighJump/samples/00949.png 40
ucf/HighJump/samples/00950.png 40
ucf/HighJump/samples/00951.png 40
ucf/HighJump/samples/00952.png 40
ucf/HighJump/samples/00953.png 40
ucf/HighJump/samples/00954.png 40
ucf/HighJump/samples/00955.png 40
ucf/HighJump/samples/00956.png 40
ucf/HighJump/samples/00957.png 40
ucf/HighJump/samples/00958.png 40
ucf/HighJump/samples/00959.png 40
ucf/HighJump/samples/00960.png 40
ucf/HighJump/samples/00961.png 40
ucf/HighJump/samples/00962.png 40
ucf/HighJump/samples/00963.png 40
ucf/HighJump/samples/00964.png 40
ucf/HighJump/samples/00965.png 40
ucf/HighJump/samples/00966.png 40
ucf/HighJump/samples/00967.png 40
ucf/HighJump/samples/00968.png 40
ucf/HighJump/samples/00969.png 40
ucf/HighJump/samples/00970.png 40
ucf/HighJump/samples/00971.png 40
ucf/HighJump/samples/00972.png 40
ucf/HighJump/samples/00973.png 40
ucf/HighJump/samples/00974.png 40
ucf/HighJump/samples/00975.png 40
ucf/HighJump/samples/00976.png 40
ucf/HighJump/samples/00977.png 40
ucf/HighJump/samples/00978.png 40
ucf/HighJump/samples/00979.png 40
ucf/HighJump/samples/00980.png 40
ucf/HighJump/samples/00981.png 40
ucf/HighJump/samples/00982.png 40
ucf/HighJump/samples/00983.png 40
ucf/HighJump/samples/00984.png 40
ucf/HighJump/samples/00985.png 40
ucf/HighJump/samples/00986.png 40
ucf/HighJump/samples/00987.png 40
ucf/HighJump/samples/00988.png 40
ucf/HighJump/samples/00989.png 40
ucf/HighJump/samples/00990.png 40
ucf/HighJump/samples/00991.png 40
ucf/HighJump/samples/00992.png 40
ucf/HighJump/samples/00993.png 40
ucf/HighJump/samples/00994.png 40
ucf/HighJump/samples/00995.png 40
ucf/HighJump/samples/00996.png 40
ucf/HighJump/samples/00997.png 40
ucf/HighJump/samples/00998.png 40
ucf/HighJump/samples/00999.png 40
ucf/PlayingGuitar/samples/00000.png 63
ucf/PlayingGuitar/samples/00001.png 63
ucf/PlayingGuitar/samples/00002.png 63
ucf/PlayingGuitar/samples/00003.png 63
ucf/PlayingGuitar/samples/00004.png 63
ucf/PlayingGuitar/samples/00005.png 63
ucf/PlayingGuitar/samples/00006.png 63
ucf/PlayingGuitar/samples/00007.png 63
ucf/PlayingGuitar/samples/00008.png 63
ucf/PlayingGuitar/samples/00009.png 63
ucf/PlayingGuitar/samples/00010.png 63
ucf/PlayingGuitar/samples/00011.png 63
ucf/PlayingGuitar/samples/00012.png 63
ucf/PlayingGuitar/samples/00013.png 63
ucf/PlayingGuitar/samples/00014.png 63
ucf/PlayingGuitar/samples/00015.png 63
ucf/PlayingGuitar/samples/00016.png 63
ucf/PlayingGuitar/samples/00017.png 63
ucf/PlayingGuitar/samples/00018.png 63
ucf/PlayingGuitar/samples/00019.png 63
ucf/PlayingGuitar/samples/00020.png 63
ucf/PlayingGuitar/samples/00021.png 63
ucf/PlayingGuitar/samples/00022.png 63
ucf/PlayingGuitar/samples/00023.png 63
ucf/PlayingGuitar/samples/00024.png 63
ucf/PlayingGuitar/samples/00025.png 63
ucf/PlayingGuitar/samples/00026.png 63
ucf/PlayingGuitar/samples/00027.png 63
ucf/PlayingGuitar/samples/00028.png 63
ucf/PlayingGuitar/samples/00029.png 63
ucf/PlayingGuitar/samples/00030.png 63
ucf/PlayingGuitar/samples/00031.png 63
ucf/PlayingGuitar/samples/00032.png 63
ucf/PlayingGuitar/samples/00033.png 63
ucf/PlayingGuitar/samples/00034.png 63
ucf/PlayingGuitar/samples/00035.png 63
ucf/PlayingGuitar/samples/00036.png 63
ucf/PlayingGuitar/samples/00037.png 63
ucf/PlayingGuitar/samples/00038.png 63
ucf/PlayingGuitar/samples/00039.png 63
ucf/PlayingGuitar/samples/00040.png 63
ucf/PlayingGuitar/samples/00041.png 63
ucf/PlayingGuitar/samples/00042.png 63
ucf/PlayingGuitar/samples/00043.png 63
ucf/PlayingGuitar/samples/00044.png 63
ucf/PlayingGuitar/samples/00045.png 63
ucf/PlayingGuitar/samples/00046.png 63
ucf/PlayingGuitar/samples/00047.png 63
ucf/PlayingGuitar/samples/00048.png 63
ucf/PlayingGuitar/samples/00049.png 63
ucf/PlayingGuitar/samples/00050.png 63
ucf/PlayingGuitar/samples/00051.png 63
ucf/PlayingGuitar/samples/00052.png 63
ucf/PlayingGuitar/samples/00053.png 63
ucf/PlayingGuitar/samples/00054.png 63
ucf/PlayingGuitar/samples/00055.png 63
ucf/PlayingGuitar/samples/00056.png 63
ucf/PlayingGuitar/samples/00057.png 63
ucf/PlayingGuitar/samples/00058.png 63
ucf/PlayingGuitar/samples/00059.png 63
ucf/PlayingGuitar/samples/00060.png 63
ucf/PlayingGuitar/samples/00061.png 63
ucf/PlayingGuitar/samples/00062.png 63
ucf/PlayingGuitar/samples/00063.png 63
ucf/PlayingGuitar/samples/00064.png 63
ucf/PlayingGuitar/samples/00065.png 63
ucf/PlayingGuitar/samples/00066.png 63
ucf/PlayingGuitar/samples/00067.png 63
ucf/PlayingGuitar/samples/00068.png 63
ucf/PlayingGuitar/samples/00069.png 63
ucf/PlayingGuitar/samples/00070.png 63
ucf/PlayingGuitar/samples/00071.png 63
ucf/PlayingGuitar/samples/00072.png 63
ucf/PlayingGuitar/samples/00073.png 63
ucf/PlayingGuitar/samples/00074.png 63
ucf/PlayingGuitar/samples/00075.png 63
ucf/PlayingGuitar/samples/00076.png 63
ucf/PlayingGuitar/samples/00077.png 63
ucf/PlayingGuitar/samples/00078.png 63
ucf/PlayingGuitar/samples/00079.png 63
ucf/PlayingGuitar/samples/00080.png 63
ucf/PlayingGuitar/samples/00081.png 63
ucf/PlayingGuitar/samples/00082.png 63
ucf/PlayingGuitar/samples/00083.png 63
ucf/PlayingGuitar/samples/00084.png 63
ucf/PlayingGuitar/samples/00085.png 63
ucf/PlayingGuitar/samples/00086.png 63
ucf/PlayingGuitar/samples/00087.png 63
ucf/PlayingGuitar/samples/00088.png 63
ucf/PlayingGuitar/samples/00089.png 63
ucf/PlayingGuitar/samples/00090.png 63
ucf/PlayingGuitar/samples/00091.png 63
ucf/PlayingGuitar/samples/00092.png 63
ucf/PlayingGuitar/samples/00093.png 63
ucf/PlayingGuitar/samples/00094.png 63
ucf/PlayingGuitar/samples/00095.png 63
ucf/PlayingGuitar/samples/00096.png 63
ucf/PlayingGuitar/samples/00097.png 63
ucf/PlayingGuitar/samples/00098.png 63
ucf/PlayingGuitar/samples/00099.png 63
ucf/PlayingGuitar/samples/00100.png 63
ucf/PlayingGuitar/samples/00101.png 63
ucf/PlayingGuitar/samples/00102.png 63
ucf/PlayingGuitar/samples/00103.png 63
ucf/PlayingGuitar/samples/00104.png 63
ucf/PlayingGuitar/samples/00105.png 63
ucf/PlayingGuitar/samples/00106.png 63
ucf/PlayingGuitar/samples/00107.png 63
ucf/PlayingGuitar/samples/00108.png 63
ucf/PlayingGuitar/samples/00109.png 63
ucf/PlayingGuitar/samples/00110.png 63
ucf/PlayingGuitar/samples/00111.png 63
ucf/PlayingGuitar/samples/00112.png 63
ucf/PlayingGuitar/samples/00113.png 63
ucf/PlayingGuitar/samples/00114.png 63
ucf/PlayingGuitar/samples/00115.png 63
ucf/PlayingGuitar/samples/00116.png 63
ucf/PlayingGuitar/samples/00117.png 63
ucf/PlayingGuitar/samples/00118.png 63
ucf/PlayingGuitar/samples/00119.png 63
ucf/PlayingGuitar/samples/00120.png 63
ucf/PlayingGuitar/samples/00121.png 63
ucf/PlayingGuitar/samples/00122.png 63
ucf/PlayingGuitar/samples/00123.png 63
ucf/PlayingGuitar/samples/00124.png 63
ucf/PlayingGuitar/samples/00125.png 63
ucf/PlayingGuitar/samples/00126.png 63
ucf/PlayingGuitar/samples/00127.png 63
ucf/PlayingGuitar/samples/00128.png 63
ucf/PlayingGuitar/samples/00129.png 63
ucf/PlayingGuitar/samples/00130.png 63
ucf/PlayingGuitar/samples/00131.png 63
ucf/PlayingGuitar/samples/00132.png 63
ucf/PlayingGuitar/samples/00133.png 63
ucf/PlayingGuitar/samples/00134.png 63
ucf/PlayingGuitar/samples/00135.png 63
ucf/PlayingGuitar/samples/00136.png 63
ucf/PlayingGuitar/samples/00137.png 63
ucf/PlayingGuitar/samples/00138.png 63
ucf/PlayingGuitar/samples/00139.png 63
ucf/PlayingGuitar/samples/00140.png 63
ucf/PlayingGuitar/samples/00141.png 63
ucf/PlayingGuitar/samples/00142.png 63
ucf/PlayingGuitar/samples/00143.png 63
ucf/PlayingGuitar/samples/00144.png 63
ucf/PlayingGuitar/samples/00145.png 63
ucf/PlayingGuitar/samples/00146.png 63
ucf/PlayingGuitar/samples/00147.png 63
ucf/PlayingGuitar/samples/00148.png 63
ucf/PlayingGuitar/samples/00149.png 63
ucf/PlayingGuitar/samples/00150.png 63
ucf/PlayingGuitar/samples/00151.png 63
ucf/PlayingGuitar/samples/00152.png 63
ucf/PlayingGuitar/samples/00153.png 63
ucf/PlayingGuitar/samples/00154.png 63
ucf/PlayingGuitar/samples/00155.png 63
ucf/PlayingGuitar/samples/00156.png 63
ucf/PlayingGuitar/samples/00157.png 63
ucf/PlayingGuitar/samples/00158.png 63
ucf/PlayingGuitar/samples/00159.png 63
ucf/PlayingGuitar/samples/00160.png 63
ucf/PlayingGuitar/samples/00161.png 63
ucf/PlayingGuitar/samples/00162.png 63
ucf/PlayingGuitar/samples/00163.png 63
ucf/PlayingGuitar/samples/00164.png 63
ucf/PlayingGuitar/samples/00165.png 63
ucf/PlayingGuitar/samples/00166.png 63
ucf/PlayingGuitar/samples/00167.png 63
ucf/PlayingGuitar/samples/00168.png 63
ucf/PlayingGuitar/samples/00169.png 63
ucf/PlayingGuitar/samples/00170.png 63
ucf/PlayingGuitar/samples/00171.png 63
ucf/PlayingGuitar/samples/00172.png 63
ucf/PlayingGuitar/samples/00173.png 63
ucf/PlayingGuitar/samples/00174.png 63
ucf/PlayingGuitar/samples/00175.png 63
ucf/PlayingGuitar/samples/00176.png 63
ucf/PlayingGuitar/samples/00177.png 63
ucf/PlayingGuitar/samples/00178.png 63
ucf/PlayingGuitar/samples/00179.png 63
ucf/PlayingGuitar/samples/00180.png 63
ucf/PlayingGuitar/samples/00181.png 63
ucf/PlayingGuitar/samples/00182.png 63
ucf/PlayingGuitar/samples/00183.png 63
ucf/PlayingGuitar/samples/00184.png 63
ucf/PlayingGuitar/samples/00185.png 63
ucf/PlayingGuitar/samples/00186.png 63
ucf/PlayingGuitar/samples/00187.png 63
ucf/PlayingGuitar/samples/00188.png 63
ucf/PlayingGuitar/samples/00189.png 63
ucf/PlayingGuitar/samples/00190.png 63
ucf/PlayingGuitar/samples/00191.png 63
ucf/PlayingGuitar/samples/00192.png 63
ucf/PlayingGuitar/samples/00193.png 63
ucf/PlayingGuitar/samples/00194.png 63
ucf/PlayingGuitar/samples/00195.png 63
ucf/PlayingGuitar/samples/00196.png 63
ucf/PlayingGuitar/samples/00197.png 63
ucf/PlayingGuitar/samples/00198.png 63
ucf/PlayingGuitar/samples/00199.png 63
ucf/PlayingGuitar/samples/00200.png 63
ucf/PlayingGuitar/samples/00201.png 63
ucf/PlayingGuitar/samples/00202.png 63
ucf/PlayingGuitar/samples/00203.png 63
ucf/PlayingGuitar/samples/00204.png 63
ucf/PlayingGuitar/samples/00205.png 63
ucf/PlayingGuitar/samples/00206.png 63
ucf/PlayingGuitar/samples/00207.png 63
ucf/PlayingGuitar/samples/00208.png 63
ucf/PlayingGuitar/samples/00209.png 63
ucf/PlayingGuitar/samples/00210.png 63
ucf/PlayingGuitar/samples/00211.png 63
ucf/PlayingGuitar/samples/00212.png 63
ucf/PlayingGuitar/samples/00213.png 63
ucf/PlayingGuitar/samples/00214.png 63
ucf/PlayingGuitar/samples/00215.png 63
ucf/PlayingGuitar/samples/00216.png 63
ucf/PlayingGuitar/samples/00217.png 63
ucf/PlayingGuitar/samples/00218.png 63
ucf/PlayingGuitar/samples/00219.png 63
ucf/PlayingGuitar/samples/00220.png 63
ucf/PlayingGuitar/samples/00221.png 63
ucf/PlayingGuitar/samples/00222.png 63
ucf/PlayingGuitar/samples/00223.png 63
ucf/PlayingGuitar/samples/00224.png 63
ucf/PlayingGuitar/samples/00225.png 63
ucf/PlayingGuitar/samples/00226.png 63
ucf/PlayingGuitar/samples/00227.png 63
ucf/PlayingGuitar/samples/00228.png 63
ucf/PlayingGuitar/samples/00229.png 63
ucf/PlayingGuitar/samples/00230.png 63
ucf/PlayingGuitar/samples/00231.png 63
ucf/PlayingGuitar/samples/00232.png 63
ucf/PlayingGuitar/samples/00233.png 63
ucf/PlayingGuitar/samples/00234.png 63
ucf/PlayingGuitar/samples/00235.png 63
ucf/PlayingGuitar/samples/00236.png 63
ucf/PlayingGuitar/samples/00237.png 63
ucf/PlayingGuitar/samples/00238.png 63
ucf/PlayingGuitar/samples/00239.png 63
ucf/PlayingGuitar/samples/00240.png 63
ucf/PlayingGuitar/samples/00241.png 63
ucf/PlayingGuitar/samples/00242.png 63
ucf/PlayingGuitar/samples/00243.png 63
ucf/PlayingGuitar/samples/00244.png 63
ucf/PlayingGuitar/samples/00245.png 63
ucf/PlayingGuitar/samples/00246.png 63
ucf/PlayingGuitar/samples/00247.png 63
ucf/PlayingGuitar/samples/00248.png 63
ucf/PlayingGuitar/samples/00249.png 63
ucf/PlayingGuitar/samples/00250.png 63
ucf/PlayingGuitar/samples/00251.png 63
ucf/PlayingGuitar/samples/00252.png 63
ucf/PlayingGuitar/samples/00253.png 63
ucf/PlayingGuitar/samples/00254.png 63
ucf/PlayingGuitar/samples/00255.png 63
ucf/PlayingGuitar/samples/00256.png 63
ucf/PlayingGuitar/samples/00257.png 63
ucf/PlayingGuitar/samples/00258.png 63
ucf/PlayingGuitar/samples/00259.png 63
ucf/PlayingGuitar/samples/00260.png 63
ucf/PlayingGuitar/samples/00261.png 63
ucf/PlayingGuitar/samples/00262.png 63
ucf/PlayingGuitar/samples/00263.png 63
ucf/PlayingGuitar/samples/00264.png 63
ucf/PlayingGuitar/samples/00265.png 63
ucf/PlayingGuitar/samples/00266.png 63
ucf/PlayingGuitar/samples/00267.png 63
ucf/PlayingGuitar/samples/00268.png 63
ucf/PlayingGuitar/samples/00269.png 63
ucf/PlayingGuitar/samples/00270.png 63
ucf/PlayingGuitar/samples/00271.png 63
ucf/PlayingGuitar/samples/00272.png 63
ucf/PlayingGuitar/samples/00273.png 63
ucf/PlayingGuitar/samples/00274.png 63
ucf/PlayingGuitar/samples/00275.png 63
ucf/PlayingGuitar/samples/00276.png 63
ucf/PlayingGuitar/samples/00277.png 63
ucf/PlayingGuitar/samples/00278.png 63
ucf/PlayingGuitar/samples/00279.png 63
ucf/PlayingGuitar/samples/00280.png 63
ucf/PlayingGuitar/samples/00281.png 63
ucf/PlayingGuitar/samples/00282.png 63
ucf/PlayingGuitar/samples/00283.png 63
ucf/PlayingGuitar/samples/00284.png 63
ucf/PlayingGuitar/samples/00285.png 63
ucf/PlayingGuitar/samples/00286.png 63
ucf/PlayingGuitar/samples/00287.png 63
ucf/PlayingGuitar/samples/00288.png 63
ucf/PlayingGuitar/samples/00289.png 63
ucf/PlayingGuitar/samples/00290.png 63
ucf/PlayingGuitar/samples/00291.png 63
ucf/PlayingGuitar/samples/00292.png 63
ucf/PlayingGuitar/samples/00293.png 63
ucf/PlayingGuitar/samples/00294.png 63
ucf/PlayingGuitar/samples/00295.png 63
ucf/PlayingGuitar/samples/00296.png 63
ucf/PlayingGuitar/samples/00297.png 63
ucf/PlayingGuitar/samples/00298.png 63
ucf/PlayingGuitar/samples/00299.png 63
ucf/PlayingGuitar/samples/00300.png 63
ucf/PlayingGuitar/samples/00301.png 63
ucf/PlayingGuitar/samples/00302.png 63
ucf/PlayingGuitar/samples/00303.png 63
ucf/PlayingGuitar/samples/00304.png 63
ucf/PlayingGuitar/samples/00305.png 63
ucf/PlayingGuitar/samples/00306.png 63
ucf/PlayingGuitar/samples/00307.png 63
ucf/PlayingGuitar/samples/00308.png 63
ucf/PlayingGuitar/samples/00309.png 63
ucf/PlayingGuitar/samples/00310.png 63
ucf/PlayingGuitar/samples/00311.png 63
ucf/PlayingGuitar/samples/00312.png 63
ucf/PlayingGuitar/samples/00313.png 63
ucf/PlayingGuitar/samples/00314.png 63
ucf/PlayingGuitar/samples/00315.png 63
ucf/PlayingGuitar/samples/00316.png 63
ucf/PlayingGuitar/samples/00317.png 63
ucf/PlayingGuitar/samples/00318.png 63
ucf/PlayingGuitar/samples/00319.png 63
ucf/PlayingGuitar/samples/00320.png 63
ucf/PlayingGuitar/samples/00321.png 63
ucf/PlayingGuitar/samples/00322.png 63
ucf/PlayingGuitar/samples/00323.png 63
ucf/PlayingGuitar/samples/00324.png 63
ucf/PlayingGuitar/samples/00325.png 63
ucf/PlayingGuitar/samples/00326.png 63
ucf/PlayingGuitar/samples/00327.png 63
ucf/PlayingGuitar/samples/00328.png 63
ucf/PlayingGuitar/samples/00329.png 63
ucf/PlayingGuitar/samples/00330.png 63
ucf/PlayingGuitar/samples/00331.png 63
ucf/PlayingGuitar/samples/00332.png 63
ucf/PlayingGuitar/samples/00333.png 63
ucf/PlayingGuitar/samples/00334.png 63
ucf/PlayingGuitar/samples/00335.png 63
ucf/PlayingGuitar/samples/00336.png 63
ucf/PlayingGuitar/samples/00337.png 63
ucf/PlayingGuitar/samples/00338.png 63
ucf/PlayingGuitar/samples/00339.png 63
ucf/PlayingGuitar/samples/00340.png 63
ucf/PlayingGuitar/samples/00341.png 63
ucf/PlayingGuitar/samples/00342.png 63
ucf/PlayingGuitar/samples/00343.png 63
ucf/PlayingGuitar/samples/00344.png 63
ucf/PlayingGuitar/samples/00345.png 63
ucf/PlayingGuitar/samples/00346.png 63
ucf/PlayingGuitar/samples/00347.png 63
ucf/PlayingGuitar/samples/00348.png 63
ucf/PlayingGuitar/samples/00349.png 63
ucf/PlayingGuitar/samples/00350.png 63
ucf/PlayingGuitar/samples/00351.png 63
ucf/PlayingGuitar/samples/00352.png 63
ucf/PlayingGuitar/samples/00353.png 63
ucf/PlayingGuitar/samples/00354.png 63
ucf/PlayingGuitar/samples/00355.png 63
ucf/PlayingGuitar/samples/00356.png 63
ucf/PlayingGuitar/samples/00357.png 63
ucf/PlayingGuitar/samples/00358.png 63
ucf/PlayingGuitar/samples/00359.png 63
ucf/PlayingGuitar/samples/00360.png 63
ucf/PlayingGuitar/samples/00361.png 63
ucf/PlayingGuitar/samples/00362.png 63
ucf/PlayingGuitar/samples/00363.png 63
ucf/PlayingGuitar/samples/00364.png 63
ucf/PlayingGuitar/samples/00365.png 63
ucf/PlayingGuitar/samples/00366.png 63
ucf/PlayingGuitar/samples/00367.png 63
ucf/PlayingGuitar/samples/00368.png 63
ucf/PlayingGuitar/samples/00369.png 63
ucf/PlayingGuitar/samples/00370.png 63
ucf/PlayingGuitar/samples/00371.png 63
ucf/PlayingGuitar/samples/00372.png 63
ucf/PlayingGuitar/samples/00373.png 63
ucf/PlayingGuitar/samples/00374.png 63
ucf/PlayingGuitar/samples/00375.png 63
ucf/PlayingGuitar/samples/00376.png 63
ucf/PlayingGuitar/samples/00377.png 63
ucf/PlayingGuitar/samples/00378.png 63
ucf/PlayingGuitar/samples/00379.png 63
ucf/PlayingGuitar/samples/00380.png 63
ucf/PlayingGuitar/samples/00381.png 63
ucf/PlayingGuitar/samples/00382.png 63
ucf/PlayingGuitar/samples/00383.png 63
ucf/PlayingGuitar/samples/00384.png 63
ucf/PlayingGuitar/samples/00385.png 63
ucf/PlayingGuitar/samples/00386.png 63
ucf/PlayingGuitar/samples/00387.png 63
ucf/PlayingGuitar/samples/00388.png 63
ucf/PlayingGuitar/samples/00389.png 63
ucf/PlayingGuitar/samples/00390.png 63
ucf/PlayingGuitar/samples/00391.png 63
ucf/PlayingGuitar/samples/00392.png 63
ucf/PlayingGuitar/samples/00393.png 63
ucf/PlayingGuitar/samples/00394.png 63
ucf/PlayingGuitar/samples/00395.png 63
ucf/PlayingGuitar/samples/00396.png 63
ucf/PlayingGuitar/samples/00397.png 63
ucf/PlayingGuitar/samples/00398.png 63
ucf/PlayingGuitar/samples/00399.png 63
ucf/PlayingGuitar/samples/00400.png 63
ucf/PlayingGuitar/samples/00401.png 63
ucf/PlayingGuitar/samples/00402.png 63
ucf/PlayingGuitar/samples/00403.png 63
ucf/PlayingGuitar/samples/00404.png 63
ucf/PlayingGuitar/samples/00405.png 63
ucf/PlayingGuitar/samples/00406.png 63
ucf/PlayingGuitar/samples/00407.png 63
ucf/PlayingGuitar/samples/00408.png 63
ucf/PlayingGuitar/samples/00409.png 63
ucf/PlayingGuitar/samples/00410.png 63
ucf/PlayingGuitar/samples/00411.png 63
ucf/PlayingGuitar/samples/00412.png 63
ucf/PlayingGuitar/samples/00413.png 63
ucf/PlayingGuitar/samples/00414.png 63
ucf/PlayingGuitar/samples/00415.png 63
ucf/PlayingGuitar/samples/00416.png 63
ucf/PlayingGuitar/samples/00417.png 63
ucf/PlayingGuitar/samples/00418.png 63
ucf/PlayingGuitar/samples/00419.png 63
ucf/PlayingGuitar/samples/00420.png 63
ucf/PlayingGuitar/samples/00421.png 63
ucf/PlayingGuitar/samples/00422.png 63
ucf/PlayingGuitar/samples/00423.png 63
ucf/PlayingGuitar/samples/00424.png 63
ucf/PlayingGuitar/samples/00425.png 63
ucf/PlayingGuitar/samples/00426.png 63
ucf/PlayingGuitar/samples/00427.png 63
ucf/PlayingGuitar/samples/00428.png 63
ucf/PlayingGuitar/samples/00429.png 63
ucf/PlayingGuitar/samples/00430.png 63
ucf/PlayingGuitar/samples/00431.png 63
ucf/PlayingGuitar/samples/00432.png 63
ucf/PlayingGuitar/samples/00433.png 63
ucf/PlayingGuitar/samples/00434.png 63
ucf/PlayingGuitar/samples/00435.png 63
ucf/PlayingGuitar/samples/00436.png 63
ucf/PlayingGuitar/samples/00437.png 63
ucf/PlayingGuitar/samples/00438.png 63
ucf/PlayingGuitar/samples/00439.png 63
ucf/PlayingGuitar/samples/00440.png 63
ucf/PlayingGuitar/samples/00441.png 63
ucf/PlayingGuitar/samples/00442.png 63
ucf/PlayingGuitar/samples/00443.png 63
ucf/PlayingGuitar/samples/00444.png 63
ucf/PlayingGuitar/samples/00445.png 63
ucf/PlayingGuitar/samples/00446.png 63
ucf/PlayingGuitar/samples/00447.png 63
ucf/PlayingGuitar/samples/00448.png 63
ucf/PlayingGuitar/samples/00449.png 63
ucf/PlayingGuitar/samples/00450.png 63
ucf/PlayingGuitar/samples/00451.png 63
ucf/PlayingGuitar/samples/00452.png 63
ucf/PlayingGuitar/samples/00453.png 63
ucf/PlayingGuitar/samples/00454.png 63
ucf/PlayingGuitar/samples/00455.png 63
ucf/PlayingGuitar/samples/00456.png 63
ucf/PlayingGuitar/samples/00457.png 63
ucf/PlayingGuitar/samples/00458.png 63
ucf/PlayingGuitar/samples/00459.png 63
ucf/PlayingGuitar/samples/00460.png 63
ucf/PlayingGuitar/samples/00461.png 63
ucf/PlayingGuitar/samples/00462.png 63
ucf/PlayingGuitar/samples/00463.png 63
ucf/PlayingGuitar/samples/00464.png 63
ucf/PlayingGuitar/samples/00465.png 63
ucf/PlayingGuitar/samples/00466.png 63
ucf/PlayingGuitar/samples/00467.png 63
ucf/PlayingGuitar/samples/00468.png 63
ucf/PlayingGuitar/samples/00469.png 63
ucf/PlayingGuitar/samples/00470.png 63
ucf/PlayingGuitar/samples/00471.png 63
ucf/PlayingGuitar/samples/00472.png 63
ucf/PlayingGuitar/samples/00473.png 63
ucf/PlayingGuitar/samples/00474.png 63
ucf/PlayingGuitar/samples/00475.png 63
ucf/PlayingGuitar/samples/00476.png 63
ucf/PlayingGuitar/samples/00477.png 63
ucf/PlayingGuitar/samples/00478.png 63
ucf/PlayingGuitar/samples/00479.png 63
ucf/PlayingGuitar/samples/00480.png 63
ucf/PlayingGuitar/samples/00481.png 63
ucf/PlayingGuitar/samples/00482.png 63
ucf/PlayingGuitar/samples/00483.png 63
ucf/PlayingGuitar/samples/00484.png 63
ucf/PlayingGuitar/samples/00485.png 63
ucf/PlayingGuitar/samples/00486.png 63
ucf/PlayingGuitar/samples/00487.png 63
ucf/PlayingGuitar/samples/00488.png 63
ucf/PlayingGuitar/samples/00489.png 63
ucf/PlayingGuitar/samples/00490.png 63
ucf/PlayingGuitar/samples/00491.png 63
ucf/PlayingGuitar/samples/00492.png 63
ucf/PlayingGuitar/samples/00493.png 63
ucf/PlayingGuitar/samples/00494.png 63
ucf/PlayingGuitar/samples/00495.png 63
ucf/PlayingGuitar/samples/00496.png 63
ucf/PlayingGuitar/samples/00497.png 63
ucf/PlayingGuitar/samples/00498.png 63
ucf/PlayingGuitar/samples/00499.png 63
ucf/PlayingGuitar/samples/00500.png 63
ucf/PlayingGuitar/samples/00501.png 63
ucf/PlayingGuitar/samples/00502.png 63
ucf/PlayingGuitar/samples/00503.png 63
ucf/PlayingGuitar/samples/00504.png 63
ucf/PlayingGuitar/samples/00505.png 63
ucf/PlayingGuitar/samples/00506.png 63
ucf/PlayingGuitar/samples/00507.png 63
ucf/PlayingGuitar/samples/00508.png 63
ucf/PlayingGuitar/samples/00509.png 63
ucf/PlayingGuitar/samples/00510.png 63
ucf/PlayingGuitar/samples/00511.png 63
ucf/PlayingGuitar/samples/00512.png 63
ucf/PlayingGuitar/samples/00513.png 63
ucf/PlayingGuitar/samples/00514.png 63
ucf/PlayingGuitar/samples/00515.png 63
ucf/PlayingGuitar/samples/00516.png 63
ucf/PlayingGuitar/samples/00517.png 63
ucf/PlayingGuitar/samples/00518.png 63
ucf/PlayingGuitar/samples/00519.png 63
ucf/PlayingGuitar/samples/00520.png 63
ucf/PlayingGuitar/samples/00521.png 63
ucf/PlayingGuitar/samples/00522.png 63
ucf/PlayingGuitar/samples/00523.png 63
ucf/PlayingGuitar/samples/00524.png 63
ucf/PlayingGuitar/samples/00525.png 63
ucf/PlayingGuitar/samples/00526.png 63
ucf/PlayingGuitar/samples/00527.png 63
ucf/PlayingGuitar/samples/00528.png 63
ucf/PlayingGuitar/samples/00529.png 63
ucf/PlayingGuitar/samples/00530.png 63
ucf/PlayingGuitar/samples/00531.png 63
ucf/PlayingGuitar/samples/00532.png 63
ucf/PlayingGuitar/samples/00533.png 63
ucf/PlayingGuitar/samples/00534.png 63
ucf/PlayingGuitar/samples/00535.png 63
ucf/PlayingGuitar/samples/00536.png 63
ucf/PlayingGuitar/samples/00537.png 63
ucf/PlayingGuitar/samples/00538.png 63
ucf/PlayingGuitar/samples/00539.png 63
ucf/PlayingGuitar/samples/00540.png 63
ucf/PlayingGuitar/samples/00541.png 63
ucf/PlayingGuitar/samples/00542.png 63
ucf/PlayingGuitar/samples/00543.png 63
ucf/PlayingGuitar/samples/00544.png 63
ucf/PlayingGuitar/samples/00545.png 63
ucf/PlayingGuitar/samples/00546.png 63
ucf/PlayingGuitar/samples/00547.png 63
ucf/PlayingGuitar/samples/00548.png 63
ucf/PlayingGuitar/samples/00549.png 63
ucf/PlayingGuitar/samples/00550.png 63
ucf/PlayingGuitar/samples/00551.png 63
ucf/PlayingGuitar/samples/00552.png 63
ucf/PlayingGuitar/samples/00553.png 63
ucf/PlayingGuitar/samples/00554.png 63
ucf/PlayingGuitar/samples/00555.png 63
ucf/PlayingGuitar/samples/00556.png 63
ucf/PlayingGuitar/samples/00557.png 63
ucf/PlayingGuitar/samples/00558.png 63
ucf/PlayingGuitar/samples/00559.png 63
ucf/PlayingGuitar/samples/00560.png 63
ucf/PlayingGuitar/samples/00561.png 63
ucf/PlayingGuitar/samples/00562.png 63
ucf/PlayingGuitar/samples/00563.png 63
ucf/PlayingGuitar/samples/00564.png 63
ucf/PlayingGuitar/samples/00565.png 63
ucf/PlayingGuitar/samples/00566.png 63
ucf/PlayingGuitar/samples/00567.png 63
ucf/PlayingGuitar/samples/00568.png 63
ucf/PlayingGuitar/samples/00569.png 63
ucf/PlayingGuitar/samples/00570.png 63
ucf/PlayingGuitar/samples/00571.png 63
ucf/PlayingGuitar/samples/00572.png 63
ucf/PlayingGuitar/samples/00573.png 63
ucf/PlayingGuitar/samples/00574.png 63
ucf/PlayingGuitar/samples/00575.png 63
ucf/PlayingGuitar/samples/00576.png 63
ucf/PlayingGuitar/samples/00577.png 63
ucf/PlayingGuitar/samples/00578.png 63
ucf/PlayingGuitar/samples/00579.png 63
ucf/PlayingGuitar/samples/00580.png 63
ucf/PlayingGuitar/samples/00581.png 63
ucf/PlayingGuitar/samples/00582.png 63
ucf/PlayingGuitar/samples/00583.png 63
ucf/PlayingGuitar/samples/00584.png 63
ucf/PlayingGuitar/samples/00585.png 63
ucf/PlayingGuitar/samples/00586.png 63
ucf/PlayingGuitar/samples/00587.png 63
ucf/PlayingGuitar/samples/00588.png 63
ucf/PlayingGuitar/samples/00589.png 63
ucf/PlayingGuitar/samples/00590.png 63
ucf/PlayingGuitar/samples/00591.png 63
ucf/PlayingGuitar/samples/00592.png 63
ucf/PlayingGuitar/samples/00593.png 63
ucf/PlayingGuitar/samples/00594.png 63
ucf/PlayingGuitar/samples/00595.png 63
ucf/PlayingGuitar/samples/00596.png 63
ucf/PlayingGuitar/samples/00597.png 63
ucf/PlayingGuitar/samples/00598.png 63
ucf/PlayingGuitar/samples/00599.png 63
ucf/PlayingGuitar/samples/00600.png 63
ucf/PlayingGuitar/samples/00601.png 63
ucf/PlayingGuitar/samples/00602.png 63
ucf/PlayingGuitar/samples/00603.png 63
ucf/PlayingGuitar/samples/00604.png 63
ucf/PlayingGuitar/samples/00605.png 63
ucf/PlayingGuitar/samples/00606.png 63
ucf/PlayingGuitar/samples/00607.png 63
ucf/PlayingGuitar/samples/00608.png 63
ucf/PlayingGuitar/samples/00609.png 63
ucf/PlayingGuitar/samples/00610.png 63
ucf/PlayingGuitar/samples/00611.png 63
ucf/PlayingGuitar/samples/00612.png 63
ucf/PlayingGuitar/samples/00613.png 63
ucf/PlayingGuitar/samples/00614.png 63
ucf/PlayingGuitar/samples/00615.png 63
ucf/PlayingGuitar/samples/00616.png 63
ucf/PlayingGuitar/samples/00617.png 63
ucf/PlayingGuitar/samples/00618.png 63
ucf/PlayingGuitar/samples/00619.png 63
ucf/PlayingGuitar/samples/00620.png 63
ucf/PlayingGuitar/samples/00621.png 63
ucf/PlayingGuitar/samples/00622.png 63
ucf/PlayingGuitar/samples/00623.png 63
ucf/PlayingGuitar/samples/00624.png 63
ucf/PlayingGuitar/samples/00625.png 63
ucf/PlayingGuitar/samples/00626.png 63
ucf/PlayingGuitar/samples/00627.png 63
ucf/PlayingGuitar/samples/00628.png 63
ucf/PlayingGuitar/samples/00629.png 63
ucf/PlayingGuitar/samples/00630.png 63
ucf/PlayingGuitar/samples/00631.png 63
ucf/PlayingGuitar/samples/00632.png 63
ucf/PlayingGuitar/samples/00633.png 63
ucf/PlayingGuitar/samples/00634.png 63
ucf/PlayingGuitar/samples/00635.png 63
ucf/PlayingGuitar/samples/00636.png 63
ucf/PlayingGuitar/samples/00637.png 63
ucf/PlayingGuitar/samples/00638.png 63
ucf/PlayingGuitar/samples/00639.png 63
ucf/PlayingGuitar/samples/00640.png 63
ucf/PlayingGuitar/samples/00641.png 63
ucf/PlayingGuitar/samples/00642.png 63
ucf/PlayingGuitar/samples/00643.png 63
ucf/PlayingGuitar/samples/00644.png 63
ucf/PlayingGuitar/samples/00645.png 63
ucf/PlayingGuitar/samples/00646.png 63
ucf/PlayingGuitar/samples/00647.png 63
ucf/PlayingGuitar/samples/00648.png 63
ucf/PlayingGuitar/samples/00649.png 63
ucf/PlayingGuitar/samples/00650.png 63
ucf/PlayingGuitar/samples/00651.png 63
ucf/PlayingGuitar/samples/00652.png 63
ucf/PlayingGuitar/samples/00653.png 63
ucf/PlayingGuitar/samples/00654.png 63
ucf/PlayingGuitar/samples/00655.png 63
ucf/PlayingGuitar/samples/00656.png 63
ucf/PlayingGuitar/samples/00657.png 63
ucf/PlayingGuitar/samples/00658.png 63
ucf/PlayingGuitar/samples/00659.png 63
ucf/PlayingGuitar/samples/00660.png 63
ucf/PlayingGuitar/samples/00661.png 63
ucf/PlayingGuitar/samples/00662.png 63
ucf/PlayingGuitar/samples/00663.png 63
ucf/PlayingGuitar/samples/00664.png 63
ucf/PlayingGuitar/samples/00665.png 63
ucf/PlayingGuitar/samples/00666.png 63
ucf/PlayingGuitar/samples/00667.png 63
ucf/PlayingGuitar/samples/00668.png 63
ucf/PlayingGuitar/samples/00669.png 63
ucf/PlayingGuitar/samples/00670.png 63
ucf/PlayingGuitar/samples/00671.png 63
ucf/PlayingGuitar/samples/00672.png 63
ucf/PlayingGuitar/samples/00673.png 63
ucf/PlayingGuitar/samples/00674.png 63
ucf/PlayingGuitar/samples/00675.png 63
ucf/PlayingGuitar/samples/00676.png 63
ucf/PlayingGuitar/samples/00677.png 63
ucf/PlayingGuitar/samples/00678.png 63
ucf/PlayingGuitar/samples/00679.png 63
ucf/PlayingGuitar/samples/00680.png 63
ucf/PlayingGuitar/samples/00681.png 63
ucf/PlayingGuitar/samples/00682.png 63
ucf/PlayingGuitar/samples/00683.png 63
ucf/PlayingGuitar/samples/00684.png 63
ucf/PlayingGuitar/samples/00685.png 63
ucf/PlayingGuitar/samples/00686.png 63
ucf/PlayingGuitar/samples/00687.png 63
ucf/PlayingGuitar/samples/00688.png 63
ucf/PlayingGuitar/samples/00689.png 63
ucf/PlayingGuitar/samples/00690.png 63
ucf/PlayingGuitar/samples/00691.png 63
ucf/PlayingGuitar/samples/00692.png 63
ucf/PlayingGuitar/samples/00693.png 63
ucf/PlayingGuitar/samples/00694.png 63
ucf/PlayingGuitar/samples/00695.png 63
ucf/PlayingGuitar/samples/00696.png 63
ucf/PlayingGuitar/samples/00697.png 63
ucf/PlayingGuitar/samples/00698.png 63
ucf/PlayingGuitar/samples/00699.png 63
ucf/PlayingGuitar/samples/00700.png 63
ucf/PlayingGuitar/samples/00701.png 63
ucf/PlayingGuitar/samples/00702.png 63
ucf/PlayingGuitar/samples/00703.png 63
ucf/PlayingGuitar/samples/00704.png 63
ucf/PlayingGuitar/samples/00705.png 63
ucf/PlayingGuitar/samples/00706.png 63
ucf/PlayingGuitar/samples/00707.png 63
ucf/PlayingGuitar/samples/00708.png 63
ucf/PlayingGuitar/samples/00709.png 63
ucf/PlayingGuitar/samples/00710.png 63
ucf/PlayingGuitar/samples/00711.png 63
ucf/PlayingGuitar/samples/00712.png 63
ucf/PlayingGuitar/samples/00713.png 63
ucf/PlayingGuitar/samples/00714.png 63
ucf/PlayingGuitar/samples/00715.png 63
ucf/PlayingGuitar/samples/00716.png 63
ucf/PlayingGuitar/samples/00717.png 63
ucf/PlayingGuitar/samples/00718.png 63
ucf/PlayingGuitar/samples/00719.png 63
ucf/PlayingGuitar/samples/00720.png 63
ucf/PlayingGuitar/samples/00721.png 63
ucf/PlayingGuitar/samples/00722.png 63
ucf/PlayingGuitar/samples/00723.png 63
ucf/PlayingGuitar/samples/00724.png 63
ucf/PlayingGuitar/samples/00725.png 63
ucf/PlayingGuitar/samples/00726.png 63
ucf/PlayingGuitar/samples/00727.png 63
ucf/PlayingGuitar/samples/00728.png 63
ucf/PlayingGuitar/samples/00729.png 63
ucf/PlayingGuitar/samples/00730.png 63
ucf/PlayingGuitar/samples/00731.png 63
ucf/PlayingGuitar/samples/00732.png 63
ucf/PlayingGuitar/samples/00733.png 63
ucf/PlayingGuitar/samples/00734.png 63
ucf/PlayingGuitar/samples/00735.png 63
ucf/PlayingGuitar/samples/00736.png 63
ucf/PlayingGuitar/samples/00737.png 63
ucf/PlayingGuitar/samples/00738.png 63
ucf/PlayingGuitar/samples/00739.png 63
ucf/PlayingGuitar/samples/00740.png 63
ucf/PlayingGuitar/samples/00741.png 63
ucf/PlayingGuitar/samples/00742.png 63
ucf/PlayingGuitar/samples/00743.png 63
ucf/PlayingGuitar/samples/00744.png 63
ucf/PlayingGuitar/samples/00745.png 63
ucf/PlayingGuitar/samples/00746.png 63
ucf/PlayingGuitar/samples/00747.png 63
ucf/PlayingGuitar/samples/00748.png 63
ucf/PlayingGuitar/samples/00749.png 63
ucf/PlayingGuitar/samples/00750.png 63
ucf/PlayingGuitar/samples/00751.png 63
ucf/PlayingGuitar/samples/00752.png 63
ucf/PlayingGuitar/samples/00753.png 63
ucf/PlayingGuitar/samples/00754.png 63
ucf/PlayingGuitar/samples/00755.png 63
ucf/PlayingGuitar/samples/00756.png 63
ucf/PlayingGuitar/samples/00757.png 63
ucf/PlayingGuitar/samples/00758.png 63
ucf/PlayingGuitar/samples/00759.png 63
ucf/PlayingGuitar/samples/00760.png 63
ucf/PlayingGuitar/samples/00761.png 63
ucf/PlayingGuitar/samples/00762.png 63
ucf/PlayingGuitar/samples/00763.png 63
ucf/PlayingGuitar/samples/00764.png 63
ucf/PlayingGuitar/samples/00765.png 63
ucf/PlayingGuitar/samples/00766.png 63
ucf/PlayingGuitar/samples/00767.png 63
ucf/PlayingGuitar/samples/00768.png 63
ucf/PlayingGuitar/samples/00769.png 63
ucf/PlayingGuitar/samples/00770.png 63
ucf/PlayingGuitar/samples/00771.png 63
ucf/PlayingGuitar/samples/00772.png 63
ucf/PlayingGuitar/samples/00773.png 63
ucf/PlayingGuitar/samples/00774.png 63
ucf/PlayingGuitar/samples/00775.png 63
ucf/PlayingGuitar/samples/00776.png 63
ucf/PlayingGuitar/samples/00777.png 63
ucf/PlayingGuitar/samples/00778.png 63
ucf/PlayingGuitar/samples/00779.png 63
ucf/PlayingGuitar/samples/00780.png 63
ucf/PlayingGuitar/samples/00781.png 63
ucf/PlayingGuitar/samples/00782.png 63
ucf/PlayingGuitar/samples/00783.png 63
ucf/PlayingGuitar/samples/00784.png 63
ucf/PlayingGuitar/samples/00785.png 63
ucf/PlayingGuitar/samples/00786.png 63
ucf/PlayingGuitar/samples/00787.png 63
ucf/PlayingGuitar/samples/00788.png 63
ucf/PlayingGuitar/samples/00789.png 63
ucf/PlayingGuitar/samples/00790.png 63
ucf/PlayingGuitar/samples/00791.png 63
ucf/PlayingGuitar/samples/00792.png 63
ucf/PlayingGuitar/samples/00793.png 63
ucf/PlayingGuitar/samples/00794.png 63
ucf/PlayingGuitar/samples/00795.png 63
ucf/PlayingGuitar/samples/00796.png 63
ucf/PlayingGuitar/samples/00797.png 63
ucf/PlayingGuitar/samples/00798.png 63
ucf/PlayingGuitar/samples/00799.png 63
ucf/PlayingGuitar/samples/00800.png 63
ucf/PlayingGuitar/samples/00801.png 63
ucf/PlayingGuitar/samples/00802.png 63
ucf/PlayingGuitar/samples/00803.png 63
ucf/PlayingGuitar/samples/00804.png 63
ucf/PlayingGuitar/samples/00805.png 63
ucf/PlayingGuitar/samples/00806.png 63
ucf/PlayingGuitar/samples/00807.png 63
ucf/PlayingGuitar/samples/00808.png 63
ucf/PlayingGuitar/samples/00809.png 63
ucf/PlayingGuitar/samples/00810.png 63
ucf/PlayingGuitar/samples/00811.png 63
ucf/PlayingGuitar/samples/00812.png 63
ucf/PlayingGuitar/samples/00813.png 63
ucf/PlayingGuitar/samples/00814.png 63
ucf/PlayingGuitar/samples/00815.png 63
ucf/PlayingGuitar/samples/00816.png 63
ucf/PlayingGuitar/samples/00817.png 63
ucf/PlayingGuitar/samples/00818.png 63
ucf/PlayingGuitar/samples/00819.png 63
ucf/PlayingGuitar/samples/00820.png 63
ucf/PlayingGuitar/samples/00821.png 63
ucf/PlayingGuitar/samples/00822.png 63
ucf/PlayingGuitar/samples/00823.png 63
ucf/PlayingGuitar/samples/00824.png 63
ucf/PlayingGuitar/samples/00825.png 63
ucf/PlayingGuitar/samples/00826.png 63
ucf/PlayingGuitar/samples/00827.png 63
ucf/PlayingGuitar/samples/00828.png 63
ucf/PlayingGuitar/samples/00829.png 63
ucf/PlayingGuitar/samples/00830.png 63
ucf/PlayingGuitar/samples/00831.png 63
ucf/PlayingGuitar/samples/00832.png 63
ucf/PlayingGuitar/samples/00833.png 63
ucf/PlayingGuitar/samples/00834.png 63
ucf/PlayingGuitar/samples/00835.png 63
ucf/PlayingGuitar/samples/00836.png 63
ucf/PlayingGuitar/samples/00837.png 63
ucf/PlayingGuitar/samples/00838.png 63
ucf/PlayingGuitar/samples/00839.png 63
ucf/PlayingGuitar/samples/00840.png 63
ucf/PlayingGuitar/samples/00841.png 63
ucf/PlayingGuitar/samples/00842.png 63
ucf/PlayingGuitar/samples/00843.png 63
ucf/PlayingGuitar/samples/00844.png 63
ucf/PlayingGuitar/samples/00845.png 63
ucf/PlayingGuitar/samples/00846.png 63
ucf/PlayingGuitar/samples/00847.png 63
ucf/PlayingGuitar/samples/00848.png 63
ucf/PlayingGuitar/samples/00849.png 63
ucf/PlayingGuitar/samples/00850.png 63
ucf/PlayingGuitar/samples/00851.png 63
ucf/PlayingGuitar/samples/00852.png 63
ucf/PlayingGuitar/samples/00853.png 63
ucf/PlayingGuitar/samples/00854.png 63
ucf/PlayingGuitar/samples/00855.png 63
ucf/PlayingGuitar/samples/00856.png 63
ucf/PlayingGuitar/samples/00857.png 63
ucf/PlayingGuitar/samples/00858.png 63
ucf/PlayingGuitar/samples/00859.png 63
ucf/PlayingGuitar/samples/00860.png 63
ucf/PlayingGuitar/samples/00861.png 63
ucf/PlayingGuitar/samples/00862.png 63
ucf/PlayingGuitar/samples/00863.png 63
ucf/PlayingGuitar/samples/00864.png 63
ucf/PlayingGuitar/samples/00865.png 63
ucf/PlayingGuitar/samples/00866.png 63
ucf/PlayingGuitar/samples/00867.png 63
ucf/PlayingGuitar/samples/00868.png 63
ucf/PlayingGuitar/samples/00869.png 63
ucf/PlayingGuitar/samples/00870.png 63
ucf/PlayingGuitar/samples/00871.png 63
ucf/PlayingGuitar/samples/00872.png 63
ucf/PlayingGuitar/samples/00873.png 63
ucf/PlayingGuitar/samples/00874.png 63
ucf/PlayingGuitar/samples/00875.png 63
ucf/PlayingGuitar/samples/00876.png 63
ucf/PlayingGuitar/samples/00877.png 63
ucf/PlayingGuitar/samples/00878.png 63
ucf/PlayingGuitar/samples/00879.png 63
ucf/PlayingGuitar/samples/00880.png 63
ucf/PlayingGuitar/samples/00881.png 63
ucf/PlayingGuitar/samples/00882.png 63
ucf/PlayingGuitar/samples/00883.png 63
ucf/PlayingGuitar/samples/00884.png 63
ucf/PlayingGuitar/samples/00885.png 63
ucf/PlayingGuitar/samples/00886.png 63
ucf/PlayingGuitar/samples/00887.png 63
ucf/PlayingGuitar/samples/00888.png 63
ucf/PlayingGuitar/samples/00889.png 63
ucf/PlayingGuitar/samples/00890.png 63
ucf/PlayingGuitar/samples/00891.png 63
ucf/PlayingGuitar/samples/00892.png 63
ucf/PlayingGuitar/samples/00893.png 63
ucf/PlayingGuitar/samples/00894.png 63
ucf/PlayingGuitar/samples/00895.png 63
ucf/PlayingGuitar/samples/00896.png 63
ucf/PlayingGuitar/samples/00897.png 63
ucf/PlayingGuitar/samples/00898.png 63
ucf/PlayingGuitar/samples/00899.png 63
ucf/PlayingGuitar/samples/00900.png 63
ucf/PlayingGuitar/samples/00901.png 63
ucf/PlayingGuitar/samples/00902.png 63
ucf/PlayingGuitar/samples/00903.png 63
ucf/PlayingGuitar/samples/00904.png 63
ucf/PlayingGuitar/samples/00905.png 63
ucf/PlayingGuitar/samples/00906.png 63
ucf/PlayingGuitar/samples/00907.png 63
ucf/PlayingGuitar/samples/00908.png 63
ucf/PlayingGuitar/samples/00909.png 63
ucf/PlayingGuitar/samples/00910.png 63
ucf/PlayingGuitar/samples/00911.png 63
ucf/PlayingGuitar/samples/00912.png 63
ucf/PlayingGuitar/samples/00913.png 63
ucf/PlayingGuitar/samples/00914.png 63
ucf/PlayingGuitar/samples/00915.png 63
ucf/PlayingGuitar/samples/00916.png 63
ucf/PlayingGuitar/samples/00917.png 63
ucf/PlayingGuitar/samples/00918.png 63
ucf/PlayingGuitar/samples/00919.png 63
ucf/PlayingGuitar/samples/00920.png 63
ucf/PlayingGuitar/samples/00921.png 63
ucf/PlayingGuitar/samples/00922.png 63
ucf/PlayingGuitar/samples/00923.png 63
ucf/PlayingGuitar/samples/00924.png 63
ucf/PlayingGuitar/samples/00925.png 63
ucf/PlayingGuitar/samples/00926.png 63
ucf/PlayingGuitar/samples/00927.png 63
ucf/PlayingGuitar/samples/00928.png 63
ucf/PlayingGuitar/samples/00929.png 63
ucf/PlayingGuitar/samples/00930.png 63
ucf/PlayingGuitar/samples/00931.png 63
ucf/PlayingGuitar/samples/00932.png 63
ucf/PlayingGuitar/samples/00933.png 63
ucf/PlayingGuitar/samples/00934.png 63
ucf/PlayingGuitar/samples/00935.png 63
ucf/PlayingGuitar/samples/00936.png 63
ucf/PlayingGuitar/samples/00937.png 63
ucf/PlayingGuitar/samples/00938.png 63
ucf/PlayingGuitar/samples/00939.png 63
ucf/PlayingGuitar/samples/00940.png 63
ucf/PlayingGuitar/samples/00941.png 63
ucf/PlayingGuitar/samples/00942.png 63
ucf/PlayingGuitar/samples/00943.png 63
ucf/PlayingGuitar/samples/00944.png 63
ucf/PlayingGuitar/samples/00945.png 63
ucf/PlayingGuitar/samples/00946.png 63
ucf/PlayingGuitar/samples/00947.png 63
ucf/PlayingGuitar/samples/00948.png 63
ucf/PlayingGuitar/samples/00949.png 63
ucf/PlayingGuitar/samples/00950.png 63
ucf/PlayingGuitar/samples/00951.png 63
ucf/PlayingGuitar/samples/00952.png 63
ucf/PlayingGuitar/samples/00953.png 63
ucf/PlayingGuitar/samples/00954.png 63
ucf/PlayingGuitar/samples/00955.png 63
ucf/PlayingGuitar/samples/00956.png 63
ucf/PlayingGuitar/samples/00957.png 63
ucf/PlayingGuitar/samples/00958.png 63
ucf/PlayingGuitar/samples/00959.png 63
ucf/PlayingGuitar/samples/00960.png 63
ucf/PlayingGuitar/samples/00961.png 63
ucf/PlayingGuitar/samples/00962.png 63
ucf/PlayingGuitar/samples/00963.png 63
ucf/PlayingGuitar/samples/00964.png 63
ucf/PlayingGuitar/samples/00965.png 63
ucf/PlayingGuitar/samples/00966.png 63
ucf/PlayingGuitar/samples/00967.png 63
ucf/PlayingGuitar/samples/00968.png 63
ucf/PlayingGuitar/samples/00969.png 63
ucf/PlayingGuitar/samples/00970.png 63
ucf/PlayingGuitar/samples/00971.png 63
ucf/PlayingGuitar/samples/00972.png 63
ucf/PlayingGuitar/samples/00973.png 63
ucf/PlayingGuitar/samples/00974.png 63
ucf/PlayingGuitar/samples/00975.png 63
ucf/PlayingGuitar/samples/00976.png 63
ucf/PlayingGuitar/samples/00977.png 63
ucf/PlayingGuitar/samples/00978.png 63
ucf/PlayingGuitar/samples/00979.png 63
ucf/PlayingGuitar/samples/00980.png 63
ucf/PlayingGuitar/samples/00981.png 63
ucf/PlayingGuitar/samples/00982.png 63
ucf/PlayingGuitar/samples/00983.png 63
ucf/PlayingGuitar/samples/00984.png 63
ucf/PlayingGuitar/samples/00985.png 63
ucf/PlayingGuitar/samples/00986.png 63
ucf/PlayingGuitar/samples/00987.png 63
ucf/PlayingGuitar/samples/00988.png 63
ucf/PlayingGuitar/samples/00989.png 63
ucf/PlayingGuitar/samples/00990.png 63
ucf/PlayingGuitar/samples/00991.png 63
ucf/PlayingGuitar/samples/00992.png 63
ucf/PlayingGuitar/samples/00993.png 63
ucf/PlayingGuitar/samples/00994.png 63
ucf/PlayingGuitar/samples/00995.png 63
ucf/PlayingGuitar/samples/00996.png 63
ucf/PlayingGuitar/samples/00997.png 63
ucf/PlayingGuitar/samples/00998.png 63
ucf/PlayingGuitar/samples/00999.png 63
ucf/Punch/samples/00000.png 71
ucf/Punch/samples/00001.png 71
ucf/Punch/samples/00002.png 71
ucf/Punch/samples/00003.png 71
ucf/Punch/samples/00004.png 71
ucf/Punch/samples/00005.png 71
ucf/Punch/samples/00006.png 71
ucf/Punch/samples/00007.png 71
ucf/Punch/samples/00008.png 71
ucf/Punch/samples/00009.png 71
ucf/Punch/samples/00010.png 71
ucf/Punch/samples/00011.png 71
ucf/Punch/samples/00012.png 71
ucf/Punch/samples/00013.png 71
ucf/Punch/samples/00014.png 71
ucf/Punch/samples/00015.png 71
ucf/Punch/samples/00016.png 71
ucf/Punch/samples/00017.png 71
ucf/Punch/samples/00018.png 71
ucf/Punch/samples/00019.png 71
ucf/Punch/samples/00020.png 71
ucf/Punch/samples/00021.png 71
ucf/Punch/samples/00022.png 71
ucf/Punch/samples/00023.png 71
ucf/Punch/samples/00024.png 71
ucf/Punch/samples/00025.png 71
ucf/Punch/samples/00026.png 71
ucf/Punch/samples/00027.png 71
ucf/Punch/samples/00028.png 71
ucf/Punch/samples/00029.png 71
ucf/Punch/samples/00030.png 71
ucf/Punch/samples/00031.png 71
ucf/Punch/samples/00032.png 71
ucf/Punch/samples/00033.png 71
ucf/Punch/samples/00034.png 71
ucf/Punch/samples/00035.png 71
ucf/Punch/samples/00036.png 71
ucf/Punch/samples/00037.png 71
ucf/Punch/samples/00038.png 71
ucf/Punch/samples/00039.png 71
ucf/Punch/samples/00040.png 71
ucf/Punch/samples/00041.png 71
ucf/Punch/samples/00042.png 71
ucf/Punch/samples/00043.png 71
ucf/Punch/samples/00044.png 71
ucf/Punch/samples/00045.png 71
ucf/Punch/samples/00046.png 71
ucf/Punch/samples/00047.png 71
ucf/Punch/samples/00048.png 71
ucf/Punch/samples/00049.png 71
ucf/Punch/samples/00050.png 71
ucf/Punch/samples/00051.png 71
ucf/Punch/samples/00052.png 71
ucf/Punch/samples/00053.png 71
ucf/Punch/samples/00054.png 71
ucf/Punch/samples/00055.png 71
ucf/Punch/samples/00056.png 71
ucf/Punch/samples/00057.png 71
ucf/Punch/samples/00058.png 71
ucf/Punch/samples/00059.png 71
ucf/Punch/samples/00060.png 71
ucf/Punch/samples/00061.png 71
ucf/Punch/samples/00062.png 71
ucf/Punch/samples/00063.png 71
ucf/Punch/samples/00064.png 71
ucf/Punch/samples/00065.png 71
ucf/Punch/samples/00066.png 71
ucf/Punch/samples/00067.png 71
ucf/Punch/samples/00068.png 71
ucf/Punch/samples/00069.png 71
ucf/Punch/samples/00070.png 71
ucf/Punch/samples/00071.png 71
ucf/Punch/samples/00072.png 71
ucf/Punch/samples/00073.png 71
ucf/Punch/samples/00074.png 71
ucf/Punch/samples/00075.png 71
ucf/Punch/samples/00076.png 71
ucf/Punch/samples/00077.png 71
ucf/Punch/samples/00078.png 71
ucf/Punch/samples/00079.png 71
ucf/Punch/samples/00080.png 71
ucf/Punch/samples/00081.png 71
ucf/Punch/samples/00082.png 71
ucf/Punch/samples/00083.png 71
ucf/Punch/samples/00084.png 71
ucf/Punch/samples/00085.png 71
ucf/Punch/samples/00086.png 71
ucf/Punch/samples/00087.png 71
ucf/Punch/samples/00088.png 71
ucf/Punch/samples/00089.png 71
ucf/Punch/samples/00090.png 71
ucf/Punch/samples/00091.png 71
ucf/Punch/samples/00092.png 71
ucf/Punch/samples/00093.png 71
ucf/Punch/samples/00094.png 71
ucf/Punch/samples/00095.png 71
ucf/Punch/samples/00096.png 71
ucf/Punch/samples/00097.png 71
ucf/Punch/samples/00098.png 71
ucf/Punch/samples/00099.png 71
ucf/Punch/samples/00100.png 71
ucf/Punch/samples/00101.png 71
ucf/Punch/samples/00102.png 71
ucf/Punch/samples/00103.png 71
ucf/Punch/samples/00104.png 71
ucf/Punch/samples/00105.png 71
ucf/Punch/samples/00106.png 71
ucf/Punch/samples/00107.png 71
ucf/Punch/samples/00108.png 71
ucf/Punch/samples/00109.png 71
ucf/Punch/samples/00110.png 71
ucf/Punch/samples/00111.png 71
ucf/Punch/samples/00112.png 71
ucf/Punch/samples/00113.png 71
ucf/Punch/samples/00114.png 71
ucf/Punch/samples/00115.png 71
ucf/Punch/samples/00116.png 71
ucf/Punch/samples/00117.png 71
ucf/Punch/samples/00118.png 71
ucf/Punch/samples/00119.png 71
ucf/Punch/samples/00120.png 71
ucf/Punch/samples/00121.png 71
ucf/Punch/samples/00122.png 71
ucf/Punch/samples/00123.png 71
ucf/Punch/samples/00124.png 71
ucf/Punch/samples/00125.png 71
ucf/Punch/samples/00126.png 71
ucf/Punch/samples/00127.png 71
ucf/Punch/samples/00128.png 71
ucf/Punch/samples/00129.png 71
ucf/Punch/samples/00130.png 71
ucf/Punch/samples/00131.png 71
ucf/Punch/samples/00132.png 71
ucf/Punch/samples/00133.png 71
ucf/Punch/samples/00134.png 71
ucf/Punch/samples/00135.png 71
ucf/Punch/samples/00136.png 71
ucf/Punch/samples/00137.png 71
ucf/Punch/samples/00138.png 71
ucf/Punch/samples/00139.png 71
ucf/Punch/samples/00140.png 71
ucf/Punch/samples/00141.png 71
ucf/Punch/samples/00142.png 71
ucf/Punch/samples/00143.png 71
ucf/Punch/samples/00144.png 71
ucf/Punch/samples/00145.png 71
ucf/Punch/samples/00146.png 71
ucf/Punch/samples/00147.png 71
ucf/Punch/samples/00148.png 71
ucf/Punch/samples/00149.png 71
ucf/Punch/samples/00150.png 71
ucf/Punch/samples/00151.png 71
ucf/Punch/samples/00152.png 71
ucf/Punch/samples/00153.png 71
ucf/Punch/samples/00154.png 71
ucf/Punch/samples/00155.png 71
ucf/Punch/samples/00156.png 71
ucf/Punch/samples/00157.png 71
ucf/Punch/samples/00158.png 71
ucf/Punch/samples/00159.png 71
ucf/Punch/samples/00160.png 71
ucf/Punch/samples/00161.png 71
ucf/Punch/samples/00162.png 71
ucf/Punch/samples/00163.png 71
ucf/Punch/samples/00164.png 71
ucf/Punch/samples/00165.png 71
ucf/Punch/samples/00166.png 71
ucf/Punch/samples/00167.png 71
ucf/Punch/samples/00168.png 71
ucf/Punch/samples/00169.png 71
ucf/Punch/samples/00170.png 71
ucf/Punch/samples/00171.png 71
ucf/Punch/samples/00172.png 71
ucf/Punch/samples/00173.png 71
ucf/Punch/samples/00174.png 71
ucf/Punch/samples/00175.png 71
ucf/Punch/samples/00176.png 71
ucf/Punch/samples/00177.png 71
ucf/Punch/samples/00178.png 71
ucf/Punch/samples/00179.png 71
ucf/Punch/samples/00180.png 71
ucf/Punch/samples/00181.png 71
ucf/Punch/samples/00182.png 71
ucf/Punch/samples/00183.png 71
ucf/Punch/samples/00184.png 71
ucf/Punch/samples/00185.png 71
ucf/Punch/samples/00186.png 71
ucf/Punch/samples/00187.png 71
ucf/Punch/samples/00188.png 71
ucf/Punch/samples/00189.png 71
ucf/Punch/samples/00190.png 71
ucf/Punch/samples/00191.png 71
ucf/Punch/samples/00192.png 71
ucf/Punch/samples/00193.png 71
ucf/Punch/samples/00194.png 71
ucf/Punch/samples/00195.png 71
ucf/Punch/samples/00196.png 71
ucf/Punch/samples/00197.png 71
ucf/Punch/samples/00198.png 71
ucf/Punch/samples/00199.png 71
ucf/Punch/samples/00200.png 71
ucf/Punch/samples/00201.png 71
ucf/Punch/samples/00202.png 71
ucf/Punch/samples/00203.png 71
ucf/Punch/samples/00204.png 71
ucf/Punch/samples/00205.png 71
ucf/Punch/samples/00206.png 71
ucf/Punch/samples/00207.png 71
ucf/Punch/samples/00208.png 71
ucf/Punch/samples/00209.png 71
ucf/Punch/samples/00210.png 71
ucf/Punch/samples/00211.png 71
ucf/Punch/samples/00212.png 71
ucf/Punch/samples/00213.png 71
ucf/Punch/samples/00214.png 71
ucf/Punch/samples/00215.png 71
ucf/Punch/samples/00216.png 71
ucf/Punch/samples/00217.png 71
ucf/Punch/samples/00218.png 71
ucf/Punch/samples/00219.png 71
ucf/Punch/samples/00220.png 71
ucf/Punch/samples/00221.png 71
ucf/Punch/samples/00222.png 71
ucf/Punch/samples/00223.png 71
ucf/Punch/samples/00224.png 71
ucf/Punch/samples/00225.png 71
ucf/Punch/samples/00226.png 71
ucf/Punch/samples/00227.png 71
ucf/Punch/samples/00228.png 71
ucf/Punch/samples/00229.png 71
ucf/Punch/samples/00230.png 71
ucf/Punch/samples/00231.png 71
ucf/Punch/samples/00232.png 71
ucf/Punch/samples/00233.png 71
ucf/Punch/samples/00234.png 71
ucf/Punch/samples/00235.png 71
ucf/Punch/samples/00236.png 71
ucf/Punch/samples/00237.png 71
ucf/Punch/samples/00238.png 71
ucf/Punch/samples/00239.png 71
ucf/Punch/samples/00240.png 71
ucf/Punch/samples/00241.png 71
ucf/Punch/samples/00242.png 71
ucf/Punch/samples/00243.png 71
ucf/Punch/samples/00244.png 71
ucf/Punch/samples/00245.png 71
ucf/Punch/samples/00246.png 71
ucf/Punch/samples/00247.png 71
ucf/Punch/samples/00248.png 71
ucf/Punch/samples/00249.png 71
ucf/Punch/samples/00250.png 71
ucf/Punch/samples/00251.png 71
ucf/Punch/samples/00252.png 71
ucf/Punch/samples/00253.png 71
ucf/Punch/samples/00254.png 71
ucf/Punch/samples/00255.png 71
ucf/Punch/samples/00256.png 71
ucf/Punch/samples/00257.png 71
ucf/Punch/samples/00258.png 71
ucf/Punch/samples/00259.png 71
ucf/Punch/samples/00260.png 71
ucf/Punch/samples/00261.png 71
ucf/Punch/samples/00262.png 71
ucf/Punch/samples/00263.png 71
ucf/Punch/samples/00264.png 71
ucf/Punch/samples/00265.png 71
ucf/Punch/samples/00266.png 71
ucf/Punch/samples/00267.png 71
ucf/Punch/samples/00268.png 71
ucf/Punch/samples/00269.png 71
ucf/Punch/samples/00270.png 71
ucf/Punch/samples/00271.png 71
ucf/Punch/samples/00272.png 71
ucf/Punch/samples/00273.png 71
ucf/Punch/samples/00274.png 71
ucf/Punch/samples/00275.png 71
ucf/Punch/samples/00276.png 71
ucf/Punch/samples/00277.png 71
ucf/Punch/samples/00278.png 71
ucf/Punch/samples/00279.png 71
ucf/Punch/samples/00280.png 71
ucf/Punch/samples/00281.png 71
ucf/Punch/samples/00282.png 71
ucf/Punch/samples/00283.png 71
ucf/Punch/samples/00284.png 71
ucf/Punch/samples/00285.png 71
ucf/Punch/samples/00286.png 71
ucf/Punch/samples/00287.png 71
ucf/Punch/samples/00288.png 71
ucf/Punch/samples/00289.png 71
ucf/Punch/samples/00290.png 71
ucf/Punch/samples/00291.png 71
ucf/Punch/samples/00292.png 71
ucf/Punch/samples/00293.png 71
ucf/Punch/samples/00294.png 71
ucf/Punch/samples/00295.png 71
ucf/Punch/samples/00296.png 71
ucf/Punch/samples/00297.png 71
ucf/Punch/samples/00298.png 71
ucf/Punch/samples/00299.png 71
ucf/Punch/samples/00300.png 71
ucf/Punch/samples/00301.png 71
ucf/Punch/samples/00302.png 71
ucf/Punch/samples/00303.png 71
ucf/Punch/samples/00304.png 71
ucf/Punch/samples/00305.png 71
ucf/Punch/samples/00306.png 71
ucf/Punch/samples/00307.png 71
ucf/Punch/samples/00308.png 71
ucf/Punch/samples/00309.png 71
ucf/Punch/samples/00310.png 71
ucf/Punch/samples/00311.png 71
ucf/Punch/samples/00312.png 71
ucf/Punch/samples/00313.png 71
ucf/Punch/samples/00314.png 71
ucf/Punch/samples/00315.png 71
ucf/Punch/samples/00316.png 71
ucf/Punch/samples/00317.png 71
ucf/Punch/samples/00318.png 71
ucf/Punch/samples/00319.png 71
ucf/Punch/samples/00320.png 71
ucf/Punch/samples/00321.png 71
ucf/Punch/samples/00322.png 71
ucf/Punch/samples/00323.png 71
ucf/Punch/samples/00324.png 71
ucf/Punch/samples/00325.png 71
ucf/Punch/samples/00326.png 71
ucf/Punch/samples/00327.png 71
ucf/Punch/samples/00328.png 71
ucf/Punch/samples/00329.png 71
ucf/Punch/samples/00330.png 71
ucf/Punch/samples/00331.png 71
ucf/Punch/samples/00332.png 71
ucf/Punch/samples/00333.png 71
ucf/Punch/samples/00334.png 71
ucf/Punch/samples/00335.png 71
ucf/Punch/samples/00336.png 71
ucf/Punch/samples/00337.png 71
ucf/Punch/samples/00338.png 71
ucf/Punch/samples/00339.png 71
ucf/Punch/samples/00340.png 71
ucf/Punch/samples/00341.png 71
ucf/Punch/samples/00342.png 71
ucf/Punch/samples/00343.png 71
ucf/Punch/samples/00344.png 71
ucf/Punch/samples/00345.png 71
ucf/Punch/samples/00346.png 71
ucf/Punch/samples/00347.png 71
ucf/Punch/samples/00348.png 71
ucf/Punch/samples/00349.png 71
ucf/Punch/samples/00350.png 71
ucf/Punch/samples/00351.png 71
ucf/Punch/samples/00352.png 71
ucf/Punch/samples/00353.png 71
ucf/Punch/samples/00354.png 71
ucf/Punch/samples/00355.png 71
ucf/Punch/samples/00356.png 71
ucf/Punch/samples/00357.png 71
ucf/Punch/samples/00358.png 71
ucf/Punch/samples/00359.png 71
ucf/Punch/samples/00360.png 71
ucf/Punch/samples/00361.png 71
ucf/Punch/samples/00362.png 71
ucf/Punch/samples/00363.png 71
ucf/Punch/samples/00364.png 71
ucf/Punch/samples/00365.png 71
ucf/Punch/samples/00366.png 71
ucf/Punch/samples/00367.png 71
ucf/Punch/samples/00368.png 71
ucf/Punch/samples/00369.png 71
ucf/Punch/samples/00370.png 71
ucf/Punch/samples/00371.png 71
ucf/Punch/samples/00372.png 71
ucf/Punch/samples/00373.png 71
ucf/Punch/samples/00374.png 71
ucf/Punch/samples/00375.png 71
ucf/Punch/samples/00376.png 71
ucf/Punch/samples/00377.png 71
ucf/Punch/samples/00378.png 71
ucf/Punch/samples/00379.png 71
ucf/Punch/samples/00380.png 71
ucf/Punch/samples/00381.png 71
ucf/Punch/samples/00382.png 71
ucf/Punch/samples/00383.png 71
ucf/Punch/samples/00384.png 71
ucf/Punch/samples/00385.png 71
ucf/Punch/samples/00386.png 71
ucf/Punch/samples/00387.png 71
ucf/Punch/samples/00388.png 71
ucf/Punch/samples/00389.png 71
ucf/Punch/samples/00390.png 71
ucf/Punch/samples/00391.png 71
ucf/Punch/samples/00392.png 71
ucf/Punch/samples/00393.png 71
ucf/Punch/samples/00394.png 71
ucf/Punch/samples/00395.png 71
ucf/Punch/samples/00396.png 71
ucf/Punch/samples/00397.png 71
ucf/Punch/samples/00398.png 71
ucf/Punch/samples/00399.png 71
ucf/Punch/samples/00400.png 71
ucf/Punch/samples/00401.png 71
ucf/Punch/samples/00402.png 71
ucf/Punch/samples/00403.png 71
ucf/Punch/samples/00404.png 71
ucf/Punch/samples/00405.png 71
ucf/Punch/samples/00406.png 71
ucf/Punch/samples/00407.png 71
ucf/Punch/samples/00408.png 71
ucf/Punch/samples/00409.png 71
ucf/Punch/samples/00410.png 71
ucf/Punch/samples/00411.png 71
ucf/Punch/samples/00412.png 71
ucf/Punch/samples/00413.png 71
ucf/Punch/samples/00414.png 71
ucf/Punch/samples/00415.png 71
ucf/Punch/samples/00416.png 71
ucf/Punch/samples/00417.png 71
ucf/Punch/samples/00418.png 71
ucf/Punch/samples/00419.png 71
ucf/Punch/samples/00420.png 71
ucf/Punch/samples/00421.png 71
ucf/Punch/samples/00422.png 71
ucf/Punch/samples/00423.png 71
ucf/Punch/samples/00424.png 71
ucf/Punch/samples/00425.png 71
ucf/Punch/samples/00426.png 71
ucf/Punch/samples/00427.png 71
ucf/Punch/samples/00428.png 71
ucf/Punch/samples/00429.png 71
ucf/Punch/samples/00430.png 71
ucf/Punch/samples/00431.png 71
ucf/Punch/samples/00432.png 71
ucf/Punch/samples/00433.png 71
ucf/Punch/samples/00434.png 71
ucf/Punch/samples/00435.png 71
ucf/Punch/samples/00436.png 71
ucf/Punch/samples/00437.png 71
ucf/Punch/samples/00438.png 71
ucf/Punch/samples/00439.png 71
ucf/Punch/samples/00440.png 71
ucf/Punch/samples/00441.png 71
ucf/Punch/samples/00442.png 71
ucf/Punch/samples/00443.png 71
ucf/Punch/samples/00444.png 71
ucf/Punch/samples/00445.png 71
ucf/Punch/samples/00446.png 71
ucf/Punch/samples/00447.png 71
ucf/Punch/samples/00448.png 71
ucf/Punch/samples/00449.png 71
ucf/Punch/samples/00450.png 71
ucf/Punch/samples/00451.png 71
ucf/Punch/samples/00452.png 71
ucf/Punch/samples/00453.png 71
ucf/Punch/samples/00454.png 71
ucf/Punch/samples/00455.png 71
ucf/Punch/samples/00456.png 71
ucf/Punch/samples/00457.png 71
ucf/Punch/samples/00458.png 71
ucf/Punch/samples/00459.png 71
ucf/Punch/samples/00460.png 71
ucf/Punch/samples/00461.png 71
ucf/Punch/samples/00462.png 71
ucf/Punch/samples/00463.png 71
ucf/Punch/samples/00464.png 71
ucf/Punch/samples/00465.png 71
ucf/Punch/samples/00466.png 71
ucf/Punch/samples/00467.png 71
ucf/Punch/samples/00468.png 71
ucf/Punch/samples/00469.png 71
ucf/Punch/samples/00470.png 71
ucf/Punch/samples/00471.png 71
ucf/Punch/samples/00472.png 71
ucf/Punch/samples/00473.png 71
ucf/Punch/samples/00474.png 71
ucf/Punch/samples/00475.png 71
ucf/Punch/samples/00476.png 71
ucf/Punch/samples/00477.png 71
ucf/Punch/samples/00478.png 71
ucf/Punch/samples/00479.png 71
ucf/Punch/samples/00480.png 71
ucf/Punch/samples/00481.png 71
ucf/Punch/samples/00482.png 71
ucf/Punch/samples/00483.png 71
ucf/Punch/samples/00484.png 71
ucf/Punch/samples/00485.png 71
ucf/Punch/samples/00486.png 71
ucf/Punch/samples/00487.png 71
ucf/Punch/samples/00488.png 71
ucf/Punch/samples/00489.png 71
ucf/Punch/samples/00490.png 71
ucf/Punch/samples/00491.png 71
ucf/Punch/samples/00492.png 71
ucf/Punch/samples/00493.png 71
ucf/Punch/samples/00494.png 71
ucf/Punch/samples/00495.png 71
ucf/Punch/samples/00496.png 71
ucf/Punch/samples/00497.png 71
ucf/Punch/samples/00498.png 71
ucf/Punch/samples/00499.png 71
ucf/Punch/samples/00500.png 71
ucf/Punch/samples/00501.png 71
ucf/Punch/samples/00502.png 71
ucf/Punch/samples/00503.png 71
ucf/Punch/samples/00504.png 71
ucf/Punch/samples/00505.png 71
ucf/Punch/samples/00506.png 71
ucf/Punch/samples/00507.png 71
ucf/Punch/samples/00508.png 71
ucf/Punch/samples/00509.png 71
ucf/Punch/samples/00510.png 71
ucf/Punch/samples/00511.png 71
ucf/Punch/samples/00512.png 71
ucf/Punch/samples/00513.png 71
ucf/Punch/samples/00514.png 71
ucf/Punch/samples/00515.png 71
ucf/Punch/samples/00516.png 71
ucf/Punch/samples/00517.png 71
ucf/Punch/samples/00518.png 71
ucf/Punch/samples/00519.png 71
ucf/Punch/samples/00520.png 71
ucf/Punch/samples/00521.png 71
ucf/Punch/samples/00522.png 71
ucf/Punch/samples/00523.png 71
ucf/Punch/samples/00524.png 71
ucf/Punch/samples/00525.png 71
ucf/Punch/samples/00526.png 71
ucf/Punch/samples/00527.png 71
ucf/Punch/samples/00528.png 71
ucf/Punch/samples/00529.png 71
ucf/Punch/samples/00530.png 71
ucf/Punch/samples/00531.png 71
ucf/Punch/samples/00532.png 71
ucf/Punch/samples/00533.png 71
ucf/Punch/samples/00534.png 71
ucf/Punch/samples/00535.png 71
ucf/Punch/samples/00536.png 71
ucf/Punch/samples/00537.png 71
ucf/Punch/samples/00538.png 71
ucf/Punch/samples/00539.png 71
ucf/Punch/samples/00540.png 71
ucf/Punch/samples/00541.png 71
ucf/Punch/samples/00542.png 71
ucf/Punch/samples/00543.png 71
ucf/Punch/samples/00544.png 71
ucf/Punch/samples/00545.png 71
ucf/Punch/samples/00546.png 71
ucf/Punch/samples/00547.png 71
ucf/Punch/samples/00548.png 71
ucf/Punch/samples/00549.png 71
ucf/Punch/samples/00550.png 71
ucf/Punch/samples/00551.png 71
ucf/Punch/samples/00552.png 71
ucf/Punch/samples/00553.png 71
ucf/Punch/samples/00554.png 71
ucf/Punch/samples/00555.png 71
ucf/Punch/samples/00556.png 71
ucf/Punch/samples/00557.png 71
ucf/Punch/samples/00558.png 71
ucf/Punch/samples/00559.png 71
ucf/Punch/samples/00560.png 71
ucf/Punch/samples/00561.png 71
ucf/Punch/samples/00562.png 71
ucf/Punch/samples/00563.png 71
ucf/Punch/samples/00564.png 71
ucf/Punch/samples/00565.png 71
ucf/Punch/samples/00566.png 71
ucf/Punch/samples/00567.png 71
ucf/Punch/samples/00568.png 71
ucf/Punch/samples/00569.png 71
ucf/Punch/samples/00570.png 71
ucf/Punch/samples/00571.png 71
ucf/Punch/samples/00572.png 71
ucf/Punch/samples/00573.png 71
ucf/Punch/samples/00574.png 71
ucf/Punch/samples/00575.png 71
ucf/Punch/samples/00576.png 71
ucf/Punch/samples/00577.png 71
ucf/Punch/samples/00578.png 71
ucf/Punch/samples/00579.png 71
ucf/Punch/samples/00580.png 71
ucf/Punch/samples/00581.png 71
ucf/Punch/samples/00582.png 71
ucf/Punch/samples/00583.png 71
ucf/Punch/samples/00584.png 71
ucf/Punch/samples/00585.png 71
ucf/Punch/samples/00586.png 71
ucf/Punch/samples/00587.png 71
ucf/Punch/samples/00588.png 71
ucf/Punch/samples/00589.png 71
ucf/Punch/samples/00590.png 71
ucf/Punch/samples/00591.png 71
ucf/Punch/samples/00592.png 71
ucf/Punch/samples/00593.png 71
ucf/Punch/samples/00594.png 71
ucf/Punch/samples/00595.png 71
ucf/Punch/samples/00596.png 71
ucf/Punch/samples/00597.png 71
ucf/Punch/samples/00598.png 71
ucf/Punch/samples/00599.png 71
ucf/Punch/samples/00600.png 71
ucf/Punch/samples/00601.png 71
ucf/Punch/samples/00602.png 71
ucf/Punch/samples/00603.png 71
ucf/Punch/samples/00604.png 71
ucf/Punch/samples/00605.png 71
ucf/Punch/samples/00606.png 71
ucf/Punch/samples/00607.png 71
ucf/Punch/samples/00608.png 71
ucf/Punch/samples/00609.png 71
ucf/Punch/samples/00610.png 71
ucf/Punch/samples/00611.png 71
ucf/Punch/samples/00612.png 71
ucf/Punch/samples/00613.png 71
ucf/Punch/samples/00614.png 71
ucf/Punch/samples/00615.png 71
ucf/Punch/samples/00616.png 71
ucf/Punch/samples/00617.png 71
ucf/Punch/samples/00618.png 71
ucf/Punch/samples/00619.png 71
ucf/Punch/samples/00620.png 71
ucf/Punch/samples/00621.png 71
ucf/Punch/samples/00622.png 71
ucf/Punch/samples/00623.png 71
ucf/Punch/samples/00624.png 71
ucf/Punch/samples/00625.png 71
ucf/Punch/samples/00626.png 71
ucf/Punch/samples/00627.png 71
ucf/Punch/samples/00628.png 71
ucf/Punch/samples/00629.png 71
ucf/Punch/samples/00630.png 71
ucf/Punch/samples/00631.png 71
ucf/Punch/samples/00632.png 71
ucf/Punch/samples/00633.png 71
ucf/Punch/samples/00634.png 71
ucf/Punch/samples/00635.png 71
ucf/Punch/samples/00636.png 71
ucf/Punch/samples/00637.png 71
ucf/Punch/samples/00638.png 71
ucf/Punch/samples/00639.png 71
ucf/Punch/samples/00640.png 71
ucf/Punch/samples/00641.png 71
ucf/Punch/samples/00642.png 71
ucf/Punch/samples/00643.png 71
ucf/Punch/samples/00644.png 71
ucf/Punch/samples/00645.png 71
ucf/Punch/samples/00646.png 71
ucf/Punch/samples/00647.png 71
ucf/Punch/samples/00648.png 71
ucf/Punch/samples/00649.png 71
ucf/Punch/samples/00650.png 71
ucf/Punch/samples/00651.png 71
ucf/Punch/samples/00652.png 71
ucf/Punch/samples/00653.png 71
ucf/Punch/samples/00654.png 71
ucf/Punch/samples/00655.png 71
ucf/Punch/samples/00656.png 71
ucf/Punch/samples/00657.png 71
ucf/Punch/samples/00658.png 71
ucf/Punch/samples/00659.png 71
ucf/Punch/samples/00660.png 71
ucf/Punch/samples/00661.png 71
ucf/Punch/samples/00662.png 71
ucf/Punch/samples/00663.png 71
ucf/Punch/samples/00664.png 71
ucf/Punch/samples/00665.png 71
ucf/Punch/samples/00666.png 71
ucf/Punch/samples/00667.png 71
ucf/Punch/samples/00668.png 71
ucf/Punch/samples/00669.png 71
ucf/Punch/samples/00670.png 71
ucf/Punch/samples/00671.png 71
ucf/Punch/samples/00672.png 71
ucf/Punch/samples/00673.png 71
ucf/Punch/samples/00674.png 71
ucf/Punch/samples/00675.png 71
ucf/Punch/samples/00676.png 71
ucf/Punch/samples/00677.png 71
ucf/Punch/samples/00678.png 71
ucf/Punch/samples/00679.png 71
ucf/Punch/samples/00680.png 71
ucf/Punch/samples/00681.png 71
ucf/Punch/samples/00682.png 71
ucf/Punch/samples/00683.png 71
ucf/Punch/samples/00684.png 71
ucf/Punch/samples/00685.png 71
ucf/Punch/samples/00686.png 71
ucf/Punch/samples/00687.png 71
ucf/Punch/samples/00688.png 71
ucf/Punch/samples/00689.png 71
ucf/Punch/samples/00690.png 71
ucf/Punch/samples/00691.png 71
ucf/Punch/samples/00692.png 71
ucf/Punch/samples/00693.png 71
ucf/Punch/samples/00694.png 71
ucf/Punch/samples/00695.png 71
ucf/Punch/samples/00696.png 71
ucf/Punch/samples/00697.png 71
ucf/Punch/samples/00698.png 71
ucf/Punch/samples/00699.png 71
ucf/Punch/samples/00700.png 71
ucf/Punch/samples/00701.png 71
ucf/Punch/samples/00702.png 71
ucf/Punch/samples/00703.png 71
ucf/Punch/samples/00704.png 71
ucf/Punch/samples/00705.png 71
ucf/Punch/samples/00706.png 71
ucf/Punch/samples/00707.png 71
ucf/Punch/samples/00708.png 71
ucf/Punch/samples/00709.png 71
ucf/Punch/samples/00710.png 71
ucf/Punch/samples/00711.png 71
ucf/Punch/samples/00712.png 71
ucf/Punch/samples/00713.png 71
ucf/Punch/samples/00714.png 71
ucf/Punch/samples/00715.png 71
ucf/Punch/samples/00716.png 71
ucf/Punch/samples/00717.png 71
ucf/Punch/samples/00718.png 71
ucf/Punch/samples/00719.png 71
ucf/Punch/samples/00720.png 71
ucf/Punch/samples/00721.png 71
ucf/Punch/samples/00722.png 71
ucf/Punch/samples/00723.png 71
ucf/Punch/samples/00724.png 71
ucf/Punch/samples/00725.png 71
ucf/Punch/samples/00726.png 71
ucf/Punch/samples/00727.png 71
ucf/Punch/samples/00728.png 71
ucf/Punch/samples/00729.png 71
ucf/Punch/samples/00730.png 71
ucf/Punch/samples/00731.png 71
ucf/Punch/samples/00732.png 71
ucf/Punch/samples/00733.png 71
ucf/Punch/samples/00734.png 71
ucf/Punch/samples/00735.png 71
ucf/Punch/samples/00736.png 71
ucf/Punch/samples/00737.png 71
ucf/Punch/samples/00738.png 71
ucf/Punch/samples/00739.png 71
ucf/Punch/samples/00740.png 71
ucf/Punch/samples/00741.png 71
ucf/Punch/samples/00742.png 71
ucf/Punch/samples/00743.png 71
ucf/Punch/samples/00744.png 71
ucf/Punch/samples/00745.png 71
ucf/Punch/samples/00746.png 71
ucf/Punch/samples/00747.png 71
ucf/Punch/samples/00748.png 71
ucf/Punch/samples/00749.png 71
ucf/Punch/samples/00750.png 71
ucf/Punch/samples/00751.png 71
ucf/Punch/samples/00752.png 71
ucf/Punch/samples/00753.png 71
ucf/Punch/samples/00754.png 71
ucf/Punch/samples/00755.png 71
ucf/Punch/samples/00756.png 71
ucf/Punch/samples/00757.png 71
ucf/Punch/samples/00758.png 71
ucf/Punch/samples/00759.png 71
ucf/Punch/samples/00760.png 71
ucf/Punch/samples/00761.png 71
ucf/Punch/samples/00762.png 71
ucf/Punch/samples/00763.png 71
ucf/Punch/samples/00764.png 71
ucf/Punch/samples/00765.png 71
ucf/Punch/samples/00766.png 71
ucf/Punch/samples/00767.png 71
ucf/Punch/samples/00768.png 71
ucf/Punch/samples/00769.png 71
ucf/Punch/samples/00770.png 71
ucf/Punch/samples/00771.png 71
ucf/Punch/samples/00772.png 71
ucf/Punch/samples/00773.png 71
ucf/Punch/samples/00774.png 71
ucf/Punch/samples/00775.png 71
ucf/Punch/samples/00776.png 71
ucf/Punch/samples/00777.png 71
ucf/Punch/samples/00778.png 71
ucf/Punch/samples/00779.png 71
ucf/Punch/samples/00780.png 71
ucf/Punch/samples/00781.png 71
ucf/Punch/samples/00782.png 71
ucf/Punch/samples/00783.png 71
ucf/Punch/samples/00784.png 71
ucf/Punch/samples/00785.png 71
ucf/Punch/samples/00786.png 71
ucf/Punch/samples/00787.png 71
ucf/Punch/samples/00788.png 71
ucf/Punch/samples/00789.png 71
ucf/Punch/samples/00790.png 71
ucf/Punch/samples/00791.png 71
ucf/Punch/samples/00792.png 71
ucf/Punch/samples/00793.png 71
ucf/Punch/samples/00794.png 71
ucf/Punch/samples/00795.png 71
ucf/Punch/samples/00796.png 71
ucf/Punch/samples/00797.png 71
ucf/Punch/samples/00798.png 71
ucf/Punch/samples/00799.png 71
ucf/Punch/samples/00800.png 71
ucf/Punch/samples/00801.png 71
ucf/Punch/samples/00802.png 71
ucf/Punch/samples/00803.png 71
ucf/Punch/samples/00804.png 71
ucf/Punch/samples/00805.png 71
ucf/Punch/samples/00806.png 71
ucf/Punch/samples/00807.png 71
ucf/Punch/samples/00808.png 71
ucf/Punch/samples/00809.png 71
ucf/Punch/samples/00810.png 71
ucf/Punch/samples/00811.png 71
ucf/Punch/samples/00812.png 71
ucf/Punch/samples/00813.png 71
ucf/Punch/samples/00814.png 71
ucf/Punch/samples/00815.png 71
ucf/Punch/samples/00816.png 71
ucf/Punch/samples/00817.png 71
ucf/Punch/samples/00818.png 71
ucf/Punch/samples/00819.png 71
ucf/Punch/samples/00820.png 71
ucf/Punch/samples/00821.png 71
ucf/Punch/samples/00822.png 71
ucf/Punch/samples/00823.png 71
ucf/Punch/samples/00824.png 71
ucf/Punch/samples/00825.png 71
ucf/Punch/samples/00826.png 71
ucf/Punch/samples/00827.png 71
ucf/Punch/samples/00828.png 71
ucf/Punch/samples/00829.png 71
ucf/Punch/samples/00830.png 71
ucf/Punch/samples/00831.png 71
ucf/Punch/samples/00832.png 71
ucf/Punch/samples/00833.png 71
ucf/Punch/samples/00834.png 71
ucf/Punch/samples/00835.png 71
ucf/Punch/samples/00836.png 71
ucf/Punch/samples/00837.png 71
ucf/Punch/samples/00838.png 71
ucf/Punch/samples/00839.png 71
ucf/Punch/samples/00840.png 71
ucf/Punch/samples/00841.png 71
ucf/Punch/samples/00842.png 71
ucf/Punch/samples/00843.png 71
ucf/Punch/samples/00844.png 71
ucf/Punch/samples/00845.png 71
ucf/Punch/samples/00846.png 71
ucf/Punch/samples/00847.png 71
ucf/Punch/samples/00848.png 71
ucf/Punch/samples/00849.png 71
ucf/Punch/samples/00850.png 71
ucf/Punch/samples/00851.png 71
ucf/Punch/samples/00852.png 71
ucf/Punch/samples/00853.png 71
ucf/Punch/samples/00854.png 71
ucf/Punch/samples/00855.png 71
ucf/Punch/samples/00856.png 71
ucf/Punch/samples/00857.png 71
ucf/Punch/samples/00858.png 71
ucf/Punch/samples/00859.png 71
ucf/Punch/samples/00860.png 71
ucf/Punch/samples/00861.png 71
ucf/Punch/samples/00862.png 71
ucf/Punch/samples/00863.png 71
ucf/Punch/samples/00864.png 71
ucf/Punch/samples/00865.png 71
ucf/Punch/samples/00866.png 71
ucf/Punch/samples/00867.png 71
ucf/Punch/samples/00868.png 71
ucf/Punch/samples/00869.png 71
ucf/Punch/samples/00870.png 71
ucf/Punch/samples/00871.png 71
ucf/Punch/samples/00872.png 71
ucf/Punch/samples/00873.png 71
ucf/Punch/samples/00874.png 71
ucf/Punch/samples/00875.png 71
ucf/Punch/samples/00876.png 71
ucf/Punch/samples/00877.png 71
ucf/Punch/samples/00878.png 71
ucf/Punch/samples/00879.png 71
ucf/Punch/samples/00880.png 71
ucf/Punch/samples/00881.png 71
ucf/Punch/samples/00882.png 71
ucf/Punch/samples/00883.png 71
ucf/Punch/samples/00884.png 71
ucf/Punch/samples/00885.png 71
ucf/Punch/samples/00886.png 71
ucf/Punch/samples/00887.png 71
ucf/Punch/samples/00888.png 71
ucf/Punch/samples/00889.png 71
ucf/Punch/samples/00890.png 71
ucf/Punch/samples/00891.png 71
ucf/Punch/samples/00892.png 71
ucf/Punch/samples/00893.png 71
ucf/Punch/samples/00894.png 71
ucf/Punch/samples/00895.png 71
ucf/Punch/samples/00896.png 71
ucf/Punch/samples/00897.png 71
ucf/Punch/samples/00898.png 71
ucf/Punch/samples/00899.png 71
ucf/Punch/samples/00900.png 71
ucf/Punch/samples/00901.png 71
ucf/Punch/samples/00902.png 71
ucf/Punch/samples/00903.png 71
ucf/Punch/samples/00904.png 71
ucf/Punch/samples/00905.png 71
ucf/Punch/samples/00906.png 71
ucf/Punch/samples/00907.png 71
ucf/Punch/samples/00908.png 71
ucf/Punch/samples/00909.png 71
ucf/Punch/samples/00910.png 71
ucf/Punch/samples/00911.png 71
ucf/Punch/samples/00912.png 71
ucf/Punch/samples/00913.png 71
ucf/Punch/samples/00914.png 71
ucf/Punch/samples/00915.png 71
ucf/Punch/samples/00916.png 71
ucf/Punch/samples/00917.png 71
ucf/Punch/samples/00918.png 71
ucf/Punch/samples/00919.png 71
ucf/Punch/samples/00920.png 71
ucf/Punch/samples/00921.png 71
ucf/Punch/samples/00922.png 71
ucf/Punch/samples/00923.png 71
ucf/Punch/samples/00924.png 71
ucf/Punch/samples/00925.png 71
ucf/Punch/samples/00926.png 71
ucf/Punch/samples/00927.png 71
ucf/Punch/samples/00928.png 71
ucf/Punch/samples/00929.png 71
ucf/Punch/samples/00930.png 71
ucf/Punch/samples/00931.png 71
ucf/Punch/samples/00932.png 71
ucf/Punch/samples/00933.png 71
ucf/Punch/samples/00934.png 71
ucf/Punch/samples/00935.png 71
ucf/Punch/samples/00936.png 71
ucf/Punch/samples/00937.png 71
ucf/Punch/samples/00938.png 71
ucf/Punch/samples/00939.png 71
ucf/Punch/samples/00940.png 71
ucf/Punch/samples/00941.png 71
ucf/Punch/samples/00942.png 71
ucf/Punch/samples/00943.png 71
ucf/Punch/samples/00944.png 71
ucf/Punch/samples/00945.png 71
ucf/Punch/samples/00946.png 71
ucf/Punch/samples/00947.png 71
ucf/Punch/samples/00948.png 71
ucf/Punch/samples/00949.png 71
ucf/Punch/samples/00950.png 71
ucf/Punch/samples/00951.png 71
ucf/Punch/samples/00952.png 71
ucf/Punch/samples/00953.png 71
ucf/Punch/samples/00954.png 71
ucf/Punch/samples/00955.png 71
ucf/Punch/samples/00956.png 71
ucf/Punch/samples/00957.png 71
ucf/Punch/samples/00958.png 71
ucf/Punch/samples/00959.png 71
ucf/Punch/samples/00960.png 71
ucf/Punch/samples/00961.png 71
ucf/Punch/samples/00962.png 71
ucf/Punch/samples/00963.png 71
ucf/Punch/samples/00964.png 71
ucf/Punch/samples/00965.png 71
ucf/Punch/samples/00966.png 71
ucf/Punch/samples/00967.png 71
ucf/Punch/samples/00968.png 71
ucf/Punch/samples/00969.png 71
ucf/Punch/samples/00970.png 71
ucf/Punch/samples/00971.png 71
ucf/Punch/samples/00972.png 71
ucf/Punch/samples/00973.png 71
ucf/Punch/samples/00974.png 71
ucf/Punch/samples/00975.png 71
ucf/Punch/samples/00976.png 71
ucf/Punch/samples/00977.png 71
ucf/Punch/samples/00978.png 71
ucf/Punch/samples/00979.png 71
ucf/Punch/samples/00980.png 71
ucf/Punch/samples/00981.png 71
ucf/Punch/samples/00982.png 71
ucf/Punch/samples/00983.png 71
ucf/Punch/samples/00984.png 71
ucf/Punch/samples/00985.png 71
ucf/Punch/samples/00986.png 71
ucf/Punch/samples/00987.png 71
ucf/Punch/samples/00988.png 71
ucf/Punch/samples/00989.png 71
ucf/Punch/samples/00990.png 71
ucf/Punch/samples/00991.png 71
ucf/Punch/samples/00992.png 71
ucf/Punch/samples/00993.png 71
ucf/Punch/samples/00994.png 71
ucf/Punch/samples/00995.png 71
ucf/Punch/samples/00996.png 71
ucf/Punch/samples/00997.png 71
ucf/Punch/samples/00998.png 71
ucf/Punch/samples/00999.png 71
ucf/SkyDiving/samples/00000.png 83
ucf/SkyDiving/samples/00001.png 83
ucf/SkyDiving/samples/00002.png 83
ucf/SkyDiving/samples/00003.png 83
ucf/SkyDiving/samples/00004.png 83
ucf/SkyDiving/samples/00005.png 83
ucf/SkyDiving/samples/00006.png 83
ucf/SkyDiving/samples/00007.png 83
ucf/SkyDiving/samples/00008.png 83
ucf/SkyDiving/samples/00009.png 83
ucf/SkyDiving/samples/00010.png 83
ucf/SkyDiving/samples/00011.png 83
ucf/SkyDiving/samples/00012.png 83
ucf/SkyDiving/samples/00013.png 83
ucf/SkyDiving/samples/00014.png 83
ucf/SkyDiving/samples/00015.png 83
ucf/SkyDiving/samples/00016.png 83
ucf/SkyDiving/samples/00017.png 83
ucf/SkyDiving/samples/00018.png 83
ucf/SkyDiving/samples/00019.png 83
ucf/SkyDiving/samples/00020.png 83
ucf/SkyDiving/samples/00021.png 83
ucf/SkyDiving/samples/00022.png 83
ucf/SkyDiving/samples/00023.png 83
ucf/SkyDiving/samples/00024.png 83
ucf/SkyDiving/samples/00025.png 83
ucf/SkyDiving/samples/00026.png 83
ucf/SkyDiving/samples/00027.png 83
ucf/SkyDiving/samples/00028.png 83
ucf/SkyDiving/samples/00029.png 83
ucf/SkyDiving/samples/00030.png 83
ucf/SkyDiving/samples/00031.png 83
ucf/SkyDiving/samples/00032.png 83
ucf/SkyDiving/samples/00033.png 83
ucf/SkyDiving/samples/00034.png 83
ucf/SkyDiving/samples/00035.png 83
ucf/SkyDiving/samples/00036.png 83
ucf/SkyDiving/samples/00037.png 83
ucf/SkyDiving/samples/00038.png 83
ucf/SkyDiving/samples/00039.png 83
ucf/SkyDiving/samples/00040.png 83
ucf/SkyDiving/samples/00041.png 83
ucf/SkyDiving/samples/00042.png 83
ucf/SkyDiving/samples/00043.png 83
ucf/SkyDiving/samples/00044.png 83
ucf/SkyDiving/samples/00045.png 83
ucf/SkyDiving/samples/00046.png 83
ucf/SkyDiving/samples/00047.png 83
ucf/SkyDiving/samples/00048.png 83
ucf/SkyDiving/samples/00049.png 83
ucf/SkyDiving/samples/00050.png 83
ucf/SkyDiving/samples/00051.png 83
ucf/SkyDiving/samples/00052.png 83
ucf/SkyDiving/samples/00053.png 83
ucf/SkyDiving/samples/00054.png 83
ucf/SkyDiving/samples/00055.png 83
ucf/SkyDiving/samples/00056.png 83
ucf/SkyDiving/samples/00057.png 83
ucf/SkyDiving/samples/00058.png 83
ucf/SkyDiving/samples/00059.png 83
ucf/SkyDiving/samples/00060.png 83
ucf/SkyDiving/samples/00061.png 83
ucf/SkyDiving/samples/00062.png 83
ucf/SkyDiving/samples/00063.png 83
ucf/SkyDiving/samples/00064.png 83
ucf/SkyDiving/samples/00065.png 83
ucf/SkyDiving/samples/00066.png 83
ucf/SkyDiving/samples/00067.png 83
ucf/SkyDiving/samples/00068.png 83
ucf/SkyDiving/samples/00069.png 83
ucf/SkyDiving/samples/00070.png 83
ucf/SkyDiving/samples/00071.png 83
ucf/SkyDiving/samples/00072.png 83
ucf/SkyDiving/samples/00073.png 83
ucf/SkyDiving/samples/00074.png 83
ucf/SkyDiving/samples/00075.png 83
ucf/SkyDiving/samples/00076.png 83
ucf/SkyDiving/samples/00077.png 83
ucf/SkyDiving/samples/00078.png 83
ucf/SkyDiving/samples/00079.png 83
ucf/SkyDiving/samples/00080.png 83
ucf/SkyDiving/samples/00081.png 83
ucf/SkyDiving/samples/00082.png 83
ucf/SkyDiving/samples/00083.png 83
ucf/SkyDiving/samples/00084.png 83
ucf/SkyDiving/samples/00085.png 83
ucf/SkyDiving/samples/00086.png 83
ucf/SkyDiving/samples/00087.png 83
ucf/SkyDiving/samples/00088.png 83
ucf/SkyDiving/samples/00089.png 83
ucf/SkyDiving/samples/00090.png 83
ucf/SkyDiving/samples/00091.png 83
ucf/SkyDiving/samples/00092.png 83
ucf/SkyDiving/samples/00093.png 83
ucf/SkyDiving/samples/00094.png 83
ucf/SkyDiving/samples/00095.png 83
ucf/SkyDiving/samples/00096.png 83
ucf/SkyDiving/samples/00097.png 83
ucf/SkyDiving/samples/00098.png 83
ucf/SkyDiving/samples/00099.png 83
ucf/SkyDiving/samples/00100.png 83
ucf/SkyDiving/samples/00101.png 83
ucf/SkyDiving/samples/00102.png 83
ucf/SkyDiving/samples/00103.png 83
ucf/SkyDiving/samples/00104.png 83
ucf/SkyDiving/samples/00105.png 83
ucf/SkyDiving/samples/00106.png 83
ucf/SkyDiving/samples/00107.png 83
ucf/SkyDiving/samples/00108.png 83
ucf/SkyDiving/samples/00109.png 83
ucf/SkyDiving/samples/00110.png 83
ucf/SkyDiving/samples/00111.png 83
ucf/SkyDiving/samples/00112.png 83
ucf/SkyDiving/samples/00113.png 83
ucf/SkyDiving/samples/00114.png 83
ucf/SkyDiving/samples/00115.png 83
ucf/SkyDiving/samples/00116.png 83
ucf/SkyDiving/samples/00117.png 83
ucf/SkyDiving/samples/00118.png 83
ucf/SkyDiving/samples/00119.png 83
ucf/SkyDiving/samples/00120.png 83
ucf/SkyDiving/samples/00121.png 83
ucf/SkyDiving/samples/00122.png 83
ucf/SkyDiving/samples/00123.png 83
ucf/SkyDiving/samples/00124.png 83
ucf/SkyDiving/samples/00125.png 83
ucf/SkyDiving/samples/00126.png 83
ucf/SkyDiving/samples/00127.png 83
ucf/SkyDiving/samples/00128.png 83
ucf/SkyDiving/samples/00129.png 83
ucf/SkyDiving/samples/00130.png 83
ucf/SkyDiving/samples/00131.png 83
ucf/SkyDiving/samples/00132.png 83
ucf/SkyDiving/samples/00133.png 83
ucf/SkyDiving/samples/00134.png 83
ucf/SkyDiving/samples/00135.png 83
ucf/SkyDiving/samples/00136.png 83
ucf/SkyDiving/samples/00137.png 83
ucf/SkyDiving/samples/00138.png 83
ucf/SkyDiving/samples/00139.png 83
ucf/SkyDiving/samples/00140.png 83
ucf/SkyDiving/samples/00141.png 83
ucf/SkyDiving/samples/00142.png 83
ucf/SkyDiving/samples/00143.png 83
ucf/SkyDiving/samples/00144.png 83
ucf/SkyDiving/samples/00145.png 83
ucf/SkyDiving/samples/00146.png 83
ucf/SkyDiving/samples/00147.png 83
ucf/SkyDiving/samples/00148.png 83
ucf/SkyDiving/samples/00149.png 83
ucf/SkyDiving/samples/00150.png 83
ucf/SkyDiving/samples/00151.png 83
ucf/SkyDiving/samples/00152.png 83
ucf/SkyDiving/samples/00153.png 83
ucf/SkyDiving/samples/00154.png 83
ucf/SkyDiving/samples/00155.png 83
ucf/SkyDiving/samples/00156.png 83
ucf/SkyDiving/samples/00157.png 83
ucf/SkyDiving/samples/00158.png 83
ucf/SkyDiving/samples/00159.png 83
ucf/SkyDiving/samples/00160.png 83
ucf/SkyDiving/samples/00161.png 83
ucf/SkyDiving/samples/00162.png 83
ucf/SkyDiving/samples/00163.png 83
ucf/SkyDiving/samples/00164.png 83
ucf/SkyDiving/samples/00165.png 83
ucf/SkyDiving/samples/00166.png 83
ucf/SkyDiving/samples/00167.png 83
ucf/SkyDiving/samples/00168.png 83
ucf/SkyDiving/samples/00169.png 83
ucf/SkyDiving/samples/00170.png 83
ucf/SkyDiving/samples/00171.png 83
ucf/SkyDiving/samples/00172.png 83
ucf/SkyDiving/samples/00173.png 83
ucf/SkyDiving/samples/00174.png 83
ucf/SkyDiving/samples/00175.png 83
ucf/SkyDiving/samples/00176.png 83
ucf/SkyDiving/samples/00177.png 83
ucf/SkyDiving/samples/00178.png 83
ucf/SkyDiving/samples/00179.png 83
ucf/SkyDiving/samples/00180.png 83
ucf/SkyDiving/samples/00181.png 83
ucf/SkyDiving/samples/00182.png 83
ucf/SkyDiving/samples/00183.png 83
ucf/SkyDiving/samples/00184.png 83
ucf/SkyDiving/samples/00185.png 83
ucf/SkyDiving/samples/00186.png 83
ucf/SkyDiving/samples/00187.png 83
ucf/SkyDiving/samples/00188.png 83
ucf/SkyDiving/samples/00189.png 83
ucf/SkyDiving/samples/00190.png 83
ucf/SkyDiving/samples/00191.png 83
ucf/SkyDiving/samples/00192.png 83
ucf/SkyDiving/samples/00193.png 83
ucf/SkyDiving/samples/00194.png 83
ucf/SkyDiving/samples/00195.png 83
ucf/SkyDiving/samples/00196.png 83
ucf/SkyDiving/samples/00197.png 83
ucf/SkyDiving/samples/00198.png 83
ucf/SkyDiving/samples/00199.png 83
ucf/SkyDiving/samples/00200.png 83
ucf/SkyDiving/samples/00201.png 83
ucf/SkyDiving/samples/00202.png 83
ucf/SkyDiving/samples/00203.png 83
ucf/SkyDiving/samples/00204.png 83
ucf/SkyDiving/samples/00205.png 83
ucf/SkyDiving/samples/00206.png 83
ucf/SkyDiving/samples/00207.png 83
ucf/SkyDiving/samples/00208.png 83
ucf/SkyDiving/samples/00209.png 83
ucf/SkyDiving/samples/00210.png 83
ucf/SkyDiving/samples/00211.png 83
ucf/SkyDiving/samples/00212.png 83
ucf/SkyDiving/samples/00213.png 83
ucf/SkyDiving/samples/00214.png 83
ucf/SkyDiving/samples/00215.png 83
ucf/SkyDiving/samples/00216.png 83
ucf/SkyDiving/samples/00217.png 83
ucf/SkyDiving/samples/00218.png 83
ucf/SkyDiving/samples/00219.png 83
ucf/SkyDiving/samples/00220.png 83
ucf/SkyDiving/samples/00221.png 83
ucf/SkyDiving/samples/00222.png 83
ucf/SkyDiving/samples/00223.png 83
ucf/SkyDiving/samples/00224.png 83
ucf/SkyDiving/samples/00225.png 83
ucf/SkyDiving/samples/00226.png 83
ucf/SkyDiving/samples/00227.png 83
ucf/SkyDiving/samples/00228.png 83
ucf/SkyDiving/samples/00229.png 83
ucf/SkyDiving/samples/00230.png 83
ucf/SkyDiving/samples/00231.png 83
ucf/SkyDiving/samples/00232.png 83
ucf/SkyDiving/samples/00233.png 83
ucf/SkyDiving/samples/00234.png 83
ucf/SkyDiving/samples/00235.png 83
ucf/SkyDiving/samples/00236.png 83
ucf/SkyDiving/samples/00237.png 83
ucf/SkyDiving/samples/00238.png 83
ucf/SkyDiving/samples/00239.png 83
ucf/SkyDiving/samples/00240.png 83
ucf/SkyDiving/samples/00241.png 83
ucf/SkyDiving/samples/00242.png 83
ucf/SkyDiving/samples/00243.png 83
ucf/SkyDiving/samples/00244.png 83
ucf/SkyDiving/samples/00245.png 83
ucf/SkyDiving/samples/00246.png 83
ucf/SkyDiving/samples/00247.png 83
ucf/SkyDiving/samples/00248.png 83
ucf/SkyDiving/samples/00249.png 83
ucf/SkyDiving/samples/00250.png 83
ucf/SkyDiving/samples/00251.png 83
ucf/SkyDiving/samples/00252.png 83
ucf/SkyDiving/samples/00253.png 83
ucf/SkyDiving/samples/00254.png 83
ucf/SkyDiving/samples/00255.png 83
ucf/SkyDiving/samples/00256.png 83
ucf/SkyDiving/samples/00257.png 83
ucf/SkyDiving/samples/00258.png 83
ucf/SkyDiving/samples/00259.png 83
ucf/SkyDiving/samples/00260.png 83
ucf/SkyDiving/samples/00261.png 83
ucf/SkyDiving/samples/00262.png 83
ucf/SkyDiving/samples/00263.png 83
ucf/SkyDiving/samples/00264.png 83
ucf/SkyDiving/samples/00265.png 83
ucf/SkyDiving/samples/00266.png 83
ucf/SkyDiving/samples/00267.png 83
ucf/SkyDiving/samples/00268.png 83
ucf/SkyDiving/samples/00269.png 83
ucf/SkyDiving/samples/00270.png 83
ucf/SkyDiving/samples/00271.png 83
ucf/SkyDiving/samples/00272.png 83
ucf/SkyDiving/samples/00273.png 83
ucf/SkyDiving/samples/00274.png 83
ucf/SkyDiving/samples/00275.png 83
ucf/SkyDiving/samples/00276.png 83
ucf/SkyDiving/samples/00277.png 83
ucf/SkyDiving/samples/00278.png 83
ucf/SkyDiving/samples/00279.png 83
ucf/SkyDiving/samples/00280.png 83
ucf/SkyDiving/samples/00281.png 83
ucf/SkyDiving/samples/00282.png 83
ucf/SkyDiving/samples/00283.png 83
ucf/SkyDiving/samples/00284.png 83
ucf/SkyDiving/samples/00285.png 83
ucf/SkyDiving/samples/00286.png 83
ucf/SkyDiving/samples/00287.png 83
ucf/SkyDiving/samples/00288.png 83
ucf/SkyDiving/samples/00289.png 83
ucf/SkyDiving/samples/00290.png 83
ucf/SkyDiving/samples/00291.png 83
ucf/SkyDiving/samples/00292.png 83
ucf/SkyDiving/samples/00293.png 83
ucf/SkyDiving/samples/00294.png 83
ucf/SkyDiving/samples/00295.png 83
ucf/SkyDiving/samples/00296.png 83
ucf/SkyDiving/samples/00297.png 83
ucf/SkyDiving/samples/00298.png 83
ucf/SkyDiving/samples/00299.png 83
ucf/SkyDiving/samples/00300.png 83
ucf/SkyDiving/samples/00301.png 83
ucf/SkyDiving/samples/00302.png 83
ucf/SkyDiving/samples/00303.png 83
ucf/SkyDiving/samples/00304.png 83
ucf/SkyDiving/samples/00305.png 83
ucf/SkyDiving/samples/00306.png 83
ucf/SkyDiving/samples/00307.png 83
ucf/SkyDiving/samples/00308.png 83
ucf/SkyDiving/samples/00309.png 83
ucf/SkyDiving/samples/00310.png 83
ucf/SkyDiving/samples/00311.png 83
ucf/SkyDiving/samples/00312.png 83
ucf/SkyDiving/samples/00313.png 83
ucf/SkyDiving/samples/00314.png 83
ucf/SkyDiving/samples/00315.png 83
ucf/SkyDiving/samples/00316.png 83
ucf/SkyDiving/samples/00317.png 83
ucf/SkyDiving/samples/00318.png 83
ucf/SkyDiving/samples/00319.png 83
ucf/SkyDiving/samples/00320.png 83
ucf/SkyDiving/samples/00321.png 83
ucf/SkyDiving/samples/00322.png 83
ucf/SkyDiving/samples/00323.png 83
ucf/SkyDiving/samples/00324.png 83
ucf/SkyDiving/samples/00325.png 83
ucf/SkyDiving/samples/00326.png 83
ucf/SkyDiving/samples/00327.png 83
ucf/SkyDiving/samples/00328.png 83
ucf/SkyDiving/samples/00329.png 83
ucf/SkyDiving/samples/00330.png 83
ucf/SkyDiving/samples/00331.png 83
ucf/SkyDiving/samples/00332.png 83
ucf/SkyDiving/samples/00333.png 83
ucf/SkyDiving/samples/00334.png 83
ucf/SkyDiving/samples/00335.png 83
ucf/SkyDiving/samples/00336.png 83
ucf/SkyDiving/samples/00337.png 83
ucf/SkyDiving/samples/00338.png 83
ucf/SkyDiving/samples/00339.png 83
ucf/SkyDiving/samples/00340.png 83
ucf/SkyDiving/samples/00341.png 83
ucf/SkyDiving/samples/00342.png 83
ucf/SkyDiving/samples/00343.png 83
ucf/SkyDiving/samples/00344.png 83
ucf/SkyDiving/samples/00345.png 83
ucf/SkyDiving/samples/00346.png 83
ucf/SkyDiving/samples/00347.png 83
ucf/SkyDiving/samples/00348.png 83
ucf/SkyDiving/samples/00349.png 83
ucf/SkyDiving/samples/00350.png 83
ucf/SkyDiving/samples/00351.png 83
ucf/SkyDiving/samples/00352.png 83
ucf/SkyDiving/samples/00353.png 83
ucf/SkyDiving/samples/00354.png 83
ucf/SkyDiving/samples/00355.png 83
ucf/SkyDiving/samples/00356.png 83
ucf/SkyDiving/samples/00357.png 83
ucf/SkyDiving/samples/00358.png 83
ucf/SkyDiving/samples/00359.png 83
ucf/SkyDiving/samples/00360.png 83
ucf/SkyDiving/samples/00361.png 83
ucf/SkyDiving/samples/00362.png 83
ucf/SkyDiving/samples/00363.png 83
ucf/SkyDiving/samples/00364.png 83
ucf/SkyDiving/samples/00365.png 83
ucf/SkyDiving/samples/00366.png 83
ucf/SkyDiving/samples/00367.png 83
ucf/SkyDiving/samples/00368.png 83
ucf/SkyDiving/samples/00369.png 83
ucf/SkyDiving/samples/00370.png 83
ucf/SkyDiving/samples/00371.png 83
ucf/SkyDiving/samples/00372.png 83
ucf/SkyDiving/samples/00373.png 83
ucf/SkyDiving/samples/00374.png 83
ucf/SkyDiving/samples/00375.png 83
ucf/SkyDiving/samples/00376.png 83
ucf/SkyDiving/samples/00377.png 83
ucf/SkyDiving/samples/00378.png 83
ucf/SkyDiving/samples/00379.png 83
ucf/SkyDiving/samples/00380.png 83
ucf/SkyDiving/samples/00381.png 83
ucf/SkyDiving/samples/00382.png 83
ucf/SkyDiving/samples/00383.png 83
ucf/SkyDiving/samples/00384.png 83
ucf/SkyDiving/samples/00385.png 83
ucf/SkyDiving/samples/00386.png 83
ucf/SkyDiving/samples/00387.png 83
ucf/SkyDiving/samples/00388.png 83
ucf/SkyDiving/samples/00389.png 83
ucf/SkyDiving/samples/00390.png 83
ucf/SkyDiving/samples/00391.png 83
ucf/SkyDiving/samples/00392.png 83
ucf/SkyDiving/samples/00393.png 83
ucf/SkyDiving/samples/00394.png 83
ucf/SkyDiving/samples/00395.png 83
ucf/SkyDiving/samples/00396.png 83
ucf/SkyDiving/samples/00397.png 83
ucf/SkyDiving/samples/00398.png 83
ucf/SkyDiving/samples/00399.png 83
ucf/SkyDiving/samples/00400.png 83
ucf/SkyDiving/samples/00401.png 83
ucf/SkyDiving/samples/00402.png 83
ucf/SkyDiving/samples/00403.png 83
ucf/SkyDiving/samples/00404.png 83
ucf/SkyDiving/samples/00405.png 83
ucf/SkyDiving/samples/00406.png 83
ucf/SkyDiving/samples/00407.png 83
ucf/SkyDiving/samples/00408.png 83
ucf/SkyDiving/samples/00409.png 83
ucf/SkyDiving/samples/00410.png 83
ucf/SkyDiving/samples/00411.png 83
ucf/SkyDiving/samples/00412.png 83
ucf/SkyDiving/samples/00413.png 83
ucf/SkyDiving/samples/00414.png 83
ucf/SkyDiving/samples/00415.png 83
ucf/SkyDiving/samples/00416.png 83
ucf/SkyDiving/samples/00417.png 83
ucf/SkyDiving/samples/00418.png 83
ucf/SkyDiving/samples/00419.png 83
ucf/SkyDiving/samples/00420.png 83
ucf/SkyDiving/samples/00421.png 83
ucf/SkyDiving/samples/00422.png 83
ucf/SkyDiving/samples/00423.png 83
ucf/SkyDiving/samples/00424.png 83
ucf/SkyDiving/samples/00425.png 83
ucf/SkyDiving/samples/00426.png 83
ucf/SkyDiving/samples/00427.png 83
ucf/SkyDiving/samples/00428.png 83
ucf/SkyDiving/samples/00429.png 83
ucf/SkyDiving/samples/00430.png 83
ucf/SkyDiving/samples/00431.png 83
ucf/SkyDiving/samples/00432.png 83
ucf/SkyDiving/samples/00433.png 83
ucf/SkyDiving/samples/00434.png 83
ucf/SkyDiving/samples/00435.png 83
ucf/SkyDiving/samples/00436.png 83
ucf/SkyDiving/samples/00437.png 83
ucf/SkyDiving/samples/00438.png 83
ucf/SkyDiving/samples/00439.png 83
ucf/SkyDiving/samples/00440.png 83
ucf/SkyDiving/samples/00441.png 83
ucf/SkyDiving/samples/00442.png 83
ucf/SkyDiving/samples/00443.png 83
ucf/SkyDiving/samples/00444.png 83
ucf/SkyDiving/samples/00445.png 83
ucf/SkyDiving/samples/00446.png 83
ucf/SkyDiving/samples/00447.png 83
ucf/SkyDiving/samples/00448.png 83
ucf/SkyDiving/samples/00449.png 83
ucf/SkyDiving/samples/00450.png 83
ucf/SkyDiving/samples/00451.png 83
ucf/SkyDiving/samples/00452.png 83
ucf/SkyDiving/samples/00453.png 83
ucf/SkyDiving/samples/00454.png 83
ucf/SkyDiving/samples/00455.png 83
ucf/SkyDiving/samples/00456.png 83
ucf/SkyDiving/samples/00457.png 83
ucf/SkyDiving/samples/00458.png 83
ucf/SkyDiving/samples/00459.png 83
ucf/SkyDiving/samples/00460.png 83
ucf/SkyDiving/samples/00461.png 83
ucf/SkyDiving/samples/00462.png 83
ucf/SkyDiving/samples/00463.png 83
ucf/SkyDiving/samples/00464.png 83
ucf/SkyDiving/samples/00465.png 83
ucf/SkyDiving/samples/00466.png 83
ucf/SkyDiving/samples/00467.png 83
ucf/SkyDiving/samples/00468.png 83
ucf/SkyDiving/samples/00469.png 83
ucf/SkyDiving/samples/00470.png 83
ucf/SkyDiving/samples/00471.png 83
ucf/SkyDiving/samples/00472.png 83
ucf/SkyDiving/samples/00473.png 83
ucf/SkyDiving/samples/00474.png 83
ucf/SkyDiving/samples/00475.png 83
ucf/SkyDiving/samples/00476.png 83
ucf/SkyDiving/samples/00477.png 83
ucf/SkyDiving/samples/00478.png 83
ucf/SkyDiving/samples/00479.png 83
ucf/SkyDiving/samples/00480.png 83
ucf/SkyDiving/samples/00481.png 83
ucf/SkyDiving/samples/00482.png 83
ucf/SkyDiving/samples/00483.png 83
ucf/SkyDiving/samples/00484.png 83
ucf/SkyDiving/samples/00485.png 83
ucf/SkyDiving/samples/00486.png 83
ucf/SkyDiving/samples/00487.png 83
ucf/SkyDiving/samples/00488.png 83
ucf/SkyDiving/samples/00489.png 83
ucf/SkyDiving/samples/00490.png 83
ucf/SkyDiving/samples/00491.png 83
ucf/SkyDiving/samples/00492.png 83
ucf/SkyDiving/samples/00493.png 83
ucf/SkyDiving/samples/00494.png 83
ucf/SkyDiving/samples/00495.png 83
ucf/SkyDiving/samples/00496.png 83
ucf/SkyDiving/samples/00497.png 83
ucf/SkyDiving/samples/00498.png 83
ucf/SkyDiving/samples/00499.png 83
ucf/SkyDiving/samples/00500.png 83
ucf/SkyDiving/samples/00501.png 83
ucf/SkyDiving/samples/00502.png 83
ucf/SkyDiving/samples/00503.png 83
ucf/SkyDiving/samples/00504.png 83
ucf/SkyDiving/samples/00505.png 83
ucf/SkyDiving/samples/00506.png 83
ucf/SkyDiving/samples/00507.png 83
ucf/SkyDiving/samples/00508.png 83
ucf/SkyDiving/samples/00509.png 83
ucf/SkyDiving/samples/00510.png 83
ucf/SkyDiving/samples/00511.png 83
ucf/SkyDiving/samples/00512.png 83
ucf/SkyDiving/samples/00513.png 83
ucf/SkyDiving/samples/00514.png 83
ucf/SkyDiving/samples/00515.png 83
ucf/SkyDiving/samples/00516.png 83
ucf/SkyDiving/samples/00517.png 83
ucf/SkyDiving/samples/00518.png 83
ucf/SkyDiving/samples/00519.png 83
ucf/SkyDiving/samples/00520.png 83
ucf/SkyDiving/samples/00521.png 83
ucf/SkyDiving/samples/00522.png 83
ucf/SkyDiving/samples/00523.png 83
ucf/SkyDiving/samples/00524.png 83
ucf/SkyDiving/samples/00525.png 83
ucf/SkyDiving/samples/00526.png 83
ucf/SkyDiving/samples/00527.png 83
ucf/SkyDiving/samples/00528.png 83
ucf/SkyDiving/samples/00529.png 83
ucf/SkyDiving/samples/00530.png 83
ucf/SkyDiving/samples/00531.png 83
ucf/SkyDiving/samples/00532.png 83
ucf/SkyDiving/samples/00533.png 83
ucf/SkyDiving/samples/00534.png 83
ucf/SkyDiving/samples/00535.png 83
ucf/SkyDiving/samples/00536.png 83
ucf/SkyDiving/samples/00537.png 83
ucf/SkyDiving/samples/00538.png 83
ucf/SkyDiving/samples/00539.png 83
ucf/SkyDiving/samples/00540.png 83
ucf/SkyDiving/samples/00541.png 83
ucf/SkyDiving/samples/00542.png 83
ucf/SkyDiving/samples/00543.png 83
ucf/SkyDiving/samples/00544.png 83
ucf/SkyDiving/samples/00545.png 83
ucf/SkyDiving/samples/00546.png 83
ucf/SkyDiving/samples/00547.png 83
ucf/SkyDiving/samples/00548.png 83
ucf/SkyDiving/samples/00549.png 83
ucf/SkyDiving/samples/00550.png 83
ucf/SkyDiving/samples/00551.png 83
ucf/SkyDiving/samples/00552.png 83
ucf/SkyDiving/samples/00553.png 83
ucf/SkyDiving/samples/00554.png 83
ucf/SkyDiving/samples/00555.png 83
ucf/SkyDiving/samples/00556.png 83
ucf/SkyDiving/samples/00557.png 83
ucf/SkyDiving/samples/00558.png 83
ucf/SkyDiving/samples/00559.png 83
ucf/SkyDiving/samples/00560.png 83
ucf/SkyDiving/samples/00561.png 83
ucf/SkyDiving/samples/00562.png 83
ucf/SkyDiving/samples/00563.png 83
ucf/SkyDiving/samples/00564.png 83
ucf/SkyDiving/samples/00565.png 83
ucf/SkyDiving/samples/00566.png 83
ucf/SkyDiving/samples/00567.png 83
ucf/SkyDiving/samples/00568.png 83
ucf/SkyDiving/samples/00569.png 83
ucf/SkyDiving/samples/00570.png 83
ucf/SkyDiving/samples/00571.png 83
ucf/SkyDiving/samples/00572.png 83
ucf/SkyDiving/samples/00573.png 83
ucf/SkyDiving/samples/00574.png 83
ucf/SkyDiving/samples/00575.png 83
ucf/SkyDiving/samples/00576.png 83
ucf/SkyDiving/samples/00577.png 83
ucf/SkyDiving/samples/00578.png 83
ucf/SkyDiving/samples/00579.png 83
ucf/SkyDiving/samples/00580.png 83
ucf/SkyDiving/samples/00581.png 83
ucf/SkyDiving/samples/00582.png 83
ucf/SkyDiving/samples/00583.png 83
ucf/SkyDiving/samples/00584.png 83
ucf/SkyDiving/samples/00585.png 83
ucf/SkyDiving/samples/00586.png 83
ucf/SkyDiving/samples/00587.png 83
ucf/SkyDiving/samples/00588.png 83
ucf/SkyDiving/samples/00589.png 83
ucf/SkyDiving/samples/00590.png 83
ucf/SkyDiving/samples/00591.png 83
ucf/SkyDiving/samples/00592.png 83
ucf/SkyDiving/samples/00593.png 83
ucf/SkyDiving/samples/00594.png 83
ucf/SkyDiving/samples/00595.png 83
ucf/SkyDiving/samples/00596.png 83
ucf/SkyDiving/samples/00597.png 83
ucf/SkyDiving/samples/00598.png 83
ucf/SkyDiving/samples/00599.png 83
ucf/SkyDiving/samples/00600.png 83
ucf/SkyDiving/samples/00601.png 83
ucf/SkyDiving/samples/00602.png 83
ucf/SkyDiving/samples/00603.png 83
ucf/SkyDiving/samples/00604.png 83
ucf/SkyDiving/samples/00605.png 83
ucf/SkyDiving/samples/00606.png 83
ucf/SkyDiving/samples/00607.png 83
ucf/SkyDiving/samples/00608.png 83
ucf/SkyDiving/samples/00609.png 83
ucf/SkyDiving/samples/00610.png 83
ucf/SkyDiving/samples/00611.png 83
ucf/SkyDiving/samples/00612.png 83
ucf/SkyDiving/samples/00613.png 83
ucf/SkyDiving/samples/00614.png 83
ucf/SkyDiving/samples/00615.png 83
ucf/SkyDiving/samples/00616.png 83
ucf/SkyDiving/samples/00617.png 83
ucf/SkyDiving/samples/00618.png 83
ucf/SkyDiving/samples/00619.png 83
ucf/SkyDiving/samples/00620.png 83
ucf/SkyDiving/samples/00621.png 83
ucf/SkyDiving/samples/00622.png 83
ucf/SkyDiving/samples/00623.png 83
ucf/SkyDiving/samples/00624.png 83
ucf/SkyDiving/samples/00625.png 83
ucf/SkyDiving/samples/00626.png 83
ucf/SkyDiving/samples/00627.png 83
ucf/SkyDiving/samples/00628.png 83
ucf/SkyDiving/samples/00629.png 83
ucf/SkyDiving/samples/00630.png 83
ucf/SkyDiving/samples/00631.png 83
ucf/SkyDiving/samples/00632.png 83
ucf/SkyDiving/samples/00633.png 83
ucf/SkyDiving/samples/00634.png 83
ucf/SkyDiving/samples/00635.png 83
ucf/SkyDiving/samples/00636.png 83
ucf/SkyDiving/samples/00637.png 83
ucf/SkyDiving/samples/00638.png 83
ucf/SkyDiving/samples/00639.png 83
ucf/SkyDiving/samples/00640.png 83
ucf/SkyDiving/samples/00641.png 83
ucf/SkyDiving/samples/00642.png 83
ucf/SkyDiving/samples/00643.png 83
ucf/SkyDiving/samples/00644.png 83
ucf/SkyDiving/samples/00645.png 83
ucf/SkyDiving/samples/00646.png 83
ucf/SkyDiving/samples/00647.png 83
ucf/SkyDiving/samples/00648.png 83
ucf/SkyDiving/samples/00649.png 83
ucf/SkyDiving/samples/00650.png 83
ucf/SkyDiving/samples/00651.png 83
ucf/SkyDiving/samples/00652.png 83
ucf/SkyDiving/samples/00653.png 83
ucf/SkyDiving/samples/00654.png 83
ucf/SkyDiving/samples/00655.png 83
ucf/SkyDiving/samples/00656.png 83
ucf/SkyDiving/samples/00657.png 83
ucf/SkyDiving/samples/00658.png 83
ucf/SkyDiving/samples/00659.png 83
ucf/SkyDiving/samples/00660.png 83
ucf/SkyDiving/samples/00661.png 83
ucf/SkyDiving/samples/00662.png 83
ucf/SkyDiving/samples/00663.png 83
ucf/SkyDiving/samples/00664.png 83
ucf/SkyDiving/samples/00665.png 83
ucf/SkyDiving/samples/00666.png 83
ucf/SkyDiving/samples/00667.png 83
ucf/SkyDiving/samples/00668.png 83
ucf/SkyDiving/samples/00669.png 83
ucf/SkyDiving/samples/00670.png 83
ucf/SkyDiving/samples/00671.png 83
ucf/SkyDiving/samples/00672.png 83
ucf/SkyDiving/samples/00673.png 83
ucf/SkyDiving/samples/00674.png 83
ucf/SkyDiving/samples/00675.png 83
ucf/SkyDiving/samples/00676.png 83
ucf/SkyDiving/samples/00677.png 83
ucf/SkyDiving/samples/00678.png 83
ucf/SkyDiving/samples/00679.png 83
ucf/SkyDiving/samples/00680.png 83
ucf/SkyDiving/samples/00681.png 83
ucf/SkyDiving/samples/00682.png 83
ucf/SkyDiving/samples/00683.png 83
ucf/SkyDiving/samples/00684.png 83
ucf/SkyDiving/samples/00685.png 83
ucf/SkyDiving/samples/00686.png 83
ucf/SkyDiving/samples/00687.png 83
ucf/SkyDiving/samples/00688.png 83
ucf/SkyDiving/samples/00689.png 83
ucf/SkyDiving/samples/00690.png 83
ucf/SkyDiving/samples/00691.png 83
ucf/SkyDiving/samples/00692.png 83
ucf/SkyDiving/samples/00693.png 83
ucf/SkyDiving/samples/00694.png 83
ucf/SkyDiving/samples/00695.png 83
ucf/SkyDiving/samples/00696.png 83
ucf/SkyDiving/samples/00697.png 83
ucf/SkyDiving/samples/00698.png 83
ucf/SkyDiving/samples/00699.png 83
ucf/SkyDiving/samples/00700.png 83
ucf/SkyDiving/samples/00701.png 83
ucf/SkyDiving/samples/00702.png 83
ucf/SkyDiving/samples/00703.png 83
ucf/SkyDiving/samples/00704.png 83
ucf/SkyDiving/samples/00705.png 83
ucf/SkyDiving/samples/00706.png 83
ucf/SkyDiving/samples/00707.png 83
ucf/SkyDiving/samples/00708.png 83
ucf/SkyDiving/samples/00709.png 83
ucf/SkyDiving/samples/00710.png 83
ucf/SkyDiving/samples/00711.png 83
ucf/SkyDiving/samples/00712.png 83
ucf/SkyDiving/samples/00713.png 83
ucf/SkyDiving/samples/00714.png 83
ucf/SkyDiving/samples/00715.png 83
ucf/SkyDiving/samples/00716.png 83
ucf/SkyDiving/samples/00717.png 83
ucf/SkyDiving/samples/00718.png 83
ucf/SkyDiving/samples/00719.png 83
ucf/SkyDiving/samples/00720.png 83
ucf/SkyDiving/samples/00721.png 83
ucf/SkyDiving/samples/00722.png 83
ucf/SkyDiving/samples/00723.png 83
ucf/SkyDiving/samples/00724.png 83
ucf/SkyDiving/samples/00725.png 83
ucf/SkyDiving/samples/00726.png 83
ucf/SkyDiving/samples/00727.png 83
ucf/SkyDiving/samples/00728.png 83
ucf/SkyDiving/samples/00729.png 83
ucf/SkyDiving/samples/00730.png 83
ucf/SkyDiving/samples/00731.png 83
ucf/SkyDiving/samples/00732.png 83
ucf/SkyDiving/samples/00733.png 83
ucf/SkyDiving/samples/00734.png 83
ucf/SkyDiving/samples/00735.png 83
ucf/SkyDiving/samples/00736.png 83
ucf/SkyDiving/samples/00737.png 83
ucf/SkyDiving/samples/00738.png 83
ucf/SkyDiving/samples/00739.png 83
ucf/SkyDiving/samples/00740.png 83
ucf/SkyDiving/samples/00741.png 83
ucf/SkyDiving/samples/00742.png 83
ucf/SkyDiving/samples/00743.png 83
ucf/SkyDiving/samples/00744.png 83
ucf/SkyDiving/samples/00745.png 83
ucf/SkyDiving/samples/00746.png 83
ucf/SkyDiving/samples/00747.png 83
ucf/SkyDiving/samples/00748.png 83
ucf/SkyDiving/samples/00749.png 83
ucf/SkyDiving/samples/00750.png 83
ucf/SkyDiving/samples/00751.png 83
ucf/SkyDiving/samples/00752.png 83
ucf/SkyDiving/samples/00753.png 83
ucf/SkyDiving/samples/00754.png 83
ucf/SkyDiving/samples/00755.png 83
ucf/SkyDiving/samples/00756.png 83
ucf/SkyDiving/samples/00757.png 83
ucf/SkyDiving/samples/00758.png 83
ucf/SkyDiving/samples/00759.png 83
ucf/SkyDiving/samples/00760.png 83
ucf/SkyDiving/samples/00761.png 83
ucf/SkyDiving/samples/00762.png 83
ucf/SkyDiving/samples/00763.png 83
ucf/SkyDiving/samples/00764.png 83
ucf/SkyDiving/samples/00765.png 83
ucf/SkyDiving/samples/00766.png 83
ucf/SkyDiving/samples/00767.png 83
ucf/SkyDiving/samples/00768.png 83
ucf/SkyDiving/samples/00769.png 83
ucf/SkyDiving/samples/00770.png 83
ucf/SkyDiving/samples/00771.png 83
ucf/SkyDiving/samples/00772.png 83
ucf/SkyDiving/samples/00773.png 83
ucf/SkyDiving/samples/00774.png 83
ucf/SkyDiving/samples/00775.png 83
ucf/SkyDiving/samples/00776.png 83
ucf/SkyDiving/samples/00777.png 83
ucf/SkyDiving/samples/00778.png 83
ucf/SkyDiving/samples/00779.png 83
ucf/SkyDiving/samples/00780.png 83
ucf/SkyDiving/samples/00781.png 83
ucf/SkyDiving/samples/00782.png 83
ucf/SkyDiving/samples/00783.png 83
ucf/SkyDiving/samples/00784.png 83
ucf/SkyDiving/samples/00785.png 83
ucf/SkyDiving/samples/00786.png 83
ucf/SkyDiving/samples/00787.png 83
ucf/SkyDiving/samples/00788.png 83
ucf/SkyDiving/samples/00789.png 83
ucf/SkyDiving/samples/00790.png 83
ucf/SkyDiving/samples/00791.png 83
ucf/SkyDiving/samples/00792.png 83
ucf/SkyDiving/samples/00793.png 83
ucf/SkyDiving/samples/00794.png 83
ucf/SkyDiving/samples/00795.png 83
ucf/SkyDiving/samples/00796.png 83
ucf/SkyDiving/samples/00797.png 83
ucf/SkyDiving/samples/00798.png 83
ucf/SkyDiving/samples/00799.png 83
ucf/SkyDiving/samples/00800.png 83
ucf/SkyDiving/samples/00801.png 83
ucf/SkyDiving/samples/00802.png 83
ucf/SkyDiving/samples/00803.png 83
ucf/SkyDiving/samples/00804.png 83
ucf/SkyDiving/samples/00805.png 83
ucf/SkyDiving/samples/00806.png 83
ucf/SkyDiving/samples/00807.png 83
ucf/SkyDiving/samples/00808.png 83
ucf/SkyDiving/samples/00809.png 83
ucf/SkyDiving/samples/00810.png 83
ucf/SkyDiving/samples/00811.png 83
ucf/SkyDiving/samples/00812.png 83
ucf/SkyDiving/samples/00813.png 83
ucf/SkyDiving/samples/00814.png 83
ucf/SkyDiving/samples/00815.png 83
ucf/SkyDiving/samples/00816.png 83
ucf/SkyDiving/samples/00817.png 83
ucf/SkyDiving/samples/00818.png 83
ucf/SkyDiving/samples/00819.png 83
ucf/SkyDiving/samples/00820.png 83
ucf/SkyDiving/samples/00821.png 83
ucf/SkyDiving/samples/00822.png 83
ucf/SkyDiving/samples/00823.png 83
ucf/SkyDiving/samples/00824.png 83
ucf/SkyDiving/samples/00825.png 83
ucf/SkyDiving/samples/00826.png 83
ucf/SkyDiving/samples/00827.png 83
ucf/SkyDiving/samples/00828.png 83
ucf/SkyDiving/samples/00829.png 83
ucf/SkyDiving/samples/00830.png 83
ucf/SkyDiving/samples/00831.png 83
ucf/SkyDiving/samples/00832.png 83
ucf/SkyDiving/samples/00833.png 83
ucf/SkyDiving/samples/00834.png 83
ucf/SkyDiving/samples/00835.png 83
ucf/SkyDiving/samples/00836.png 83
ucf/SkyDiving/samples/00837.png 83
ucf/SkyDiving/samples/00838.png 83
ucf/SkyDiving/samples/00839.png 83
ucf/SkyDiving/samples/00840.png 83
ucf/SkyDiving/samples/00841.png 83
ucf/SkyDiving/samples/00842.png 83
ucf/SkyDiving/samples/00843.png 83
ucf/SkyDiving/samples/00844.png 83
ucf/SkyDiving/samples/00845.png 83
ucf/SkyDiving/samples/00846.png 83
ucf/SkyDiving/samples/00847.png 83
ucf/SkyDiving/samples/00848.png 83
ucf/SkyDiving/samples/00849.png 83
ucf/SkyDiving/samples/00850.png 83
ucf/SkyDiving/samples/00851.png 83
ucf/SkyDiving/samples/00852.png 83
ucf/SkyDiving/samples/00853.png 83
ucf/SkyDiving/samples/00854.png 83
ucf/SkyDiving/samples/00855.png 83
ucf/SkyDiving/samples/00856.png 83
ucf/SkyDiving/samples/00857.png 83
ucf/SkyDiving/samples/00858.png 83
ucf/SkyDiving/samples/00859.png 83
ucf/SkyDiving/samples/00860.png 83
ucf/SkyDiving/samples/00861.png 83
ucf/SkyDiving/samples/00862.png 83
ucf/SkyDiving/samples/00863.png 83
ucf/SkyDiving/samples/00864.png 83
ucf/SkyDiving/samples/00865.png 83
ucf/SkyDiving/samples/00866.png 83
ucf/SkyDiving/samples/00867.png 83
ucf/SkyDiving/samples/00868.png 83
ucf/SkyDiving/samples/00869.png 83
ucf/SkyDiving/samples/00870.png 83
ucf/SkyDiving/samples/00871.png 83
ucf/SkyDiving/samples/00872.png 83
ucf/SkyDiving/samples/00873.png 83
ucf/SkyDiving/samples/00874.png 83
ucf/SkyDiving/samples/00875.png 83
ucf/SkyDiving/samples/00876.png 83
ucf/SkyDiving/samples/00877.png 83
ucf/SkyDiving/samples/00878.png 83
ucf/SkyDiving/samples/00879.png 83
ucf/SkyDiving/samples/00880.png 83
ucf/SkyDiving/samples/00881.png 83
ucf/SkyDiving/samples/00882.png 83
ucf/SkyDiving/samples/00883.png 83
ucf/SkyDiving/samples/00884.png 83
ucf/SkyDiving/samples/00885.png 83
ucf/SkyDiving/samples/00886.png 83
ucf/SkyDiving/samples/00887.png 83
ucf/SkyDiving/samples/00888.png 83
ucf/SkyDiving/samples/00889.png 83
ucf/SkyDiving/samples/00890.png 83
ucf/SkyDiving/samples/00891.png 83
ucf/SkyDiving/samples/00892.png 83
ucf/SkyDiving/samples/00893.png 83
ucf/SkyDiving/samples/00894.png 83
ucf/SkyDiving/samples/00895.png 83
ucf/SkyDiving/samples/00896.png 83
ucf/SkyDiving/samples/00897.png 83
ucf/SkyDiving/samples/00898.png 83
ucf/SkyDiving/samples/00899.png 83
ucf/SkyDiving/samples/00900.png 83
ucf/SkyDiving/samples/00901.png 83
ucf/SkyDiving/samples/00902.png 83
ucf/SkyDiving/samples/00903.png 83
ucf/SkyDiving/samples/00904.png 83
ucf/SkyDiving/samples/00905.png 83
ucf/SkyDiving/samples/00906.png 83
ucf/SkyDiving/samples/00907.png 83
ucf/SkyDiving/samples/00908.png 83
ucf/SkyDiving/samples/00909.png 83
ucf/SkyDiving/samples/00910.png 83
ucf/SkyDiving/samples/00911.png 83
ucf/SkyDiving/samples/00912.png 83
ucf/SkyDiving/samples/00913.png 83
ucf/SkyDiving/samples/00914.png 83
ucf/SkyDiving/samples/00915.png 83
ucf/SkyDiving/samples/00916.png 83
ucf/SkyDiving/samples/00917.png 83
ucf/SkyDiving/samples/00918.png 83
ucf/SkyDiving/samples/00919.png 83
ucf/SkyDiving/samples/00920.png 83
ucf/SkyDiving/samples/00921.png 83
ucf/SkyDiving/samples/00922.png 83
ucf/SkyDiving/samples/00923.png 83
ucf/SkyDiving/samples/00924.png 83
ucf/SkyDiving/samples/00925.png 83
ucf/SkyDiving/samples/00926.png 83
ucf/SkyDiving/samples/00927.png 83
ucf/SkyDiving/samples/00928.png 83
ucf/SkyDiving/samples/00929.png 83
ucf/SkyDiving/samples/00930.png 83
ucf/SkyDiving/samples/00931.png 83
ucf/SkyDiving/samples/00932.png 83
ucf/SkyDiving/samples/00933.png 83
ucf/SkyDiving/samples/00934.png 83
ucf/SkyDiving/samples/00935.png 83
ucf/SkyDiving/samples/00936.png 83
ucf/SkyDiving/samples/00937.png 83
ucf/SkyDiving/samples/00938.png 83
ucf/SkyDiving/samples/00939.png 83
ucf/SkyDiving/samples/00940.png 83
ucf/SkyDiving/samples/00941.png 83
ucf/SkyDiving/samples/00942.png 83
ucf/SkyDiving/samples/00943.png 83
ucf/SkyDiving/samples/00944.png 83
ucf/SkyDiving/samples/00945.png 83
ucf/SkyDiving/samples/00946.png 83
ucf/SkyDiving/samples/00947.png 83
ucf/SkyDiving/samples/00948.png 83
ucf/SkyDiving/samples/00949.png 83
ucf/SkyDiving/samples/00950.png 83
ucf/SkyDiving/samples/00951.png 83
ucf/SkyDiving/samples/00952.png 83
ucf/SkyDiving/samples/00953.png 83
ucf/SkyDiving/samples/00954.png 83
ucf/SkyDiving/samples/00955.png 83
ucf/SkyDiving/samples/00956.png 83
ucf/SkyDiving/samples/00957.png 83
ucf/SkyDiving/samples/00958.png 83
ucf/SkyDiving/samples/00959.png 83
ucf/SkyDiving/samples/00960.png 83
ucf/SkyDiving/samples/00961.png 83
ucf/SkyDiving/samples/00962.png 83
ucf/SkyDiving/samples/00963.png 83
ucf/SkyDiving/samples/00964.png 83
ucf/SkyDiving/samples/00965.png 83
ucf/SkyDiving/samples/00966.png 83
ucf/SkyDiving/samples/00967.png 83
ucf/SkyDiving/samples/00968.png 83
ucf/SkyDiving/samples/00969.png 83
ucf/SkyDiving/samples/00970.png 83
ucf/SkyDiving/samples/00971.png 83
ucf/SkyDiving/samples/00972.png 83
ucf/SkyDiving/samples/00973.png 83
ucf/SkyDiving/samples/00974.png 83
ucf/SkyDiving/samples/00975.png 83
ucf/SkyDiving/samples/00976.png 83
ucf/SkyDiving/samples/00977.png 83
ucf/SkyDiving/samples/00978.png 83
ucf/SkyDiving/samples/00979.png 83
ucf/SkyDiving/samples/00980.png 83
ucf/SkyDiving/samples/00981.png 83
ucf/SkyDiving/samples/00982.png 83
ucf/SkyDiving/samples/00983.png 83
ucf/SkyDiving/samples/00984.png 83
ucf/SkyDiving/samples/00985.png 83
ucf/SkyDiving/samples/00986.png 83
ucf/SkyDiving/samples/00987.png 83
ucf/SkyDiving/samples/00988.png 83
ucf/SkyDiving/samples/00989.png 83
ucf/SkyDiving/samples/00990.png 83
ucf/SkyDiving/samples/00991.png 83
ucf/SkyDiving/samples/00992.png 83
ucf/SkyDiving/samples/00993.png 83
ucf/SkyDiving/samples/00994.png 83
ucf/SkyDiving/samples/00995.png 83
ucf/SkyDiving/samples/00996.png 83
ucf/SkyDiving/samples/00997.png 83
ucf/SkyDiving/samples/00998.png 83
ucf/SkyDiving/samples/00999.png 83
ucf/MoppingFloor/samples/00000.png 55
ucf/MoppingFloor/samples/00001.png 55
ucf/MoppingFloor/samples/00002.png 55
ucf/MoppingFloor/samples/00003.png 55
ucf/MoppingFloor/samples/00004.png 55
ucf/MoppingFloor/samples/00005.png 55
ucf/MoppingFloor/samples/00006.png 55
ucf/MoppingFloor/samples/00007.png 55
ucf/MoppingFloor/samples/00008.png 55
ucf/MoppingFloor/samples/00009.png 55
ucf/MoppingFloor/samples/00010.png 55
ucf/MoppingFloor/samples/00011.png 55
ucf/MoppingFloor/samples/00012.png 55
ucf/MoppingFloor/samples/00013.png 55
ucf/MoppingFloor/samples/00014.png 55
ucf/MoppingFloor/samples/00015.png 55
ucf/MoppingFloor/samples/00016.png 55
ucf/MoppingFloor/samples/00017.png 55
ucf/MoppingFloor/samples/00018.png 55
ucf/MoppingFloor/samples/00019.png 55
ucf/MoppingFloor/samples/00020.png 55
ucf/MoppingFloor/samples/00021.png 55
ucf/MoppingFloor/samples/00022.png 55
ucf/MoppingFloor/samples/00023.png 55
ucf/MoppingFloor/samples/00024.png 55
ucf/MoppingFloor/samples/00025.png 55
ucf/MoppingFloor/samples/00026.png 55
ucf/MoppingFloor/samples/00027.png 55
ucf/MoppingFloor/samples/00028.png 55
ucf/MoppingFloor/samples/00029.png 55
ucf/MoppingFloor/samples/00030.png 55
ucf/MoppingFloor/samples/00031.png 55
ucf/MoppingFloor/samples/00032.png 55
ucf/MoppingFloor/samples/00033.png 55
ucf/MoppingFloor/samples/00034.png 55
ucf/MoppingFloor/samples/00035.png 55
ucf/MoppingFloor/samples/00036.png 55
ucf/MoppingFloor/samples/00037.png 55
ucf/MoppingFloor/samples/00038.png 55
ucf/MoppingFloor/samples/00039.png 55
ucf/MoppingFloor/samples/00040.png 55
ucf/MoppingFloor/samples/00041.png 55
ucf/MoppingFloor/samples/00042.png 55
ucf/MoppingFloor/samples/00043.png 55
ucf/MoppingFloor/samples/00044.png 55
ucf/MoppingFloor/samples/00045.png 55
ucf/MoppingFloor/samples/00046.png 55
ucf/MoppingFloor/samples/00047.png 55
ucf/MoppingFloor/samples/00048.png 55
ucf/MoppingFloor/samples/00049.png 55
ucf/MoppingFloor/samples/00050.png 55
ucf/MoppingFloor/samples/00051.png 55
ucf/MoppingFloor/samples/00052.png 55
ucf/MoppingFloor/samples/00053.png 55
ucf/MoppingFloor/samples/00054.png 55
ucf/MoppingFloor/samples/00055.png 55
ucf/MoppingFloor/samples/00056.png 55
ucf/MoppingFloor/samples/00057.png 55
ucf/MoppingFloor/samples/00058.png 55
ucf/MoppingFloor/samples/00059.png 55
ucf/MoppingFloor/samples/00060.png 55
ucf/MoppingFloor/samples/00061.png 55
ucf/MoppingFloor/samples/00062.png 55
ucf/MoppingFloor/samples/00063.png 55
ucf/MoppingFloor/samples/00064.png 55
ucf/MoppingFloor/samples/00065.png 55
ucf/MoppingFloor/samples/00066.png 55
ucf/MoppingFloor/samples/00067.png 55
ucf/MoppingFloor/samples/00068.png 55
ucf/MoppingFloor/samples/00069.png 55
ucf/MoppingFloor/samples/00070.png 55
ucf/MoppingFloor/samples/00071.png 55
ucf/MoppingFloor/samples/00072.png 55
ucf/MoppingFloor/samples/00073.png 55
ucf/MoppingFloor/samples/00074.png 55
ucf/MoppingFloor/samples/00075.png 55
ucf/MoppingFloor/samples/00076.png 55
ucf/MoppingFloor/samples/00077.png 55
ucf/MoppingFloor/samples/00078.png 55
ucf/MoppingFloor/samples/00079.png 55
ucf/MoppingFloor/samples/00080.png 55
ucf/MoppingFloor/samples/00081.png 55
ucf/MoppingFloor/samples/00082.png 55
ucf/MoppingFloor/samples/00083.png 55
ucf/MoppingFloor/samples/00084.png 55
ucf/MoppingFloor/samples/00085.png 55
ucf/MoppingFloor/samples/00086.png 55
ucf/MoppingFloor/samples/00087.png 55
ucf/MoppingFloor/samples/00088.png 55
ucf/MoppingFloor/samples/00089.png 55
ucf/MoppingFloor/samples/00090.png 55
ucf/MoppingFloor/samples/00091.png 55
ucf/MoppingFloor/samples/00092.png 55
ucf/MoppingFloor/samples/00093.png 55
ucf/MoppingFloor/samples/00094.png 55
ucf/MoppingFloor/samples/00095.png 55
ucf/MoppingFloor/samples/00096.png 55
ucf/MoppingFloor/samples/00097.png 55
ucf/MoppingFloor/samples/00098.png 55
ucf/MoppingFloor/samples/00099.png 55
ucf/MoppingFloor/samples/00100.png 55
ucf/MoppingFloor/samples/00101.png 55
ucf/MoppingFloor/samples/00102.png 55
ucf/MoppingFloor/samples/00103.png 55
ucf/MoppingFloor/samples/00104.png 55
ucf/MoppingFloor/samples/00105.png 55
ucf/MoppingFloor/samples/00106.png 55
ucf/MoppingFloor/samples/00107.png 55
ucf/MoppingFloor/samples/00108.png 55
ucf/MoppingFloor/samples/00109.png 55
ucf/MoppingFloor/samples/00110.png 55
ucf/MoppingFloor/samples/00111.png 55
ucf/MoppingFloor/samples/00112.png 55
ucf/MoppingFloor/samples/00113.png 55
ucf/MoppingFloor/samples/00114.png 55
ucf/MoppingFloor/samples/00115.png 55
ucf/MoppingFloor/samples/00116.png 55
ucf/MoppingFloor/samples/00117.png 55
ucf/MoppingFloor/samples/00118.png 55
ucf/MoppingFloor/samples/00119.png 55
ucf/MoppingFloor/samples/00120.png 55
ucf/MoppingFloor/samples/00121.png 55
ucf/MoppingFloor/samples/00122.png 55
ucf/MoppingFloor/samples/00123.png 55
ucf/MoppingFloor/samples/00124.png 55
ucf/MoppingFloor/samples/00125.png 55
ucf/MoppingFloor/samples/00126.png 55
ucf/MoppingFloor/samples/00127.png 55
ucf/MoppingFloor/samples/00128.png 55
ucf/MoppingFloor/samples/00129.png 55
ucf/MoppingFloor/samples/00130.png 55
ucf/MoppingFloor/samples/00131.png 55
ucf/MoppingFloor/samples/00132.png 55
ucf/MoppingFloor/samples/00133.png 55
ucf/MoppingFloor/samples/00134.png 55
ucf/MoppingFloor/samples/00135.png 55
ucf/MoppingFloor/samples/00136.png 55
ucf/MoppingFloor/samples/00137.png 55
ucf/MoppingFloor/samples/00138.png 55
ucf/MoppingFloor/samples/00139.png 55
ucf/MoppingFloor/samples/00140.png 55
ucf/MoppingFloor/samples/00141.png 55
ucf/MoppingFloor/samples/00142.png 55
ucf/MoppingFloor/samples/00143.png 55
ucf/MoppingFloor/samples/00144.png 55
ucf/MoppingFloor/samples/00145.png 55
ucf/MoppingFloor/samples/00146.png 55
ucf/MoppingFloor/samples/00147.png 55
ucf/MoppingFloor/samples/00148.png 55
ucf/MoppingFloor/samples/00149.png 55
ucf/MoppingFloor/samples/00150.png 55
ucf/MoppingFloor/samples/00151.png 55
ucf/MoppingFloor/samples/00152.png 55
ucf/MoppingFloor/samples/00153.png 55
ucf/MoppingFloor/samples/00154.png 55
ucf/MoppingFloor/samples/00155.png 55
ucf/MoppingFloor/samples/00156.png 55
ucf/MoppingFloor/samples/00157.png 55
ucf/MoppingFloor/samples/00158.png 55
ucf/MoppingFloor/samples/00159.png 55
ucf/MoppingFloor/samples/00160.png 55
ucf/MoppingFloor/samples/00161.png 55
ucf/MoppingFloor/samples/00162.png 55
ucf/MoppingFloor/samples/00163.png 55
ucf/MoppingFloor/samples/00164.png 55
ucf/MoppingFloor/samples/00165.png 55
ucf/MoppingFloor/samples/00166.png 55
ucf/MoppingFloor/samples/00167.png 55
ucf/MoppingFloor/samples/00168.png 55
ucf/MoppingFloor/samples/00169.png 55
ucf/MoppingFloor/samples/00170.png 55
ucf/MoppingFloor/samples/00171.png 55
ucf/MoppingFloor/samples/00172.png 55
ucf/MoppingFloor/samples/00173.png 55
ucf/MoppingFloor/samples/00174.png 55
ucf/MoppingFloor/samples/00175.png 55
ucf/MoppingFloor/samples/00176.png 55
ucf/MoppingFloor/samples/00177.png 55
ucf/MoppingFloor/samples/00178.png 55
ucf/MoppingFloor/samples/00179.png 55
ucf/MoppingFloor/samples/00180.png 55
ucf/MoppingFloor/samples/00181.png 55
ucf/MoppingFloor/samples/00182.png 55
ucf/MoppingFloor/samples/00183.png 55
ucf/MoppingFloor/samples/00184.png 55
ucf/MoppingFloor/samples/00185.png 55
ucf/MoppingFloor/samples/00186.png 55
ucf/MoppingFloor/samples/00187.png 55
ucf/MoppingFloor/samples/00188.png 55
ucf/MoppingFloor/samples/00189.png 55
ucf/MoppingFloor/samples/00190.png 55
ucf/MoppingFloor/samples/00191.png 55
ucf/MoppingFloor/samples/00192.png 55
ucf/MoppingFloor/samples/00193.png 55
ucf/MoppingFloor/samples/00194.png 55
ucf/MoppingFloor/samples/00195.png 55
ucf/MoppingFloor/samples/00196.png 55
ucf/MoppingFloor/samples/00197.png 55
ucf/MoppingFloor/samples/00198.png 55
ucf/MoppingFloor/samples/00199.png 55
ucf/MoppingFloor/samples/00200.png 55
ucf/MoppingFloor/samples/00201.png 55
ucf/MoppingFloor/samples/00202.png 55
ucf/MoppingFloor/samples/00203.png 55
ucf/MoppingFloor/samples/00204.png 55
ucf/MoppingFloor/samples/00205.png 55
ucf/MoppingFloor/samples/00206.png 55
ucf/MoppingFloor/samples/00207.png 55
ucf/MoppingFloor/samples/00208.png 55
ucf/MoppingFloor/samples/00209.png 55
ucf/MoppingFloor/samples/00210.png 55
ucf/MoppingFloor/samples/00211.png 55
ucf/MoppingFloor/samples/00212.png 55
ucf/MoppingFloor/samples/00213.png 55
ucf/MoppingFloor/samples/00214.png 55
ucf/MoppingFloor/samples/00215.png 55
ucf/MoppingFloor/samples/00216.png 55
ucf/MoppingFloor/samples/00217.png 55
ucf/MoppingFloor/samples/00218.png 55
ucf/MoppingFloor/samples/00219.png 55
ucf/MoppingFloor/samples/00220.png 55
ucf/MoppingFloor/samples/00221.png 55
ucf/MoppingFloor/samples/00222.png 55
ucf/MoppingFloor/samples/00223.png 55
ucf/MoppingFloor/samples/00224.png 55
ucf/MoppingFloor/samples/00225.png 55
ucf/MoppingFloor/samples/00226.png 55
ucf/MoppingFloor/samples/00227.png 55
ucf/MoppingFloor/samples/00228.png 55
ucf/MoppingFloor/samples/00229.png 55
ucf/MoppingFloor/samples/00230.png 55
ucf/MoppingFloor/samples/00231.png 55
ucf/MoppingFloor/samples/00232.png 55
ucf/MoppingFloor/samples/00233.png 55
ucf/MoppingFloor/samples/00234.png 55
ucf/MoppingFloor/samples/00235.png 55
ucf/MoppingFloor/samples/00236.png 55
ucf/MoppingFloor/samples/00237.png 55
ucf/MoppingFloor/samples/00238.png 55
ucf/MoppingFloor/samples/00239.png 55
ucf/MoppingFloor/samples/00240.png 55
ucf/MoppingFloor/samples/00241.png 55
ucf/MoppingFloor/samples/00242.png 55
ucf/MoppingFloor/samples/00243.png 55
ucf/MoppingFloor/samples/00244.png 55
ucf/MoppingFloor/samples/00245.png 55
ucf/MoppingFloor/samples/00246.png 55
ucf/MoppingFloor/samples/00247.png 55
ucf/MoppingFloor/samples/00248.png 55
ucf/MoppingFloor/samples/00249.png 55
ucf/MoppingFloor/samples/00250.png 55
ucf/MoppingFloor/samples/00251.png 55
ucf/MoppingFloor/samples/00252.png 55
ucf/MoppingFloor/samples/00253.png 55
ucf/MoppingFloor/samples/00254.png 55
ucf/MoppingFloor/samples/00255.png 55
ucf/MoppingFloor/samples/00256.png 55
ucf/MoppingFloor/samples/00257.png 55
ucf/MoppingFloor/samples/00258.png 55
ucf/MoppingFloor/samples/00259.png 55
ucf/MoppingFloor/samples/00260.png 55
ucf/MoppingFloor/samples/00261.png 55
ucf/MoppingFloor/samples/00262.png 55
ucf/MoppingFloor/samples/00263.png 55
ucf/MoppingFloor/samples/00264.png 55
ucf/MoppingFloor/samples/00265.png 55
ucf/MoppingFloor/samples/00266.png 55
ucf/MoppingFloor/samples/00267.png 55
ucf/MoppingFloor/samples/00268.png 55
ucf/MoppingFloor/samples/00269.png 55
ucf/MoppingFloor/samples/00270.png 55
ucf/MoppingFloor/samples/00271.png 55
ucf/MoppingFloor/samples/00272.png 55
ucf/MoppingFloor/samples/00273.png 55
ucf/MoppingFloor/samples/00274.png 55
ucf/MoppingFloor/samples/00275.png 55
ucf/MoppingFloor/samples/00276.png 55
ucf/MoppingFloor/samples/00277.png 55
ucf/MoppingFloor/samples/00278.png 55
ucf/MoppingFloor/samples/00279.png 55
ucf/MoppingFloor/samples/00280.png 55
ucf/MoppingFloor/samples/00281.png 55
ucf/MoppingFloor/samples/00282.png 55
ucf/MoppingFloor/samples/00283.png 55
ucf/MoppingFloor/samples/00284.png 55
ucf/MoppingFloor/samples/00285.png 55
ucf/MoppingFloor/samples/00286.png 55
ucf/MoppingFloor/samples/00287.png 55
ucf/MoppingFloor/samples/00288.png 55
ucf/MoppingFloor/samples/00289.png 55
ucf/MoppingFloor/samples/00290.png 55
ucf/MoppingFloor/samples/00291.png 55
ucf/MoppingFloor/samples/00292.png 55
ucf/MoppingFloor/samples/00293.png 55
ucf/MoppingFloor/samples/00294.png 55
ucf/MoppingFloor/samples/00295.png 55
ucf/MoppingFloor/samples/00296.png 55
ucf/MoppingFloor/samples/00297.png 55
ucf/MoppingFloor/samples/00298.png 55
ucf/MoppingFloor/samples/00299.png 55
ucf/MoppingFloor/samples/00300.png 55
ucf/MoppingFloor/samples/00301.png 55
ucf/MoppingFloor/samples/00302.png 55
ucf/MoppingFloor/samples/00303.png 55
ucf/MoppingFloor/samples/00304.png 55
ucf/MoppingFloor/samples/00305.png 55
ucf/MoppingFloor/samples/00306.png 55
ucf/MoppingFloor/samples/00307.png 55
ucf/MoppingFloor/samples/00308.png 55
ucf/MoppingFloor/samples/00309.png 55
ucf/MoppingFloor/samples/00310.png 55
ucf/MoppingFloor/samples/00311.png 55
ucf/MoppingFloor/samples/00312.png 55
ucf/MoppingFloor/samples/00313.png 55
ucf/MoppingFloor/samples/00314.png 55
ucf/MoppingFloor/samples/00315.png 55
ucf/MoppingFloor/samples/00316.png 55
ucf/MoppingFloor/samples/00317.png 55
ucf/MoppingFloor/samples/00318.png 55
ucf/MoppingFloor/samples/00319.png 55
ucf/MoppingFloor/samples/00320.png 55
ucf/MoppingFloor/samples/00321.png 55
ucf/MoppingFloor/samples/00322.png 55
ucf/MoppingFloor/samples/00323.png 55
ucf/MoppingFloor/samples/00324.png 55
ucf/MoppingFloor/samples/00325.png 55
ucf/MoppingFloor/samples/00326.png 55
ucf/MoppingFloor/samples/00327.png 55
ucf/MoppingFloor/samples/00328.png 55
ucf/MoppingFloor/samples/00329.png 55
ucf/MoppingFloor/samples/00330.png 55
ucf/MoppingFloor/samples/00331.png 55
ucf/MoppingFloor/samples/00332.png 55
ucf/MoppingFloor/samples/00333.png 55
ucf/MoppingFloor/samples/00334.png 55
ucf/MoppingFloor/samples/00335.png 55
ucf/MoppingFloor/samples/00336.png 55
ucf/MoppingFloor/samples/00337.png 55
ucf/MoppingFloor/samples/00338.png 55
ucf/MoppingFloor/samples/00339.png 55
ucf/MoppingFloor/samples/00340.png 55
ucf/MoppingFloor/samples/00341.png 55
ucf/MoppingFloor/samples/00342.png 55
ucf/MoppingFloor/samples/00343.png 55
ucf/MoppingFloor/samples/00344.png 55
ucf/MoppingFloor/samples/00345.png 55
ucf/MoppingFloor/samples/00346.png 55
ucf/MoppingFloor/samples/00347.png 55
ucf/MoppingFloor/samples/00348.png 55
ucf/MoppingFloor/samples/00349.png 55
ucf/MoppingFloor/samples/00350.png 55
ucf/MoppingFloor/samples/00351.png 55
ucf/MoppingFloor/samples/00352.png 55
ucf/MoppingFloor/samples/00353.png 55
ucf/MoppingFloor/samples/00354.png 55
ucf/MoppingFloor/samples/00355.png 55
ucf/MoppingFloor/samples/00356.png 55
ucf/MoppingFloor/samples/00357.png 55
ucf/MoppingFloor/samples/00358.png 55
ucf/MoppingFloor/samples/00359.png 55
ucf/MoppingFloor/samples/00360.png 55
ucf/MoppingFloor/samples/00361.png 55
ucf/MoppingFloor/samples/00362.png 55
ucf/MoppingFloor/samples/00363.png 55
ucf/MoppingFloor/samples/00364.png 55
ucf/MoppingFloor/samples/00365.png 55
ucf/MoppingFloor/samples/00366.png 55
ucf/MoppingFloor/samples/00367.png 55
ucf/MoppingFloor/samples/00368.png 55
ucf/MoppingFloor/samples/00369.png 55
ucf/MoppingFloor/samples/00370.png 55
ucf/MoppingFloor/samples/00371.png 55
ucf/MoppingFloor/samples/00372.png 55
ucf/MoppingFloor/samples/00373.png 55
ucf/MoppingFloor/samples/00374.png 55
ucf/MoppingFloor/samples/00375.png 55
ucf/MoppingFloor/samples/00376.png 55
ucf/MoppingFloor/samples/00377.png 55
ucf/MoppingFloor/samples/00378.png 55
ucf/MoppingFloor/samples/00379.png 55
ucf/MoppingFloor/samples/00380.png 55
ucf/MoppingFloor/samples/00381.png 55
ucf/MoppingFloor/samples/00382.png 55
ucf/MoppingFloor/samples/00383.png 55
ucf/MoppingFloor/samples/00384.png 55
ucf/MoppingFloor/samples/00385.png 55
ucf/MoppingFloor/samples/00386.png 55
ucf/MoppingFloor/samples/00387.png 55
ucf/MoppingFloor/samples/00388.png 55
ucf/MoppingFloor/samples/00389.png 55
ucf/MoppingFloor/samples/00390.png 55
ucf/MoppingFloor/samples/00391.png 55
ucf/MoppingFloor/samples/00392.png 55
ucf/MoppingFloor/samples/00393.png 55
ucf/MoppingFloor/samples/00394.png 55
ucf/MoppingFloor/samples/00395.png 55
ucf/MoppingFloor/samples/00396.png 55
ucf/MoppingFloor/samples/00397.png 55
ucf/MoppingFloor/samples/00398.png 55
ucf/MoppingFloor/samples/00399.png 55
ucf/MoppingFloor/samples/00400.png 55
ucf/MoppingFloor/samples/00401.png 55
ucf/MoppingFloor/samples/00402.png 55
ucf/MoppingFloor/samples/00403.png 55
ucf/MoppingFloor/samples/00404.png 55
ucf/MoppingFloor/samples/00405.png 55
ucf/MoppingFloor/samples/00406.png 55
ucf/MoppingFloor/samples/00407.png 55
ucf/MoppingFloor/samples/00408.png 55
ucf/MoppingFloor/samples/00409.png 55
ucf/MoppingFloor/samples/00410.png 55
ucf/MoppingFloor/samples/00411.png 55
ucf/MoppingFloor/samples/00412.png 55
ucf/MoppingFloor/samples/00413.png 55
ucf/MoppingFloor/samples/00414.png 55
ucf/MoppingFloor/samples/00415.png 55
ucf/MoppingFloor/samples/00416.png 55
ucf/MoppingFloor/samples/00417.png 55
ucf/MoppingFloor/samples/00418.png 55
ucf/MoppingFloor/samples/00419.png 55
ucf/MoppingFloor/samples/00420.png 55
ucf/MoppingFloor/samples/00421.png 55
ucf/MoppingFloor/samples/00422.png 55
ucf/MoppingFloor/samples/00423.png 55
ucf/MoppingFloor/samples/00424.png 55
ucf/MoppingFloor/samples/00425.png 55
ucf/MoppingFloor/samples/00426.png 55
ucf/MoppingFloor/samples/00427.png 55
ucf/MoppingFloor/samples/00428.png 55
ucf/MoppingFloor/samples/00429.png 55
ucf/MoppingFloor/samples/00430.png 55
ucf/MoppingFloor/samples/00431.png 55
ucf/MoppingFloor/samples/00432.png 55
ucf/MoppingFloor/samples/00433.png 55
ucf/MoppingFloor/samples/00434.png 55
ucf/MoppingFloor/samples/00435.png 55
ucf/MoppingFloor/samples/00436.png 55
ucf/MoppingFloor/samples/00437.png 55
ucf/MoppingFloor/samples/00438.png 55
ucf/MoppingFloor/samples/00439.png 55
ucf/MoppingFloor/samples/00440.png 55
ucf/MoppingFloor/samples/00441.png 55
ucf/MoppingFloor/samples/00442.png 55
ucf/MoppingFloor/samples/00443.png 55
ucf/MoppingFloor/samples/00444.png 55
ucf/MoppingFloor/samples/00445.png 55
ucf/MoppingFloor/samples/00446.png 55
ucf/MoppingFloor/samples/00447.png 55
ucf/MoppingFloor/samples/00448.png 55
ucf/MoppingFloor/samples/00449.png 55
ucf/MoppingFloor/samples/00450.png 55
ucf/MoppingFloor/samples/00451.png 55
ucf/MoppingFloor/samples/00452.png 55
ucf/MoppingFloor/samples/00453.png 55
ucf/MoppingFloor/samples/00454.png 55
ucf/MoppingFloor/samples/00455.png 55
ucf/MoppingFloor/samples/00456.png 55
ucf/MoppingFloor/samples/00457.png 55
ucf/MoppingFloor/samples/00458.png 55
ucf/MoppingFloor/samples/00459.png 55
ucf/MoppingFloor/samples/00460.png 55
ucf/MoppingFloor/samples/00461.png 55
ucf/MoppingFloor/samples/00462.png 55
ucf/MoppingFloor/samples/00463.png 55
ucf/MoppingFloor/samples/00464.png 55
ucf/MoppingFloor/samples/00465.png 55
ucf/MoppingFloor/samples/00466.png 55
ucf/MoppingFloor/samples/00467.png 55
ucf/MoppingFloor/samples/00468.png 55
ucf/MoppingFloor/samples/00469.png 55
ucf/MoppingFloor/samples/00470.png 55
ucf/MoppingFloor/samples/00471.png 55
ucf/MoppingFloor/samples/00472.png 55
ucf/MoppingFloor/samples/00473.png 55
ucf/MoppingFloor/samples/00474.png 55
ucf/MoppingFloor/samples/00475.png 55
ucf/MoppingFloor/samples/00476.png 55
ucf/MoppingFloor/samples/00477.png 55
ucf/MoppingFloor/samples/00478.png 55
ucf/MoppingFloor/samples/00479.png 55
ucf/MoppingFloor/samples/00480.png 55
ucf/MoppingFloor/samples/00481.png 55
ucf/MoppingFloor/samples/00482.png 55
ucf/MoppingFloor/samples/00483.png 55
ucf/MoppingFloor/samples/00484.png 55
ucf/MoppingFloor/samples/00485.png 55
ucf/MoppingFloor/samples/00486.png 55
ucf/MoppingFloor/samples/00487.png 55
ucf/MoppingFloor/samples/00488.png 55
ucf/MoppingFloor/samples/00489.png 55
ucf/MoppingFloor/samples/00490.png 55
ucf/MoppingFloor/samples/00491.png 55
ucf/MoppingFloor/samples/00492.png 55
ucf/MoppingFloor/samples/00493.png 55
ucf/MoppingFloor/samples/00494.png 55
ucf/MoppingFloor/samples/00495.png 55
ucf/MoppingFloor/samples/00496.png 55
ucf/MoppingFloor/samples/00497.png 55
ucf/MoppingFloor/samples/00498.png 55
ucf/MoppingFloor/samples/00499.png 55
ucf/MoppingFloor/samples/00500.png 55
ucf/MoppingFloor/samples/00501.png 55
ucf/MoppingFloor/samples/00502.png 55
ucf/MoppingFloor/samples/00503.png 55
ucf/MoppingFloor/samples/00504.png 55
ucf/MoppingFloor/samples/00505.png 55
ucf/MoppingFloor/samples/00506.png 55
ucf/MoppingFloor/samples/00507.png 55
ucf/MoppingFloor/samples/00508.png 55
ucf/MoppingFloor/samples/00509.png 55
ucf/MoppingFloor/samples/00510.png 55
ucf/MoppingFloor/samples/00511.png 55
ucf/MoppingFloor/samples/00512.png 55
ucf/MoppingFloor/samples/00513.png 55
ucf/MoppingFloor/samples/00514.png 55
ucf/MoppingFloor/samples/00515.png 55
ucf/MoppingFloor/samples/00516.png 55
ucf/MoppingFloor/samples/00517.png 55
ucf/MoppingFloor/samples/00518.png 55
ucf/MoppingFloor/samples/00519.png 55
ucf/MoppingFloor/samples/00520.png 55
ucf/MoppingFloor/samples/00521.png 55
ucf/MoppingFloor/samples/00522.png 55
ucf/MoppingFloor/samples/00523.png 55
ucf/MoppingFloor/samples/00524.png 55
ucf/MoppingFloor/samples/00525.png 55
ucf/MoppingFloor/samples/00526.png 55
ucf/MoppingFloor/samples/00527.png 55
ucf/MoppingFloor/samples/00528.png 55
ucf/MoppingFloor/samples/00529.png 55
ucf/MoppingFloor/samples/00530.png 55
ucf/MoppingFloor/samples/00531.png 55
ucf/MoppingFloor/samples/00532.png 55
ucf/MoppingFloor/samples/00533.png 55
ucf/MoppingFloor/samples/00534.png 55
ucf/MoppingFloor/samples/00535.png 55
ucf/MoppingFloor/samples/00536.png 55
ucf/MoppingFloor/samples/00537.png 55
ucf/MoppingFloor/samples/00538.png 55
ucf/MoppingFloor/samples/00539.png 55
ucf/MoppingFloor/samples/00540.png 55
ucf/MoppingFloor/samples/00541.png 55
ucf/MoppingFloor/samples/00542.png 55
ucf/MoppingFloor/samples/00543.png 55
ucf/MoppingFloor/samples/00544.png 55
ucf/MoppingFloor/samples/00545.png 55
ucf/MoppingFloor/samples/00546.png 55
ucf/MoppingFloor/samples/00547.png 55
ucf/MoppingFloor/samples/00548.png 55
ucf/MoppingFloor/samples/00549.png 55
ucf/MoppingFloor/samples/00550.png 55
ucf/MoppingFloor/samples/00551.png 55
ucf/MoppingFloor/samples/00552.png 55
ucf/MoppingFloor/samples/00553.png 55
ucf/MoppingFloor/samples/00554.png 55
ucf/MoppingFloor/samples/00555.png 55
ucf/MoppingFloor/samples/00556.png 55
ucf/MoppingFloor/samples/00557.png 55
ucf/MoppingFloor/samples/00558.png 55
ucf/MoppingFloor/samples/00559.png 55
ucf/MoppingFloor/samples/00560.png 55
ucf/MoppingFloor/samples/00561.png 55
ucf/MoppingFloor/samples/00562.png 55
ucf/MoppingFloor/samples/00563.png 55
ucf/MoppingFloor/samples/00564.png 55
ucf/MoppingFloor/samples/00565.png 55
ucf/MoppingFloor/samples/00566.png 55
ucf/MoppingFloor/samples/00567.png 55
ucf/MoppingFloor/samples/00568.png 55
ucf/MoppingFloor/samples/00569.png 55
ucf/MoppingFloor/samples/00570.png 55
ucf/MoppingFloor/samples/00571.png 55
ucf/MoppingFloor/samples/00572.png 55
ucf/MoppingFloor/samples/00573.png 55
ucf/MoppingFloor/samples/00574.png 55
ucf/MoppingFloor/samples/00575.png 55
ucf/MoppingFloor/samples/00576.png 55
ucf/MoppingFloor/samples/00577.png 55
ucf/MoppingFloor/samples/00578.png 55
ucf/MoppingFloor/samples/00579.png 55
ucf/MoppingFloor/samples/00580.png 55
ucf/MoppingFloor/samples/00581.png 55
ucf/MoppingFloor/samples/00582.png 55
ucf/MoppingFloor/samples/00583.png 55
ucf/MoppingFloor/samples/00584.png 55
ucf/MoppingFloor/samples/00585.png 55
ucf/MoppingFloor/samples/00586.png 55
ucf/MoppingFloor/samples/00587.png 55
ucf/MoppingFloor/samples/00588.png 55
ucf/MoppingFloor/samples/00589.png 55
ucf/MoppingFloor/samples/00590.png 55
ucf/MoppingFloor/samples/00591.png 55
ucf/MoppingFloor/samples/00592.png 55
ucf/MoppingFloor/samples/00593.png 55
ucf/MoppingFloor/samples/00594.png 55
ucf/MoppingFloor/samples/00595.png 55
ucf/MoppingFloor/samples/00596.png 55
ucf/MoppingFloor/samples/00597.png 55
ucf/MoppingFloor/samples/00598.png 55
ucf/MoppingFloor/samples/00599.png 55
ucf/MoppingFloor/samples/00600.png 55
ucf/MoppingFloor/samples/00601.png 55
ucf/MoppingFloor/samples/00602.png 55
ucf/MoppingFloor/samples/00603.png 55
ucf/MoppingFloor/samples/00604.png 55
ucf/MoppingFloor/samples/00605.png 55
ucf/MoppingFloor/samples/00606.png 55
ucf/MoppingFloor/samples/00607.png 55
ucf/MoppingFloor/samples/00608.png 55
ucf/MoppingFloor/samples/00609.png 55
ucf/MoppingFloor/samples/00610.png 55
ucf/MoppingFloor/samples/00611.png 55
ucf/MoppingFloor/samples/00612.png 55
ucf/MoppingFloor/samples/00613.png 55
ucf/MoppingFloor/samples/00614.png 55
ucf/MoppingFloor/samples/00615.png 55
ucf/MoppingFloor/samples/00616.png 55
ucf/MoppingFloor/samples/00617.png 55
ucf/MoppingFloor/samples/00618.png 55
ucf/MoppingFloor/samples/00619.png 55
ucf/MoppingFloor/samples/00620.png 55
ucf/MoppingFloor/samples/00621.png 55
ucf/MoppingFloor/samples/00622.png 55
ucf/MoppingFloor/samples/00623.png 55
ucf/MoppingFloor/samples/00624.png 55
ucf/MoppingFloor/samples/00625.png 55
ucf/MoppingFloor/samples/00626.png 55
ucf/MoppingFloor/samples/00627.png 55
ucf/MoppingFloor/samples/00628.png 55
ucf/MoppingFloor/samples/00629.png 55
ucf/MoppingFloor/samples/00630.png 55
ucf/MoppingFloor/samples/00631.png 55
ucf/MoppingFloor/samples/00632.png 55
ucf/MoppingFloor/samples/00633.png 55
ucf/MoppingFloor/samples/00634.png 55
ucf/MoppingFloor/samples/00635.png 55
ucf/MoppingFloor/samples/00636.png 55
ucf/MoppingFloor/samples/00637.png 55
ucf/MoppingFloor/samples/00638.png 55
ucf/MoppingFloor/samples/00639.png 55
ucf/MoppingFloor/samples/00640.png 55
ucf/MoppingFloor/samples/00641.png 55
ucf/MoppingFloor/samples/00642.png 55
ucf/MoppingFloor/samples/00643.png 55
ucf/MoppingFloor/samples/00644.png 55
ucf/MoppingFloor/samples/00645.png 55
ucf/MoppingFloor/samples/00646.png 55
ucf/MoppingFloor/samples/00647.png 55
ucf/MoppingFloor/samples/00648.png 55
ucf/MoppingFloor/samples/00649.png 55
ucf/MoppingFloor/samples/00650.png 55
ucf/MoppingFloor/samples/00651.png 55
ucf/MoppingFloor/samples/00652.png 55
ucf/MoppingFloor/samples/00653.png 55
ucf/MoppingFloor/samples/00654.png 55
ucf/MoppingFloor/samples/00655.png 55
ucf/MoppingFloor/samples/00656.png 55
ucf/MoppingFloor/samples/00657.png 55
ucf/MoppingFloor/samples/00658.png 55
ucf/MoppingFloor/samples/00659.png 55
ucf/MoppingFloor/samples/00660.png 55
ucf/MoppingFloor/samples/00661.png 55
ucf/MoppingFloor/samples/00662.png 55
ucf/MoppingFloor/samples/00663.png 55
ucf/MoppingFloor/samples/00664.png 55
ucf/MoppingFloor/samples/00665.png 55
ucf/MoppingFloor/samples/00666.png 55
ucf/MoppingFloor/samples/00667.png 55
ucf/MoppingFloor/samples/00668.png 55
ucf/MoppingFloor/samples/00669.png 55
ucf/MoppingFloor/samples/00670.png 55
ucf/MoppingFloor/samples/00671.png 55
ucf/MoppingFloor/samples/00672.png 55
ucf/MoppingFloor/samples/00673.png 55
ucf/MoppingFloor/samples/00674.png 55
ucf/MoppingFloor/samples/00675.png 55
ucf/MoppingFloor/samples/00676.png 55
ucf/MoppingFloor/samples/00677.png 55
ucf/MoppingFloor/samples/00678.png 55
ucf/MoppingFloor/samples/00679.png 55
ucf/MoppingFloor/samples/00680.png 55
ucf/MoppingFloor/samples/00681.png 55
ucf/MoppingFloor/samples/00682.png 55
ucf/MoppingFloor/samples/00683.png 55
ucf/MoppingFloor/samples/00684.png 55
ucf/MoppingFloor/samples/00685.png 55
ucf/MoppingFloor/samples/00686.png 55
ucf/MoppingFloor/samples/00687.png 55
ucf/MoppingFloor/samples/00688.png 55
ucf/MoppingFloor/samples/00689.png 55
ucf/MoppingFloor/samples/00690.png 55
ucf/MoppingFloor/samples/00691.png 55
ucf/MoppingFloor/samples/00692.png 55
ucf/MoppingFloor/samples/00693.png 55
ucf/MoppingFloor/samples/00694.png 55
ucf/MoppingFloor/samples/00695.png 55
ucf/MoppingFloor/samples/00696.png 55
ucf/MoppingFloor/samples/00697.png 55
ucf/MoppingFloor/samples/00698.png 55
ucf/MoppingFloor/samples/00699.png 55
ucf/MoppingFloor/samples/00700.png 55
ucf/MoppingFloor/samples/00701.png 55
ucf/MoppingFloor/samples/00702.png 55
ucf/MoppingFloor/samples/00703.png 55
ucf/MoppingFloor/samples/00704.png 55
ucf/MoppingFloor/samples/00705.png 55
ucf/MoppingFloor/samples/00706.png 55
ucf/MoppingFloor/samples/00707.png 55
ucf/MoppingFloor/samples/00708.png 55
ucf/MoppingFloor/samples/00709.png 55
ucf/MoppingFloor/samples/00710.png 55
ucf/MoppingFloor/samples/00711.png 55
ucf/MoppingFloor/samples/00712.png 55
ucf/MoppingFloor/samples/00713.png 55
ucf/MoppingFloor/samples/00714.png 55
ucf/MoppingFloor/samples/00715.png 55
ucf/MoppingFloor/samples/00716.png 55
ucf/MoppingFloor/samples/00717.png 55
ucf/MoppingFloor/samples/00718.png 55
ucf/MoppingFloor/samples/00719.png 55
ucf/MoppingFloor/samples/00720.png 55
ucf/MoppingFloor/samples/00721.png 55
ucf/MoppingFloor/samples/00722.png 55
ucf/MoppingFloor/samples/00723.png 55
ucf/MoppingFloor/samples/00724.png 55
ucf/MoppingFloor/samples/00725.png 55
ucf/MoppingFloor/samples/00726.png 55
ucf/MoppingFloor/samples/00727.png 55
ucf/MoppingFloor/samples/00728.png 55
ucf/MoppingFloor/samples/00729.png 55
ucf/MoppingFloor/samples/00730.png 55
ucf/MoppingFloor/samples/00731.png 55
ucf/MoppingFloor/samples/00732.png 55
ucf/MoppingFloor/samples/00733.png 55
ucf/MoppingFloor/samples/00734.png 55
ucf/MoppingFloor/samples/00735.png 55
ucf/MoppingFloor/samples/00736.png 55
ucf/MoppingFloor/samples/00737.png 55
ucf/MoppingFloor/samples/00738.png 55
ucf/MoppingFloor/samples/00739.png 55
ucf/MoppingFloor/samples/00740.png 55
ucf/MoppingFloor/samples/00741.png 55
ucf/MoppingFloor/samples/00742.png 55
ucf/MoppingFloor/samples/00743.png 55
ucf/MoppingFloor/samples/00744.png 55
ucf/MoppingFloor/samples/00745.png 55
ucf/MoppingFloor/samples/00746.png 55
ucf/MoppingFloor/samples/00747.png 55
ucf/MoppingFloor/samples/00748.png 55
ucf/MoppingFloor/samples/00749.png 55
ucf/MoppingFloor/samples/00750.png 55
ucf/MoppingFloor/samples/00751.png 55
ucf/MoppingFloor/samples/00752.png 55
ucf/MoppingFloor/samples/00753.png 55
ucf/MoppingFloor/samples/00754.png 55
ucf/MoppingFloor/samples/00755.png 55
ucf/MoppingFloor/samples/00756.png 55
ucf/MoppingFloor/samples/00757.png 55
ucf/MoppingFloor/samples/00758.png 55
ucf/MoppingFloor/samples/00759.png 55
ucf/MoppingFloor/samples/00760.png 55
ucf/MoppingFloor/samples/00761.png 55
ucf/MoppingFloor/samples/00762.png 55
ucf/MoppingFloor/samples/00763.png 55
ucf/MoppingFloor/samples/00764.png 55
ucf/MoppingFloor/samples/00765.png 55
ucf/MoppingFloor/samples/00766.png 55
ucf/MoppingFloor/samples/00767.png 55
ucf/MoppingFloor/samples/00768.png 55
ucf/MoppingFloor/samples/00769.png 55
ucf/MoppingFloor/samples/00770.png 55
ucf/MoppingFloor/samples/00771.png 55
ucf/MoppingFloor/samples/00772.png 55
ucf/MoppingFloor/samples/00773.png 55
ucf/MoppingFloor/samples/00774.png 55
ucf/MoppingFloor/samples/00775.png 55
ucf/MoppingFloor/samples/00776.png 55
ucf/MoppingFloor/samples/00777.png 55
ucf/MoppingFloor/samples/00778.png 55
ucf/MoppingFloor/samples/00779.png 55
ucf/MoppingFloor/samples/00780.png 55
ucf/MoppingFloor/samples/00781.png 55
ucf/MoppingFloor/samples/00782.png 55
ucf/MoppingFloor/samples/00783.png 55
ucf/MoppingFloor/samples/00784.png 55
ucf/MoppingFloor/samples/00785.png 55
ucf/MoppingFloor/samples/00786.png 55
ucf/MoppingFloor/samples/00787.png 55
ucf/MoppingFloor/samples/00788.png 55
ucf/MoppingFloor/samples/00789.png 55
ucf/MoppingFloor/samples/00790.png 55
ucf/MoppingFloor/samples/00791.png 55
ucf/MoppingFloor/samples/00792.png 55
ucf/MoppingFloor/samples/00793.png 55
ucf/MoppingFloor/samples/00794.png 55
ucf/MoppingFloor/samples/00795.png 55
ucf/MoppingFloor/samples/00796.png 55
ucf/MoppingFloor/samples/00797.png 55
ucf/MoppingFloor/samples/00798.png 55
ucf/MoppingFloor/samples/00799.png 55
ucf/MoppingFloor/samples/00800.png 55
ucf/MoppingFloor/samples/00801.png 55
ucf/MoppingFloor/samples/00802.png 55
ucf/MoppingFloor/samples/00803.png 55
ucf/MoppingFloor/samples/00804.png 55
ucf/MoppingFloor/samples/00805.png 55
ucf/MoppingFloor/samples/00806.png 55
ucf/MoppingFloor/samples/00807.png 55
ucf/MoppingFloor/samples/00808.png 55
ucf/MoppingFloor/samples/00809.png 55
ucf/MoppingFloor/samples/00810.png 55
ucf/MoppingFloor/samples/00811.png 55
ucf/MoppingFloor/samples/00812.png 55
ucf/MoppingFloor/samples/00813.png 55
ucf/MoppingFloor/samples/00814.png 55
ucf/MoppingFloor/samples/00815.png 55
ucf/MoppingFloor/samples/00816.png 55
ucf/MoppingFloor/samples/00817.png 55
ucf/MoppingFloor/samples/00818.png 55
ucf/MoppingFloor/samples/00819.png 55
ucf/MoppingFloor/samples/00820.png 55
ucf/MoppingFloor/samples/00821.png 55
ucf/MoppingFloor/samples/00822.png 55
ucf/MoppingFloor/samples/00823.png 55
ucf/MoppingFloor/samples/00824.png 55
ucf/MoppingFloor/samples/00825.png 55
ucf/MoppingFloor/samples/00826.png 55
ucf/MoppingFloor/samples/00827.png 55
ucf/MoppingFloor/samples/00828.png 55
ucf/MoppingFloor/samples/00829.png 55
ucf/MoppingFloor/samples/00830.png 55
ucf/MoppingFloor/samples/00831.png 55
ucf/MoppingFloor/samples/00832.png 55
ucf/MoppingFloor/samples/00833.png 55
ucf/MoppingFloor/samples/00834.png 55
ucf/MoppingFloor/samples/00835.png 55
ucf/MoppingFloor/samples/00836.png 55
ucf/MoppingFloor/samples/00837.png 55
ucf/MoppingFloor/samples/00838.png 55
ucf/MoppingFloor/samples/00839.png 55
ucf/MoppingFloor/samples/00840.png 55
ucf/MoppingFloor/samples/00841.png 55
ucf/MoppingFloor/samples/00842.png 55
ucf/MoppingFloor/samples/00843.png 55
ucf/MoppingFloor/samples/00844.png 55
ucf/MoppingFloor/samples/00845.png 55
ucf/MoppingFloor/samples/00846.png 55
ucf/MoppingFloor/samples/00847.png 55
ucf/MoppingFloor/samples/00848.png 55
ucf/MoppingFloor/samples/00849.png 55
ucf/MoppingFloor/samples/00850.png 55
ucf/MoppingFloor/samples/00851.png 55
ucf/MoppingFloor/samples/00852.png 55
ucf/MoppingFloor/samples/00853.png 55
ucf/MoppingFloor/samples/00854.png 55
ucf/MoppingFloor/samples/00855.png 55
ucf/MoppingFloor/samples/00856.png 55
ucf/MoppingFloor/samples/00857.png 55
ucf/MoppingFloor/samples/00858.png 55
ucf/MoppingFloor/samples/00859.png 55
ucf/MoppingFloor/samples/00860.png 55
ucf/MoppingFloor/samples/00861.png 55
ucf/MoppingFloor/samples/00862.png 55
ucf/MoppingFloor/samples/00863.png 55
ucf/MoppingFloor/samples/00864.png 55
ucf/MoppingFloor/samples/00865.png 55
ucf/MoppingFloor/samples/00866.png 55
ucf/MoppingFloor/samples/00867.png 55
ucf/MoppingFloor/samples/00868.png 55
ucf/MoppingFloor/samples/00869.png 55
ucf/MoppingFloor/samples/00870.png 55
ucf/MoppingFloor/samples/00871.png 55
ucf/MoppingFloor/samples/00872.png 55
ucf/MoppingFloor/samples/00873.png 55
ucf/MoppingFloor/samples/00874.png 55
ucf/MoppingFloor/samples/00875.png 55
ucf/MoppingFloor/samples/00876.png 55
ucf/MoppingFloor/samples/00877.png 55
ucf/MoppingFloor/samples/00878.png 55
ucf/MoppingFloor/samples/00879.png 55
ucf/MoppingFloor/samples/00880.png 55
ucf/MoppingFloor/samples/00881.png 55
ucf/MoppingFloor/samples/00882.png 55
ucf/MoppingFloor/samples/00883.png 55
ucf/MoppingFloor/samples/00884.png 55
ucf/MoppingFloor/samples/00885.png 55
ucf/MoppingFloor/samples/00886.png 55
ucf/MoppingFloor/samples/00887.png 55
ucf/MoppingFloor/samples/00888.png 55
ucf/MoppingFloor/samples/00889.png 55
ucf/MoppingFloor/samples/00890.png 55
ucf/MoppingFloor/samples/00891.png 55
ucf/MoppingFloor/samples/00892.png 55
ucf/MoppingFloor/samples/00893.png 55
ucf/MoppingFloor/samples/00894.png 55
ucf/MoppingFloor/samples/00895.png 55
ucf/MoppingFloor/samples/00896.png 55
ucf/MoppingFloor/samples/00897.png 55
ucf/MoppingFloor/samples/00898.png 55
ucf/MoppingFloor/samples/00899.png 55
ucf/MoppingFloor/samples/00900.png 55
ucf/MoppingFloor/samples/00901.png 55
ucf/MoppingFloor/samples/00902.png 55
ucf/MoppingFloor/samples/00903.png 55
ucf/MoppingFloor/samples/00904.png 55
ucf/MoppingFloor/samples/00905.png 55
ucf/MoppingFloor/samples/00906.png 55
ucf/MoppingFloor/samples/00907.png 55
ucf/MoppingFloor/samples/00908.png 55
ucf/MoppingFloor/samples/00909.png 55
ucf/MoppingFloor/samples/00910.png 55
ucf/MoppingFloor/samples/00911.png 55
ucf/MoppingFloor/samples/00912.png 55
ucf/MoppingFloor/samples/00913.png 55
ucf/MoppingFloor/samples/00914.png 55
ucf/MoppingFloor/samples/00915.png 55
ucf/MoppingFloor/samples/00916.png 55
ucf/MoppingFloor/samples/00917.png 55
ucf/MoppingFloor/samples/00918.png 55
ucf/MoppingFloor/samples/00919.png 55
ucf/MoppingFloor/samples/00920.png 55
ucf/MoppingFloor/samples/00921.png 55
ucf/MoppingFloor/samples/00922.png 55
ucf/MoppingFloor/samples/00923.png 55
ucf/MoppingFloor/samples/00924.png 55
ucf/MoppingFloor/samples/00925.png 55
ucf/MoppingFloor/samples/00926.png 55
ucf/MoppingFloor/samples/00927.png 55
ucf/MoppingFloor/samples/00928.png 55
ucf/MoppingFloor/samples/00929.png 55
ucf/MoppingFloor/samples/00930.png 55
ucf/MoppingFloor/samples/00931.png 55
ucf/MoppingFloor/samples/00932.png 55
ucf/MoppingFloor/samples/00933.png 55
ucf/MoppingFloor/samples/00934.png 55
ucf/MoppingFloor/samples/00935.png 55
ucf/MoppingFloor/samples/00936.png 55
ucf/MoppingFloor/samples/00937.png 55
ucf/MoppingFloor/samples/00938.png 55
ucf/MoppingFloor/samples/00939.png 55
ucf/MoppingFloor/samples/00940.png 55
ucf/MoppingFloor/samples/00941.png 55
ucf/MoppingFloor/samples/00942.png 55
ucf/MoppingFloor/samples/00943.png 55
ucf/MoppingFloor/samples/00944.png 55
ucf/MoppingFloor/samples/00945.png 55
ucf/MoppingFloor/samples/00946.png 55
ucf/MoppingFloor/samples/00947.png 55
ucf/MoppingFloor/samples/00948.png 55
ucf/MoppingFloor/samples/00949.png 55
ucf/MoppingFloor/samples/00950.png 55
ucf/MoppingFloor/samples/00951.png 55
ucf/MoppingFloor/samples/00952.png 55
ucf/MoppingFloor/samples/00953.png 55
ucf/MoppingFloor/samples/00954.png 55
ucf/MoppingFloor/samples/00955.png 55
ucf/MoppingFloor/samples/00956.png 55
ucf/MoppingFloor/samples/00957.png 55
ucf/MoppingFloor/samples/00958.png 55
ucf/MoppingFloor/samples/00959.png 55
ucf/MoppingFloor/samples/00960.png 55
ucf/MoppingFloor/samples/00961.png 55
ucf/MoppingFloor/samples/00962.png 55
ucf/MoppingFloor/samples/00963.png 55
ucf/MoppingFloor/samples/00964.png 55
ucf/MoppingFloor/samples/00965.png 55
ucf/MoppingFloor/samples/00966.png 55
ucf/MoppingFloor/samples/00967.png 55
ucf/MoppingFloor/samples/00968.png 55
ucf/MoppingFloor/samples/00969.png 55
ucf/MoppingFloor/samples/00970.png 55
ucf/MoppingFloor/samples/00971.png 55
ucf/MoppingFloor/samples/00972.png 55
ucf/MoppingFloor/samples/00973.png 55
ucf/MoppingFloor/samples/00974.png 55
ucf/MoppingFloor/samples/00975.png 55
ucf/MoppingFloor/samples/00976.png 55
ucf/MoppingFloor/samples/00977.png 55
ucf/MoppingFloor/samples/00978.png 55
ucf/MoppingFloor/samples/00979.png 55
ucf/MoppingFloor/samples/00980.png 55
ucf/MoppingFloor/samples/00981.png 55
ucf/MoppingFloor/samples/00982.png 55
ucf/MoppingFloor/samples/00983.png 55
ucf/MoppingFloor/samples/00984.png 55
ucf/MoppingFloor/samples/00985.png 55
ucf/MoppingFloor/samples/00986.png 55
ucf/MoppingFloor/samples/00987.png 55
ucf/MoppingFloor/samples/00988.png 55
ucf/MoppingFloor/samples/00989.png 55
ucf/MoppingFloor/samples/00990.png 55
ucf/MoppingFloor/samples/00991.png 55
ucf/MoppingFloor/samples/00992.png 55
ucf/MoppingFloor/samples/00993.png 55
ucf/MoppingFloor/samples/00994.png 55
ucf/MoppingFloor/samples/00995.png 55
ucf/MoppingFloor/samples/00996.png 55
ucf/MoppingFloor/samples/00997.png 55
ucf/MoppingFloor/samples/00998.png 55
ucf/MoppingFloor/samples/00999.png 55
ucf/Mixing/samples/00000.png 54
ucf/Mixing/samples/00001.png 54
ucf/Mixing/samples/00002.png 54
ucf/Mixing/samples/00003.png 54
ucf/Mixing/samples/00004.png 54
ucf/Mixing/samples/00005.png 54
ucf/Mixing/samples/00006.png 54
ucf/Mixing/samples/00007.png 54
ucf/Mixing/samples/00008.png 54
ucf/Mixing/samples/00009.png 54
ucf/Mixing/samples/00010.png 54
ucf/Mixing/samples/00011.png 54
ucf/Mixing/samples/00012.png 54
ucf/Mixing/samples/00013.png 54
ucf/Mixing/samples/00014.png 54
ucf/Mixing/samples/00015.png 54
ucf/Mixing/samples/00016.png 54
ucf/Mixing/samples/00017.png 54
ucf/Mixing/samples/00018.png 54
ucf/Mixing/samples/00019.png 54
ucf/Mixing/samples/00020.png 54
ucf/Mixing/samples/00021.png 54
ucf/Mixing/samples/00022.png 54
ucf/Mixing/samples/00023.png 54
ucf/Mixing/samples/00024.png 54
ucf/Mixing/samples/00025.png 54
ucf/Mixing/samples/00026.png 54
ucf/Mixing/samples/00027.png 54
ucf/Mixing/samples/00028.png 54
ucf/Mixing/samples/00029.png 54
ucf/Mixing/samples/00030.png 54
ucf/Mixing/samples/00031.png 54
ucf/Mixing/samples/00032.png 54
ucf/Mixing/samples/00033.png 54
ucf/Mixing/samples/00034.png 54
ucf/Mixing/samples/00035.png 54
ucf/Mixing/samples/00036.png 54
ucf/Mixing/samples/00037.png 54
ucf/Mixing/samples/00038.png 54
ucf/Mixing/samples/00039.png 54
ucf/Mixing/samples/00040.png 54
ucf/Mixing/samples/00041.png 54
ucf/Mixing/samples/00042.png 54
ucf/Mixing/samples/00043.png 54
ucf/Mixing/samples/00044.png 54
ucf/Mixing/samples/00045.png 54
ucf/Mixing/samples/00046.png 54
ucf/Mixing/samples/00047.png 54
ucf/Mixing/samples/00048.png 54
ucf/Mixing/samples/00049.png 54
ucf/Mixing/samples/00050.png 54
ucf/Mixing/samples/00051.png 54
ucf/Mixing/samples/00052.png 54
ucf/Mixing/samples/00053.png 54
ucf/Mixing/samples/00054.png 54
ucf/Mixing/samples/00055.png 54
ucf/Mixing/samples/00056.png 54
ucf/Mixing/samples/00057.png 54
ucf/Mixing/samples/00058.png 54
ucf/Mixing/samples/00059.png 54
ucf/Mixing/samples/00060.png 54
ucf/Mixing/samples/00061.png 54
ucf/Mixing/samples/00062.png 54
ucf/Mixing/samples/00063.png 54
ucf/Mixing/samples/00064.png 54
ucf/Mixing/samples/00065.png 54
ucf/Mixing/samples/00066.png 54
ucf/Mixing/samples/00067.png 54
ucf/Mixing/samples/00068.png 54
ucf/Mixing/samples/00069.png 54
ucf/Mixing/samples/00070.png 54
ucf/Mixing/samples/00071.png 54
ucf/Mixing/samples/00072.png 54
ucf/Mixing/samples/00073.png 54
ucf/Mixing/samples/00074.png 54
ucf/Mixing/samples/00075.png 54
ucf/Mixing/samples/00076.png 54
ucf/Mixing/samples/00077.png 54
ucf/Mixing/samples/00078.png 54
ucf/Mixing/samples/00079.png 54
ucf/Mixing/samples/00080.png 54
ucf/Mixing/samples/00081.png 54
ucf/Mixing/samples/00082.png 54
ucf/Mixing/samples/00083.png 54
ucf/Mixing/samples/00084.png 54
ucf/Mixing/samples/00085.png 54
ucf/Mixing/samples/00086.png 54
ucf/Mixing/samples/00087.png 54
ucf/Mixing/samples/00088.png 54
ucf/Mixing/samples/00089.png 54
ucf/Mixing/samples/00090.png 54
ucf/Mixing/samples/00091.png 54
ucf/Mixing/samples/00092.png 54
ucf/Mixing/samples/00093.png 54
ucf/Mixing/samples/00094.png 54
ucf/Mixing/samples/00095.png 54
ucf/Mixing/samples/00096.png 54
ucf/Mixing/samples/00097.png 54
ucf/Mixing/samples/00098.png 54
ucf/Mixing/samples/00099.png 54
ucf/Mixing/samples/00100.png 54
ucf/Mixing/samples/00101.png 54
ucf/Mixing/samples/00102.png 54
ucf/Mixing/samples/00103.png 54
ucf/Mixing/samples/00104.png 54
ucf/Mixing/samples/00105.png 54
ucf/Mixing/samples/00106.png 54
ucf/Mixing/samples/00107.png 54
ucf/Mixing/samples/00108.png 54
ucf/Mixing/samples/00109.png 54
ucf/Mixing/samples/00110.png 54
ucf/Mixing/samples/00111.png 54
ucf/Mixing/samples/00112.png 54
ucf/Mixing/samples/00113.png 54
ucf/Mixing/samples/00114.png 54
ucf/Mixing/samples/00115.png 54
ucf/Mixing/samples/00116.png 54
ucf/Mixing/samples/00117.png 54
ucf/Mixing/samples/00118.png 54
ucf/Mixing/samples/00119.png 54
ucf/Mixing/samples/00120.png 54
ucf/Mixing/samples/00121.png 54
ucf/Mixing/samples/00122.png 54
ucf/Mixing/samples/00123.png 54
ucf/Mixing/samples/00124.png 54
ucf/Mixing/samples/00125.png 54
ucf/Mixing/samples/00126.png 54
ucf/Mixing/samples/00127.png 54
ucf/Mixing/samples/00128.png 54
ucf/Mixing/samples/00129.png 54
ucf/Mixing/samples/00130.png 54
ucf/Mixing/samples/00131.png 54
ucf/Mixing/samples/00132.png 54
ucf/Mixing/samples/00133.png 54
ucf/Mixing/samples/00134.png 54
ucf/Mixing/samples/00135.png 54
ucf/Mixing/samples/00136.png 54
ucf/Mixing/samples/00137.png 54
ucf/Mixing/samples/00138.png 54
ucf/Mixing/samples/00139.png 54
ucf/Mixing/samples/00140.png 54
ucf/Mixing/samples/00141.png 54
ucf/Mixing/samples/00142.png 54
ucf/Mixing/samples/00143.png 54
ucf/Mixing/samples/00144.png 54
ucf/Mixing/samples/00145.png 54
ucf/Mixing/samples/00146.png 54
ucf/Mixing/samples/00147.png 54
ucf/Mixing/samples/00148.png 54
ucf/Mixing/samples/00149.png 54
ucf/Mixing/samples/00150.png 54
ucf/Mixing/samples/00151.png 54
ucf/Mixing/samples/00152.png 54
ucf/Mixing/samples/00153.png 54
ucf/Mixing/samples/00154.png 54
ucf/Mixing/samples/00155.png 54
ucf/Mixing/samples/00156.png 54
ucf/Mixing/samples/00157.png 54
ucf/Mixing/samples/00158.png 54
ucf/Mixing/samples/00159.png 54
ucf/Mixing/samples/00160.png 54
ucf/Mixing/samples/00161.png 54
ucf/Mixing/samples/00162.png 54
ucf/Mixing/samples/00163.png 54
ucf/Mixing/samples/00164.png 54
ucf/Mixing/samples/00165.png 54
ucf/Mixing/samples/00166.png 54
ucf/Mixing/samples/00167.png 54
ucf/Mixing/samples/00168.png 54
ucf/Mixing/samples/00169.png 54
ucf/Mixing/samples/00170.png 54
ucf/Mixing/samples/00171.png 54
ucf/Mixing/samples/00172.png 54
ucf/Mixing/samples/00173.png 54
ucf/Mixing/samples/00174.png 54
ucf/Mixing/samples/00175.png 54
ucf/Mixing/samples/00176.png 54
ucf/Mixing/samples/00177.png 54
ucf/Mixing/samples/00178.png 54
ucf/Mixing/samples/00179.png 54
ucf/Mixing/samples/00180.png 54
ucf/Mixing/samples/00181.png 54
ucf/Mixing/samples/00182.png 54
ucf/Mixing/samples/00183.png 54
ucf/Mixing/samples/00184.png 54
ucf/Mixing/samples/00185.png 54
ucf/Mixing/samples/00186.png 54
ucf/Mixing/samples/00187.png 54
ucf/Mixing/samples/00188.png 54
ucf/Mixing/samples/00189.png 54
ucf/Mixing/samples/00190.png 54
ucf/Mixing/samples/00191.png 54
ucf/Mixing/samples/00192.png 54
ucf/Mixing/samples/00193.png 54
ucf/Mixing/samples/00194.png 54
ucf/Mixing/samples/00195.png 54
ucf/Mixing/samples/00196.png 54
ucf/Mixing/samples/00197.png 54
ucf/Mixing/samples/00198.png 54
ucf/Mixing/samples/00199.png 54
ucf/Mixing/samples/00200.png 54
ucf/Mixing/samples/00201.png 54
ucf/Mixing/samples/00202.png 54
ucf/Mixing/samples/00203.png 54
ucf/Mixing/samples/00204.png 54
ucf/Mixing/samples/00205.png 54
ucf/Mixing/samples/00206.png 54
ucf/Mixing/samples/00207.png 54
ucf/Mixing/samples/00208.png 54
ucf/Mixing/samples/00209.png 54
ucf/Mixing/samples/00210.png 54
ucf/Mixing/samples/00211.png 54
ucf/Mixing/samples/00212.png 54
ucf/Mixing/samples/00213.png 54
ucf/Mixing/samples/00214.png 54
ucf/Mixing/samples/00215.png 54
ucf/Mixing/samples/00216.png 54
ucf/Mixing/samples/00217.png 54
ucf/Mixing/samples/00218.png 54
ucf/Mixing/samples/00219.png 54
ucf/Mixing/samples/00220.png 54
ucf/Mixing/samples/00221.png 54
ucf/Mixing/samples/00222.png 54
ucf/Mixing/samples/00223.png 54
ucf/Mixing/samples/00224.png 54
ucf/Mixing/samples/00225.png 54
ucf/Mixing/samples/00226.png 54
ucf/Mixing/samples/00227.png 54
ucf/Mixing/samples/00228.png 54
ucf/Mixing/samples/00229.png 54
ucf/Mixing/samples/00230.png 54
ucf/Mixing/samples/00231.png 54
ucf/Mixing/samples/00232.png 54
ucf/Mixing/samples/00233.png 54
ucf/Mixing/samples/00234.png 54
ucf/Mixing/samples/00235.png 54
ucf/Mixing/samples/00236.png 54
ucf/Mixing/samples/00237.png 54
ucf/Mixing/samples/00238.png 54
ucf/Mixing/samples/00239.png 54
ucf/Mixing/samples/00240.png 54
ucf/Mixing/samples/00241.png 54
ucf/Mixing/samples/00242.png 54
ucf/Mixing/samples/00243.png 54
ucf/Mixing/samples/00244.png 54
ucf/Mixing/samples/00245.png 54
ucf/Mixing/samples/00246.png 54
ucf/Mixing/samples/00247.png 54
ucf/Mixing/samples/00248.png 54
ucf/Mixing/samples/00249.png 54
ucf/Mixing/samples/00250.png 54
ucf/Mixing/samples/00251.png 54
ucf/Mixing/samples/00252.png 54
ucf/Mixing/samples/00253.png 54
ucf/Mixing/samples/00254.png 54
ucf/Mixing/samples/00255.png 54
ucf/Mixing/samples/00256.png 54
ucf/Mixing/samples/00257.png 54
ucf/Mixing/samples/00258.png 54
ucf/Mixing/samples/00259.png 54
ucf/Mixing/samples/00260.png 54
ucf/Mixing/samples/00261.png 54
ucf/Mixing/samples/00262.png 54
ucf/Mixing/samples/00263.png 54
ucf/Mixing/samples/00264.png 54
ucf/Mixing/samples/00265.png 54
ucf/Mixing/samples/00266.png 54
ucf/Mixing/samples/00267.png 54
ucf/Mixing/samples/00268.png 54
ucf/Mixing/samples/00269.png 54
ucf/Mixing/samples/00270.png 54
ucf/Mixing/samples/00271.png 54
ucf/Mixing/samples/00272.png 54
ucf/Mixing/samples/00273.png 54
ucf/Mixing/samples/00274.png 54
ucf/Mixing/samples/00275.png 54
ucf/Mixing/samples/00276.png 54
ucf/Mixing/samples/00277.png 54
ucf/Mixing/samples/00278.png 54
ucf/Mixing/samples/00279.png 54
ucf/Mixing/samples/00280.png 54
ucf/Mixing/samples/00281.png 54
ucf/Mixing/samples/00282.png 54
ucf/Mixing/samples/00283.png 54
ucf/Mixing/samples/00284.png 54
ucf/Mixing/samples/00285.png 54
ucf/Mixing/samples/00286.png 54
ucf/Mixing/samples/00287.png 54
ucf/Mixing/samples/00288.png 54
ucf/Mixing/samples/00289.png 54
ucf/Mixing/samples/00290.png 54
ucf/Mixing/samples/00291.png 54
ucf/Mixing/samples/00292.png 54
ucf/Mixing/samples/00293.png 54
ucf/Mixing/samples/00294.png 54
ucf/Mixing/samples/00295.png 54
ucf/Mixing/samples/00296.png 54
ucf/Mixing/samples/00297.png 54
ucf/Mixing/samples/00298.png 54
ucf/Mixing/samples/00299.png 54
ucf/Mixing/samples/00300.png 54
ucf/Mixing/samples/00301.png 54
ucf/Mixing/samples/00302.png 54
ucf/Mixing/samples/00303.png 54
ucf/Mixing/samples/00304.png 54
ucf/Mixing/samples/00305.png 54
ucf/Mixing/samples/00306.png 54
ucf/Mixing/samples/00307.png 54
ucf/Mixing/samples/00308.png 54
ucf/Mixing/samples/00309.png 54
ucf/Mixing/samples/00310.png 54
ucf/Mixing/samples/00311.png 54
ucf/Mixing/samples/00312.png 54
ucf/Mixing/samples/00313.png 54
ucf/Mixing/samples/00314.png 54
ucf/Mixing/samples/00315.png 54
ucf/Mixing/samples/00316.png 54
ucf/Mixing/samples/00317.png 54
ucf/Mixing/samples/00318.png 54
ucf/Mixing/samples/00319.png 54
ucf/Mixing/samples/00320.png 54
ucf/Mixing/samples/00321.png 54
ucf/Mixing/samples/00322.png 54
ucf/Mixing/samples/00323.png 54
ucf/Mixing/samples/00324.png 54
ucf/Mixing/samples/00325.png 54
ucf/Mixing/samples/00326.png 54
ucf/Mixing/samples/00327.png 54
ucf/Mixing/samples/00328.png 54
ucf/Mixing/samples/00329.png 54
ucf/Mixing/samples/00330.png 54
ucf/Mixing/samples/00331.png 54
ucf/Mixing/samples/00332.png 54
ucf/Mixing/samples/00333.png 54
ucf/Mixing/samples/00334.png 54
ucf/Mixing/samples/00335.png 54
ucf/Mixing/samples/00336.png 54
ucf/Mixing/samples/00337.png 54
ucf/Mixing/samples/00338.png 54
ucf/Mixing/samples/00339.png 54
ucf/Mixing/samples/00340.png 54
ucf/Mixing/samples/00341.png 54
ucf/Mixing/samples/00342.png 54
ucf/Mixing/samples/00343.png 54
ucf/Mixing/samples/00344.png 54
ucf/Mixing/samples/00345.png 54
ucf/Mixing/samples/00346.png 54
ucf/Mixing/samples/00347.png 54
ucf/Mixing/samples/00348.png 54
ucf/Mixing/samples/00349.png 54
ucf/Mixing/samples/00350.png 54
ucf/Mixing/samples/00351.png 54
ucf/Mixing/samples/00352.png 54
ucf/Mixing/samples/00353.png 54
ucf/Mixing/samples/00354.png 54
ucf/Mixing/samples/00355.png 54
ucf/Mixing/samples/00356.png 54
ucf/Mixing/samples/00357.png 54
ucf/Mixing/samples/00358.png 54
ucf/Mixing/samples/00359.png 54
ucf/Mixing/samples/00360.png 54
ucf/Mixing/samples/00361.png 54
ucf/Mixing/samples/00362.png 54
ucf/Mixing/samples/00363.png 54
ucf/Mixing/samples/00364.png 54
ucf/Mixing/samples/00365.png 54
ucf/Mixing/samples/00366.png 54
ucf/Mixing/samples/00367.png 54
ucf/Mixing/samples/00368.png 54
ucf/Mixing/samples/00369.png 54
ucf/Mixing/samples/00370.png 54
ucf/Mixing/samples/00371.png 54
ucf/Mixing/samples/00372.png 54
ucf/Mixing/samples/00373.png 54
ucf/Mixing/samples/00374.png 54
ucf/Mixing/samples/00375.png 54
ucf/Mixing/samples/00376.png 54
ucf/Mixing/samples/00377.png 54
ucf/Mixing/samples/00378.png 54
ucf/Mixing/samples/00379.png 54
ucf/Mixing/samples/00380.png 54
ucf/Mixing/samples/00381.png 54
ucf/Mixing/samples/00382.png 54
ucf/Mixing/samples/00383.png 54
ucf/Mixing/samples/00384.png 54
ucf/Mixing/samples/00385.png 54
ucf/Mixing/samples/00386.png 54
ucf/Mixing/samples/00387.png 54
ucf/Mixing/samples/00388.png 54
ucf/Mixing/samples/00389.png 54
ucf/Mixing/samples/00390.png 54
ucf/Mixing/samples/00391.png 54
ucf/Mixing/samples/00392.png 54
ucf/Mixing/samples/00393.png 54
ucf/Mixing/samples/00394.png 54
ucf/Mixing/samples/00395.png 54
ucf/Mixing/samples/00396.png 54
ucf/Mixing/samples/00397.png 54
ucf/Mixing/samples/00398.png 54
ucf/Mixing/samples/00399.png 54
ucf/Mixing/samples/00400.png 54
ucf/Mixing/samples/00401.png 54
ucf/Mixing/samples/00402.png 54
ucf/Mixing/samples/00403.png 54
ucf/Mixing/samples/00404.png 54
ucf/Mixing/samples/00405.png 54
ucf/Mixing/samples/00406.png 54
ucf/Mixing/samples/00407.png 54
ucf/Mixing/samples/00408.png 54
ucf/Mixing/samples/00409.png 54
ucf/Mixing/samples/00410.png 54
ucf/Mixing/samples/00411.png 54
ucf/Mixing/samples/00412.png 54
ucf/Mixing/samples/00413.png 54
ucf/Mixing/samples/00414.png 54
ucf/Mixing/samples/00415.png 54
ucf/Mixing/samples/00416.png 54
ucf/Mixing/samples/00417.png 54
ucf/Mixing/samples/00418.png 54
ucf/Mixing/samples/00419.png 54
ucf/Mixing/samples/00420.png 54
ucf/Mixing/samples/00421.png 54
ucf/Mixing/samples/00422.png 54
ucf/Mixing/samples/00423.png 54
ucf/Mixing/samples/00424.png 54
ucf/Mixing/samples/00425.png 54
ucf/Mixing/samples/00426.png 54
ucf/Mixing/samples/00427.png 54
ucf/Mixing/samples/00428.png 54
ucf/Mixing/samples/00429.png 54
ucf/Mixing/samples/00430.png 54
ucf/Mixing/samples/00431.png 54
ucf/Mixing/samples/00432.png 54
ucf/Mixing/samples/00433.png 54
ucf/Mixing/samples/00434.png 54
ucf/Mixing/samples/00435.png 54
ucf/Mixing/samples/00436.png 54
ucf/Mixing/samples/00437.png 54
ucf/Mixing/samples/00438.png 54
ucf/Mixing/samples/00439.png 54
ucf/Mixing/samples/00440.png 54
ucf/Mixing/samples/00441.png 54
ucf/Mixing/samples/00442.png 54
ucf/Mixing/samples/00443.png 54
ucf/Mixing/samples/00444.png 54
ucf/Mixing/samples/00445.png 54
ucf/Mixing/samples/00446.png 54
ucf/Mixing/samples/00447.png 54
ucf/Mixing/samples/00448.png 54
ucf/Mixing/samples/00449.png 54
ucf/Mixing/samples/00450.png 54
ucf/Mixing/samples/00451.png 54
ucf/Mixing/samples/00452.png 54
ucf/Mixing/samples/00453.png 54
ucf/Mixing/samples/00454.png 54
ucf/Mixing/samples/00455.png 54
ucf/Mixing/samples/00456.png 54
ucf/Mixing/samples/00457.png 54
ucf/Mixing/samples/00458.png 54
ucf/Mixing/samples/00459.png 54
ucf/Mixing/samples/00460.png 54
ucf/Mixing/samples/00461.png 54
ucf/Mixing/samples/00462.png 54
ucf/Mixing/samples/00463.png 54
ucf/Mixing/samples/00464.png 54
ucf/Mixing/samples/00465.png 54
ucf/Mixing/samples/00466.png 54
ucf/Mixing/samples/00467.png 54
ucf/Mixing/samples/00468.png 54
ucf/Mixing/samples/00469.png 54
ucf/Mixing/samples/00470.png 54
ucf/Mixing/samples/00471.png 54
ucf/Mixing/samples/00472.png 54
ucf/Mixing/samples/00473.png 54
ucf/Mixing/samples/00474.png 54
ucf/Mixing/samples/00475.png 54
ucf/Mixing/samples/00476.png 54
ucf/Mixing/samples/00477.png 54
ucf/Mixing/samples/00478.png 54
ucf/Mixing/samples/00479.png 54
ucf/Mixing/samples/00480.png 54
ucf/Mixing/samples/00481.png 54
ucf/Mixing/samples/00482.png 54
ucf/Mixing/samples/00483.png 54
ucf/Mixing/samples/00484.png 54
ucf/Mixing/samples/00485.png 54
ucf/Mixing/samples/00486.png 54
ucf/Mixing/samples/00487.png 54
ucf/Mixing/samples/00488.png 54
ucf/Mixing/samples/00489.png 54
ucf/Mixing/samples/00490.png 54
ucf/Mixing/samples/00491.png 54
ucf/Mixing/samples/00492.png 54
ucf/Mixing/samples/00493.png 54
ucf/Mixing/samples/00494.png 54
ucf/Mixing/samples/00495.png 54
ucf/Mixing/samples/00496.png 54
ucf/Mixing/samples/00497.png 54
ucf/Mixing/samples/00498.png 54
ucf/Mixing/samples/00499.png 54
ucf/Mixing/samples/00500.png 54
ucf/Mixing/samples/00501.png 54
ucf/Mixing/samples/00502.png 54
ucf/Mixing/samples/00503.png 54
ucf/Mixing/samples/00504.png 54
ucf/Mixing/samples/00505.png 54
ucf/Mixing/samples/00506.png 54
ucf/Mixing/samples/00507.png 54
ucf/Mixing/samples/00508.png 54
ucf/Mixing/samples/00509.png 54
ucf/Mixing/samples/00510.png 54
ucf/Mixing/samples/00511.png 54
ucf/Mixing/samples/00512.png 54
ucf/Mixing/samples/00513.png 54
ucf/Mixing/samples/00514.png 54
ucf/Mixing/samples/00515.png 54
ucf/Mixing/samples/00516.png 54
ucf/Mixing/samples/00517.png 54
ucf/Mixing/samples/00518.png 54
ucf/Mixing/samples/00519.png 54
ucf/Mixing/samples/00520.png 54
ucf/Mixing/samples/00521.png 54
ucf/Mixing/samples/00522.png 54
ucf/Mixing/samples/00523.png 54
ucf/Mixing/samples/00524.png 54
ucf/Mixing/samples/00525.png 54
ucf/Mixing/samples/00526.png 54
ucf/Mixing/samples/00527.png 54
ucf/Mixing/samples/00528.png 54
ucf/Mixing/samples/00529.png 54
ucf/Mixing/samples/00530.png 54
ucf/Mixing/samples/00531.png 54
ucf/Mixing/samples/00532.png 54
ucf/Mixing/samples/00533.png 54
ucf/Mixing/samples/00534.png 54
ucf/Mixing/samples/00535.png 54
ucf/Mixing/samples/00536.png 54
ucf/Mixing/samples/00537.png 54
ucf/Mixing/samples/00538.png 54
ucf/Mixing/samples/00539.png 54
ucf/Mixing/samples/00540.png 54
ucf/Mixing/samples/00541.png 54
ucf/Mixing/samples/00542.png 54
ucf/Mixing/samples/00543.png 54
ucf/Mixing/samples/00544.png 54
ucf/Mixing/samples/00545.png 54
ucf/Mixing/samples/00546.png 54
ucf/Mixing/samples/00547.png 54
ucf/Mixing/samples/00548.png 54
ucf/Mixing/samples/00549.png 54
ucf/Mixing/samples/00550.png 54
ucf/Mixing/samples/00551.png 54
ucf/Mixing/samples/00552.png 54
ucf/Mixing/samples/00553.png 54
ucf/Mixing/samples/00554.png 54
ucf/Mixing/samples/00555.png 54
ucf/Mixing/samples/00556.png 54
ucf/Mixing/samples/00557.png 54
ucf/Mixing/samples/00558.png 54
ucf/Mixing/samples/00559.png 54
ucf/Mixing/samples/00560.png 54
ucf/Mixing/samples/00561.png 54
ucf/Mixing/samples/00562.png 54
ucf/Mixing/samples/00563.png 54
ucf/Mixing/samples/00564.png 54
ucf/Mixing/samples/00565.png 54
ucf/Mixing/samples/00566.png 54
ucf/Mixing/samples/00567.png 54
ucf/Mixing/samples/00568.png 54
ucf/Mixing/samples/00569.png 54
ucf/Mixing/samples/00570.png 54
ucf/Mixing/samples/00571.png 54
ucf/Mixing/samples/00572.png 54
ucf/Mixing/samples/00573.png 54
ucf/Mixing/samples/00574.png 54
ucf/Mixing/samples/00575.png 54
ucf/Mixing/samples/00576.png 54
ucf/Mixing/samples/00577.png 54
ucf/Mixing/samples/00578.png 54
ucf/Mixing/samples/00579.png 54
ucf/Mixing/samples/00580.png 54
ucf/Mixing/samples/00581.png 54
ucf/Mixing/samples/00582.png 54
ucf/Mixing/samples/00583.png 54
ucf/Mixing/samples/00584.png 54
ucf/Mixing/samples/00585.png 54
ucf/Mixing/samples/00586.png 54
ucf/Mixing/samples/00587.png 54
ucf/Mixing/samples/00588.png 54
ucf/Mixing/samples/00589.png 54
ucf/Mixing/samples/00590.png 54
ucf/Mixing/samples/00591.png 54
ucf/Mixing/samples/00592.png 54
ucf/Mixing/samples/00593.png 54
ucf/Mixing/samples/00594.png 54
ucf/Mixing/samples/00595.png 54
ucf/Mixing/samples/00596.png 54
ucf/Mixing/samples/00597.png 54
ucf/Mixing/samples/00598.png 54
ucf/Mixing/samples/00599.png 54
ucf/Mixing/samples/00600.png 54
ucf/Mixing/samples/00601.png 54
ucf/Mixing/samples/00602.png 54
ucf/Mixing/samples/00603.png 54
ucf/Mixing/samples/00604.png 54
ucf/Mixing/samples/00605.png 54
ucf/Mixing/samples/00606.png 54
ucf/Mixing/samples/00607.png 54
ucf/Mixing/samples/00608.png 54
ucf/Mixing/samples/00609.png 54
ucf/Mixing/samples/00610.png 54
ucf/Mixing/samples/00611.png 54
ucf/Mixing/samples/00612.png 54
ucf/Mixing/samples/00613.png 54
ucf/Mixing/samples/00614.png 54
ucf/Mixing/samples/00615.png 54
ucf/Mixing/samples/00616.png 54
ucf/Mixing/samples/00617.png 54
ucf/Mixing/samples/00618.png 54
ucf/Mixing/samples/00619.png 54
ucf/Mixing/samples/00620.png 54
ucf/Mixing/samples/00621.png 54
ucf/Mixing/samples/00622.png 54
ucf/Mixing/samples/00623.png 54
ucf/Mixing/samples/00624.png 54
ucf/Mixing/samples/00625.png 54
ucf/Mixing/samples/00626.png 54
ucf/Mixing/samples/00627.png 54
ucf/Mixing/samples/00628.png 54
ucf/Mixing/samples/00629.png 54
ucf/Mixing/samples/00630.png 54
ucf/Mixing/samples/00631.png 54
ucf/Mixing/samples/00632.png 54
ucf/Mixing/samples/00633.png 54
ucf/Mixing/samples/00634.png 54
ucf/Mixing/samples/00635.png 54
ucf/Mixing/samples/00636.png 54
ucf/Mixing/samples/00637.png 54
ucf/Mixing/samples/00638.png 54
ucf/Mixing/samples/00639.png 54
ucf/Mixing/samples/00640.png 54
ucf/Mixing/samples/00641.png 54
ucf/Mixing/samples/00642.png 54
ucf/Mixing/samples/00643.png 54
ucf/Mixing/samples/00644.png 54
ucf/Mixing/samples/00645.png 54
ucf/Mixing/samples/00646.png 54
ucf/Mixing/samples/00647.png 54
ucf/Mixing/samples/00648.png 54
ucf/Mixing/samples/00649.png 54
ucf/Mixing/samples/00650.png 54
ucf/Mixing/samples/00651.png 54
ucf/Mixing/samples/00652.png 54
ucf/Mixing/samples/00653.png 54
ucf/Mixing/samples/00654.png 54
ucf/Mixing/samples/00655.png 54
ucf/Mixing/samples/00656.png 54
ucf/Mixing/samples/00657.png 54
ucf/Mixing/samples/00658.png 54
ucf/Mixing/samples/00659.png 54
ucf/Mixing/samples/00660.png 54
ucf/Mixing/samples/00661.png 54
ucf/Mixing/samples/00662.png 54
ucf/Mixing/samples/00663.png 54
ucf/Mixing/samples/00664.png 54
ucf/Mixing/samples/00665.png 54
ucf/Mixing/samples/00666.png 54
ucf/Mixing/samples/00667.png 54
ucf/Mixing/samples/00668.png 54
ucf/Mixing/samples/00669.png 54
ucf/Mixing/samples/00670.png 54
ucf/Mixing/samples/00671.png 54
ucf/Mixing/samples/00672.png 54
ucf/Mixing/samples/00673.png 54
ucf/Mixing/samples/00674.png 54
ucf/Mixing/samples/00675.png 54
ucf/Mixing/samples/00676.png 54
ucf/Mixing/samples/00677.png 54
ucf/Mixing/samples/00678.png 54
ucf/Mixing/samples/00679.png 54
ucf/Mixing/samples/00680.png 54
ucf/Mixing/samples/00681.png 54
ucf/Mixing/samples/00682.png 54
ucf/Mixing/samples/00683.png 54
ucf/Mixing/samples/00684.png 54
ucf/Mixing/samples/00685.png 54
ucf/Mixing/samples/00686.png 54
ucf/Mixing/samples/00687.png 54
ucf/Mixing/samples/00688.png 54
ucf/Mixing/samples/00689.png 54
ucf/Mixing/samples/00690.png 54
ucf/Mixing/samples/00691.png 54
ucf/Mixing/samples/00692.png 54
ucf/Mixing/samples/00693.png 54
ucf/Mixing/samples/00694.png 54
ucf/Mixing/samples/00695.png 54
ucf/Mixing/samples/00696.png 54
ucf/Mixing/samples/00697.png 54
ucf/Mixing/samples/00698.png 54
ucf/Mixing/samples/00699.png 54
ucf/Mixing/samples/00700.png 54
ucf/Mixing/samples/00701.png 54
ucf/Mixing/samples/00702.png 54
ucf/Mixing/samples/00703.png 54
ucf/Mixing/samples/00704.png 54
ucf/Mixing/samples/00705.png 54
ucf/Mixing/samples/00706.png 54
ucf/Mixing/samples/00707.png 54
ucf/Mixing/samples/00708.png 54
ucf/Mixing/samples/00709.png 54
ucf/Mixing/samples/00710.png 54
ucf/Mixing/samples/00711.png 54
ucf/Mixing/samples/00712.png 54
ucf/Mixing/samples/00713.png 54
ucf/Mixing/samples/00714.png 54
ucf/Mixing/samples/00715.png 54
ucf/Mixing/samples/00716.png 54
ucf/Mixing/samples/00717.png 54
ucf/Mixing/samples/00718.png 54
ucf/Mixing/samples/00719.png 54
ucf/Mixing/samples/00720.png 54
ucf/Mixing/samples/00721.png 54
ucf/Mixing/samples/00722.png 54
ucf/Mixing/samples/00723.png 54
ucf/Mixing/samples/00724.png 54
ucf/Mixing/samples/00725.png 54
ucf/Mixing/samples/00726.png 54
ucf/Mixing/samples/00727.png 54
ucf/Mixing/samples/00728.png 54
ucf/Mixing/samples/00729.png 54
ucf/Mixing/samples/00730.png 54
ucf/Mixing/samples/00731.png 54
ucf/Mixing/samples/00732.png 54
ucf/Mixing/samples/00733.png 54
ucf/Mixing/samples/00734.png 54
ucf/Mixing/samples/00735.png 54
ucf/Mixing/samples/00736.png 54
ucf/Mixing/samples/00737.png 54
ucf/Mixing/samples/00738.png 54
ucf/Mixing/samples/00739.png 54
ucf/Mixing/samples/00740.png 54
ucf/Mixing/samples/00741.png 54
ucf/Mixing/samples/00742.png 54
ucf/Mixing/samples/00743.png 54
ucf/Mixing/samples/00744.png 54
ucf/Mixing/samples/00745.png 54
ucf/Mixing/samples/00746.png 54
ucf/Mixing/samples/00747.png 54
ucf/Mixing/samples/00748.png 54
ucf/Mixing/samples/00749.png 54
ucf/Mixing/samples/00750.png 54
ucf/Mixing/samples/00751.png 54
ucf/Mixing/samples/00752.png 54
ucf/Mixing/samples/00753.png 54
ucf/Mixing/samples/00754.png 54
ucf/Mixing/samples/00755.png 54
ucf/Mixing/samples/00756.png 54
ucf/Mixing/samples/00757.png 54
ucf/Mixing/samples/00758.png 54
ucf/Mixing/samples/00759.png 54
ucf/Mixing/samples/00760.png 54
ucf/Mixing/samples/00761.png 54
ucf/Mixing/samples/00762.png 54
ucf/Mixing/samples/00763.png 54
ucf/Mixing/samples/00764.png 54
ucf/Mixing/samples/00765.png 54
ucf/Mixing/samples/00766.png 54
ucf/Mixing/samples/00767.png 54
ucf/Mixing/samples/00768.png 54
ucf/Mixing/samples/00769.png 54
ucf/Mixing/samples/00770.png 54
ucf/Mixing/samples/00771.png 54
ucf/Mixing/samples/00772.png 54
ucf/Mixing/samples/00773.png 54
ucf/Mixing/samples/00774.png 54
ucf/Mixing/samples/00775.png 54
ucf/Mixing/samples/00776.png 54
ucf/Mixing/samples/00777.png 54
ucf/Mixing/samples/00778.png 54
ucf/Mixing/samples/00779.png 54
ucf/Mixing/samples/00780.png 54
ucf/Mixing/samples/00781.png 54
ucf/Mixing/samples/00782.png 54
ucf/Mixing/samples/00783.png 54
ucf/Mixing/samples/00784.png 54
ucf/Mixing/samples/00785.png 54
ucf/Mixing/samples/00786.png 54
ucf/Mixing/samples/00787.png 54
ucf/Mixing/samples/00788.png 54
ucf/Mixing/samples/00789.png 54
ucf/Mixing/samples/00790.png 54
ucf/Mixing/samples/00791.png 54
ucf/Mixing/samples/00792.png 54
ucf/Mixing/samples/00793.png 54
ucf/Mixing/samples/00794.png 54
ucf/Mixing/samples/00795.png 54
ucf/Mixing/samples/00796.png 54
ucf/Mixing/samples/00797.png 54
ucf/Mixing/samples/00798.png 54
ucf/Mixing/samples/00799.png 54
ucf/Mixing/samples/00800.png 54
ucf/Mixing/samples/00801.png 54
ucf/Mixing/samples/00802.png 54
ucf/Mixing/samples/00803.png 54
ucf/Mixing/samples/00804.png 54
ucf/Mixing/samples/00805.png 54
ucf/Mixing/samples/00806.png 54
ucf/Mixing/samples/00807.png 54
ucf/Mixing/samples/00808.png 54
ucf/Mixing/samples/00809.png 54
ucf/Mixing/samples/00810.png 54
ucf/Mixing/samples/00811.png 54
ucf/Mixing/samples/00812.png 54
ucf/Mixing/samples/00813.png 54
ucf/Mixing/samples/00814.png 54
ucf/Mixing/samples/00815.png 54
ucf/Mixing/samples/00816.png 54
ucf/Mixing/samples/00817.png 54
ucf/Mixing/samples/00818.png 54
ucf/Mixing/samples/00819.png 54
ucf/Mixing/samples/00820.png 54
ucf/Mixing/samples/00821.png 54
ucf/Mixing/samples/00822.png 54
ucf/Mixing/samples/00823.png 54
ucf/Mixing/samples/00824.png 54
ucf/Mixing/samples/00825.png 54
ucf/Mixing/samples/00826.png 54
ucf/Mixing/samples/00827.png 54
ucf/Mixing/samples/00828.png 54
ucf/Mixing/samples/00829.png 54
ucf/Mixing/samples/00830.png 54
ucf/Mixing/samples/00831.png 54
ucf/Mixing/samples/00832.png 54
ucf/Mixing/samples/00833.png 54
ucf/Mixing/samples/00834.png 54
ucf/Mixing/samples/00835.png 54
ucf/Mixing/samples/00836.png 54
ucf/Mixing/samples/00837.png 54
ucf/Mixing/samples/00838.png 54
ucf/Mixing/samples/00839.png 54
ucf/Mixing/samples/00840.png 54
ucf/Mixing/samples/00841.png 54
ucf/Mixing/samples/00842.png 54
ucf/Mixing/samples/00843.png 54
ucf/Mixing/samples/00844.png 54
ucf/Mixing/samples/00845.png 54
ucf/Mixing/samples/00846.png 54
ucf/Mixing/samples/00847.png 54
ucf/Mixing/samples/00848.png 54
ucf/Mixing/samples/00849.png 54
ucf/Mixing/samples/00850.png 54
ucf/Mixing/samples/00851.png 54
ucf/Mixing/samples/00852.png 54
ucf/Mixing/samples/00853.png 54
ucf/Mixing/samples/00854.png 54
ucf/Mixing/samples/00855.png 54
ucf/Mixing/samples/00856.png 54
ucf/Mixing/samples/00857.png 54
ucf/Mixing/samples/00858.png 54
ucf/Mixing/samples/00859.png 54
ucf/Mixing/samples/00860.png 54
ucf/Mixing/samples/00861.png 54
ucf/Mixing/samples/00862.png 54
ucf/Mixing/samples/00863.png 54
ucf/Mixing/samples/00864.png 54
ucf/Mixing/samples/00865.png 54
ucf/Mixing/samples/00866.png 54
ucf/Mixing/samples/00867.png 54
ucf/Mixing/samples/00868.png 54
ucf/Mixing/samples/00869.png 54
ucf/Mixing/samples/00870.png 54
ucf/Mixing/samples/00871.png 54
ucf/Mixing/samples/00872.png 54
ucf/Mixing/samples/00873.png 54
ucf/Mixing/samples/00874.png 54
ucf/Mixing/samples/00875.png 54
ucf/Mixing/samples/00876.png 54
ucf/Mixing/samples/00877.png 54
ucf/Mixing/samples/00878.png 54
ucf/Mixing/samples/00879.png 54
ucf/Mixing/samples/00880.png 54
ucf/Mixing/samples/00881.png 54
ucf/Mixing/samples/00882.png 54
ucf/Mixing/samples/00883.png 54
ucf/Mixing/samples/00884.png 54
ucf/Mixing/samples/00885.png 54
ucf/Mixing/samples/00886.png 54
ucf/Mixing/samples/00887.png 54
ucf/Mixing/samples/00888.png 54
ucf/Mixing/samples/00889.png 54
ucf/Mixing/samples/00890.png 54
ucf/Mixing/samples/00891.png 54
ucf/Mixing/samples/00892.png 54
ucf/Mixing/samples/00893.png 54
ucf/Mixing/samples/00894.png 54
ucf/Mixing/samples/00895.png 54
ucf/Mixing/samples/00896.png 54
ucf/Mixing/samples/00897.png 54
ucf/Mixing/samples/00898.png 54
ucf/Mixing/samples/00899.png 54
ucf/Mixing/samples/00900.png 54
ucf/Mixing/samples/00901.png 54
ucf/Mixing/samples/00902.png 54
ucf/Mixing/samples/00903.png 54
ucf/Mixing/samples/00904.png 54
ucf/Mixing/samples/00905.png 54
ucf/Mixing/samples/00906.png 54
ucf/Mixing/samples/00907.png 54
ucf/Mixing/samples/00908.png 54
ucf/Mixing/samples/00909.png 54
ucf/Mixing/samples/00910.png 54
ucf/Mixing/samples/00911.png 54
ucf/Mixing/samples/00912.png 54
ucf/Mixing/samples/00913.png 54
ucf/Mixing/samples/00914.png 54
ucf/Mixing/samples/00915.png 54
ucf/Mixing/samples/00916.png 54
ucf/Mixing/samples/00917.png 54
ucf/Mixing/samples/00918.png 54
ucf/Mixing/samples/00919.png 54
ucf/Mixing/samples/00920.png 54
ucf/Mixing/samples/00921.png 54
ucf/Mixing/samples/00922.png 54
ucf/Mixing/samples/00923.png 54
ucf/Mixing/samples/00924.png 54
ucf/Mixing/samples/00925.png 54
ucf/Mixing/samples/00926.png 54
ucf/Mixing/samples/00927.png 54
ucf/Mixing/samples/00928.png 54
ucf/Mixing/samples/00929.png 54
ucf/Mixing/samples/00930.png 54
ucf/Mixing/samples/00931.png 54
ucf/Mixing/samples/00932.png 54
ucf/Mixing/samples/00933.png 54
ucf/Mixing/samples/00934.png 54
ucf/Mixing/samples/00935.png 54
ucf/Mixing/samples/00936.png 54
ucf/Mixing/samples/00937.png 54
ucf/Mixing/samples/00938.png 54
ucf/Mixing/samples/00939.png 54
ucf/Mixing/samples/00940.png 54
ucf/Mixing/samples/00941.png 54
ucf/Mixing/samples/00942.png 54
ucf/Mixing/samples/00943.png 54
ucf/Mixing/samples/00944.png 54
ucf/Mixing/samples/00945.png 54
ucf/Mixing/samples/00946.png 54
ucf/Mixing/samples/00947.png 54
ucf/Mixing/samples/00948.png 54
ucf/Mixing/samples/00949.png 54
ucf/Mixing/samples/00950.png 54
ucf/Mixing/samples/00951.png 54
ucf/Mixing/samples/00952.png 54
ucf/Mixing/samples/00953.png 54
ucf/Mixing/samples/00954.png 54
ucf/Mixing/samples/00955.png 54
ucf/Mixing/samples/00956.png 54
ucf/Mixing/samples/00957.png 54
ucf/Mixing/samples/00958.png 54
ucf/Mixing/samples/00959.png 54
ucf/Mixing/samples/00960.png 54
ucf/Mixing/samples/00961.png 54
ucf/Mixing/samples/00962.png 54
ucf/Mixing/samples/00963.png 54
ucf/Mixing/samples/00964.png 54
ucf/Mixing/samples/00965.png 54
ucf/Mixing/samples/00966.png 54
ucf/Mixing/samples/00967.png 54
ucf/Mixing/samples/00968.png 54
ucf/Mixing/samples/00969.png 54
ucf/Mixing/samples/00970.png 54
ucf/Mixing/samples/00971.png 54
ucf/Mixing/samples/00972.png 54
ucf/Mixing/samples/00973.png 54
ucf/Mixing/samples/00974.png 54
ucf/Mixing/samples/00975.png 54
ucf/Mixing/samples/00976.png 54
ucf/Mixing/samples/00977.png 54
ucf/Mixing/samples/00978.png 54
ucf/Mixing/samples/00979.png 54
ucf/Mixing/samples/00980.png 54
ucf/Mixing/samples/00981.png 54
ucf/Mixing/samples/00982.png 54
ucf/Mixing/samples/00983.png 54
ucf/Mixing/samples/00984.png 54
ucf/Mixing/samples/00985.png 54
ucf/Mixing/samples/00986.png 54
ucf/Mixing/samples/00987.png 54
ucf/Mixing/samples/00988.png 54
ucf/Mixing/samples/00989.png 54
ucf/Mixing/samples/00990.png 54
ucf/Mixing/samples/00991.png 54
ucf/Mixing/samples/00992.png 54
ucf/Mixing/samples/00993.png 54
ucf/Mixing/samples/00994.png 54
ucf/Mixing/samples/00995.png 54
ucf/Mixing/samples/00996.png 54
ucf/Mixing/samples/00997.png 54
ucf/Mixing/samples/00998.png 54
ucf/Mixing/samples/00999.png 54
ucf/PlayingPiano/samples/00000.png 64
ucf/PlayingPiano/samples/00001.png 64
ucf/PlayingPiano/samples/00002.png 64
ucf/PlayingPiano/samples/00003.png 64
ucf/PlayingPiano/samples/00004.png 64
ucf/PlayingPiano/samples/00005.png 64
ucf/PlayingPiano/samples/00006.png 64
ucf/PlayingPiano/samples/00007.png 64
ucf/PlayingPiano/samples/00008.png 64
ucf/PlayingPiano/samples/00009.png 64
ucf/PlayingPiano/samples/00010.png 64
ucf/PlayingPiano/samples/00011.png 64
ucf/PlayingPiano/samples/00012.png 64
ucf/PlayingPiano/samples/00013.png 64
ucf/PlayingPiano/samples/00014.png 64
ucf/PlayingPiano/samples/00015.png 64
ucf/PlayingPiano/samples/00016.png 64
ucf/PlayingPiano/samples/00017.png 64
ucf/PlayingPiano/samples/00018.png 64
ucf/PlayingPiano/samples/00019.png 64
ucf/PlayingPiano/samples/00020.png 64
ucf/PlayingPiano/samples/00021.png 64
ucf/PlayingPiano/samples/00022.png 64
ucf/PlayingPiano/samples/00023.png 64
ucf/PlayingPiano/samples/00024.png 64
ucf/PlayingPiano/samples/00025.png 64
ucf/PlayingPiano/samples/00026.png 64
ucf/PlayingPiano/samples/00027.png 64
ucf/PlayingPiano/samples/00028.png 64
ucf/PlayingPiano/samples/00029.png 64
ucf/PlayingPiano/samples/00030.png 64
ucf/PlayingPiano/samples/00031.png 64
ucf/PlayingPiano/samples/00032.png 64
ucf/PlayingPiano/samples/00033.png 64
ucf/PlayingPiano/samples/00034.png 64
ucf/PlayingPiano/samples/00035.png 64
ucf/PlayingPiano/samples/00036.png 64
ucf/PlayingPiano/samples/00037.png 64
ucf/PlayingPiano/samples/00038.png 64
ucf/PlayingPiano/samples/00039.png 64
ucf/PlayingPiano/samples/00040.png 64
ucf/PlayingPiano/samples/00041.png 64
ucf/PlayingPiano/samples/00042.png 64
ucf/PlayingPiano/samples/00043.png 64
ucf/PlayingPiano/samples/00044.png 64
ucf/PlayingPiano/samples/00045.png 64
ucf/PlayingPiano/samples/00046.png 64
ucf/PlayingPiano/samples/00047.png 64
ucf/PlayingPiano/samples/00048.png 64
ucf/PlayingPiano/samples/00049.png 64
ucf/PlayingPiano/samples/00050.png 64
ucf/PlayingPiano/samples/00051.png 64
ucf/PlayingPiano/samples/00052.png 64
ucf/PlayingPiano/samples/00053.png 64
ucf/PlayingPiano/samples/00054.png 64
ucf/PlayingPiano/samples/00055.png 64
ucf/PlayingPiano/samples/00056.png 64
ucf/PlayingPiano/samples/00057.png 64
ucf/PlayingPiano/samples/00058.png 64
ucf/PlayingPiano/samples/00059.png 64
ucf/PlayingPiano/samples/00060.png 64
ucf/PlayingPiano/samples/00061.png 64
ucf/PlayingPiano/samples/00062.png 64
ucf/PlayingPiano/samples/00063.png 64
ucf/PlayingPiano/samples/00064.png 64
ucf/PlayingPiano/samples/00065.png 64
ucf/PlayingPiano/samples/00066.png 64
ucf/PlayingPiano/samples/00067.png 64
ucf/PlayingPiano/samples/00068.png 64
ucf/PlayingPiano/samples/00069.png 64
ucf/PlayingPiano/samples/00070.png 64
ucf/PlayingPiano/samples/00071.png 64
ucf/PlayingPiano/samples/00072.png 64
ucf/PlayingPiano/samples/00073.png 64
ucf/PlayingPiano/samples/00074.png 64
ucf/PlayingPiano/samples/00075.png 64
ucf/PlayingPiano/samples/00076.png 64
ucf/PlayingPiano/samples/00077.png 64
ucf/PlayingPiano/samples/00078.png 64
ucf/PlayingPiano/samples/00079.png 64
ucf/PlayingPiano/samples/00080.png 64
ucf/PlayingPiano/samples/00081.png 64
ucf/PlayingPiano/samples/00082.png 64
ucf/PlayingPiano/samples/00083.png 64
ucf/PlayingPiano/samples/00084.png 64
ucf/PlayingPiano/samples/00085.png 64
ucf/PlayingPiano/samples/00086.png 64
ucf/PlayingPiano/samples/00087.png 64
ucf/PlayingPiano/samples/00088.png 64
ucf/PlayingPiano/samples/00089.png 64
ucf/PlayingPiano/samples/00090.png 64
ucf/PlayingPiano/samples/00091.png 64
ucf/PlayingPiano/samples/00092.png 64
ucf/PlayingPiano/samples/00093.png 64
ucf/PlayingPiano/samples/00094.png 64
ucf/PlayingPiano/samples/00095.png 64
ucf/PlayingPiano/samples/00096.png 64
ucf/PlayingPiano/samples/00097.png 64
ucf/PlayingPiano/samples/00098.png 64
ucf/PlayingPiano/samples/00099.png 64
ucf/PlayingPiano/samples/00100.png 64
ucf/PlayingPiano/samples/00101.png 64
ucf/PlayingPiano/samples/00102.png 64
ucf/PlayingPiano/samples/00103.png 64
ucf/PlayingPiano/samples/00104.png 64
ucf/PlayingPiano/samples/00105.png 64
ucf/PlayingPiano/samples/00106.png 64
ucf/PlayingPiano/samples/00107.png 64
ucf/PlayingPiano/samples/00108.png 64
ucf/PlayingPiano/samples/00109.png 64
ucf/PlayingPiano/samples/00110.png 64
ucf/PlayingPiano/samples/00111.png 64
ucf/PlayingPiano/samples/00112.png 64
ucf/PlayingPiano/samples/00113.png 64
ucf/PlayingPiano/samples/00114.png 64
ucf/PlayingPiano/samples/00115.png 64
ucf/PlayingPiano/samples/00116.png 64
ucf/PlayingPiano/samples/00117.png 64
ucf/PlayingPiano/samples/00118.png 64
ucf/PlayingPiano/samples/00119.png 64
ucf/PlayingPiano/samples/00120.png 64
ucf/PlayingPiano/samples/00121.png 64
ucf/PlayingPiano/samples/00122.png 64
ucf/PlayingPiano/samples/00123.png 64
ucf/PlayingPiano/samples/00124.png 64
ucf/PlayingPiano/samples/00125.png 64
ucf/PlayingPiano/samples/00126.png 64
ucf/PlayingPiano/samples/00127.png 64
ucf/PlayingPiano/samples/00128.png 64
ucf/PlayingPiano/samples/00129.png 64
ucf/PlayingPiano/samples/00130.png 64
ucf/PlayingPiano/samples/00131.png 64
ucf/PlayingPiano/samples/00132.png 64
ucf/PlayingPiano/samples/00133.png 64
ucf/PlayingPiano/samples/00134.png 64
ucf/PlayingPiano/samples/00135.png 64
ucf/PlayingPiano/samples/00136.png 64
ucf/PlayingPiano/samples/00137.png 64
ucf/PlayingPiano/samples/00138.png 64
ucf/PlayingPiano/samples/00139.png 64
ucf/PlayingPiano/samples/00140.png 64
ucf/PlayingPiano/samples/00141.png 64
ucf/PlayingPiano/samples/00142.png 64
ucf/PlayingPiano/samples/00143.png 64
ucf/PlayingPiano/samples/00144.png 64
ucf/PlayingPiano/samples/00145.png 64
ucf/PlayingPiano/samples/00146.png 64
ucf/PlayingPiano/samples/00147.png 64
ucf/PlayingPiano/samples/00148.png 64
ucf/PlayingPiano/samples/00149.png 64
ucf/PlayingPiano/samples/00150.png 64
ucf/PlayingPiano/samples/00151.png 64
ucf/PlayingPiano/samples/00152.png 64
ucf/PlayingPiano/samples/00153.png 64
ucf/PlayingPiano/samples/00154.png 64
ucf/PlayingPiano/samples/00155.png 64
ucf/PlayingPiano/samples/00156.png 64
ucf/PlayingPiano/samples/00157.png 64
ucf/PlayingPiano/samples/00158.png 64
ucf/PlayingPiano/samples/00159.png 64
ucf/PlayingPiano/samples/00160.png 64
ucf/PlayingPiano/samples/00161.png 64
ucf/PlayingPiano/samples/00162.png 64
ucf/PlayingPiano/samples/00163.png 64
ucf/PlayingPiano/samples/00164.png 64
ucf/PlayingPiano/samples/00165.png 64
ucf/PlayingPiano/samples/00166.png 64
ucf/PlayingPiano/samples/00167.png 64
ucf/PlayingPiano/samples/00168.png 64
ucf/PlayingPiano/samples/00169.png 64
ucf/PlayingPiano/samples/00170.png 64
ucf/PlayingPiano/samples/00171.png 64
ucf/PlayingPiano/samples/00172.png 64
ucf/PlayingPiano/samples/00173.png 64
ucf/PlayingPiano/samples/00174.png 64
ucf/PlayingPiano/samples/00175.png 64
ucf/PlayingPiano/samples/00176.png 64
ucf/PlayingPiano/samples/00177.png 64
ucf/PlayingPiano/samples/00178.png 64
ucf/PlayingPiano/samples/00179.png 64
ucf/PlayingPiano/samples/00180.png 64
ucf/PlayingPiano/samples/00181.png 64
ucf/PlayingPiano/samples/00182.png 64
ucf/PlayingPiano/samples/00183.png 64
ucf/PlayingPiano/samples/00184.png 64
ucf/PlayingPiano/samples/00185.png 64
ucf/PlayingPiano/samples/00186.png 64
ucf/PlayingPiano/samples/00187.png 64
ucf/PlayingPiano/samples/00188.png 64
ucf/PlayingPiano/samples/00189.png 64
ucf/PlayingPiano/samples/00190.png 64
ucf/PlayingPiano/samples/00191.png 64
ucf/PlayingPiano/samples/00192.png 64
ucf/PlayingPiano/samples/00193.png 64
ucf/PlayingPiano/samples/00194.png 64
ucf/PlayingPiano/samples/00195.png 64
ucf/PlayingPiano/samples/00196.png 64
ucf/PlayingPiano/samples/00197.png 64
ucf/PlayingPiano/samples/00198.png 64
ucf/PlayingPiano/samples/00199.png 64
ucf/PlayingPiano/samples/00200.png 64
ucf/PlayingPiano/samples/00201.png 64
ucf/PlayingPiano/samples/00202.png 64
ucf/PlayingPiano/samples/00203.png 64
ucf/PlayingPiano/samples/00204.png 64
ucf/PlayingPiano/samples/00205.png 64
ucf/PlayingPiano/samples/00206.png 64
ucf/PlayingPiano/samples/00207.png 64
ucf/PlayingPiano/samples/00208.png 64
ucf/PlayingPiano/samples/00209.png 64
ucf/PlayingPiano/samples/00210.png 64
ucf/PlayingPiano/samples/00211.png 64
ucf/PlayingPiano/samples/00212.png 64
ucf/PlayingPiano/samples/00213.png 64
ucf/PlayingPiano/samples/00214.png 64
ucf/PlayingPiano/samples/00215.png 64
ucf/PlayingPiano/samples/00216.png 64
ucf/PlayingPiano/samples/00217.png 64
ucf/PlayingPiano/samples/00218.png 64
ucf/PlayingPiano/samples/00219.png 64
ucf/PlayingPiano/samples/00220.png 64
ucf/PlayingPiano/samples/00221.png 64
ucf/PlayingPiano/samples/00222.png 64
ucf/PlayingPiano/samples/00223.png 64
ucf/PlayingPiano/samples/00224.png 64
ucf/PlayingPiano/samples/00225.png 64
ucf/PlayingPiano/samples/00226.png 64
ucf/PlayingPiano/samples/00227.png 64
ucf/PlayingPiano/samples/00228.png 64
ucf/PlayingPiano/samples/00229.png 64
ucf/PlayingPiano/samples/00230.png 64
ucf/PlayingPiano/samples/00231.png 64
ucf/PlayingPiano/samples/00232.png 64
ucf/PlayingPiano/samples/00233.png 64
ucf/PlayingPiano/samples/00234.png 64
ucf/PlayingPiano/samples/00235.png 64
ucf/PlayingPiano/samples/00236.png 64
ucf/PlayingPiano/samples/00237.png 64
ucf/PlayingPiano/samples/00238.png 64
ucf/PlayingPiano/samples/00239.png 64
ucf/PlayingPiano/samples/00240.png 64
ucf/PlayingPiano/samples/00241.png 64
ucf/PlayingPiano/samples/00242.png 64
ucf/PlayingPiano/samples/00243.png 64
ucf/PlayingPiano/samples/00244.png 64
ucf/PlayingPiano/samples/00245.png 64
ucf/PlayingPiano/samples/00246.png 64
ucf/PlayingPiano/samples/00247.png 64
ucf/PlayingPiano/samples/00248.png 64
ucf/PlayingPiano/samples/00249.png 64
ucf/PlayingPiano/samples/00250.png 64
ucf/PlayingPiano/samples/00251.png 64
ucf/PlayingPiano/samples/00252.png 64
ucf/PlayingPiano/samples/00253.png 64
ucf/PlayingPiano/samples/00254.png 64
ucf/PlayingPiano/samples/00255.png 64
ucf/PlayingPiano/samples/00256.png 64
ucf/PlayingPiano/samples/00257.png 64
ucf/PlayingPiano/samples/00258.png 64
ucf/PlayingPiano/samples/00259.png 64
ucf/PlayingPiano/samples/00260.png 64
ucf/PlayingPiano/samples/00261.png 64
ucf/PlayingPiano/samples/00262.png 64
ucf/PlayingPiano/samples/00263.png 64
ucf/PlayingPiano/samples/00264.png 64
ucf/PlayingPiano/samples/00265.png 64
ucf/PlayingPiano/samples/00266.png 64
ucf/PlayingPiano/samples/00267.png 64
ucf/PlayingPiano/samples/00268.png 64
ucf/PlayingPiano/samples/00269.png 64
ucf/PlayingPiano/samples/00270.png 64
ucf/PlayingPiano/samples/00271.png 64
ucf/PlayingPiano/samples/00272.png 64
ucf/PlayingPiano/samples/00273.png 64
ucf/PlayingPiano/samples/00274.png 64
ucf/PlayingPiano/samples/00275.png 64
ucf/PlayingPiano/samples/00276.png 64
ucf/PlayingPiano/samples/00277.png 64
ucf/PlayingPiano/samples/00278.png 64
ucf/PlayingPiano/samples/00279.png 64
ucf/PlayingPiano/samples/00280.png 64
ucf/PlayingPiano/samples/00281.png 64
ucf/PlayingPiano/samples/00282.png 64
ucf/PlayingPiano/samples/00283.png 64
ucf/PlayingPiano/samples/00284.png 64
ucf/PlayingPiano/samples/00285.png 64
ucf/PlayingPiano/samples/00286.png 64
ucf/PlayingPiano/samples/00287.png 64
ucf/PlayingPiano/samples/00288.png 64
ucf/PlayingPiano/samples/00289.png 64
ucf/PlayingPiano/samples/00290.png 64
ucf/PlayingPiano/samples/00291.png 64
ucf/PlayingPiano/samples/00292.png 64
ucf/PlayingPiano/samples/00293.png 64
ucf/PlayingPiano/samples/00294.png 64
ucf/PlayingPiano/samples/00295.png 64
ucf/PlayingPiano/samples/00296.png 64
ucf/PlayingPiano/samples/00297.png 64
ucf/PlayingPiano/samples/00298.png 64
ucf/PlayingPiano/samples/00299.png 64
ucf/PlayingPiano/samples/00300.png 64
ucf/PlayingPiano/samples/00301.png 64
ucf/PlayingPiano/samples/00302.png 64
ucf/PlayingPiano/samples/00303.png 64
ucf/PlayingPiano/samples/00304.png 64
ucf/PlayingPiano/samples/00305.png 64
ucf/PlayingPiano/samples/00306.png 64
ucf/PlayingPiano/samples/00307.png 64
ucf/PlayingPiano/samples/00308.png 64
ucf/PlayingPiano/samples/00309.png 64
ucf/PlayingPiano/samples/00310.png 64
ucf/PlayingPiano/samples/00311.png 64
ucf/PlayingPiano/samples/00312.png 64
ucf/PlayingPiano/samples/00313.png 64
ucf/PlayingPiano/samples/00314.png 64
ucf/PlayingPiano/samples/00315.png 64
ucf/PlayingPiano/samples/00316.png 64
ucf/PlayingPiano/samples/00317.png 64
ucf/PlayingPiano/samples/00318.png 64
ucf/PlayingPiano/samples/00319.png 64
ucf/PlayingPiano/samples/00320.png 64
ucf/PlayingPiano/samples/00321.png 64
ucf/PlayingPiano/samples/00322.png 64
ucf/PlayingPiano/samples/00323.png 64
ucf/PlayingPiano/samples/00324.png 64
ucf/PlayingPiano/samples/00325.png 64
ucf/PlayingPiano/samples/00326.png 64
ucf/PlayingPiano/samples/00327.png 64
ucf/PlayingPiano/samples/00328.png 64
ucf/PlayingPiano/samples/00329.png 64
ucf/PlayingPiano/samples/00330.png 64
ucf/PlayingPiano/samples/00331.png 64
ucf/PlayingPiano/samples/00332.png 64
ucf/PlayingPiano/samples/00333.png 64
ucf/PlayingPiano/samples/00334.png 64
ucf/PlayingPiano/samples/00335.png 64
ucf/PlayingPiano/samples/00336.png 64
ucf/PlayingPiano/samples/00337.png 64
ucf/PlayingPiano/samples/00338.png 64
ucf/PlayingPiano/samples/00339.png 64
ucf/PlayingPiano/samples/00340.png 64
ucf/PlayingPiano/samples/00341.png 64
ucf/PlayingPiano/samples/00342.png 64
ucf/PlayingPiano/samples/00343.png 64
ucf/PlayingPiano/samples/00344.png 64
ucf/PlayingPiano/samples/00345.png 64
ucf/PlayingPiano/samples/00346.png 64
ucf/PlayingPiano/samples/00347.png 64
ucf/PlayingPiano/samples/00348.png 64
ucf/PlayingPiano/samples/00349.png 64
ucf/PlayingPiano/samples/00350.png 64
ucf/PlayingPiano/samples/00351.png 64
ucf/PlayingPiano/samples/00352.png 64
ucf/PlayingPiano/samples/00353.png 64
ucf/PlayingPiano/samples/00354.png 64
ucf/PlayingPiano/samples/00355.png 64
ucf/PlayingPiano/samples/00356.png 64
ucf/PlayingPiano/samples/00357.png 64
ucf/PlayingPiano/samples/00358.png 64
ucf/PlayingPiano/samples/00359.png 64
ucf/PlayingPiano/samples/00360.png 64
ucf/PlayingPiano/samples/00361.png 64
ucf/PlayingPiano/samples/00362.png 64
ucf/PlayingPiano/samples/00363.png 64
ucf/PlayingPiano/samples/00364.png 64
ucf/PlayingPiano/samples/00365.png 64
ucf/PlayingPiano/samples/00366.png 64
ucf/PlayingPiano/samples/00367.png 64
ucf/PlayingPiano/samples/00368.png 64
ucf/PlayingPiano/samples/00369.png 64
ucf/PlayingPiano/samples/00370.png 64
ucf/PlayingPiano/samples/00371.png 64
ucf/PlayingPiano/samples/00372.png 64
ucf/PlayingPiano/samples/00373.png 64
ucf/PlayingPiano/samples/00374.png 64
ucf/PlayingPiano/samples/00375.png 64
ucf/PlayingPiano/samples/00376.png 64
ucf/PlayingPiano/samples/00377.png 64
ucf/PlayingPiano/samples/00378.png 64
ucf/PlayingPiano/samples/00379.png 64
ucf/PlayingPiano/samples/00380.png 64
ucf/PlayingPiano/samples/00381.png 64
ucf/PlayingPiano/samples/00382.png 64
ucf/PlayingPiano/samples/00383.png 64
ucf/PlayingPiano/samples/00384.png 64
ucf/PlayingPiano/samples/00385.png 64
ucf/PlayingPiano/samples/00386.png 64
ucf/PlayingPiano/samples/00387.png 64
ucf/PlayingPiano/samples/00388.png 64
ucf/PlayingPiano/samples/00389.png 64
ucf/PlayingPiano/samples/00390.png 64
ucf/PlayingPiano/samples/00391.png 64
ucf/PlayingPiano/samples/00392.png 64
ucf/PlayingPiano/samples/00393.png 64
ucf/PlayingPiano/samples/00394.png 64
ucf/PlayingPiano/samples/00395.png 64
ucf/PlayingPiano/samples/00396.png 64
ucf/PlayingPiano/samples/00397.png 64
ucf/PlayingPiano/samples/00398.png 64
ucf/PlayingPiano/samples/00399.png 64
ucf/PlayingPiano/samples/00400.png 64
ucf/PlayingPiano/samples/00401.png 64
ucf/PlayingPiano/samples/00402.png 64
ucf/PlayingPiano/samples/00403.png 64
ucf/PlayingPiano/samples/00404.png 64
ucf/PlayingPiano/samples/00405.png 64
ucf/PlayingPiano/samples/00406.png 64
ucf/PlayingPiano/samples/00407.png 64
ucf/PlayingPiano/samples/00408.png 64
ucf/PlayingPiano/samples/00409.png 64
ucf/PlayingPiano/samples/00410.png 64
ucf/PlayingPiano/samples/00411.png 64
ucf/PlayingPiano/samples/00412.png 64
ucf/PlayingPiano/samples/00413.png 64
ucf/PlayingPiano/samples/00414.png 64
ucf/PlayingPiano/samples/00415.png 64
ucf/PlayingPiano/samples/00416.png 64
ucf/PlayingPiano/samples/00417.png 64
ucf/PlayingPiano/samples/00418.png 64
ucf/PlayingPiano/samples/00419.png 64
ucf/PlayingPiano/samples/00420.png 64
ucf/PlayingPiano/samples/00421.png 64
ucf/PlayingPiano/samples/00422.png 64
ucf/PlayingPiano/samples/00423.png 64
ucf/PlayingPiano/samples/00424.png 64
ucf/PlayingPiano/samples/00425.png 64
ucf/PlayingPiano/samples/00426.png 64
ucf/PlayingPiano/samples/00427.png 64
ucf/PlayingPiano/samples/00428.png 64
ucf/PlayingPiano/samples/00429.png 64
ucf/PlayingPiano/samples/00430.png 64
ucf/PlayingPiano/samples/00431.png 64
ucf/PlayingPiano/samples/00432.png 64
ucf/PlayingPiano/samples/00433.png 64
ucf/PlayingPiano/samples/00434.png 64
ucf/PlayingPiano/samples/00435.png 64
ucf/PlayingPiano/samples/00436.png 64
ucf/PlayingPiano/samples/00437.png 64
ucf/PlayingPiano/samples/00438.png 64
ucf/PlayingPiano/samples/00439.png 64
ucf/PlayingPiano/samples/00440.png 64
ucf/PlayingPiano/samples/00441.png 64
ucf/PlayingPiano/samples/00442.png 64
ucf/PlayingPiano/samples/00443.png 64
ucf/PlayingPiano/samples/00444.png 64
ucf/PlayingPiano/samples/00445.png 64
ucf/PlayingPiano/samples/00446.png 64
ucf/PlayingPiano/samples/00447.png 64
ucf/PlayingPiano/samples/00448.png 64
ucf/PlayingPiano/samples/00449.png 64
ucf/PlayingPiano/samples/00450.png 64
ucf/PlayingPiano/samples/00451.png 64
ucf/PlayingPiano/samples/00452.png 64
ucf/PlayingPiano/samples/00453.png 64
ucf/PlayingPiano/samples/00454.png 64
ucf/PlayingPiano/samples/00455.png 64
ucf/PlayingPiano/samples/00456.png 64
ucf/PlayingPiano/samples/00457.png 64
ucf/PlayingPiano/samples/00458.png 64
ucf/PlayingPiano/samples/00459.png 64
ucf/PlayingPiano/samples/00460.png 64
ucf/PlayingPiano/samples/00461.png 64
ucf/PlayingPiano/samples/00462.png 64
ucf/PlayingPiano/samples/00463.png 64
ucf/PlayingPiano/samples/00464.png 64
ucf/PlayingPiano/samples/00465.png 64
ucf/PlayingPiano/samples/00466.png 64
ucf/PlayingPiano/samples/00467.png 64
ucf/PlayingPiano/samples/00468.png 64
ucf/PlayingPiano/samples/00469.png 64
ucf/PlayingPiano/samples/00470.png 64
ucf/PlayingPiano/samples/00471.png 64
ucf/PlayingPiano/samples/00472.png 64
ucf/PlayingPiano/samples/00473.png 64
ucf/PlayingPiano/samples/00474.png 64
ucf/PlayingPiano/samples/00475.png 64
ucf/PlayingPiano/samples/00476.png 64
ucf/PlayingPiano/samples/00477.png 64
ucf/PlayingPiano/samples/00478.png 64
ucf/PlayingPiano/samples/00479.png 64
ucf/PlayingPiano/samples/00480.png 64
ucf/PlayingPiano/samples/00481.png 64
ucf/PlayingPiano/samples/00482.png 64
ucf/PlayingPiano/samples/00483.png 64
ucf/PlayingPiano/samples/00484.png 64
ucf/PlayingPiano/samples/00485.png 64
ucf/PlayingPiano/samples/00486.png 64
ucf/PlayingPiano/samples/00487.png 64
ucf/PlayingPiano/samples/00488.png 64
ucf/PlayingPiano/samples/00489.png 64
ucf/PlayingPiano/samples/00490.png 64
ucf/PlayingPiano/samples/00491.png 64
ucf/PlayingPiano/samples/00492.png 64
ucf/PlayingPiano/samples/00493.png 64
ucf/PlayingPiano/samples/00494.png 64
ucf/PlayingPiano/samples/00495.png 64
ucf/PlayingPiano/samples/00496.png 64
ucf/PlayingPiano/samples/00497.png 64
ucf/PlayingPiano/samples/00498.png 64
ucf/PlayingPiano/samples/00499.png 64
ucf/PlayingPiano/samples/00500.png 64
ucf/PlayingPiano/samples/00501.png 64
ucf/PlayingPiano/samples/00502.png 64
ucf/PlayingPiano/samples/00503.png 64
ucf/PlayingPiano/samples/00504.png 64
ucf/PlayingPiano/samples/00505.png 64
ucf/PlayingPiano/samples/00506.png 64
ucf/PlayingPiano/samples/00507.png 64
ucf/PlayingPiano/samples/00508.png 64
ucf/PlayingPiano/samples/00509.png 64
ucf/PlayingPiano/samples/00510.png 64
ucf/PlayingPiano/samples/00511.png 64
ucf/PlayingPiano/samples/00512.png 64
ucf/PlayingPiano/samples/00513.png 64
ucf/PlayingPiano/samples/00514.png 64
ucf/PlayingPiano/samples/00515.png 64
ucf/PlayingPiano/samples/00516.png 64
ucf/PlayingPiano/samples/00517.png 64
ucf/PlayingPiano/samples/00518.png 64
ucf/PlayingPiano/samples/00519.png 64
ucf/PlayingPiano/samples/00520.png 64
ucf/PlayingPiano/samples/00521.png 64
ucf/PlayingPiano/samples/00522.png 64
ucf/PlayingPiano/samples/00523.png 64
ucf/PlayingPiano/samples/00524.png 64
ucf/PlayingPiano/samples/00525.png 64
ucf/PlayingPiano/samples/00526.png 64
ucf/PlayingPiano/samples/00527.png 64
ucf/PlayingPiano/samples/00528.png 64
ucf/PlayingPiano/samples/00529.png 64
ucf/PlayingPiano/samples/00530.png 64
ucf/PlayingPiano/samples/00531.png 64
ucf/PlayingPiano/samples/00532.png 64
ucf/PlayingPiano/samples/00533.png 64
ucf/PlayingPiano/samples/00534.png 64
ucf/PlayingPiano/samples/00535.png 64
ucf/PlayingPiano/samples/00536.png 64
ucf/PlayingPiano/samples/00537.png 64
ucf/PlayingPiano/samples/00538.png 64
ucf/PlayingPiano/samples/00539.png 64
ucf/PlayingPiano/samples/00540.png 64
ucf/PlayingPiano/samples/00541.png 64
ucf/PlayingPiano/samples/00542.png 64
ucf/PlayingPiano/samples/00543.png 64
ucf/PlayingPiano/samples/00544.png 64
ucf/PlayingPiano/samples/00545.png 64
ucf/PlayingPiano/samples/00546.png 64
ucf/PlayingPiano/samples/00547.png 64
ucf/PlayingPiano/samples/00548.png 64
ucf/PlayingPiano/samples/00549.png 64
ucf/PlayingPiano/samples/00550.png 64
ucf/PlayingPiano/samples/00551.png 64
ucf/PlayingPiano/samples/00552.png 64
ucf/PlayingPiano/samples/00553.png 64
ucf/PlayingPiano/samples/00554.png 64
ucf/PlayingPiano/samples/00555.png 64
ucf/PlayingPiano/samples/00556.png 64
ucf/PlayingPiano/samples/00557.png 64
ucf/PlayingPiano/samples/00558.png 64
ucf/PlayingPiano/samples/00559.png 64
ucf/PlayingPiano/samples/00560.png 64
ucf/PlayingPiano/samples/00561.png 64
ucf/PlayingPiano/samples/00562.png 64
ucf/PlayingPiano/samples/00563.png 64
ucf/PlayingPiano/samples/00564.png 64
ucf/PlayingPiano/samples/00565.png 64
ucf/PlayingPiano/samples/00566.png 64
ucf/PlayingPiano/samples/00567.png 64
ucf/PlayingPiano/samples/00568.png 64
ucf/PlayingPiano/samples/00569.png 64
ucf/PlayingPiano/samples/00570.png 64
ucf/PlayingPiano/samples/00571.png 64
ucf/PlayingPiano/samples/00572.png 64
ucf/PlayingPiano/samples/00573.png 64
ucf/PlayingPiano/samples/00574.png 64
ucf/PlayingPiano/samples/00575.png 64
ucf/PlayingPiano/samples/00576.png 64
ucf/PlayingPiano/samples/00577.png 64
ucf/PlayingPiano/samples/00578.png 64
ucf/PlayingPiano/samples/00579.png 64
ucf/PlayingPiano/samples/00580.png 64
ucf/PlayingPiano/samples/00581.png 64
ucf/PlayingPiano/samples/00582.png 64
ucf/PlayingPiano/samples/00583.png 64
ucf/PlayingPiano/samples/00584.png 64
ucf/PlayingPiano/samples/00585.png 64
ucf/PlayingPiano/samples/00586.png 64
ucf/PlayingPiano/samples/00587.png 64
ucf/PlayingPiano/samples/00588.png 64
ucf/PlayingPiano/samples/00589.png 64
ucf/PlayingPiano/samples/00590.png 64
ucf/PlayingPiano/samples/00591.png 64
ucf/PlayingPiano/samples/00592.png 64
ucf/PlayingPiano/samples/00593.png 64
ucf/PlayingPiano/samples/00594.png 64
ucf/PlayingPiano/samples/00595.png 64
ucf/PlayingPiano/samples/00596.png 64
ucf/PlayingPiano/samples/00597.png 64
ucf/PlayingPiano/samples/00598.png 64
ucf/PlayingPiano/samples/00599.png 64
ucf/PlayingPiano/samples/00600.png 64
ucf/PlayingPiano/samples/00601.png 64
ucf/PlayingPiano/samples/00602.png 64
ucf/PlayingPiano/samples/00603.png 64
ucf/PlayingPiano/samples/00604.png 64
ucf/PlayingPiano/samples/00605.png 64
ucf/PlayingPiano/samples/00606.png 64
ucf/PlayingPiano/samples/00607.png 64
ucf/PlayingPiano/samples/00608.png 64
ucf/PlayingPiano/samples/00609.png 64
ucf/PlayingPiano/samples/00610.png 64
ucf/PlayingPiano/samples/00611.png 64
ucf/PlayingPiano/samples/00612.png 64
ucf/PlayingPiano/samples/00613.png 64
ucf/PlayingPiano/samples/00614.png 64
ucf/PlayingPiano/samples/00615.png 64
ucf/PlayingPiano/samples/00616.png 64
ucf/PlayingPiano/samples/00617.png 64
ucf/PlayingPiano/samples/00618.png 64
ucf/PlayingPiano/samples/00619.png 64
ucf/PlayingPiano/samples/00620.png 64
ucf/PlayingPiano/samples/00621.png 64
ucf/PlayingPiano/samples/00622.png 64
ucf/PlayingPiano/samples/00623.png 64
ucf/PlayingPiano/samples/00624.png 64
ucf/PlayingPiano/samples/00625.png 64
ucf/PlayingPiano/samples/00626.png 64
ucf/PlayingPiano/samples/00627.png 64
ucf/PlayingPiano/samples/00628.png 64
ucf/PlayingPiano/samples/00629.png 64
ucf/PlayingPiano/samples/00630.png 64
ucf/PlayingPiano/samples/00631.png 64
ucf/PlayingPiano/samples/00632.png 64
ucf/PlayingPiano/samples/00633.png 64
ucf/PlayingPiano/samples/00634.png 64
ucf/PlayingPiano/samples/00635.png 64
ucf/PlayingPiano/samples/00636.png 64
ucf/PlayingPiano/samples/00637.png 64
ucf/PlayingPiano/samples/00638.png 64
ucf/PlayingPiano/samples/00639.png 64
ucf/PlayingPiano/samples/00640.png 64
ucf/PlayingPiano/samples/00641.png 64
ucf/PlayingPiano/samples/00642.png 64
ucf/PlayingPiano/samples/00643.png 64
ucf/PlayingPiano/samples/00644.png 64
ucf/PlayingPiano/samples/00645.png 64
ucf/PlayingPiano/samples/00646.png 64
ucf/PlayingPiano/samples/00647.png 64
ucf/PlayingPiano/samples/00648.png 64
ucf/PlayingPiano/samples/00649.png 64
ucf/PlayingPiano/samples/00650.png 64
ucf/PlayingPiano/samples/00651.png 64
ucf/PlayingPiano/samples/00652.png 64
ucf/PlayingPiano/samples/00653.png 64
ucf/PlayingPiano/samples/00654.png 64
ucf/PlayingPiano/samples/00655.png 64
ucf/PlayingPiano/samples/00656.png 64
ucf/PlayingPiano/samples/00657.png 64
ucf/PlayingPiano/samples/00658.png 64
ucf/PlayingPiano/samples/00659.png 64
ucf/PlayingPiano/samples/00660.png 64
ucf/PlayingPiano/samples/00661.png 64
ucf/PlayingPiano/samples/00662.png 64
ucf/PlayingPiano/samples/00663.png 64
ucf/PlayingPiano/samples/00664.png 64
ucf/PlayingPiano/samples/00665.png 64
ucf/PlayingPiano/samples/00666.png 64
ucf/PlayingPiano/samples/00667.png 64
ucf/PlayingPiano/samples/00668.png 64
ucf/PlayingPiano/samples/00669.png 64
ucf/PlayingPiano/samples/00670.png 64
ucf/PlayingPiano/samples/00671.png 64
ucf/PlayingPiano/samples/00672.png 64
ucf/PlayingPiano/samples/00673.png 64
ucf/PlayingPiano/samples/00674.png 64
ucf/PlayingPiano/samples/00675.png 64
ucf/PlayingPiano/samples/00676.png 64
ucf/PlayingPiano/samples/00677.png 64
ucf/PlayingPiano/samples/00678.png 64
ucf/PlayingPiano/samples/00679.png 64
ucf/PlayingPiano/samples/00680.png 64
ucf/PlayingPiano/samples/00681.png 64
ucf/PlayingPiano/samples/00682.png 64
ucf/PlayingPiano/samples/00683.png 64
ucf/PlayingPiano/samples/00684.png 64
ucf/PlayingPiano/samples/00685.png 64
ucf/PlayingPiano/samples/00686.png 64
ucf/PlayingPiano/samples/00687.png 64
ucf/PlayingPiano/samples/00688.png 64
ucf/PlayingPiano/samples/00689.png 64
ucf/PlayingPiano/samples/00690.png 64
ucf/PlayingPiano/samples/00691.png 64
ucf/PlayingPiano/samples/00692.png 64
ucf/PlayingPiano/samples/00693.png 64
ucf/PlayingPiano/samples/00694.png 64
ucf/PlayingPiano/samples/00695.png 64
ucf/PlayingPiano/samples/00696.png 64
ucf/PlayingPiano/samples/00697.png 64
ucf/PlayingPiano/samples/00698.png 64
ucf/PlayingPiano/samples/00699.png 64
ucf/PlayingPiano/samples/00700.png 64
ucf/PlayingPiano/samples/00701.png 64
ucf/PlayingPiano/samples/00702.png 64
ucf/PlayingPiano/samples/00703.png 64
ucf/PlayingPiano/samples/00704.png 64
ucf/PlayingPiano/samples/00705.png 64
ucf/PlayingPiano/samples/00706.png 64
ucf/PlayingPiano/samples/00707.png 64
ucf/PlayingPiano/samples/00708.png 64
ucf/PlayingPiano/samples/00709.png 64
ucf/PlayingPiano/samples/00710.png 64
ucf/PlayingPiano/samples/00711.png 64
ucf/PlayingPiano/samples/00712.png 64
ucf/PlayingPiano/samples/00713.png 64
ucf/PlayingPiano/samples/00714.png 64
ucf/PlayingPiano/samples/00715.png 64
ucf/PlayingPiano/samples/00716.png 64
ucf/PlayingPiano/samples/00717.png 64
ucf/PlayingPiano/samples/00718.png 64
ucf/PlayingPiano/samples/00719.png 64
ucf/PlayingPiano/samples/00720.png 64
ucf/PlayingPiano/samples/00721.png 64
ucf/PlayingPiano/samples/00722.png 64
ucf/PlayingPiano/samples/00723.png 64
ucf/PlayingPiano/samples/00724.png 64
ucf/PlayingPiano/samples/00725.png 64
ucf/PlayingPiano/samples/00726.png 64
ucf/PlayingPiano/samples/00727.png 64
ucf/PlayingPiano/samples/00728.png 64
ucf/PlayingPiano/samples/00729.png 64
ucf/PlayingPiano/samples/00730.png 64
ucf/PlayingPiano/samples/00731.png 64
ucf/PlayingPiano/samples/00732.png 64
ucf/PlayingPiano/samples/00733.png 64
ucf/PlayingPiano/samples/00734.png 64
ucf/PlayingPiano/samples/00735.png 64
ucf/PlayingPiano/samples/00736.png 64
ucf/PlayingPiano/samples/00737.png 64
ucf/PlayingPiano/samples/00738.png 64
ucf/PlayingPiano/samples/00739.png 64
ucf/PlayingPiano/samples/00740.png 64
ucf/PlayingPiano/samples/00741.png 64
ucf/PlayingPiano/samples/00742.png 64
ucf/PlayingPiano/samples/00743.png 64
ucf/PlayingPiano/samples/00744.png 64
ucf/PlayingPiano/samples/00745.png 64
ucf/PlayingPiano/samples/00746.png 64
ucf/PlayingPiano/samples/00747.png 64
ucf/PlayingPiano/samples/00748.png 64
ucf/PlayingPiano/samples/00749.png 64
ucf/PlayingPiano/samples/00750.png 64
ucf/PlayingPiano/samples/00751.png 64
ucf/PlayingPiano/samples/00752.png 64
ucf/PlayingPiano/samples/00753.png 64
ucf/PlayingPiano/samples/00754.png 64
ucf/PlayingPiano/samples/00755.png 64
ucf/PlayingPiano/samples/00756.png 64
ucf/PlayingPiano/samples/00757.png 64
ucf/PlayingPiano/samples/00758.png 64
ucf/PlayingPiano/samples/00759.png 64
ucf/PlayingPiano/samples/00760.png 64
ucf/PlayingPiano/samples/00761.png 64
ucf/PlayingPiano/samples/00762.png 64
ucf/PlayingPiano/samples/00763.png 64
ucf/PlayingPiano/samples/00764.png 64
ucf/PlayingPiano/samples/00765.png 64
ucf/PlayingPiano/samples/00766.png 64
ucf/PlayingPiano/samples/00767.png 64
ucf/PlayingPiano/samples/00768.png 64
ucf/PlayingPiano/samples/00769.png 64
ucf/PlayingPiano/samples/00770.png 64
ucf/PlayingPiano/samples/00771.png 64
ucf/PlayingPiano/samples/00772.png 64
ucf/PlayingPiano/samples/00773.png 64
ucf/PlayingPiano/samples/00774.png 64
ucf/PlayingPiano/samples/00775.png 64
ucf/PlayingPiano/samples/00776.png 64
ucf/PlayingPiano/samples/00777.png 64
ucf/PlayingPiano/samples/00778.png 64
ucf/PlayingPiano/samples/00779.png 64
ucf/PlayingPiano/samples/00780.png 64
ucf/PlayingPiano/samples/00781.png 64
ucf/PlayingPiano/samples/00782.png 64
ucf/PlayingPiano/samples/00783.png 64
ucf/PlayingPiano/samples/00784.png 64
ucf/PlayingPiano/samples/00785.png 64
ucf/PlayingPiano/samples/00786.png 64
ucf/PlayingPiano/samples/00787.png 64
ucf/PlayingPiano/samples/00788.png 64
ucf/PlayingPiano/samples/00789.png 64
ucf/PlayingPiano/samples/00790.png 64
ucf/PlayingPiano/samples/00791.png 64
ucf/PlayingPiano/samples/00792.png 64
ucf/PlayingPiano/samples/00793.png 64
ucf/PlayingPiano/samples/00794.png 64
ucf/PlayingPiano/samples/00795.png 64
ucf/PlayingPiano/samples/00796.png 64
ucf/PlayingPiano/samples/00797.png 64
ucf/PlayingPiano/samples/00798.png 64
ucf/PlayingPiano/samples/00799.png 64
ucf/PlayingPiano/samples/00800.png 64
ucf/PlayingPiano/samples/00801.png 64
ucf/PlayingPiano/samples/00802.png 64
ucf/PlayingPiano/samples/00803.png 64
ucf/PlayingPiano/samples/00804.png 64
ucf/PlayingPiano/samples/00805.png 64
ucf/PlayingPiano/samples/00806.png 64
ucf/PlayingPiano/samples/00807.png 64
ucf/PlayingPiano/samples/00808.png 64
ucf/PlayingPiano/samples/00809.png 64
ucf/PlayingPiano/samples/00810.png 64
ucf/PlayingPiano/samples/00811.png 64
ucf/PlayingPiano/samples/00812.png 64
ucf/PlayingPiano/samples/00813.png 64
ucf/PlayingPiano/samples/00814.png 64
ucf/PlayingPiano/samples/00815.png 64
ucf/PlayingPiano/samples/00816.png 64
ucf/PlayingPiano/samples/00817.png 64
ucf/PlayingPiano/samples/00818.png 64
ucf/PlayingPiano/samples/00819.png 64
ucf/PlayingPiano/samples/00820.png 64
ucf/PlayingPiano/samples/00821.png 64
ucf/PlayingPiano/samples/00822.png 64
ucf/PlayingPiano/samples/00823.png 64
ucf/PlayingPiano/samples/00824.png 64
ucf/PlayingPiano/samples/00825.png 64
ucf/PlayingPiano/samples/00826.png 64
ucf/PlayingPiano/samples/00827.png 64
ucf/PlayingPiano/samples/00828.png 64
ucf/PlayingPiano/samples/00829.png 64
ucf/PlayingPiano/samples/00830.png 64
ucf/PlayingPiano/samples/00831.png 64
ucf/PlayingPiano/samples/00832.png 64
ucf/PlayingPiano/samples/00833.png 64
ucf/PlayingPiano/samples/00834.png 64
ucf/PlayingPiano/samples/00835.png 64
ucf/PlayingPiano/samples/00836.png 64
ucf/PlayingPiano/samples/00837.png 64
ucf/PlayingPiano/samples/00838.png 64
ucf/PlayingPiano/samples/00839.png 64
ucf/PlayingPiano/samples/00840.png 64
ucf/PlayingPiano/samples/00841.png 64
ucf/PlayingPiano/samples/00842.png 64
ucf/PlayingPiano/samples/00843.png 64
ucf/PlayingPiano/samples/00844.png 64
ucf/PlayingPiano/samples/00845.png 64
ucf/PlayingPiano/samples/00846.png 64
ucf/PlayingPiano/samples/00847.png 64
ucf/PlayingPiano/samples/00848.png 64
ucf/PlayingPiano/samples/00849.png 64
ucf/PlayingPiano/samples/00850.png 64
ucf/PlayingPiano/samples/00851.png 64
ucf/PlayingPiano/samples/00852.png 64
ucf/PlayingPiano/samples/00853.png 64
ucf/PlayingPiano/samples/00854.png 64
ucf/PlayingPiano/samples/00855.png 64
ucf/PlayingPiano/samples/00856.png 64
ucf/PlayingPiano/samples/00857.png 64
ucf/PlayingPiano/samples/00858.png 64
ucf/PlayingPiano/samples/00859.png 64
ucf/PlayingPiano/samples/00860.png 64
ucf/PlayingPiano/samples/00861.png 64
ucf/PlayingPiano/samples/00862.png 64
ucf/PlayingPiano/samples/00863.png 64
ucf/PlayingPiano/samples/00864.png 64
ucf/PlayingPiano/samples/00865.png 64
ucf/PlayingPiano/samples/00866.png 64
ucf/PlayingPiano/samples/00867.png 64
ucf/PlayingPiano/samples/00868.png 64
ucf/PlayingPiano/samples/00869.png 64
ucf/PlayingPiano/samples/00870.png 64
ucf/PlayingPiano/samples/00871.png 64
ucf/PlayingPiano/samples/00872.png 64
ucf/PlayingPiano/samples/00873.png 64
ucf/PlayingPiano/samples/00874.png 64
ucf/PlayingPiano/samples/00875.png 64
ucf/PlayingPiano/samples/00876.png 64
ucf/PlayingPiano/samples/00877.png 64
ucf/PlayingPiano/samples/00878.png 64
ucf/PlayingPiano/samples/00879.png 64
ucf/PlayingPiano/samples/00880.png 64
ucf/PlayingPiano/samples/00881.png 64
ucf/PlayingPiano/samples/00882.png 64
ucf/PlayingPiano/samples/00883.png 64
ucf/PlayingPiano/samples/00884.png 64
ucf/PlayingPiano/samples/00885.png 64
ucf/PlayingPiano/samples/00886.png 64
ucf/PlayingPiano/samples/00887.png 64
ucf/PlayingPiano/samples/00888.png 64
ucf/PlayingPiano/samples/00889.png 64
ucf/PlayingPiano/samples/00890.png 64
ucf/PlayingPiano/samples/00891.png 64
ucf/PlayingPiano/samples/00892.png 64
ucf/PlayingPiano/samples/00893.png 64
ucf/PlayingPiano/samples/00894.png 64
ucf/PlayingPiano/samples/00895.png 64
ucf/PlayingPiano/samples/00896.png 64
ucf/PlayingPiano/samples/00897.png 64
ucf/PlayingPiano/samples/00898.png 64
ucf/PlayingPiano/samples/00899.png 64
ucf/PlayingPiano/samples/00900.png 64
ucf/PlayingPiano/samples/00901.png 64
ucf/PlayingPiano/samples/00902.png 64
ucf/PlayingPiano/samples/00903.png 64
ucf/PlayingPiano/samples/00904.png 64
ucf/PlayingPiano/samples/00905.png 64
ucf/PlayingPiano/samples/00906.png 64
ucf/PlayingPiano/samples/00907.png 64
ucf/PlayingPiano/samples/00908.png 64
ucf/PlayingPiano/samples/00909.png 64
ucf/PlayingPiano/samples/00910.png 64
ucf/PlayingPiano/samples/00911.png 64
ucf/PlayingPiano/samples/00912.png 64
ucf/PlayingPiano/samples/00913.png 64
ucf/PlayingPiano/samples/00914.png 64
ucf/PlayingPiano/samples/00915.png 64
ucf/PlayingPiano/samples/00916.png 64
ucf/PlayingPiano/samples/00917.png 64
ucf/PlayingPiano/samples/00918.png 64
ucf/PlayingPiano/samples/00919.png 64
ucf/PlayingPiano/samples/00920.png 64
ucf/PlayingPiano/samples/00921.png 64
ucf/PlayingPiano/samples/00922.png 64
ucf/PlayingPiano/samples/00923.png 64
ucf/PlayingPiano/samples/00924.png 64
ucf/PlayingPiano/samples/00925.png 64
ucf/PlayingPiano/samples/00926.png 64
ucf/PlayingPiano/samples/00927.png 64
ucf/PlayingPiano/samples/00928.png 64
ucf/PlayingPiano/samples/00929.png 64
ucf/PlayingPiano/samples/00930.png 64
ucf/PlayingPiano/samples/00931.png 64
ucf/PlayingPiano/samples/00932.png 64
ucf/PlayingPiano/samples/00933.png 64
ucf/PlayingPiano/samples/00934.png 64
ucf/PlayingPiano/samples/00935.png 64
ucf/PlayingPiano/samples/00936.png 64
ucf/PlayingPiano/samples/00937.png 64
ucf/PlayingPiano/samples/00938.png 64
ucf/PlayingPiano/samples/00939.png 64
ucf/PlayingPiano/samples/00940.png 64
ucf/PlayingPiano/samples/00941.png 64
ucf/PlayingPiano/samples/00942.png 64
ucf/PlayingPiano/samples/00943.png 64
ucf/PlayingPiano/samples/00944.png 64
ucf/PlayingPiano/samples/00945.png 64
ucf/PlayingPiano/samples/00946.png 64
ucf/PlayingPiano/samples/00947.png 64
ucf/PlayingPiano/samples/00948.png 64
ucf/PlayingPiano/samples/00949.png 64
ucf/PlayingPiano/samples/00950.png 64
ucf/PlayingPiano/samples/00951.png 64
ucf/PlayingPiano/samples/00952.png 64
ucf/PlayingPiano/samples/00953.png 64
ucf/PlayingPiano/samples/00954.png 64
ucf/PlayingPiano/samples/00955.png 64
ucf/PlayingPiano/samples/00956.png 64
ucf/PlayingPiano/samples/00957.png 64
ucf/PlayingPiano/samples/00958.png 64
ucf/PlayingPiano/samples/00959.png 64
ucf/PlayingPiano/samples/00960.png 64
ucf/PlayingPiano/samples/00961.png 64
ucf/PlayingPiano/samples/00962.png 64
ucf/PlayingPiano/samples/00963.png 64
ucf/PlayingPiano/samples/00964.png 64
ucf/PlayingPiano/samples/00965.png 64
ucf/PlayingPiano/samples/00966.png 64
ucf/PlayingPiano/samples/00967.png 64
ucf/PlayingPiano/samples/00968.png 64
ucf/PlayingPiano/samples/00969.png 64
ucf/PlayingPiano/samples/00970.png 64
ucf/PlayingPiano/samples/00971.png 64
ucf/PlayingPiano/samples/00972.png 64
ucf/PlayingPiano/samples/00973.png 64
ucf/PlayingPiano/samples/00974.png 64
ucf/PlayingPiano/samples/00975.png 64
ucf/PlayingPiano/samples/00976.png 64
ucf/PlayingPiano/samples/00977.png 64
ucf/PlayingPiano/samples/00978.png 64
ucf/PlayingPiano/samples/00979.png 64
ucf/PlayingPiano/samples/00980.png 64
ucf/PlayingPiano/samples/00981.png 64
ucf/PlayingPiano/samples/00982.png 64
ucf/PlayingPiano/samples/00983.png 64
ucf/PlayingPiano/samples/00984.png 64
ucf/PlayingPiano/samples/00985.png 64
ucf/PlayingPiano/samples/00986.png 64
ucf/PlayingPiano/samples/00987.png 64
ucf/PlayingPiano/samples/00988.png 64
ucf/PlayingPiano/samples/00989.png 64
ucf/PlayingPiano/samples/00990.png 64
ucf/PlayingPiano/samples/00991.png 64
ucf/PlayingPiano/samples/00992.png 64
ucf/PlayingPiano/samples/00993.png 64
ucf/PlayingPiano/samples/00994.png 64
ucf/PlayingPiano/samples/00995.png 64
ucf/PlayingPiano/samples/00996.png 64
ucf/PlayingPiano/samples/00997.png 64
ucf/PlayingPiano/samples/00998.png 64
ucf/PlayingPiano/samples/00999.png 64
ucf/HandstandPushups/samples/00000.png 37
ucf/HandstandPushups/samples/00001.png 37
ucf/HandstandPushups/samples/00002.png 37
ucf/HandstandPushups/samples/00003.png 37
ucf/HandstandPushups/samples/00004.png 37
ucf/HandstandPushups/samples/00005.png 37
ucf/HandstandPushups/samples/00006.png 37
ucf/HandstandPushups/samples/00007.png 37
ucf/HandstandPushups/samples/00008.png 37
ucf/HandstandPushups/samples/00009.png 37
ucf/HandstandPushups/samples/00010.png 37
ucf/HandstandPushups/samples/00011.png 37
ucf/HandstandPushups/samples/00012.png 37
ucf/HandstandPushups/samples/00013.png 37
ucf/HandstandPushups/samples/00014.png 37
ucf/HandstandPushups/samples/00015.png 37
ucf/HandstandPushups/samples/00016.png 37
ucf/HandstandPushups/samples/00017.png 37
ucf/HandstandPushups/samples/00018.png 37
ucf/HandstandPushups/samples/00019.png 37
ucf/HandstandPushups/samples/00020.png 37
ucf/HandstandPushups/samples/00021.png 37
ucf/HandstandPushups/samples/00022.png 37
ucf/HandstandPushups/samples/00023.png 37
ucf/HandstandPushups/samples/00024.png 37
ucf/HandstandPushups/samples/00025.png 37
ucf/HandstandPushups/samples/00026.png 37
ucf/HandstandPushups/samples/00027.png 37
ucf/HandstandPushups/samples/00028.png 37
ucf/HandstandPushups/samples/00029.png 37
ucf/HandstandPushups/samples/00030.png 37
ucf/HandstandPushups/samples/00031.png 37
ucf/HandstandPushups/samples/00032.png 37
ucf/HandstandPushups/samples/00033.png 37
ucf/HandstandPushups/samples/00034.png 37
ucf/HandstandPushups/samples/00035.png 37
ucf/HandstandPushups/samples/00036.png 37
ucf/HandstandPushups/samples/00037.png 37
ucf/HandstandPushups/samples/00038.png 37
ucf/HandstandPushups/samples/00039.png 37
ucf/HandstandPushups/samples/00040.png 37
ucf/HandstandPushups/samples/00041.png 37
ucf/HandstandPushups/samples/00042.png 37
ucf/HandstandPushups/samples/00043.png 37
ucf/HandstandPushups/samples/00044.png 37
ucf/HandstandPushups/samples/00045.png 37
ucf/HandstandPushups/samples/00046.png 37
ucf/HandstandPushups/samples/00047.png 37
ucf/HandstandPushups/samples/00048.png 37
ucf/HandstandPushups/samples/00049.png 37
ucf/HandstandPushups/samples/00050.png 37
ucf/HandstandPushups/samples/00051.png 37
ucf/HandstandPushups/samples/00052.png 37
ucf/HandstandPushups/samples/00053.png 37
ucf/HandstandPushups/samples/00054.png 37
ucf/HandstandPushups/samples/00055.png 37
ucf/HandstandPushups/samples/00056.png 37
ucf/HandstandPushups/samples/00057.png 37
ucf/HandstandPushups/samples/00058.png 37
ucf/HandstandPushups/samples/00059.png 37
ucf/HandstandPushups/samples/00060.png 37
ucf/HandstandPushups/samples/00061.png 37
ucf/HandstandPushups/samples/00062.png 37
ucf/HandstandPushups/samples/00063.png 37
ucf/HandstandPushups/samples/00064.png 37
ucf/HandstandPushups/samples/00065.png 37
ucf/HandstandPushups/samples/00066.png 37
ucf/HandstandPushups/samples/00067.png 37
ucf/HandstandPushups/samples/00068.png 37
ucf/HandstandPushups/samples/00069.png 37
ucf/HandstandPushups/samples/00070.png 37
ucf/HandstandPushups/samples/00071.png 37
ucf/HandstandPushups/samples/00072.png 37
ucf/HandstandPushups/samples/00073.png 37
ucf/HandstandPushups/samples/00074.png 37
ucf/HandstandPushups/samples/00075.png 37
ucf/HandstandPushups/samples/00076.png 37
ucf/HandstandPushups/samples/00077.png 37
ucf/HandstandPushups/samples/00078.png 37
ucf/HandstandPushups/samples/00079.png 37
ucf/HandstandPushups/samples/00080.png 37
ucf/HandstandPushups/samples/00081.png 37
ucf/HandstandPushups/samples/00082.png 37
ucf/HandstandPushups/samples/00083.png 37
ucf/HandstandPushups/samples/00084.png 37
ucf/HandstandPushups/samples/00085.png 37
ucf/HandstandPushups/samples/00086.png 37
ucf/HandstandPushups/samples/00087.png 37
ucf/HandstandPushups/samples/00088.png 37
ucf/HandstandPushups/samples/00089.png 37
ucf/HandstandPushups/samples/00090.png 37
ucf/HandstandPushups/samples/00091.png 37
ucf/HandstandPushups/samples/00092.png 37
ucf/HandstandPushups/samples/00093.png 37
ucf/HandstandPushups/samples/00094.png 37
ucf/HandstandPushups/samples/00095.png 37
ucf/HandstandPushups/samples/00096.png 37
ucf/HandstandPushups/samples/00097.png 37
ucf/HandstandPushups/samples/00098.png 37
ucf/HandstandPushups/samples/00099.png 37
ucf/HandstandPushups/samples/00100.png 37
ucf/HandstandPushups/samples/00101.png 37
ucf/HandstandPushups/samples/00102.png 37
ucf/HandstandPushups/samples/00103.png 37
ucf/HandstandPushups/samples/00104.png 37
ucf/HandstandPushups/samples/00105.png 37
ucf/HandstandPushups/samples/00106.png 37
ucf/HandstandPushups/samples/00107.png 37
ucf/HandstandPushups/samples/00108.png 37
ucf/HandstandPushups/samples/00109.png 37
ucf/HandstandPushups/samples/00110.png 37
ucf/HandstandPushups/samples/00111.png 37
ucf/HandstandPushups/samples/00112.png 37
ucf/HandstandPushups/samples/00113.png 37
ucf/HandstandPushups/samples/00114.png 37
ucf/HandstandPushups/samples/00115.png 37
ucf/HandstandPushups/samples/00116.png 37
ucf/HandstandPushups/samples/00117.png 37
ucf/HandstandPushups/samples/00118.png 37
ucf/HandstandPushups/samples/00119.png 37
ucf/HandstandPushups/samples/00120.png 37
ucf/HandstandPushups/samples/00121.png 37
ucf/HandstandPushups/samples/00122.png 37
ucf/HandstandPushups/samples/00123.png 37
ucf/HandstandPushups/samples/00124.png 37
ucf/HandstandPushups/samples/00125.png 37
ucf/HandstandPushups/samples/00126.png 37
ucf/HandstandPushups/samples/00127.png 37
ucf/HandstandPushups/samples/00128.png 37
ucf/HandstandPushups/samples/00129.png 37
ucf/HandstandPushups/samples/00130.png 37
ucf/HandstandPushups/samples/00131.png 37
ucf/HandstandPushups/samples/00132.png 37
ucf/HandstandPushups/samples/00133.png 37
ucf/HandstandPushups/samples/00134.png 37
ucf/HandstandPushups/samples/00135.png 37
ucf/HandstandPushups/samples/00136.png 37
ucf/HandstandPushups/samples/00137.png 37
ucf/HandstandPushups/samples/00138.png 37
ucf/HandstandPushups/samples/00139.png 37
ucf/HandstandPushups/samples/00140.png 37
ucf/HandstandPushups/samples/00141.png 37
ucf/HandstandPushups/samples/00142.png 37
ucf/HandstandPushups/samples/00143.png 37
ucf/HandstandPushups/samples/00144.png 37
ucf/HandstandPushups/samples/00145.png 37
ucf/HandstandPushups/samples/00146.png 37
ucf/HandstandPushups/samples/00147.png 37
ucf/HandstandPushups/samples/00148.png 37
ucf/HandstandPushups/samples/00149.png 37
ucf/HandstandPushups/samples/00150.png 37
ucf/HandstandPushups/samples/00151.png 37
ucf/HandstandPushups/samples/00152.png 37
ucf/HandstandPushups/samples/00153.png 37
ucf/HandstandPushups/samples/00154.png 37
ucf/HandstandPushups/samples/00155.png 37
ucf/HandstandPushups/samples/00156.png 37
ucf/HandstandPushups/samples/00157.png 37
ucf/HandstandPushups/samples/00158.png 37
ucf/HandstandPushups/samples/00159.png 37
ucf/HandstandPushups/samples/00160.png 37
ucf/HandstandPushups/samples/00161.png 37
ucf/HandstandPushups/samples/00162.png 37
ucf/HandstandPushups/samples/00163.png 37
ucf/HandstandPushups/samples/00164.png 37
ucf/HandstandPushups/samples/00165.png 37
ucf/HandstandPushups/samples/00166.png 37
ucf/HandstandPushups/samples/00167.png 37
ucf/HandstandPushups/samples/00168.png 37
ucf/HandstandPushups/samples/00169.png 37
ucf/HandstandPushups/samples/00170.png 37
ucf/HandstandPushups/samples/00171.png 37
ucf/HandstandPushups/samples/00172.png 37
ucf/HandstandPushups/samples/00173.png 37
ucf/HandstandPushups/samples/00174.png 37
ucf/HandstandPushups/samples/00175.png 37
ucf/HandstandPushups/samples/00176.png 37
ucf/HandstandPushups/samples/00177.png 37
ucf/HandstandPushups/samples/00178.png 37
ucf/HandstandPushups/samples/00179.png 37
ucf/HandstandPushups/samples/00180.png 37
ucf/HandstandPushups/samples/00181.png 37
ucf/HandstandPushups/samples/00182.png 37
ucf/HandstandPushups/samples/00183.png 37
ucf/HandstandPushups/samples/00184.png 37
ucf/HandstandPushups/samples/00185.png 37
ucf/HandstandPushups/samples/00186.png 37
ucf/HandstandPushups/samples/00187.png 37
ucf/HandstandPushups/samples/00188.png 37
ucf/HandstandPushups/samples/00189.png 37
ucf/HandstandPushups/samples/00190.png 37
ucf/HandstandPushups/samples/00191.png 37
ucf/HandstandPushups/samples/00192.png 37
ucf/HandstandPushups/samples/00193.png 37
ucf/HandstandPushups/samples/00194.png 37
ucf/HandstandPushups/samples/00195.png 37
ucf/HandstandPushups/samples/00196.png 37
ucf/HandstandPushups/samples/00197.png 37
ucf/HandstandPushups/samples/00198.png 37
ucf/HandstandPushups/samples/00199.png 37
ucf/HandstandPushups/samples/00200.png 37
ucf/HandstandPushups/samples/00201.png 37
ucf/HandstandPushups/samples/00202.png 37
ucf/HandstandPushups/samples/00203.png 37
ucf/HandstandPushups/samples/00204.png 37
ucf/HandstandPushups/samples/00205.png 37
ucf/HandstandPushups/samples/00206.png 37
ucf/HandstandPushups/samples/00207.png 37
ucf/HandstandPushups/samples/00208.png 37
ucf/HandstandPushups/samples/00209.png 37
ucf/HandstandPushups/samples/00210.png 37
ucf/HandstandPushups/samples/00211.png 37
ucf/HandstandPushups/samples/00212.png 37
ucf/HandstandPushups/samples/00213.png 37
ucf/HandstandPushups/samples/00214.png 37
ucf/HandstandPushups/samples/00215.png 37
ucf/HandstandPushups/samples/00216.png 37
ucf/HandstandPushups/samples/00217.png 37
ucf/HandstandPushups/samples/00218.png 37
ucf/HandstandPushups/samples/00219.png 37
ucf/HandstandPushups/samples/00220.png 37
ucf/HandstandPushups/samples/00221.png 37
ucf/HandstandPushups/samples/00222.png 37
ucf/HandstandPushups/samples/00223.png 37
ucf/HandstandPushups/samples/00224.png 37
ucf/HandstandPushups/samples/00225.png 37
ucf/HandstandPushups/samples/00226.png 37
ucf/HandstandPushups/samples/00227.png 37
ucf/HandstandPushups/samples/00228.png 37
ucf/HandstandPushups/samples/00229.png 37
ucf/HandstandPushups/samples/00230.png 37
ucf/HandstandPushups/samples/00231.png 37
ucf/HandstandPushups/samples/00232.png 37
ucf/HandstandPushups/samples/00233.png 37
ucf/HandstandPushups/samples/00234.png 37
ucf/HandstandPushups/samples/00235.png 37
ucf/HandstandPushups/samples/00236.png 37
ucf/HandstandPushups/samples/00237.png 37
ucf/HandstandPushups/samples/00238.png 37
ucf/HandstandPushups/samples/00239.png 37
ucf/HandstandPushups/samples/00240.png 37
ucf/HandstandPushups/samples/00241.png 37
ucf/HandstandPushups/samples/00242.png 37
ucf/HandstandPushups/samples/00243.png 37
ucf/HandstandPushups/samples/00244.png 37
ucf/HandstandPushups/samples/00245.png 37
ucf/HandstandPushups/samples/00246.png 37
ucf/HandstandPushups/samples/00247.png 37
ucf/HandstandPushups/samples/00248.png 37
ucf/HandstandPushups/samples/00249.png 37
ucf/HandstandPushups/samples/00250.png 37
ucf/HandstandPushups/samples/00251.png 37
ucf/HandstandPushups/samples/00252.png 37
ucf/HandstandPushups/samples/00253.png 37
ucf/HandstandPushups/samples/00254.png 37
ucf/HandstandPushups/samples/00255.png 37
ucf/HandstandPushups/samples/00256.png 37
ucf/HandstandPushups/samples/00257.png 37
ucf/HandstandPushups/samples/00258.png 37
ucf/HandstandPushups/samples/00259.png 37
ucf/HandstandPushups/samples/00260.png 37
ucf/HandstandPushups/samples/00261.png 37
ucf/HandstandPushups/samples/00262.png 37
ucf/HandstandPushups/samples/00263.png 37
ucf/HandstandPushups/samples/00264.png 37
ucf/HandstandPushups/samples/00265.png 37
ucf/HandstandPushups/samples/00266.png 37
ucf/HandstandPushups/samples/00267.png 37
ucf/HandstandPushups/samples/00268.png 37
ucf/HandstandPushups/samples/00269.png 37
ucf/HandstandPushups/samples/00270.png 37
ucf/HandstandPushups/samples/00271.png 37
ucf/HandstandPushups/samples/00272.png 37
ucf/HandstandPushups/samples/00273.png 37
ucf/HandstandPushups/samples/00274.png 37
ucf/HandstandPushups/samples/00275.png 37
ucf/HandstandPushups/samples/00276.png 37
ucf/HandstandPushups/samples/00277.png 37
ucf/HandstandPushups/samples/00278.png 37
ucf/HandstandPushups/samples/00279.png 37
ucf/HandstandPushups/samples/00280.png 37
ucf/HandstandPushups/samples/00281.png 37
ucf/HandstandPushups/samples/00282.png 37
ucf/HandstandPushups/samples/00283.png 37
ucf/HandstandPushups/samples/00284.png 37
ucf/HandstandPushups/samples/00285.png 37
ucf/HandstandPushups/samples/00286.png 37
ucf/HandstandPushups/samples/00287.png 37
ucf/HandstandPushups/samples/00288.png 37
ucf/HandstandPushups/samples/00289.png 37
ucf/HandstandPushups/samples/00290.png 37
ucf/HandstandPushups/samples/00291.png 37
ucf/HandstandPushups/samples/00292.png 37
ucf/HandstandPushups/samples/00293.png 37
ucf/HandstandPushups/samples/00294.png 37
ucf/HandstandPushups/samples/00295.png 37
ucf/HandstandPushups/samples/00296.png 37
ucf/HandstandPushups/samples/00297.png 37
ucf/HandstandPushups/samples/00298.png 37
ucf/HandstandPushups/samples/00299.png 37
ucf/HandstandPushups/samples/00300.png 37
ucf/HandstandPushups/samples/00301.png 37
ucf/HandstandPushups/samples/00302.png 37
ucf/HandstandPushups/samples/00303.png 37
ucf/HandstandPushups/samples/00304.png 37
ucf/HandstandPushups/samples/00305.png 37
ucf/HandstandPushups/samples/00306.png 37
ucf/HandstandPushups/samples/00307.png 37
ucf/HandstandPushups/samples/00308.png 37
ucf/HandstandPushups/samples/00309.png 37
ucf/HandstandPushups/samples/00310.png 37
ucf/HandstandPushups/samples/00311.png 37
ucf/HandstandPushups/samples/00312.png 37
ucf/HandstandPushups/samples/00313.png 37
ucf/HandstandPushups/samples/00314.png 37
ucf/HandstandPushups/samples/00315.png 37
ucf/HandstandPushups/samples/00316.png 37
ucf/HandstandPushups/samples/00317.png 37
ucf/HandstandPushups/samples/00318.png 37
ucf/HandstandPushups/samples/00319.png 37
ucf/HandstandPushups/samples/00320.png 37
ucf/HandstandPushups/samples/00321.png 37
ucf/HandstandPushups/samples/00322.png 37
ucf/HandstandPushups/samples/00323.png 37
ucf/HandstandPushups/samples/00324.png 37
ucf/HandstandPushups/samples/00325.png 37
ucf/HandstandPushups/samples/00326.png 37
ucf/HandstandPushups/samples/00327.png 37
ucf/HandstandPushups/samples/00328.png 37
ucf/HandstandPushups/samples/00329.png 37
ucf/HandstandPushups/samples/00330.png 37
ucf/HandstandPushups/samples/00331.png 37
ucf/HandstandPushups/samples/00332.png 37
ucf/HandstandPushups/samples/00333.png 37
ucf/HandstandPushups/samples/00334.png 37
ucf/HandstandPushups/samples/00335.png 37
ucf/HandstandPushups/samples/00336.png 37
ucf/HandstandPushups/samples/00337.png 37
ucf/HandstandPushups/samples/00338.png 37
ucf/HandstandPushups/samples/00339.png 37
ucf/HandstandPushups/samples/00340.png 37
ucf/HandstandPushups/samples/00341.png 37
ucf/HandstandPushups/samples/00342.png 37
ucf/HandstandPushups/samples/00343.png 37
ucf/HandstandPushups/samples/00344.png 37
ucf/HandstandPushups/samples/00345.png 37
ucf/HandstandPushups/samples/00346.png 37
ucf/HandstandPushups/samples/00347.png 37
ucf/HandstandPushups/samples/00348.png 37
ucf/HandstandPushups/samples/00349.png 37
ucf/HandstandPushups/samples/00350.png 37
ucf/HandstandPushups/samples/00351.png 37
ucf/HandstandPushups/samples/00352.png 37
ucf/HandstandPushups/samples/00353.png 37
ucf/HandstandPushups/samples/00354.png 37
ucf/HandstandPushups/samples/00355.png 37
ucf/HandstandPushups/samples/00356.png 37
ucf/HandstandPushups/samples/00357.png 37
ucf/HandstandPushups/samples/00358.png 37
ucf/HandstandPushups/samples/00359.png 37
ucf/HandstandPushups/samples/00360.png 37
ucf/HandstandPushups/samples/00361.png 37
ucf/HandstandPushups/samples/00362.png 37
ucf/HandstandPushups/samples/00363.png 37
ucf/HandstandPushups/samples/00364.png 37
ucf/HandstandPushups/samples/00365.png 37
ucf/HandstandPushups/samples/00366.png 37
ucf/HandstandPushups/samples/00367.png 37
ucf/HandstandPushups/samples/00368.png 37
ucf/HandstandPushups/samples/00369.png 37
ucf/HandstandPushups/samples/00370.png 37
ucf/HandstandPushups/samples/00371.png 37
ucf/HandstandPushups/samples/00372.png 37
ucf/HandstandPushups/samples/00373.png 37
ucf/HandstandPushups/samples/00374.png 37
ucf/HandstandPushups/samples/00375.png 37
ucf/HandstandPushups/samples/00376.png 37
ucf/HandstandPushups/samples/00377.png 37
ucf/HandstandPushups/samples/00378.png 37
ucf/HandstandPushups/samples/00379.png 37
ucf/HandstandPushups/samples/00380.png 37
ucf/HandstandPushups/samples/00381.png 37
ucf/HandstandPushups/samples/00382.png 37
ucf/HandstandPushups/samples/00383.png 37
ucf/HandstandPushups/samples/00384.png 37
ucf/HandstandPushups/samples/00385.png 37
ucf/HandstandPushups/samples/00386.png 37
ucf/HandstandPushups/samples/00387.png 37
ucf/HandstandPushups/samples/00388.png 37
ucf/HandstandPushups/samples/00389.png 37
ucf/HandstandPushups/samples/00390.png 37
ucf/HandstandPushups/samples/00391.png 37
ucf/HandstandPushups/samples/00392.png 37
ucf/HandstandPushups/samples/00393.png 37
ucf/HandstandPushups/samples/00394.png 37
ucf/HandstandPushups/samples/00395.png 37
ucf/HandstandPushups/samples/00396.png 37
ucf/HandstandPushups/samples/00397.png 37
ucf/HandstandPushups/samples/00398.png 37
ucf/HandstandPushups/samples/00399.png 37
ucf/HandstandPushups/samples/00400.png 37
ucf/HandstandPushups/samples/00401.png 37
ucf/HandstandPushups/samples/00402.png 37
ucf/HandstandPushups/samples/00403.png 37
ucf/HandstandPushups/samples/00404.png 37
ucf/HandstandPushups/samples/00405.png 37
ucf/HandstandPushups/samples/00406.png 37
ucf/HandstandPushups/samples/00407.png 37
ucf/HandstandPushups/samples/00408.png 37
ucf/HandstandPushups/samples/00409.png 37
ucf/HandstandPushups/samples/00410.png 37
ucf/HandstandPushups/samples/00411.png 37
ucf/HandstandPushups/samples/00412.png 37
ucf/HandstandPushups/samples/00413.png 37
ucf/HandstandPushups/samples/00414.png 37
ucf/HandstandPushups/samples/00415.png 37
ucf/HandstandPushups/samples/00416.png 37
ucf/HandstandPushups/samples/00417.png 37
ucf/HandstandPushups/samples/00418.png 37
ucf/HandstandPushups/samples/00419.png 37
ucf/HandstandPushups/samples/00420.png 37
ucf/HandstandPushups/samples/00421.png 37
ucf/HandstandPushups/samples/00422.png 37
ucf/HandstandPushups/samples/00423.png 37
ucf/HandstandPushups/samples/00424.png 37
ucf/HandstandPushups/samples/00425.png 37
ucf/HandstandPushups/samples/00426.png 37
ucf/HandstandPushups/samples/00427.png 37
ucf/HandstandPushups/samples/00428.png 37
ucf/HandstandPushups/samples/00429.png 37
ucf/HandstandPushups/samples/00430.png 37
ucf/HandstandPushups/samples/00431.png 37
ucf/HandstandPushups/samples/00432.png 37
ucf/HandstandPushups/samples/00433.png 37
ucf/HandstandPushups/samples/00434.png 37
ucf/HandstandPushups/samples/00435.png 37
ucf/HandstandPushups/samples/00436.png 37
ucf/HandstandPushups/samples/00437.png 37
ucf/HandstandPushups/samples/00438.png 37
ucf/HandstandPushups/samples/00439.png 37
ucf/HandstandPushups/samples/00440.png 37
ucf/HandstandPushups/samples/00441.png 37
ucf/HandstandPushups/samples/00442.png 37
ucf/HandstandPushups/samples/00443.png 37
ucf/HandstandPushups/samples/00444.png 37
ucf/HandstandPushups/samples/00445.png 37
ucf/HandstandPushups/samples/00446.png 37
ucf/HandstandPushups/samples/00447.png 37
ucf/HandstandPushups/samples/00448.png 37
ucf/HandstandPushups/samples/00449.png 37
ucf/HandstandPushups/samples/00450.png 37
ucf/HandstandPushups/samples/00451.png 37
ucf/HandstandPushups/samples/00452.png 37
ucf/HandstandPushups/samples/00453.png 37
ucf/HandstandPushups/samples/00454.png 37
ucf/HandstandPushups/samples/00455.png 37
ucf/HandstandPushups/samples/00456.png 37
ucf/HandstandPushups/samples/00457.png 37
ucf/HandstandPushups/samples/00458.png 37
ucf/HandstandPushups/samples/00459.png 37
ucf/HandstandPushups/samples/00460.png 37
ucf/HandstandPushups/samples/00461.png 37
ucf/HandstandPushups/samples/00462.png 37
ucf/HandstandPushups/samples/00463.png 37
ucf/HandstandPushups/samples/00464.png 37
ucf/HandstandPushups/samples/00465.png 37
ucf/HandstandPushups/samples/00466.png 37
ucf/HandstandPushups/samples/00467.png 37
ucf/HandstandPushups/samples/00468.png 37
ucf/HandstandPushups/samples/00469.png 37
ucf/HandstandPushups/samples/00470.png 37
ucf/HandstandPushups/samples/00471.png 37
ucf/HandstandPushups/samples/00472.png 37
ucf/HandstandPushups/samples/00473.png 37
ucf/HandstandPushups/samples/00474.png 37
ucf/HandstandPushups/samples/00475.png 37
ucf/HandstandPushups/samples/00476.png 37
ucf/HandstandPushups/samples/00477.png 37
ucf/HandstandPushups/samples/00478.png 37
ucf/HandstandPushups/samples/00479.png 37
ucf/HandstandPushups/samples/00480.png 37
ucf/HandstandPushups/samples/00481.png 37
ucf/HandstandPushups/samples/00482.png 37
ucf/HandstandPushups/samples/00483.png 37
ucf/HandstandPushups/samples/00484.png 37
ucf/HandstandPushups/samples/00485.png 37
ucf/HandstandPushups/samples/00486.png 37
ucf/HandstandPushups/samples/00487.png 37
ucf/HandstandPushups/samples/00488.png 37
ucf/HandstandPushups/samples/00489.png 37
ucf/HandstandPushups/samples/00490.png 37
ucf/HandstandPushups/samples/00491.png 37
ucf/HandstandPushups/samples/00492.png 37
ucf/HandstandPushups/samples/00493.png 37
ucf/HandstandPushups/samples/00494.png 37
ucf/HandstandPushups/samples/00495.png 37
ucf/HandstandPushups/samples/00496.png 37
ucf/HandstandPushups/samples/00497.png 37
ucf/HandstandPushups/samples/00498.png 37
ucf/HandstandPushups/samples/00499.png 37
ucf/HandstandPushups/samples/00500.png 37
ucf/HandstandPushups/samples/00501.png 37
ucf/HandstandPushups/samples/00502.png 37
ucf/HandstandPushups/samples/00503.png 37
ucf/HandstandPushups/samples/00504.png 37
ucf/HandstandPushups/samples/00505.png 37
ucf/HandstandPushups/samples/00506.png 37
ucf/HandstandPushups/samples/00507.png 37
ucf/HandstandPushups/samples/00508.png 37
ucf/HandstandPushups/samples/00509.png 37
ucf/HandstandPushups/samples/00510.png 37
ucf/HandstandPushups/samples/00511.png 37
ucf/HandstandPushups/samples/00512.png 37
ucf/HandstandPushups/samples/00513.png 37
ucf/HandstandPushups/samples/00514.png 37
ucf/HandstandPushups/samples/00515.png 37
ucf/HandstandPushups/samples/00516.png 37
ucf/HandstandPushups/samples/00517.png 37
ucf/HandstandPushups/samples/00518.png 37
ucf/HandstandPushups/samples/00519.png 37
ucf/HandstandPushups/samples/00520.png 37
ucf/HandstandPushups/samples/00521.png 37
ucf/HandstandPushups/samples/00522.png 37
ucf/HandstandPushups/samples/00523.png 37
ucf/HandstandPushups/samples/00524.png 37
ucf/HandstandPushups/samples/00525.png 37
ucf/HandstandPushups/samples/00526.png 37
ucf/HandstandPushups/samples/00527.png 37
ucf/HandstandPushups/samples/00528.png 37
ucf/HandstandPushups/samples/00529.png 37
ucf/HandstandPushups/samples/00530.png 37
ucf/HandstandPushups/samples/00531.png 37
ucf/HandstandPushups/samples/00532.png 37
ucf/HandstandPushups/samples/00533.png 37
ucf/HandstandPushups/samples/00534.png 37
ucf/HandstandPushups/samples/00535.png 37
ucf/HandstandPushups/samples/00536.png 37
ucf/HandstandPushups/samples/00537.png 37
ucf/HandstandPushups/samples/00538.png 37
ucf/HandstandPushups/samples/00539.png 37
ucf/HandstandPushups/samples/00540.png 37
ucf/HandstandPushups/samples/00541.png 37
ucf/HandstandPushups/samples/00542.png 37
ucf/HandstandPushups/samples/00543.png 37
ucf/HandstandPushups/samples/00544.png 37
ucf/HandstandPushups/samples/00545.png 37
ucf/HandstandPushups/samples/00546.png 37
ucf/HandstandPushups/samples/00547.png 37
ucf/HandstandPushups/samples/00548.png 37
ucf/HandstandPushups/samples/00549.png 37
ucf/HandstandPushups/samples/00550.png 37
ucf/HandstandPushups/samples/00551.png 37
ucf/HandstandPushups/samples/00552.png 37
ucf/HandstandPushups/samples/00553.png 37
ucf/HandstandPushups/samples/00554.png 37
ucf/HandstandPushups/samples/00555.png 37
ucf/HandstandPushups/samples/00556.png 37
ucf/HandstandPushups/samples/00557.png 37
ucf/HandstandPushups/samples/00558.png 37
ucf/HandstandPushups/samples/00559.png 37
ucf/HandstandPushups/samples/00560.png 37
ucf/HandstandPushups/samples/00561.png 37
ucf/HandstandPushups/samples/00562.png 37
ucf/HandstandPushups/samples/00563.png 37
ucf/HandstandPushups/samples/00564.png 37
ucf/HandstandPushups/samples/00565.png 37
ucf/HandstandPushups/samples/00566.png 37
ucf/HandstandPushups/samples/00567.png 37
ucf/HandstandPushups/samples/00568.png 37
ucf/HandstandPushups/samples/00569.png 37
ucf/HandstandPushups/samples/00570.png 37
ucf/HandstandPushups/samples/00571.png 37
ucf/HandstandPushups/samples/00572.png 37
ucf/HandstandPushups/samples/00573.png 37
ucf/HandstandPushups/samples/00574.png 37
ucf/HandstandPushups/samples/00575.png 37
ucf/HandstandPushups/samples/00576.png 37
ucf/HandstandPushups/samples/00577.png 37
ucf/HandstandPushups/samples/00578.png 37
ucf/HandstandPushups/samples/00579.png 37
ucf/HandstandPushups/samples/00580.png 37
ucf/HandstandPushups/samples/00581.png 37
ucf/HandstandPushups/samples/00582.png 37
ucf/HandstandPushups/samples/00583.png 37
ucf/HandstandPushups/samples/00584.png 37
ucf/HandstandPushups/samples/00585.png 37
ucf/HandstandPushups/samples/00586.png 37
ucf/HandstandPushups/samples/00587.png 37
ucf/HandstandPushups/samples/00588.png 37
ucf/HandstandPushups/samples/00589.png 37
ucf/HandstandPushups/samples/00590.png 37
ucf/HandstandPushups/samples/00591.png 37
ucf/HandstandPushups/samples/00592.png 37
ucf/HandstandPushups/samples/00593.png 37
ucf/HandstandPushups/samples/00594.png 37
ucf/HandstandPushups/samples/00595.png 37
ucf/HandstandPushups/samples/00596.png 37
ucf/HandstandPushups/samples/00597.png 37
ucf/HandstandPushups/samples/00598.png 37
ucf/HandstandPushups/samples/00599.png 37
ucf/HandstandPushups/samples/00600.png 37
ucf/HandstandPushups/samples/00601.png 37
ucf/HandstandPushups/samples/00602.png 37
ucf/HandstandPushups/samples/00603.png 37
ucf/HandstandPushups/samples/00604.png 37
ucf/HandstandPushups/samples/00605.png 37
ucf/HandstandPushups/samples/00606.png 37
ucf/HandstandPushups/samples/00607.png 37
ucf/HandstandPushups/samples/00608.png 37
ucf/HandstandPushups/samples/00609.png 37
ucf/HandstandPushups/samples/00610.png 37
ucf/HandstandPushups/samples/00611.png 37
ucf/HandstandPushups/samples/00612.png 37
ucf/HandstandPushups/samples/00613.png 37
ucf/HandstandPushups/samples/00614.png 37
ucf/HandstandPushups/samples/00615.png 37
ucf/HandstandPushups/samples/00616.png 37
ucf/HandstandPushups/samples/00617.png 37
ucf/HandstandPushups/samples/00618.png 37
ucf/HandstandPushups/samples/00619.png 37
ucf/HandstandPushups/samples/00620.png 37
ucf/HandstandPushups/samples/00621.png 37
ucf/HandstandPushups/samples/00622.png 37
ucf/HandstandPushups/samples/00623.png 37
ucf/HandstandPushups/samples/00624.png 37
ucf/HandstandPushups/samples/00625.png 37
ucf/HandstandPushups/samples/00626.png 37
ucf/HandstandPushups/samples/00627.png 37
ucf/HandstandPushups/samples/00628.png 37
ucf/HandstandPushups/samples/00629.png 37
ucf/HandstandPushups/samples/00630.png 37
ucf/HandstandPushups/samples/00631.png 37
ucf/HandstandPushups/samples/00632.png 37
ucf/HandstandPushups/samples/00633.png 37
ucf/HandstandPushups/samples/00634.png 37
ucf/HandstandPushups/samples/00635.png 37
ucf/HandstandPushups/samples/00636.png 37
ucf/HandstandPushups/samples/00637.png 37
ucf/HandstandPushups/samples/00638.png 37
ucf/HandstandPushups/samples/00639.png 37
ucf/HandstandPushups/samples/00640.png 37
ucf/HandstandPushups/samples/00641.png 37
ucf/HandstandPushups/samples/00642.png 37
ucf/HandstandPushups/samples/00643.png 37
ucf/HandstandPushups/samples/00644.png 37
ucf/HandstandPushups/samples/00645.png 37
ucf/HandstandPushups/samples/00646.png 37
ucf/HandstandPushups/samples/00647.png 37
ucf/HandstandPushups/samples/00648.png 37
ucf/HandstandPushups/samples/00649.png 37
ucf/HandstandPushups/samples/00650.png 37
ucf/HandstandPushups/samples/00651.png 37
ucf/HandstandPushups/samples/00652.png 37
ucf/HandstandPushups/samples/00653.png 37
ucf/HandstandPushups/samples/00654.png 37
ucf/HandstandPushups/samples/00655.png 37
ucf/HandstandPushups/samples/00656.png 37
ucf/HandstandPushups/samples/00657.png 37
ucf/HandstandPushups/samples/00658.png 37
ucf/HandstandPushups/samples/00659.png 37
ucf/HandstandPushups/samples/00660.png 37
ucf/HandstandPushups/samples/00661.png 37
ucf/HandstandPushups/samples/00662.png 37
ucf/HandstandPushups/samples/00663.png 37
ucf/HandstandPushups/samples/00664.png 37
ucf/HandstandPushups/samples/00665.png 37
ucf/HandstandPushups/samples/00666.png 37
ucf/HandstandPushups/samples/00667.png 37
ucf/HandstandPushups/samples/00668.png 37
ucf/HandstandPushups/samples/00669.png 37
ucf/HandstandPushups/samples/00670.png 37
ucf/HandstandPushups/samples/00671.png 37
ucf/HandstandPushups/samples/00672.png 37
ucf/HandstandPushups/samples/00673.png 37
ucf/HandstandPushups/samples/00674.png 37
ucf/HandstandPushups/samples/00675.png 37
ucf/HandstandPushups/samples/00676.png 37
ucf/HandstandPushups/samples/00677.png 37
ucf/HandstandPushups/samples/00678.png 37
ucf/HandstandPushups/samples/00679.png 37
ucf/HandstandPushups/samples/00680.png 37
ucf/HandstandPushups/samples/00681.png 37
ucf/HandstandPushups/samples/00682.png 37
ucf/HandstandPushups/samples/00683.png 37
ucf/HandstandPushups/samples/00684.png 37
ucf/HandstandPushups/samples/00685.png 37
ucf/HandstandPushups/samples/00686.png 37
ucf/HandstandPushups/samples/00687.png 37
ucf/HandstandPushups/samples/00688.png 37
ucf/HandstandPushups/samples/00689.png 37
ucf/HandstandPushups/samples/00690.png 37
ucf/HandstandPushups/samples/00691.png 37
ucf/HandstandPushups/samples/00692.png 37
ucf/HandstandPushups/samples/00693.png 37
ucf/HandstandPushups/samples/00694.png 37
ucf/HandstandPushups/samples/00695.png 37
ucf/HandstandPushups/samples/00696.png 37
ucf/HandstandPushups/samples/00697.png 37
ucf/HandstandPushups/samples/00698.png 37
ucf/HandstandPushups/samples/00699.png 37
ucf/HandstandPushups/samples/00700.png 37
ucf/HandstandPushups/samples/00701.png 37
ucf/HandstandPushups/samples/00702.png 37
ucf/HandstandPushups/samples/00703.png 37
ucf/HandstandPushups/samples/00704.png 37
ucf/HandstandPushups/samples/00705.png 37
ucf/HandstandPushups/samples/00706.png 37
ucf/HandstandPushups/samples/00707.png 37
ucf/HandstandPushups/samples/00708.png 37
ucf/HandstandPushups/samples/00709.png 37
ucf/HandstandPushups/samples/00710.png 37
ucf/HandstandPushups/samples/00711.png 37
ucf/HandstandPushups/samples/00712.png 37
ucf/HandstandPushups/samples/00713.png 37
ucf/HandstandPushups/samples/00714.png 37
ucf/HandstandPushups/samples/00715.png 37
ucf/HandstandPushups/samples/00716.png 37
ucf/HandstandPushups/samples/00717.png 37
ucf/HandstandPushups/samples/00718.png 37
ucf/HandstandPushups/samples/00719.png 37
ucf/HandstandPushups/samples/00720.png 37
ucf/HandstandPushups/samples/00721.png 37
ucf/HandstandPushups/samples/00722.png 37
ucf/HandstandPushups/samples/00723.png 37
ucf/HandstandPushups/samples/00724.png 37
ucf/HandstandPushups/samples/00725.png 37
ucf/HandstandPushups/samples/00726.png 37
ucf/HandstandPushups/samples/00727.png 37
ucf/HandstandPushups/samples/00728.png 37
ucf/HandstandPushups/samples/00729.png 37
ucf/HandstandPushups/samples/00730.png 37
ucf/HandstandPushups/samples/00731.png 37
ucf/HandstandPushups/samples/00732.png 37
ucf/HandstandPushups/samples/00733.png 37
ucf/HandstandPushups/samples/00734.png 37
ucf/HandstandPushups/samples/00735.png 37
ucf/HandstandPushups/samples/00736.png 37
ucf/HandstandPushups/samples/00737.png 37
ucf/HandstandPushups/samples/00738.png 37
ucf/HandstandPushups/samples/00739.png 37
ucf/HandstandPushups/samples/00740.png 37
ucf/HandstandPushups/samples/00741.png 37
ucf/HandstandPushups/samples/00742.png 37
ucf/HandstandPushups/samples/00743.png 37
ucf/HandstandPushups/samples/00744.png 37
ucf/HandstandPushups/samples/00745.png 37
ucf/HandstandPushups/samples/00746.png 37
ucf/HandstandPushups/samples/00747.png 37
ucf/HandstandPushups/samples/00748.png 37
ucf/HandstandPushups/samples/00749.png 37
ucf/HandstandPushups/samples/00750.png 37
ucf/HandstandPushups/samples/00751.png 37
ucf/HandstandPushups/samples/00752.png 37
ucf/HandstandPushups/samples/00753.png 37
ucf/HandstandPushups/samples/00754.png 37
ucf/HandstandPushups/samples/00755.png 37
ucf/HandstandPushups/samples/00756.png 37
ucf/HandstandPushups/samples/00757.png 37
ucf/HandstandPushups/samples/00758.png 37
ucf/HandstandPushups/samples/00759.png 37
ucf/HandstandPushups/samples/00760.png 37
ucf/HandstandPushups/samples/00761.png 37
ucf/HandstandPushups/samples/00762.png 37
ucf/HandstandPushups/samples/00763.png 37
ucf/HandstandPushups/samples/00764.png 37
ucf/HandstandPushups/samples/00765.png 37
ucf/HandstandPushups/samples/00766.png 37
ucf/HandstandPushups/samples/00767.png 37
ucf/HandstandPushups/samples/00768.png 37
ucf/HandstandPushups/samples/00769.png 37
ucf/HandstandPushups/samples/00770.png 37
ucf/HandstandPushups/samples/00771.png 37
ucf/HandstandPushups/samples/00772.png 37
ucf/HandstandPushups/samples/00773.png 37
ucf/HandstandPushups/samples/00774.png 37
ucf/HandstandPushups/samples/00775.png 37
ucf/HandstandPushups/samples/00776.png 37
ucf/HandstandPushups/samples/00777.png 37
ucf/HandstandPushups/samples/00778.png 37
ucf/HandstandPushups/samples/00779.png 37
ucf/HandstandPushups/samples/00780.png 37
ucf/HandstandPushups/samples/00781.png 37
ucf/HandstandPushups/samples/00782.png 37
ucf/HandstandPushups/samples/00783.png 37
ucf/HandstandPushups/samples/00784.png 37
ucf/HandstandPushups/samples/00785.png 37
ucf/HandstandPushups/samples/00786.png 37
ucf/HandstandPushups/samples/00787.png 37
ucf/HandstandPushups/samples/00788.png 37
ucf/HandstandPushups/samples/00789.png 37
ucf/HandstandPushups/samples/00790.png 37
ucf/HandstandPushups/samples/00791.png 37
ucf/HandstandPushups/samples/00792.png 37
ucf/HandstandPushups/samples/00793.png 37
ucf/HandstandPushups/samples/00794.png 37
ucf/HandstandPushups/samples/00795.png 37
ucf/HandstandPushups/samples/00796.png 37
ucf/HandstandPushups/samples/00797.png 37
ucf/HandstandPushups/samples/00798.png 37
ucf/HandstandPushups/samples/00799.png 37
ucf/HandstandPushups/samples/00800.png 37
ucf/HandstandPushups/samples/00801.png 37
ucf/HandstandPushups/samples/00802.png 37
ucf/HandstandPushups/samples/00803.png 37
ucf/HandstandPushups/samples/00804.png 37
ucf/HandstandPushups/samples/00805.png 37
ucf/HandstandPushups/samples/00806.png 37
ucf/HandstandPushups/samples/00807.png 37
ucf/HandstandPushups/samples/00808.png 37
ucf/HandstandPushups/samples/00809.png 37
ucf/HandstandPushups/samples/00810.png 37
ucf/HandstandPushups/samples/00811.png 37
ucf/HandstandPushups/samples/00812.png 37
ucf/HandstandPushups/samples/00813.png 37
ucf/HandstandPushups/samples/00814.png 37
ucf/HandstandPushups/samples/00815.png 37
ucf/HandstandPushups/samples/00816.png 37
ucf/HandstandPushups/samples/00817.png 37
ucf/HandstandPushups/samples/00818.png 37
ucf/HandstandPushups/samples/00819.png 37
ucf/HandstandPushups/samples/00820.png 37
ucf/HandstandPushups/samples/00821.png 37
ucf/HandstandPushups/samples/00822.png 37
ucf/HandstandPushups/samples/00823.png 37
ucf/HandstandPushups/samples/00824.png 37
ucf/HandstandPushups/samples/00825.png 37
ucf/HandstandPushups/samples/00826.png 37
ucf/HandstandPushups/samples/00827.png 37
ucf/HandstandPushups/samples/00828.png 37
ucf/HandstandPushups/samples/00829.png 37
ucf/HandstandPushups/samples/00830.png 37
ucf/HandstandPushups/samples/00831.png 37
ucf/HandstandPushups/samples/00832.png 37
ucf/HandstandPushups/samples/00833.png 37
ucf/HandstandPushups/samples/00834.png 37
ucf/HandstandPushups/samples/00835.png 37
ucf/HandstandPushups/samples/00836.png 37
ucf/HandstandPushups/samples/00837.png 37
ucf/HandstandPushups/samples/00838.png 37
ucf/HandstandPushups/samples/00839.png 37
ucf/HandstandPushups/samples/00840.png 37
ucf/HandstandPushups/samples/00841.png 37
ucf/HandstandPushups/samples/00842.png 37
ucf/HandstandPushups/samples/00843.png 37
ucf/HandstandPushups/samples/00844.png 37
ucf/HandstandPushups/samples/00845.png 37
ucf/HandstandPushups/samples/00846.png 37
ucf/HandstandPushups/samples/00847.png 37
ucf/HandstandPushups/samples/00848.png 37
ucf/HandstandPushups/samples/00849.png 37
ucf/HandstandPushups/samples/00850.png 37
ucf/HandstandPushups/samples/00851.png 37
ucf/HandstandPushups/samples/00852.png 37
ucf/HandstandPushups/samples/00853.png 37
ucf/HandstandPushups/samples/00854.png 37
ucf/HandstandPushups/samples/00855.png 37
ucf/HandstandPushups/samples/00856.png 37
ucf/HandstandPushups/samples/00857.png 37
ucf/HandstandPushups/samples/00858.png 37
ucf/HandstandPushups/samples/00859.png 37
ucf/HandstandPushups/samples/00860.png 37
ucf/HandstandPushups/samples/00861.png 37
ucf/HandstandPushups/samples/00862.png 37
ucf/HandstandPushups/samples/00863.png 37
ucf/HandstandPushups/samples/00864.png 37
ucf/HandstandPushups/samples/00865.png 37
ucf/HandstandPushups/samples/00866.png 37
ucf/HandstandPushups/samples/00867.png 37
ucf/HandstandPushups/samples/00868.png 37
ucf/HandstandPushups/samples/00869.png 37
ucf/HandstandPushups/samples/00870.png 37
ucf/HandstandPushups/samples/00871.png 37
ucf/HandstandPushups/samples/00872.png 37
ucf/HandstandPushups/samples/00873.png 37
ucf/HandstandPushups/samples/00874.png 37
ucf/HandstandPushups/samples/00875.png 37
ucf/HandstandPushups/samples/00876.png 37
ucf/HandstandPushups/samples/00877.png 37
ucf/HandstandPushups/samples/00878.png 37
ucf/HandstandPushups/samples/00879.png 37
ucf/HandstandPushups/samples/00880.png 37
ucf/HandstandPushups/samples/00881.png 37
ucf/HandstandPushups/samples/00882.png 37
ucf/HandstandPushups/samples/00883.png 37
ucf/HandstandPushups/samples/00884.png 37
ucf/HandstandPushups/samples/00885.png 37
ucf/HandstandPushups/samples/00886.png 37
ucf/HandstandPushups/samples/00887.png 37
ucf/HandstandPushups/samples/00888.png 37
ucf/HandstandPushups/samples/00889.png 37
ucf/HandstandPushups/samples/00890.png 37
ucf/HandstandPushups/samples/00891.png 37
ucf/HandstandPushups/samples/00892.png 37
ucf/HandstandPushups/samples/00893.png 37
ucf/HandstandPushups/samples/00894.png 37
ucf/HandstandPushups/samples/00895.png 37
ucf/HandstandPushups/samples/00896.png 37
ucf/HandstandPushups/samples/00897.png 37
ucf/HandstandPushups/samples/00898.png 37
ucf/HandstandPushups/samples/00899.png 37
ucf/HandstandPushups/samples/00900.png 37
ucf/HandstandPushups/samples/00901.png 37
ucf/HandstandPushups/samples/00902.png 37
ucf/HandstandPushups/samples/00903.png 37
ucf/HandstandPushups/samples/00904.png 37
ucf/HandstandPushups/samples/00905.png 37
ucf/HandstandPushups/samples/00906.png 37
ucf/HandstandPushups/samples/00907.png 37
ucf/HandstandPushups/samples/00908.png 37
ucf/HandstandPushups/samples/00909.png 37
ucf/HandstandPushups/samples/00910.png 37
ucf/HandstandPushups/samples/00911.png 37
ucf/HandstandPushups/samples/00912.png 37
ucf/HandstandPushups/samples/00913.png 37
ucf/HandstandPushups/samples/00914.png 37
ucf/HandstandPushups/samples/00915.png 37
ucf/HandstandPushups/samples/00916.png 37
ucf/HandstandPushups/samples/00917.png 37
ucf/HandstandPushups/samples/00918.png 37
ucf/HandstandPushups/samples/00919.png 37
ucf/HandstandPushups/samples/00920.png 37
ucf/HandstandPushups/samples/00921.png 37
ucf/HandstandPushups/samples/00922.png 37
ucf/HandstandPushups/samples/00923.png 37
ucf/HandstandPushups/samples/00924.png 37
ucf/HandstandPushups/samples/00925.png 37
ucf/HandstandPushups/samples/00926.png 37
ucf/HandstandPushups/samples/00927.png 37
ucf/HandstandPushups/samples/00928.png 37
ucf/HandstandPushups/samples/00929.png 37
ucf/HandstandPushups/samples/00930.png 37
ucf/HandstandPushups/samples/00931.png 37
ucf/HandstandPushups/samples/00932.png 37
ucf/HandstandPushups/samples/00933.png 37
ucf/HandstandPushups/samples/00934.png 37
ucf/HandstandPushups/samples/00935.png 37
ucf/HandstandPushups/samples/00936.png 37
ucf/HandstandPushups/samples/00937.png 37
ucf/HandstandPushups/samples/00938.png 37
ucf/HandstandPushups/samples/00939.png 37
ucf/HandstandPushups/samples/00940.png 37
ucf/HandstandPushups/samples/00941.png 37
ucf/HandstandPushups/samples/00942.png 37
ucf/HandstandPushups/samples/00943.png 37
ucf/HandstandPushups/samples/00944.png 37
ucf/HandstandPushups/samples/00945.png 37
ucf/HandstandPushups/samples/00946.png 37
ucf/HandstandPushups/samples/00947.png 37
ucf/HandstandPushups/samples/00948.png 37
ucf/HandstandPushups/samples/00949.png 37
ucf/HandstandPushups/samples/00950.png 37
ucf/HandstandPushups/samples/00951.png 37
ucf/HandstandPushups/samples/00952.png 37
ucf/HandstandPushups/samples/00953.png 37
ucf/HandstandPushups/samples/00954.png 37
ucf/HandstandPushups/samples/00955.png 37
ucf/HandstandPushups/samples/00956.png 37
ucf/HandstandPushups/samples/00957.png 37
ucf/HandstandPushups/samples/00958.png 37
ucf/HandstandPushups/samples/00959.png 37
ucf/HandstandPushups/samples/00960.png 37
ucf/HandstandPushups/samples/00961.png 37
ucf/HandstandPushups/samples/00962.png 37
ucf/HandstandPushups/samples/00963.png 37
ucf/HandstandPushups/samples/00964.png 37
ucf/HandstandPushups/samples/00965.png 37
ucf/HandstandPushups/samples/00966.png 37
ucf/HandstandPushups/samples/00967.png 37
ucf/HandstandPushups/samples/00968.png 37
ucf/HandstandPushups/samples/00969.png 37
ucf/HandstandPushups/samples/00970.png 37
ucf/HandstandPushups/samples/00971.png 37
ucf/HandstandPushups/samples/00972.png 37
ucf/HandstandPushups/samples/00973.png 37
ucf/HandstandPushups/samples/00974.png 37
ucf/HandstandPushups/samples/00975.png 37
ucf/HandstandPushups/samples/00976.png 37
ucf/HandstandPushups/samples/00977.png 37
ucf/HandstandPushups/samples/00978.png 37
ucf/HandstandPushups/samples/00979.png 37
ucf/HandstandPushups/samples/00980.png 37
ucf/HandstandPushups/samples/00981.png 37
ucf/HandstandPushups/samples/00982.png 37
ucf/HandstandPushups/samples/00983.png 37
ucf/HandstandPushups/samples/00984.png 37
ucf/HandstandPushups/samples/00985.png 37
ucf/HandstandPushups/samples/00986.png 37
ucf/HandstandPushups/samples/00987.png 37
ucf/HandstandPushups/samples/00988.png 37
ucf/HandstandPushups/samples/00989.png 37
ucf/HandstandPushups/samples/00990.png 37
ucf/HandstandPushups/samples/00991.png 37
ucf/HandstandPushups/samples/00992.png 37
ucf/HandstandPushups/samples/00993.png 37
ucf/HandstandPushups/samples/00994.png 37
ucf/HandstandPushups/samples/00995.png 37
ucf/HandstandPushups/samples/00996.png 37
ucf/HandstandPushups/samples/00997.png 37
ucf/HandstandPushups/samples/00998.png 37
ucf/HandstandPushups/samples/00999.png 37
ucf/PlayingSitar/samples/00000.png 65
ucf/PlayingSitar/samples/00001.png 65
ucf/PlayingSitar/samples/00002.png 65
ucf/PlayingSitar/samples/00003.png 65
ucf/PlayingSitar/samples/00004.png 65
ucf/PlayingSitar/samples/00005.png 65
ucf/PlayingSitar/samples/00006.png 65
ucf/PlayingSitar/samples/00007.png 65
ucf/PlayingSitar/samples/00008.png 65
ucf/PlayingSitar/samples/00009.png 65
ucf/PlayingSitar/samples/00010.png 65
ucf/PlayingSitar/samples/00011.png 65
ucf/PlayingSitar/samples/00012.png 65
ucf/PlayingSitar/samples/00013.png 65
ucf/PlayingSitar/samples/00014.png 65
ucf/PlayingSitar/samples/00015.png 65
ucf/PlayingSitar/samples/00016.png 65
ucf/PlayingSitar/samples/00017.png 65
ucf/PlayingSitar/samples/00018.png 65
ucf/PlayingSitar/samples/00019.png 65
ucf/PlayingSitar/samples/00020.png 65
ucf/PlayingSitar/samples/00021.png 65
ucf/PlayingSitar/samples/00022.png 65
ucf/PlayingSitar/samples/00023.png 65
ucf/PlayingSitar/samples/00024.png 65
ucf/PlayingSitar/samples/00025.png 65
ucf/PlayingSitar/samples/00026.png 65
ucf/PlayingSitar/samples/00027.png 65
ucf/PlayingSitar/samples/00028.png 65
ucf/PlayingSitar/samples/00029.png 65
ucf/PlayingSitar/samples/00030.png 65
ucf/PlayingSitar/samples/00031.png 65
ucf/PlayingSitar/samples/00032.png 65
ucf/PlayingSitar/samples/00033.png 65
ucf/PlayingSitar/samples/00034.png 65
ucf/PlayingSitar/samples/00035.png 65
ucf/PlayingSitar/samples/00036.png 65
ucf/PlayingSitar/samples/00037.png 65
ucf/PlayingSitar/samples/00038.png 65
ucf/PlayingSitar/samples/00039.png 65
ucf/PlayingSitar/samples/00040.png 65
ucf/PlayingSitar/samples/00041.png 65
ucf/PlayingSitar/samples/00042.png 65
ucf/PlayingSitar/samples/00043.png 65
ucf/PlayingSitar/samples/00044.png 65
ucf/PlayingSitar/samples/00045.png 65
ucf/PlayingSitar/samples/00046.png 65
ucf/PlayingSitar/samples/00047.png 65
ucf/PlayingSitar/samples/00048.png 65
ucf/PlayingSitar/samples/00049.png 65
ucf/PlayingSitar/samples/00050.png 65
ucf/PlayingSitar/samples/00051.png 65
ucf/PlayingSitar/samples/00052.png 65
ucf/PlayingSitar/samples/00053.png 65
ucf/PlayingSitar/samples/00054.png 65
ucf/PlayingSitar/samples/00055.png 65
ucf/PlayingSitar/samples/00056.png 65
ucf/PlayingSitar/samples/00057.png 65
ucf/PlayingSitar/samples/00058.png 65
ucf/PlayingSitar/samples/00059.png 65
ucf/PlayingSitar/samples/00060.png 65
ucf/PlayingSitar/samples/00061.png 65
ucf/PlayingSitar/samples/00062.png 65
ucf/PlayingSitar/samples/00063.png 65
ucf/PlayingSitar/samples/00064.png 65
ucf/PlayingSitar/samples/00065.png 65
ucf/PlayingSitar/samples/00066.png 65
ucf/PlayingSitar/samples/00067.png 65
ucf/PlayingSitar/samples/00068.png 65
ucf/PlayingSitar/samples/00069.png 65
ucf/PlayingSitar/samples/00070.png 65
ucf/PlayingSitar/samples/00071.png 65
ucf/PlayingSitar/samples/00072.png 65
ucf/PlayingSitar/samples/00073.png 65
ucf/PlayingSitar/samples/00074.png 65
ucf/PlayingSitar/samples/00075.png 65
ucf/PlayingSitar/samples/00076.png 65
ucf/PlayingSitar/samples/00077.png 65
ucf/PlayingSitar/samples/00078.png 65
ucf/PlayingSitar/samples/00079.png 65
ucf/PlayingSitar/samples/00080.png 65
ucf/PlayingSitar/samples/00081.png 65
ucf/PlayingSitar/samples/00082.png 65
ucf/PlayingSitar/samples/00083.png 65
ucf/PlayingSitar/samples/00084.png 65
ucf/PlayingSitar/samples/00085.png 65
ucf/PlayingSitar/samples/00086.png 65
ucf/PlayingSitar/samples/00087.png 65
ucf/PlayingSitar/samples/00088.png 65
ucf/PlayingSitar/samples/00089.png 65
ucf/PlayingSitar/samples/00090.png 65
ucf/PlayingSitar/samples/00091.png 65
ucf/PlayingSitar/samples/00092.png 65
ucf/PlayingSitar/samples/00093.png 65
ucf/PlayingSitar/samples/00094.png 65
ucf/PlayingSitar/samples/00095.png 65
ucf/PlayingSitar/samples/00096.png 65
ucf/PlayingSitar/samples/00097.png 65
ucf/PlayingSitar/samples/00098.png 65
ucf/PlayingSitar/samples/00099.png 65
ucf/PlayingSitar/samples/00100.png 65
ucf/PlayingSitar/samples/00101.png 65
ucf/PlayingSitar/samples/00102.png 65
ucf/PlayingSitar/samples/00103.png 65
ucf/PlayingSitar/samples/00104.png 65
ucf/PlayingSitar/samples/00105.png 65
ucf/PlayingSitar/samples/00106.png 65
ucf/PlayingSitar/samples/00107.png 65
ucf/PlayingSitar/samples/00108.png 65
ucf/PlayingSitar/samples/00109.png 65
ucf/PlayingSitar/samples/00110.png 65
ucf/PlayingSitar/samples/00111.png 65
ucf/PlayingSitar/samples/00112.png 65
ucf/PlayingSitar/samples/00113.png 65
ucf/PlayingSitar/samples/00114.png 65
ucf/PlayingSitar/samples/00115.png 65
ucf/PlayingSitar/samples/00116.png 65
ucf/PlayingSitar/samples/00117.png 65
ucf/PlayingSitar/samples/00118.png 65
ucf/PlayingSitar/samples/00119.png 65
ucf/PlayingSitar/samples/00120.png 65
ucf/PlayingSitar/samples/00121.png 65
ucf/PlayingSitar/samples/00122.png 65
ucf/PlayingSitar/samples/00123.png 65
ucf/PlayingSitar/samples/00124.png 65
ucf/PlayingSitar/samples/00125.png 65
ucf/PlayingSitar/samples/00126.png 65
ucf/PlayingSitar/samples/00127.png 65
ucf/PlayingSitar/samples/00128.png 65
ucf/PlayingSitar/samples/00129.png 65
ucf/PlayingSitar/samples/00130.png 65
ucf/PlayingSitar/samples/00131.png 65
ucf/PlayingSitar/samples/00132.png 65
ucf/PlayingSitar/samples/00133.png 65
ucf/PlayingSitar/samples/00134.png 65
ucf/PlayingSitar/samples/00135.png 65
ucf/PlayingSitar/samples/00136.png 65
ucf/PlayingSitar/samples/00137.png 65
ucf/PlayingSitar/samples/00138.png 65
ucf/PlayingSitar/samples/00139.png 65
ucf/PlayingSitar/samples/00140.png 65
ucf/PlayingSitar/samples/00141.png 65
ucf/PlayingSitar/samples/00142.png 65
ucf/PlayingSitar/samples/00143.png 65
ucf/PlayingSitar/samples/00144.png 65
ucf/PlayingSitar/samples/00145.png 65
ucf/PlayingSitar/samples/00146.png 65
ucf/PlayingSitar/samples/00147.png 65
ucf/PlayingSitar/samples/00148.png 65
ucf/PlayingSitar/samples/00149.png 65
ucf/PlayingSitar/samples/00150.png 65
ucf/PlayingSitar/samples/00151.png 65
ucf/PlayingSitar/samples/00152.png 65
ucf/PlayingSitar/samples/00153.png 65
ucf/PlayingSitar/samples/00154.png 65
ucf/PlayingSitar/samples/00155.png 65
ucf/PlayingSitar/samples/00156.png 65
ucf/PlayingSitar/samples/00157.png 65
ucf/PlayingSitar/samples/00158.png 65
ucf/PlayingSitar/samples/00159.png 65
ucf/PlayingSitar/samples/00160.png 65
ucf/PlayingSitar/samples/00161.png 65
ucf/PlayingSitar/samples/00162.png 65
ucf/PlayingSitar/samples/00163.png 65
ucf/PlayingSitar/samples/00164.png 65
ucf/PlayingSitar/samples/00165.png 65
ucf/PlayingSitar/samples/00166.png 65
ucf/PlayingSitar/samples/00167.png 65
ucf/PlayingSitar/samples/00168.png 65
ucf/PlayingSitar/samples/00169.png 65
ucf/PlayingSitar/samples/00170.png 65
ucf/PlayingSitar/samples/00171.png 65
ucf/PlayingSitar/samples/00172.png 65
ucf/PlayingSitar/samples/00173.png 65
ucf/PlayingSitar/samples/00174.png 65
ucf/PlayingSitar/samples/00175.png 65
ucf/PlayingSitar/samples/00176.png 65
ucf/PlayingSitar/samples/00177.png 65
ucf/PlayingSitar/samples/00178.png 65
ucf/PlayingSitar/samples/00179.png 65
ucf/PlayingSitar/samples/00180.png 65
ucf/PlayingSitar/samples/00181.png 65
ucf/PlayingSitar/samples/00182.png 65
ucf/PlayingSitar/samples/00183.png 65
ucf/PlayingSitar/samples/00184.png 65
ucf/PlayingSitar/samples/00185.png 65
ucf/PlayingSitar/samples/00186.png 65
ucf/PlayingSitar/samples/00187.png 65
ucf/PlayingSitar/samples/00188.png 65
ucf/PlayingSitar/samples/00189.png 65
ucf/PlayingSitar/samples/00190.png 65
ucf/PlayingSitar/samples/00191.png 65
ucf/PlayingSitar/samples/00192.png 65
ucf/PlayingSitar/samples/00193.png 65
ucf/PlayingSitar/samples/00194.png 65
ucf/PlayingSitar/samples/00195.png 65
ucf/PlayingSitar/samples/00196.png 65
ucf/PlayingSitar/samples/00197.png 65
ucf/PlayingSitar/samples/00198.png 65
ucf/PlayingSitar/samples/00199.png 65
ucf/PlayingSitar/samples/00200.png 65
ucf/PlayingSitar/samples/00201.png 65
ucf/PlayingSitar/samples/00202.png 65
ucf/PlayingSitar/samples/00203.png 65
ucf/PlayingSitar/samples/00204.png 65
ucf/PlayingSitar/samples/00205.png 65
ucf/PlayingSitar/samples/00206.png 65
ucf/PlayingSitar/samples/00207.png 65
ucf/PlayingSitar/samples/00208.png 65
ucf/PlayingSitar/samples/00209.png 65
ucf/PlayingSitar/samples/00210.png 65
ucf/PlayingSitar/samples/00211.png 65
ucf/PlayingSitar/samples/00212.png 65
ucf/PlayingSitar/samples/00213.png 65
ucf/PlayingSitar/samples/00214.png 65
ucf/PlayingSitar/samples/00215.png 65
ucf/PlayingSitar/samples/00216.png 65
ucf/PlayingSitar/samples/00217.png 65
ucf/PlayingSitar/samples/00218.png 65
ucf/PlayingSitar/samples/00219.png 65
ucf/PlayingSitar/samples/00220.png 65
ucf/PlayingSitar/samples/00221.png 65
ucf/PlayingSitar/samples/00222.png 65
ucf/PlayingSitar/samples/00223.png 65
ucf/PlayingSitar/samples/00224.png 65
ucf/PlayingSitar/samples/00225.png 65
ucf/PlayingSitar/samples/00226.png 65
ucf/PlayingSitar/samples/00227.png 65
ucf/PlayingSitar/samples/00228.png 65
ucf/PlayingSitar/samples/00229.png 65
ucf/PlayingSitar/samples/00230.png 65
ucf/PlayingSitar/samples/00231.png 65
ucf/PlayingSitar/samples/00232.png 65
ucf/PlayingSitar/samples/00233.png 65
ucf/PlayingSitar/samples/00234.png 65
ucf/PlayingSitar/samples/00235.png 65
ucf/PlayingSitar/samples/00236.png 65
ucf/PlayingSitar/samples/00237.png 65
ucf/PlayingSitar/samples/00238.png 65
ucf/PlayingSitar/samples/00239.png 65
ucf/PlayingSitar/samples/00240.png 65
ucf/PlayingSitar/samples/00241.png 65
ucf/PlayingSitar/samples/00242.png 65
ucf/PlayingSitar/samples/00243.png 65
ucf/PlayingSitar/samples/00244.png 65
ucf/PlayingSitar/samples/00245.png 65
ucf/PlayingSitar/samples/00246.png 65
ucf/PlayingSitar/samples/00247.png 65
ucf/PlayingSitar/samples/00248.png 65
ucf/PlayingSitar/samples/00249.png 65
ucf/PlayingSitar/samples/00250.png 65
ucf/PlayingSitar/samples/00251.png 65
ucf/PlayingSitar/samples/00252.png 65
ucf/PlayingSitar/samples/00253.png 65
ucf/PlayingSitar/samples/00254.png 65
ucf/PlayingSitar/samples/00255.png 65
ucf/PlayingSitar/samples/00256.png 65
ucf/PlayingSitar/samples/00257.png 65
ucf/PlayingSitar/samples/00258.png 65
ucf/PlayingSitar/samples/00259.png 65
ucf/PlayingSitar/samples/00260.png 65
ucf/PlayingSitar/samples/00261.png 65
ucf/PlayingSitar/samples/00262.png 65
ucf/PlayingSitar/samples/00263.png 65
ucf/PlayingSitar/samples/00264.png 65
ucf/PlayingSitar/samples/00265.png 65
ucf/PlayingSitar/samples/00266.png 65
ucf/PlayingSitar/samples/00267.png 65
ucf/PlayingSitar/samples/00268.png 65
ucf/PlayingSitar/samples/00269.png 65
ucf/PlayingSitar/samples/00270.png 65
ucf/PlayingSitar/samples/00271.png 65
ucf/PlayingSitar/samples/00272.png 65
ucf/PlayingSitar/samples/00273.png 65
ucf/PlayingSitar/samples/00274.png 65
ucf/PlayingSitar/samples/00275.png 65
ucf/PlayingSitar/samples/00276.png 65
ucf/PlayingSitar/samples/00277.png 65
ucf/PlayingSitar/samples/00278.png 65
ucf/PlayingSitar/samples/00279.png 65
ucf/PlayingSitar/samples/00280.png 65
ucf/PlayingSitar/samples/00281.png 65
ucf/PlayingSitar/samples/00282.png 65
ucf/PlayingSitar/samples/00283.png 65
ucf/PlayingSitar/samples/00284.png 65
ucf/PlayingSitar/samples/00285.png 65
ucf/PlayingSitar/samples/00286.png 65
ucf/PlayingSitar/samples/00287.png 65
ucf/PlayingSitar/samples/00288.png 65
ucf/PlayingSitar/samples/00289.png 65
ucf/PlayingSitar/samples/00290.png 65
ucf/PlayingSitar/samples/00291.png 65
ucf/PlayingSitar/samples/00292.png 65
ucf/PlayingSitar/samples/00293.png 65
ucf/PlayingSitar/samples/00294.png 65
ucf/PlayingSitar/samples/00295.png 65
ucf/PlayingSitar/samples/00296.png 65
ucf/PlayingSitar/samples/00297.png 65
ucf/PlayingSitar/samples/00298.png 65
ucf/PlayingSitar/samples/00299.png 65
ucf/PlayingSitar/samples/00300.png 65
ucf/PlayingSitar/samples/00301.png 65
ucf/PlayingSitar/samples/00302.png 65
ucf/PlayingSitar/samples/00303.png 65
ucf/PlayingSitar/samples/00304.png 65
ucf/PlayingSitar/samples/00305.png 65
ucf/PlayingSitar/samples/00306.png 65
ucf/PlayingSitar/samples/00307.png 65
ucf/PlayingSitar/samples/00308.png 65
ucf/PlayingSitar/samples/00309.png 65
ucf/PlayingSitar/samples/00310.png 65
ucf/PlayingSitar/samples/00311.png 65
ucf/PlayingSitar/samples/00312.png 65
ucf/PlayingSitar/samples/00313.png 65
ucf/PlayingSitar/samples/00314.png 65
ucf/PlayingSitar/samples/00315.png 65
ucf/PlayingSitar/samples/00316.png 65
ucf/PlayingSitar/samples/00317.png 65
ucf/PlayingSitar/samples/00318.png 65
ucf/PlayingSitar/samples/00319.png 65
ucf/PlayingSitar/samples/00320.png 65
ucf/PlayingSitar/samples/00321.png 65
ucf/PlayingSitar/samples/00322.png 65
ucf/PlayingSitar/samples/00323.png 65
ucf/PlayingSitar/samples/00324.png 65
ucf/PlayingSitar/samples/00325.png 65
ucf/PlayingSitar/samples/00326.png 65
ucf/PlayingSitar/samples/00327.png 65
ucf/PlayingSitar/samples/00328.png 65
ucf/PlayingSitar/samples/00329.png 65
ucf/PlayingSitar/samples/00330.png 65
ucf/PlayingSitar/samples/00331.png 65
ucf/PlayingSitar/samples/00332.png 65
ucf/PlayingSitar/samples/00333.png 65
ucf/PlayingSitar/samples/00334.png 65
ucf/PlayingSitar/samples/00335.png 65
ucf/PlayingSitar/samples/00336.png 65
ucf/PlayingSitar/samples/00337.png 65
ucf/PlayingSitar/samples/00338.png 65
ucf/PlayingSitar/samples/00339.png 65
ucf/PlayingSitar/samples/00340.png 65
ucf/PlayingSitar/samples/00341.png 65
ucf/PlayingSitar/samples/00342.png 65
ucf/PlayingSitar/samples/00343.png 65
ucf/PlayingSitar/samples/00344.png 65
ucf/PlayingSitar/samples/00345.png 65
ucf/PlayingSitar/samples/00346.png 65
ucf/PlayingSitar/samples/00347.png 65
ucf/PlayingSitar/samples/00348.png 65
ucf/PlayingSitar/samples/00349.png 65
ucf/PlayingSitar/samples/00350.png 65
ucf/PlayingSitar/samples/00351.png 65
ucf/PlayingSitar/samples/00352.png 65
ucf/PlayingSitar/samples/00353.png 65
ucf/PlayingSitar/samples/00354.png 65
ucf/PlayingSitar/samples/00355.png 65
ucf/PlayingSitar/samples/00356.png 65
ucf/PlayingSitar/samples/00357.png 65
ucf/PlayingSitar/samples/00358.png 65
ucf/PlayingSitar/samples/00359.png 65
ucf/PlayingSitar/samples/00360.png 65
ucf/PlayingSitar/samples/00361.png 65
ucf/PlayingSitar/samples/00362.png 65
ucf/PlayingSitar/samples/00363.png 65
ucf/PlayingSitar/samples/00364.png 65
ucf/PlayingSitar/samples/00365.png 65
ucf/PlayingSitar/samples/00366.png 65
ucf/PlayingSitar/samples/00367.png 65
ucf/PlayingSitar/samples/00368.png 65
ucf/PlayingSitar/samples/00369.png 65
ucf/PlayingSitar/samples/00370.png 65
ucf/PlayingSitar/samples/00371.png 65
ucf/PlayingSitar/samples/00372.png 65
ucf/PlayingSitar/samples/00373.png 65
ucf/PlayingSitar/samples/00374.png 65
ucf/PlayingSitar/samples/00375.png 65
ucf/PlayingSitar/samples/00376.png 65
ucf/PlayingSitar/samples/00377.png 65
ucf/PlayingSitar/samples/00378.png 65
ucf/PlayingSitar/samples/00379.png 65
ucf/PlayingSitar/samples/00380.png 65
ucf/PlayingSitar/samples/00381.png 65
ucf/PlayingSitar/samples/00382.png 65
ucf/PlayingSitar/samples/00383.png 65
ucf/PlayingSitar/samples/00384.png 65
ucf/PlayingSitar/samples/00385.png 65
ucf/PlayingSitar/samples/00386.png 65
ucf/PlayingSitar/samples/00387.png 65
ucf/PlayingSitar/samples/00388.png 65
ucf/PlayingSitar/samples/00389.png 65
ucf/PlayingSitar/samples/00390.png 65
ucf/PlayingSitar/samples/00391.png 65
ucf/PlayingSitar/samples/00392.png 65
ucf/PlayingSitar/samples/00393.png 65
ucf/PlayingSitar/samples/00394.png 65
ucf/PlayingSitar/samples/00395.png 65
ucf/PlayingSitar/samples/00396.png 65
ucf/PlayingSitar/samples/00397.png 65
ucf/PlayingSitar/samples/00398.png 65
ucf/PlayingSitar/samples/00399.png 65
ucf/PlayingSitar/samples/00400.png 65
ucf/PlayingSitar/samples/00401.png 65
ucf/PlayingSitar/samples/00402.png 65
ucf/PlayingSitar/samples/00403.png 65
ucf/PlayingSitar/samples/00404.png 65
ucf/PlayingSitar/samples/00405.png 65
ucf/PlayingSitar/samples/00406.png 65
ucf/PlayingSitar/samples/00407.png 65
ucf/PlayingSitar/samples/00408.png 65
ucf/PlayingSitar/samples/00409.png 65
ucf/PlayingSitar/samples/00410.png 65
ucf/PlayingSitar/samples/00411.png 65
ucf/PlayingSitar/samples/00412.png 65
ucf/PlayingSitar/samples/00413.png 65
ucf/PlayingSitar/samples/00414.png 65
ucf/PlayingSitar/samples/00415.png 65
ucf/PlayingSitar/samples/00416.png 65
ucf/PlayingSitar/samples/00417.png 65
ucf/PlayingSitar/samples/00418.png 65
ucf/PlayingSitar/samples/00419.png 65
ucf/PlayingSitar/samples/00420.png 65
ucf/PlayingSitar/samples/00421.png 65
ucf/PlayingSitar/samples/00422.png 65
ucf/PlayingSitar/samples/00423.png 65
ucf/PlayingSitar/samples/00424.png 65
ucf/PlayingSitar/samples/00425.png 65
ucf/PlayingSitar/samples/00426.png 65
ucf/PlayingSitar/samples/00427.png 65
ucf/PlayingSitar/samples/00428.png 65
ucf/PlayingSitar/samples/00429.png 65
ucf/PlayingSitar/samples/00430.png 65
ucf/PlayingSitar/samples/00431.png 65
ucf/PlayingSitar/samples/00432.png 65
ucf/PlayingSitar/samples/00433.png 65
ucf/PlayingSitar/samples/00434.png 65
ucf/PlayingSitar/samples/00435.png 65
ucf/PlayingSitar/samples/00436.png 65
ucf/PlayingSitar/samples/00437.png 65
ucf/PlayingSitar/samples/00438.png 65
ucf/PlayingSitar/samples/00439.png 65
ucf/PlayingSitar/samples/00440.png 65
ucf/PlayingSitar/samples/00441.png 65
ucf/PlayingSitar/samples/00442.png 65
ucf/PlayingSitar/samples/00443.png 65
ucf/PlayingSitar/samples/00444.png 65
ucf/PlayingSitar/samples/00445.png 65
ucf/PlayingSitar/samples/00446.png 65
ucf/PlayingSitar/samples/00447.png 65
ucf/PlayingSitar/samples/00448.png 65
ucf/PlayingSitar/samples/00449.png 65
ucf/PlayingSitar/samples/00450.png 65
ucf/PlayingSitar/samples/00451.png 65
ucf/PlayingSitar/samples/00452.png 65
ucf/PlayingSitar/samples/00453.png 65
ucf/PlayingSitar/samples/00454.png 65
ucf/PlayingSitar/samples/00455.png 65
ucf/PlayingSitar/samples/00456.png 65
ucf/PlayingSitar/samples/00457.png 65
ucf/PlayingSitar/samples/00458.png 65
ucf/PlayingSitar/samples/00459.png 65
ucf/PlayingSitar/samples/00460.png 65
ucf/PlayingSitar/samples/00461.png 65
ucf/PlayingSitar/samples/00462.png 65
ucf/PlayingSitar/samples/00463.png 65
ucf/PlayingSitar/samples/00464.png 65
ucf/PlayingSitar/samples/00465.png 65
ucf/PlayingSitar/samples/00466.png 65
ucf/PlayingSitar/samples/00467.png 65
ucf/PlayingSitar/samples/00468.png 65
ucf/PlayingSitar/samples/00469.png 65
ucf/PlayingSitar/samples/00470.png 65
ucf/PlayingSitar/samples/00471.png 65
ucf/PlayingSitar/samples/00472.png 65
ucf/PlayingSitar/samples/00473.png 65
ucf/PlayingSitar/samples/00474.png 65
ucf/PlayingSitar/samples/00475.png 65
ucf/PlayingSitar/samples/00476.png 65
ucf/PlayingSitar/samples/00477.png 65
ucf/PlayingSitar/samples/00478.png 65
ucf/PlayingSitar/samples/00479.png 65
ucf/PlayingSitar/samples/00480.png 65
ucf/PlayingSitar/samples/00481.png 65
ucf/PlayingSitar/samples/00482.png 65
ucf/PlayingSitar/samples/00483.png 65
ucf/PlayingSitar/samples/00484.png 65
ucf/PlayingSitar/samples/00485.png 65
ucf/PlayingSitar/samples/00486.png 65
ucf/PlayingSitar/samples/00487.png 65
ucf/PlayingSitar/samples/00488.png 65
ucf/PlayingSitar/samples/00489.png 65
ucf/PlayingSitar/samples/00490.png 65
ucf/PlayingSitar/samples/00491.png 65
ucf/PlayingSitar/samples/00492.png 65
ucf/PlayingSitar/samples/00493.png 65
ucf/PlayingSitar/samples/00494.png 65
ucf/PlayingSitar/samples/00495.png 65
ucf/PlayingSitar/samples/00496.png 65
ucf/PlayingSitar/samples/00497.png 65
ucf/PlayingSitar/samples/00498.png 65
ucf/PlayingSitar/samples/00499.png 65
ucf/PlayingSitar/samples/00500.png 65
ucf/PlayingSitar/samples/00501.png 65
ucf/PlayingSitar/samples/00502.png 65
ucf/PlayingSitar/samples/00503.png 65
ucf/PlayingSitar/samples/00504.png 65
ucf/PlayingSitar/samples/00505.png 65
ucf/PlayingSitar/samples/00506.png 65
ucf/PlayingSitar/samples/00507.png 65
ucf/PlayingSitar/samples/00508.png 65
ucf/PlayingSitar/samples/00509.png 65
ucf/PlayingSitar/samples/00510.png 65
ucf/PlayingSitar/samples/00511.png 65
ucf/PlayingSitar/samples/00512.png 65
ucf/PlayingSitar/samples/00513.png 65
ucf/PlayingSitar/samples/00514.png 65
ucf/PlayingSitar/samples/00515.png 65
ucf/PlayingSitar/samples/00516.png 65
ucf/PlayingSitar/samples/00517.png 65
ucf/PlayingSitar/samples/00518.png 65
ucf/PlayingSitar/samples/00519.png 65
ucf/PlayingSitar/samples/00520.png 65
ucf/PlayingSitar/samples/00521.png 65
ucf/PlayingSitar/samples/00522.png 65
ucf/PlayingSitar/samples/00523.png 65
ucf/PlayingSitar/samples/00524.png 65
ucf/PlayingSitar/samples/00525.png 65
ucf/PlayingSitar/samples/00526.png 65
ucf/PlayingSitar/samples/00527.png 65
ucf/PlayingSitar/samples/00528.png 65
ucf/PlayingSitar/samples/00529.png 65
ucf/PlayingSitar/samples/00530.png 65
ucf/PlayingSitar/samples/00531.png 65
ucf/PlayingSitar/samples/00532.png 65
ucf/PlayingSitar/samples/00533.png 65
ucf/PlayingSitar/samples/00534.png 65
ucf/PlayingSitar/samples/00535.png 65
ucf/PlayingSitar/samples/00536.png 65
ucf/PlayingSitar/samples/00537.png 65
ucf/PlayingSitar/samples/00538.png 65
ucf/PlayingSitar/samples/00539.png 65
ucf/PlayingSitar/samples/00540.png 65
ucf/PlayingSitar/samples/00541.png 65
ucf/PlayingSitar/samples/00542.png 65
ucf/PlayingSitar/samples/00543.png 65
ucf/PlayingSitar/samples/00544.png 65
ucf/PlayingSitar/samples/00545.png 65
ucf/PlayingSitar/samples/00546.png 65
ucf/PlayingSitar/samples/00547.png 65
ucf/PlayingSitar/samples/00548.png 65
ucf/PlayingSitar/samples/00549.png 65
ucf/PlayingSitar/samples/00550.png 65
ucf/PlayingSitar/samples/00551.png 65
ucf/PlayingSitar/samples/00552.png 65
ucf/PlayingSitar/samples/00553.png 65
ucf/PlayingSitar/samples/00554.png 65
ucf/PlayingSitar/samples/00555.png 65
ucf/PlayingSitar/samples/00556.png 65
ucf/PlayingSitar/samples/00557.png 65
ucf/PlayingSitar/samples/00558.png 65
ucf/PlayingSitar/samples/00559.png 65
ucf/PlayingSitar/samples/00560.png 65
ucf/PlayingSitar/samples/00561.png 65
ucf/PlayingSitar/samples/00562.png 65
ucf/PlayingSitar/samples/00563.png 65
ucf/PlayingSitar/samples/00564.png 65
ucf/PlayingSitar/samples/00565.png 65
ucf/PlayingSitar/samples/00566.png 65
ucf/PlayingSitar/samples/00567.png 65
ucf/PlayingSitar/samples/00568.png 65
ucf/PlayingSitar/samples/00569.png 65
ucf/PlayingSitar/samples/00570.png 65
ucf/PlayingSitar/samples/00571.png 65
ucf/PlayingSitar/samples/00572.png 65
ucf/PlayingSitar/samples/00573.png 65
ucf/PlayingSitar/samples/00574.png 65
ucf/PlayingSitar/samples/00575.png 65
ucf/PlayingSitar/samples/00576.png 65
ucf/PlayingSitar/samples/00577.png 65
ucf/PlayingSitar/samples/00578.png 65
ucf/PlayingSitar/samples/00579.png 65
ucf/PlayingSitar/samples/00580.png 65
ucf/PlayingSitar/samples/00581.png 65
ucf/PlayingSitar/samples/00582.png 65
ucf/PlayingSitar/samples/00583.png 65
ucf/PlayingSitar/samples/00584.png 65
ucf/PlayingSitar/samples/00585.png 65
ucf/PlayingSitar/samples/00586.png 65
ucf/PlayingSitar/samples/00587.png 65
ucf/PlayingSitar/samples/00588.png 65
ucf/PlayingSitar/samples/00589.png 65
ucf/PlayingSitar/samples/00590.png 65
ucf/PlayingSitar/samples/00591.png 65
ucf/PlayingSitar/samples/00592.png 65
ucf/PlayingSitar/samples/00593.png 65
ucf/PlayingSitar/samples/00594.png 65
ucf/PlayingSitar/samples/00595.png 65
ucf/PlayingSitar/samples/00596.png 65
ucf/PlayingSitar/samples/00597.png 65
ucf/PlayingSitar/samples/00598.png 65
ucf/PlayingSitar/samples/00599.png 65
ucf/PlayingSitar/samples/00600.png 65
ucf/PlayingSitar/samples/00601.png 65
ucf/PlayingSitar/samples/00602.png 65
ucf/PlayingSitar/samples/00603.png 65
ucf/PlayingSitar/samples/00604.png 65
ucf/PlayingSitar/samples/00605.png 65
ucf/PlayingSitar/samples/00606.png 65
ucf/PlayingSitar/samples/00607.png 65
ucf/PlayingSitar/samples/00608.png 65
ucf/PlayingSitar/samples/00609.png 65
ucf/PlayingSitar/samples/00610.png 65
ucf/PlayingSitar/samples/00611.png 65
ucf/PlayingSitar/samples/00612.png 65
ucf/PlayingSitar/samples/00613.png 65
ucf/PlayingSitar/samples/00614.png 65
ucf/PlayingSitar/samples/00615.png 65
ucf/PlayingSitar/samples/00616.png 65
ucf/PlayingSitar/samples/00617.png 65
ucf/PlayingSitar/samples/00618.png 65
ucf/PlayingSitar/samples/00619.png 65
ucf/PlayingSitar/samples/00620.png 65
ucf/PlayingSitar/samples/00621.png 65
ucf/PlayingSitar/samples/00622.png 65
ucf/PlayingSitar/samples/00623.png 65
ucf/PlayingSitar/samples/00624.png 65
ucf/PlayingSitar/samples/00625.png 65
ucf/PlayingSitar/samples/00626.png 65
ucf/PlayingSitar/samples/00627.png 65
ucf/PlayingSitar/samples/00628.png 65
ucf/PlayingSitar/samples/00629.png 65
ucf/PlayingSitar/samples/00630.png 65
ucf/PlayingSitar/samples/00631.png 65
ucf/PlayingSitar/samples/00632.png 65
ucf/PlayingSitar/samples/00633.png 65
ucf/PlayingSitar/samples/00634.png 65
ucf/PlayingSitar/samples/00635.png 65
ucf/PlayingSitar/samples/00636.png 65
ucf/PlayingSitar/samples/00637.png 65
ucf/PlayingSitar/samples/00638.png 65
ucf/PlayingSitar/samples/00639.png 65
ucf/PlayingSitar/samples/00640.png 65
ucf/PlayingSitar/samples/00641.png 65
ucf/PlayingSitar/samples/00642.png 65
ucf/PlayingSitar/samples/00643.png 65
ucf/PlayingSitar/samples/00644.png 65
ucf/PlayingSitar/samples/00645.png 65
ucf/PlayingSitar/samples/00646.png 65
ucf/PlayingSitar/samples/00647.png 65
ucf/PlayingSitar/samples/00648.png 65
ucf/PlayingSitar/samples/00649.png 65
ucf/PlayingSitar/samples/00650.png 65
ucf/PlayingSitar/samples/00651.png 65
ucf/PlayingSitar/samples/00652.png 65
ucf/PlayingSitar/samples/00653.png 65
ucf/PlayingSitar/samples/00654.png 65
ucf/PlayingSitar/samples/00655.png 65
ucf/PlayingSitar/samples/00656.png 65
ucf/PlayingSitar/samples/00657.png 65
ucf/PlayingSitar/samples/00658.png 65
ucf/PlayingSitar/samples/00659.png 65
ucf/PlayingSitar/samples/00660.png 65
ucf/PlayingSitar/samples/00661.png 65
ucf/PlayingSitar/samples/00662.png 65
ucf/PlayingSitar/samples/00663.png 65
ucf/PlayingSitar/samples/00664.png 65
ucf/PlayingSitar/samples/00665.png 65
ucf/PlayingSitar/samples/00666.png 65
ucf/PlayingSitar/samples/00667.png 65
ucf/PlayingSitar/samples/00668.png 65
ucf/PlayingSitar/samples/00669.png 65
ucf/PlayingSitar/samples/00670.png 65
ucf/PlayingSitar/samples/00671.png 65
ucf/PlayingSitar/samples/00672.png 65
ucf/PlayingSitar/samples/00673.png 65
ucf/PlayingSitar/samples/00674.png 65
ucf/PlayingSitar/samples/00675.png 65
ucf/PlayingSitar/samples/00676.png 65
ucf/PlayingSitar/samples/00677.png 65
ucf/PlayingSitar/samples/00678.png 65
ucf/PlayingSitar/samples/00679.png 65
ucf/PlayingSitar/samples/00680.png 65
ucf/PlayingSitar/samples/00681.png 65
ucf/PlayingSitar/samples/00682.png 65
ucf/PlayingSitar/samples/00683.png 65
ucf/PlayingSitar/samples/00684.png 65
ucf/PlayingSitar/samples/00685.png 65
ucf/PlayingSitar/samples/00686.png 65
ucf/PlayingSitar/samples/00687.png 65
ucf/PlayingSitar/samples/00688.png 65
ucf/PlayingSitar/samples/00689.png 65
ucf/PlayingSitar/samples/00690.png 65
ucf/PlayingSitar/samples/00691.png 65
ucf/PlayingSitar/samples/00692.png 65
ucf/PlayingSitar/samples/00693.png 65
ucf/PlayingSitar/samples/00694.png 65
ucf/PlayingSitar/samples/00695.png 65
ucf/PlayingSitar/samples/00696.png 65
ucf/PlayingSitar/samples/00697.png 65
ucf/PlayingSitar/samples/00698.png 65
ucf/PlayingSitar/samples/00699.png 65
ucf/PlayingSitar/samples/00700.png 65
ucf/PlayingSitar/samples/00701.png 65
ucf/PlayingSitar/samples/00702.png 65
ucf/PlayingSitar/samples/00703.png 65
ucf/PlayingSitar/samples/00704.png 65
ucf/PlayingSitar/samples/00705.png 65
ucf/PlayingSitar/samples/00706.png 65
ucf/PlayingSitar/samples/00707.png 65
ucf/PlayingSitar/samples/00708.png 65
ucf/PlayingSitar/samples/00709.png 65
ucf/PlayingSitar/samples/00710.png 65
ucf/PlayingSitar/samples/00711.png 65
ucf/PlayingSitar/samples/00712.png 65
ucf/PlayingSitar/samples/00713.png 65
ucf/PlayingSitar/samples/00714.png 65
ucf/PlayingSitar/samples/00715.png 65
ucf/PlayingSitar/samples/00716.png 65
ucf/PlayingSitar/samples/00717.png 65
ucf/PlayingSitar/samples/00718.png 65
ucf/PlayingSitar/samples/00719.png 65
ucf/PlayingSitar/samples/00720.png 65
ucf/PlayingSitar/samples/00721.png 65
ucf/PlayingSitar/samples/00722.png 65
ucf/PlayingSitar/samples/00723.png 65
ucf/PlayingSitar/samples/00724.png 65
ucf/PlayingSitar/samples/00725.png 65
ucf/PlayingSitar/samples/00726.png 65
ucf/PlayingSitar/samples/00727.png 65
ucf/PlayingSitar/samples/00728.png 65
ucf/PlayingSitar/samples/00729.png 65
ucf/PlayingSitar/samples/00730.png 65
ucf/PlayingSitar/samples/00731.png 65
ucf/PlayingSitar/samples/00732.png 65
ucf/PlayingSitar/samples/00733.png 65
ucf/PlayingSitar/samples/00734.png 65
ucf/PlayingSitar/samples/00735.png 65
ucf/PlayingSitar/samples/00736.png 65
ucf/PlayingSitar/samples/00737.png 65
ucf/PlayingSitar/samples/00738.png 65
ucf/PlayingSitar/samples/00739.png 65
ucf/PlayingSitar/samples/00740.png 65
ucf/PlayingSitar/samples/00741.png 65
ucf/PlayingSitar/samples/00742.png 65
ucf/PlayingSitar/samples/00743.png 65
ucf/PlayingSitar/samples/00744.png 65
ucf/PlayingSitar/samples/00745.png 65
ucf/PlayingSitar/samples/00746.png 65
ucf/PlayingSitar/samples/00747.png 65
ucf/PlayingSitar/samples/00748.png 65
ucf/PlayingSitar/samples/00749.png 65
ucf/PlayingSitar/samples/00750.png 65
ucf/PlayingSitar/samples/00751.png 65
ucf/PlayingSitar/samples/00752.png 65
ucf/PlayingSitar/samples/00753.png 65
ucf/PlayingSitar/samples/00754.png 65
ucf/PlayingSitar/samples/00755.png 65
ucf/PlayingSitar/samples/00756.png 65
ucf/PlayingSitar/samples/00757.png 65
ucf/PlayingSitar/samples/00758.png 65
ucf/PlayingSitar/samples/00759.png 65
ucf/PlayingSitar/samples/00760.png 65
ucf/PlayingSitar/samples/00761.png 65
ucf/PlayingSitar/samples/00762.png 65
ucf/PlayingSitar/samples/00763.png 65
ucf/PlayingSitar/samples/00764.png 65
ucf/PlayingSitar/samples/00765.png 65
ucf/PlayingSitar/samples/00766.png 65
ucf/PlayingSitar/samples/00767.png 65
ucf/PlayingSitar/samples/00768.png 65
ucf/PlayingSitar/samples/00769.png 65
ucf/PlayingSitar/samples/00770.png 65
ucf/PlayingSitar/samples/00771.png 65
ucf/PlayingSitar/samples/00772.png 65
ucf/PlayingSitar/samples/00773.png 65
ucf/PlayingSitar/samples/00774.png 65
ucf/PlayingSitar/samples/00775.png 65
ucf/PlayingSitar/samples/00776.png 65
ucf/PlayingSitar/samples/00777.png 65
ucf/PlayingSitar/samples/00778.png 65
ucf/PlayingSitar/samples/00779.png 65
ucf/PlayingSitar/samples/00780.png 65
ucf/PlayingSitar/samples/00781.png 65
ucf/PlayingSitar/samples/00782.png 65
ucf/PlayingSitar/samples/00783.png 65
ucf/PlayingSitar/samples/00784.png 65
ucf/PlayingSitar/samples/00785.png 65
ucf/PlayingSitar/samples/00786.png 65
ucf/PlayingSitar/samples/00787.png 65
ucf/PlayingSitar/samples/00788.png 65
ucf/PlayingSitar/samples/00789.png 65
ucf/PlayingSitar/samples/00790.png 65
ucf/PlayingSitar/samples/00791.png 65
ucf/PlayingSitar/samples/00792.png 65
ucf/PlayingSitar/samples/00793.png 65
ucf/PlayingSitar/samples/00794.png 65
ucf/PlayingSitar/samples/00795.png 65
ucf/PlayingSitar/samples/00796.png 65
ucf/PlayingSitar/samples/00797.png 65
ucf/PlayingSitar/samples/00798.png 65
ucf/PlayingSitar/samples/00799.png 65
ucf/PlayingSitar/samples/00800.png 65
ucf/PlayingSitar/samples/00801.png 65
ucf/PlayingSitar/samples/00802.png 65
ucf/PlayingSitar/samples/00803.png 65
ucf/PlayingSitar/samples/00804.png 65
ucf/PlayingSitar/samples/00805.png 65
ucf/PlayingSitar/samples/00806.png 65
ucf/PlayingSitar/samples/00807.png 65
ucf/PlayingSitar/samples/00808.png 65
ucf/PlayingSitar/samples/00809.png 65
ucf/PlayingSitar/samples/00810.png 65
ucf/PlayingSitar/samples/00811.png 65
ucf/PlayingSitar/samples/00812.png 65
ucf/PlayingSitar/samples/00813.png 65
ucf/PlayingSitar/samples/00814.png 65
ucf/PlayingSitar/samples/00815.png 65
ucf/PlayingSitar/samples/00816.png 65
ucf/PlayingSitar/samples/00817.png 65
ucf/PlayingSitar/samples/00818.png 65
ucf/PlayingSitar/samples/00819.png 65
ucf/PlayingSitar/samples/00820.png 65
ucf/PlayingSitar/samples/00821.png 65
ucf/PlayingSitar/samples/00822.png 65
ucf/PlayingSitar/samples/00823.png 65
ucf/PlayingSitar/samples/00824.png 65
ucf/PlayingSitar/samples/00825.png 65
ucf/PlayingSitar/samples/00826.png 65
ucf/PlayingSitar/samples/00827.png 65
ucf/PlayingSitar/samples/00828.png 65
ucf/PlayingSitar/samples/00829.png 65
ucf/PlayingSitar/samples/00830.png 65
ucf/PlayingSitar/samples/00831.png 65
ucf/PlayingSitar/samples/00832.png 65
ucf/PlayingSitar/samples/00833.png 65
ucf/PlayingSitar/samples/00834.png 65
ucf/PlayingSitar/samples/00835.png 65
ucf/PlayingSitar/samples/00836.png 65
ucf/PlayingSitar/samples/00837.png 65
ucf/PlayingSitar/samples/00838.png 65
ucf/PlayingSitar/samples/00839.png 65
ucf/PlayingSitar/samples/00840.png 65
ucf/PlayingSitar/samples/00841.png 65
ucf/PlayingSitar/samples/00842.png 65
ucf/PlayingSitar/samples/00843.png 65
ucf/PlayingSitar/samples/00844.png 65
ucf/PlayingSitar/samples/00845.png 65
ucf/PlayingSitar/samples/00846.png 65
ucf/PlayingSitar/samples/00847.png 65
ucf/PlayingSitar/samples/00848.png 65
ucf/PlayingSitar/samples/00849.png 65
ucf/PlayingSitar/samples/00850.png 65
ucf/PlayingSitar/samples/00851.png 65
ucf/PlayingSitar/samples/00852.png 65
ucf/PlayingSitar/samples/00853.png 65
ucf/PlayingSitar/samples/00854.png 65
ucf/PlayingSitar/samples/00855.png 65
ucf/PlayingSitar/samples/00856.png 65
ucf/PlayingSitar/samples/00857.png 65
ucf/PlayingSitar/samples/00858.png 65
ucf/PlayingSitar/samples/00859.png 65
ucf/PlayingSitar/samples/00860.png 65
ucf/PlayingSitar/samples/00861.png 65
ucf/PlayingSitar/samples/00862.png 65
ucf/PlayingSitar/samples/00863.png 65
ucf/PlayingSitar/samples/00864.png 65
ucf/PlayingSitar/samples/00865.png 65
ucf/PlayingSitar/samples/00866.png 65
ucf/PlayingSitar/samples/00867.png 65
ucf/PlayingSitar/samples/00868.png 65
ucf/PlayingSitar/samples/00869.png 65
ucf/PlayingSitar/samples/00870.png 65
ucf/PlayingSitar/samples/00871.png 65
ucf/PlayingSitar/samples/00872.png 65
ucf/PlayingSitar/samples/00873.png 65
ucf/PlayingSitar/samples/00874.png 65
ucf/PlayingSitar/samples/00875.png 65
ucf/PlayingSitar/samples/00876.png 65
ucf/PlayingSitar/samples/00877.png 65
ucf/PlayingSitar/samples/00878.png 65
ucf/PlayingSitar/samples/00879.png 65
ucf/PlayingSitar/samples/00880.png 65
ucf/PlayingSitar/samples/00881.png 65
ucf/PlayingSitar/samples/00882.png 65
ucf/PlayingSitar/samples/00883.png 65
ucf/PlayingSitar/samples/00884.png 65
ucf/PlayingSitar/samples/00885.png 65
ucf/PlayingSitar/samples/00886.png 65
ucf/PlayingSitar/samples/00887.png 65
ucf/PlayingSitar/samples/00888.png 65
ucf/PlayingSitar/samples/00889.png 65
ucf/PlayingSitar/samples/00890.png 65
ucf/PlayingSitar/samples/00891.png 65
ucf/PlayingSitar/samples/00892.png 65
ucf/PlayingSitar/samples/00893.png 65
ucf/PlayingSitar/samples/00894.png 65
ucf/PlayingSitar/samples/00895.png 65
ucf/PlayingSitar/samples/00896.png 65
ucf/PlayingSitar/samples/00897.png 65
ucf/PlayingSitar/samples/00898.png 65
ucf/PlayingSitar/samples/00899.png 65
ucf/PlayingSitar/samples/00900.png 65
ucf/PlayingSitar/samples/00901.png 65
ucf/PlayingSitar/samples/00902.png 65
ucf/PlayingSitar/samples/00903.png 65
ucf/PlayingSitar/samples/00904.png 65
ucf/PlayingSitar/samples/00905.png 65
ucf/PlayingSitar/samples/00906.png 65
ucf/PlayingSitar/samples/00907.png 65
ucf/PlayingSitar/samples/00908.png 65
ucf/PlayingSitar/samples/00909.png 65
ucf/PlayingSitar/samples/00910.png 65
ucf/PlayingSitar/samples/00911.png 65
ucf/PlayingSitar/samples/00912.png 65
ucf/PlayingSitar/samples/00913.png 65
ucf/PlayingSitar/samples/00914.png 65
ucf/PlayingSitar/samples/00915.png 65
ucf/PlayingSitar/samples/00916.png 65
ucf/PlayingSitar/samples/00917.png 65
ucf/PlayingSitar/samples/00918.png 65
ucf/PlayingSitar/samples/00919.png 65
ucf/PlayingSitar/samples/00920.png 65
ucf/PlayingSitar/samples/00921.png 65
ucf/PlayingSitar/samples/00922.png 65
ucf/PlayingSitar/samples/00923.png 65
ucf/PlayingSitar/samples/00924.png 65
ucf/PlayingSitar/samples/00925.png 65
ucf/PlayingSitar/samples/00926.png 65
ucf/PlayingSitar/samples/00927.png 65
ucf/PlayingSitar/samples/00928.png 65
ucf/PlayingSitar/samples/00929.png 65
ucf/PlayingSitar/samples/00930.png 65
ucf/PlayingSitar/samples/00931.png 65
ucf/PlayingSitar/samples/00932.png 65
ucf/PlayingSitar/samples/00933.png 65
ucf/PlayingSitar/samples/00934.png 65
ucf/PlayingSitar/samples/00935.png 65
ucf/PlayingSitar/samples/00936.png 65
ucf/PlayingSitar/samples/00937.png 65
ucf/PlayingSitar/samples/00938.png 65
ucf/PlayingSitar/samples/00939.png 65
ucf/PlayingSitar/samples/00940.png 65
ucf/PlayingSitar/samples/00941.png 65
ucf/PlayingSitar/samples/00942.png 65
ucf/PlayingSitar/samples/00943.png 65
ucf/PlayingSitar/samples/00944.png 65
ucf/PlayingSitar/samples/00945.png 65
ucf/PlayingSitar/samples/00946.png 65
ucf/PlayingSitar/samples/00947.png 65
ucf/PlayingSitar/samples/00948.png 65
ucf/PlayingSitar/samples/00949.png 65
ucf/PlayingSitar/samples/00950.png 65
ucf/PlayingSitar/samples/00951.png 65
ucf/PlayingSitar/samples/00952.png 65
ucf/PlayingSitar/samples/00953.png 65
ucf/PlayingSitar/samples/00954.png 65
ucf/PlayingSitar/samples/00955.png 65
ucf/PlayingSitar/samples/00956.png 65
ucf/PlayingSitar/samples/00957.png 65
ucf/PlayingSitar/samples/00958.png 65
ucf/PlayingSitar/samples/00959.png 65
ucf/PlayingSitar/samples/00960.png 65
ucf/PlayingSitar/samples/00961.png 65
ucf/PlayingSitar/samples/00962.png 65
ucf/PlayingSitar/samples/00963.png 65
ucf/PlayingSitar/samples/00964.png 65
ucf/PlayingSitar/samples/00965.png 65
ucf/PlayingSitar/samples/00966.png 65
ucf/PlayingSitar/samples/00967.png 65
ucf/PlayingSitar/samples/00968.png 65
ucf/PlayingSitar/samples/00969.png 65
ucf/PlayingSitar/samples/00970.png 65
ucf/PlayingSitar/samples/00971.png 65
ucf/PlayingSitar/samples/00972.png 65
ucf/PlayingSitar/samples/00973.png 65
ucf/PlayingSitar/samples/00974.png 65
ucf/PlayingSitar/samples/00975.png 65
ucf/PlayingSitar/samples/00976.png 65
ucf/PlayingSitar/samples/00977.png 65
ucf/PlayingSitar/samples/00978.png 65
ucf/PlayingSitar/samples/00979.png 65
ucf/PlayingSitar/samples/00980.png 65
ucf/PlayingSitar/samples/00981.png 65
ucf/PlayingSitar/samples/00982.png 65
ucf/PlayingSitar/samples/00983.png 65
ucf/PlayingSitar/samples/00984.png 65
ucf/PlayingSitar/samples/00985.png 65
ucf/PlayingSitar/samples/00986.png 65
ucf/PlayingSitar/samples/00987.png 65
ucf/PlayingSitar/samples/00988.png 65
ucf/PlayingSitar/samples/00989.png 65
ucf/PlayingSitar/samples/00990.png 65
ucf/PlayingSitar/samples/00991.png 65
ucf/PlayingSitar/samples/00992.png 65
ucf/PlayingSitar/samples/00993.png 65
ucf/PlayingSitar/samples/00994.png 65
ucf/PlayingSitar/samples/00995.png 65
ucf/PlayingSitar/samples/00996.png 65
ucf/PlayingSitar/samples/00997.png 65
ucf/PlayingSitar/samples/00998.png 65
ucf/PlayingSitar/samples/00999.png 65
ucf/PizzaTossing/samples/00000.png 58
ucf/PizzaTossing/samples/00001.png 58
ucf/PizzaTossing/samples/00002.png 58
ucf/PizzaTossing/samples/00003.png 58
ucf/PizzaTossing/samples/00004.png 58
ucf/PizzaTossing/samples/00005.png 58
ucf/PizzaTossing/samples/00006.png 58
ucf/PizzaTossing/samples/00007.png 58
ucf/PizzaTossing/samples/00008.png 58
ucf/PizzaTossing/samples/00009.png 58
ucf/PizzaTossing/samples/00010.png 58
ucf/PizzaTossing/samples/00011.png 58
ucf/PizzaTossing/samples/00012.png 58
ucf/PizzaTossing/samples/00013.png 58
ucf/PizzaTossing/samples/00014.png 58
ucf/PizzaTossing/samples/00015.png 58
ucf/PizzaTossing/samples/00016.png 58
ucf/PizzaTossing/samples/00017.png 58
ucf/PizzaTossing/samples/00018.png 58
ucf/PizzaTossing/samples/00019.png 58
ucf/PizzaTossing/samples/00020.png 58
ucf/PizzaTossing/samples/00021.png 58
ucf/PizzaTossing/samples/00022.png 58
ucf/PizzaTossing/samples/00023.png 58
ucf/PizzaTossing/samples/00024.png 58
ucf/PizzaTossing/samples/00025.png 58
ucf/PizzaTossing/samples/00026.png 58
ucf/PizzaTossing/samples/00027.png 58
ucf/PizzaTossing/samples/00028.png 58
ucf/PizzaTossing/samples/00029.png 58
ucf/PizzaTossing/samples/00030.png 58
ucf/PizzaTossing/samples/00031.png 58
ucf/PizzaTossing/samples/00032.png 58
ucf/PizzaTossing/samples/00033.png 58
ucf/PizzaTossing/samples/00034.png 58
ucf/PizzaTossing/samples/00035.png 58
ucf/PizzaTossing/samples/00036.png 58
ucf/PizzaTossing/samples/00037.png 58
ucf/PizzaTossing/samples/00038.png 58
ucf/PizzaTossing/samples/00039.png 58
ucf/PizzaTossing/samples/00040.png 58
ucf/PizzaTossing/samples/00041.png 58
ucf/PizzaTossing/samples/00042.png 58
ucf/PizzaTossing/samples/00043.png 58
ucf/PizzaTossing/samples/00044.png 58
ucf/PizzaTossing/samples/00045.png 58
ucf/PizzaTossing/samples/00046.png 58
ucf/PizzaTossing/samples/00047.png 58
ucf/PizzaTossing/samples/00048.png 58
ucf/PizzaTossing/samples/00049.png 58
ucf/PizzaTossing/samples/00050.png 58
ucf/PizzaTossing/samples/00051.png 58
ucf/PizzaTossing/samples/00052.png 58
ucf/PizzaTossing/samples/00053.png 58
ucf/PizzaTossing/samples/00054.png 58
ucf/PizzaTossing/samples/00055.png 58
ucf/PizzaTossing/samples/00056.png 58
ucf/PizzaTossing/samples/00057.png 58
ucf/PizzaTossing/samples/00058.png 58
ucf/PizzaTossing/samples/00059.png 58
ucf/PizzaTossing/samples/00060.png 58
ucf/PizzaTossing/samples/00061.png 58
ucf/PizzaTossing/samples/00062.png 58
ucf/PizzaTossing/samples/00063.png 58
ucf/PizzaTossing/samples/00064.png 58
ucf/PizzaTossing/samples/00065.png 58
ucf/PizzaTossing/samples/00066.png 58
ucf/PizzaTossing/samples/00067.png 58
ucf/PizzaTossing/samples/00068.png 58
ucf/PizzaTossing/samples/00069.png 58
ucf/PizzaTossing/samples/00070.png 58
ucf/PizzaTossing/samples/00071.png 58
ucf/PizzaTossing/samples/00072.png 58
ucf/PizzaTossing/samples/00073.png 58
ucf/PizzaTossing/samples/00074.png 58
ucf/PizzaTossing/samples/00075.png 58
ucf/PizzaTossing/samples/00076.png 58
ucf/PizzaTossing/samples/00077.png 58
ucf/PizzaTossing/samples/00078.png 58
ucf/PizzaTossing/samples/00079.png 58
ucf/PizzaTossing/samples/00080.png 58
ucf/PizzaTossing/samples/00081.png 58
ucf/PizzaTossing/samples/00082.png 58
ucf/PizzaTossing/samples/00083.png 58
ucf/PizzaTossing/samples/00084.png 58
ucf/PizzaTossing/samples/00085.png 58
ucf/PizzaTossing/samples/00086.png 58
ucf/PizzaTossing/samples/00087.png 58
ucf/PizzaTossing/samples/00088.png 58
ucf/PizzaTossing/samples/00089.png 58
ucf/PizzaTossing/samples/00090.png 58
ucf/PizzaTossing/samples/00091.png 58
ucf/PizzaTossing/samples/00092.png 58
ucf/PizzaTossing/samples/00093.png 58
ucf/PizzaTossing/samples/00094.png 58
ucf/PizzaTossing/samples/00095.png 58
ucf/PizzaTossing/samples/00096.png 58
ucf/PizzaTossing/samples/00097.png 58
ucf/PizzaTossing/samples/00098.png 58
ucf/PizzaTossing/samples/00099.png 58
ucf/PizzaTossing/samples/00100.png 58
ucf/PizzaTossing/samples/00101.png 58
ucf/PizzaTossing/samples/00102.png 58
ucf/PizzaTossing/samples/00103.png 58
ucf/PizzaTossing/samples/00104.png 58
ucf/PizzaTossing/samples/00105.png 58
ucf/PizzaTossing/samples/00106.png 58
ucf/PizzaTossing/samples/00107.png 58
ucf/PizzaTossing/samples/00108.png 58
ucf/PizzaTossing/samples/00109.png 58
ucf/PizzaTossing/samples/00110.png 58
ucf/PizzaTossing/samples/00111.png 58
ucf/PizzaTossing/samples/00112.png 58
ucf/PizzaTossing/samples/00113.png 58
ucf/PizzaTossing/samples/00114.png 58
ucf/PizzaTossing/samples/00115.png 58
ucf/PizzaTossing/samples/00116.png 58
ucf/PizzaTossing/samples/00117.png 58
ucf/PizzaTossing/samples/00118.png 58
ucf/PizzaTossing/samples/00119.png 58
ucf/PizzaTossing/samples/00120.png 58
ucf/PizzaTossing/samples/00121.png 58
ucf/PizzaTossing/samples/00122.png 58
ucf/PizzaTossing/samples/00123.png 58
ucf/PizzaTossing/samples/00124.png 58
ucf/PizzaTossing/samples/00125.png 58
ucf/PizzaTossing/samples/00126.png 58
ucf/PizzaTossing/samples/00127.png 58
ucf/PizzaTossing/samples/00128.png 58
ucf/PizzaTossing/samples/00129.png 58
ucf/PizzaTossing/samples/00130.png 58
ucf/PizzaTossing/samples/00131.png 58
ucf/PizzaTossing/samples/00132.png 58
ucf/PizzaTossing/samples/00133.png 58
ucf/PizzaTossing/samples/00134.png 58
ucf/PizzaTossing/samples/00135.png 58
ucf/PizzaTossing/samples/00136.png 58
ucf/PizzaTossing/samples/00137.png 58
ucf/PizzaTossing/samples/00138.png 58
ucf/PizzaTossing/samples/00139.png 58
ucf/PizzaTossing/samples/00140.png 58
ucf/PizzaTossing/samples/00141.png 58
ucf/PizzaTossing/samples/00142.png 58
ucf/PizzaTossing/samples/00143.png 58
ucf/PizzaTossing/samples/00144.png 58
ucf/PizzaTossing/samples/00145.png 58
ucf/PizzaTossing/samples/00146.png 58
ucf/PizzaTossing/samples/00147.png 58
ucf/PizzaTossing/samples/00148.png 58
ucf/PizzaTossing/samples/00149.png 58
ucf/PizzaTossing/samples/00150.png 58
ucf/PizzaTossing/samples/00151.png 58
ucf/PizzaTossing/samples/00152.png 58
ucf/PizzaTossing/samples/00153.png 58
ucf/PizzaTossing/samples/00154.png 58
ucf/PizzaTossing/samples/00155.png 58
ucf/PizzaTossing/samples/00156.png 58
ucf/PizzaTossing/samples/00157.png 58
ucf/PizzaTossing/samples/00158.png 58
ucf/PizzaTossing/samples/00159.png 58
ucf/PizzaTossing/samples/00160.png 58
ucf/PizzaTossing/samples/00161.png 58
ucf/PizzaTossing/samples/00162.png 58
ucf/PizzaTossing/samples/00163.png 58
ucf/PizzaTossing/samples/00164.png 58
ucf/PizzaTossing/samples/00165.png 58
ucf/PizzaTossing/samples/00166.png 58
ucf/PizzaTossing/samples/00167.png 58
ucf/PizzaTossing/samples/00168.png 58
ucf/PizzaTossing/samples/00169.png 58
ucf/PizzaTossing/samples/00170.png 58
ucf/PizzaTossing/samples/00171.png 58
ucf/PizzaTossing/samples/00172.png 58
ucf/PizzaTossing/samples/00173.png 58
ucf/PizzaTossing/samples/00174.png 58
ucf/PizzaTossing/samples/00175.png 58
ucf/PizzaTossing/samples/00176.png 58
ucf/PizzaTossing/samples/00177.png 58
ucf/PizzaTossing/samples/00178.png 58
ucf/PizzaTossing/samples/00179.png 58
ucf/PizzaTossing/samples/00180.png 58
ucf/PizzaTossing/samples/00181.png 58
ucf/PizzaTossing/samples/00182.png 58
ucf/PizzaTossing/samples/00183.png 58
ucf/PizzaTossing/samples/00184.png 58
ucf/PizzaTossing/samples/00185.png 58
ucf/PizzaTossing/samples/00186.png 58
ucf/PizzaTossing/samples/00187.png 58
ucf/PizzaTossing/samples/00188.png 58
ucf/PizzaTossing/samples/00189.png 58
ucf/PizzaTossing/samples/00190.png 58
ucf/PizzaTossing/samples/00191.png 58
ucf/PizzaTossing/samples/00192.png 58
ucf/PizzaTossing/samples/00193.png 58
ucf/PizzaTossing/samples/00194.png 58
ucf/PizzaTossing/samples/00195.png 58
ucf/PizzaTossing/samples/00196.png 58
ucf/PizzaTossing/samples/00197.png 58
ucf/PizzaTossing/samples/00198.png 58
ucf/PizzaTossing/samples/00199.png 58
ucf/PizzaTossing/samples/00200.png 58
ucf/PizzaTossing/samples/00201.png 58
ucf/PizzaTossing/samples/00202.png 58
ucf/PizzaTossing/samples/00203.png 58
ucf/PizzaTossing/samples/00204.png 58
ucf/PizzaTossing/samples/00205.png 58
ucf/PizzaTossing/samples/00206.png 58
ucf/PizzaTossing/samples/00207.png 58
ucf/PizzaTossing/samples/00208.png 58
ucf/PizzaTossing/samples/00209.png 58
ucf/PizzaTossing/samples/00210.png 58
ucf/PizzaTossing/samples/00211.png 58
ucf/PizzaTossing/samples/00212.png 58
ucf/PizzaTossing/samples/00213.png 58
ucf/PizzaTossing/samples/00214.png 58
ucf/PizzaTossing/samples/00215.png 58
ucf/PizzaTossing/samples/00216.png 58
ucf/PizzaTossing/samples/00217.png 58
ucf/PizzaTossing/samples/00218.png 58
ucf/PizzaTossing/samples/00219.png 58
ucf/PizzaTossing/samples/00220.png 58
ucf/PizzaTossing/samples/00221.png 58
ucf/PizzaTossing/samples/00222.png 58
ucf/PizzaTossing/samples/00223.png 58
ucf/PizzaTossing/samples/00224.png 58
ucf/PizzaTossing/samples/00225.png 58
ucf/PizzaTossing/samples/00226.png 58
ucf/PizzaTossing/samples/00227.png 58
ucf/PizzaTossing/samples/00228.png 58
ucf/PizzaTossing/samples/00229.png 58
ucf/PizzaTossing/samples/00230.png 58
ucf/PizzaTossing/samples/00231.png 58
ucf/PizzaTossing/samples/00232.png 58
ucf/PizzaTossing/samples/00233.png 58
ucf/PizzaTossing/samples/00234.png 58
ucf/PizzaTossing/samples/00235.png 58
ucf/PizzaTossing/samples/00236.png 58
ucf/PizzaTossing/samples/00237.png 58
ucf/PizzaTossing/samples/00238.png 58
ucf/PizzaTossing/samples/00239.png 58
ucf/PizzaTossing/samples/00240.png 58
ucf/PizzaTossing/samples/00241.png 58
ucf/PizzaTossing/samples/00242.png 58
ucf/PizzaTossing/samples/00243.png 58
ucf/PizzaTossing/samples/00244.png 58
ucf/PizzaTossing/samples/00245.png 58
ucf/PizzaTossing/samples/00246.png 58
ucf/PizzaTossing/samples/00247.png 58
ucf/PizzaTossing/samples/00248.png 58
ucf/PizzaTossing/samples/00249.png 58
ucf/PizzaTossing/samples/00250.png 58
ucf/PizzaTossing/samples/00251.png 58
ucf/PizzaTossing/samples/00252.png 58
ucf/PizzaTossing/samples/00253.png 58
ucf/PizzaTossing/samples/00254.png 58
ucf/PizzaTossing/samples/00255.png 58
ucf/PizzaTossing/samples/00256.png 58
ucf/PizzaTossing/samples/00257.png 58
ucf/PizzaTossing/samples/00258.png 58
ucf/PizzaTossing/samples/00259.png 58
ucf/PizzaTossing/samples/00260.png 58
ucf/PizzaTossing/samples/00261.png 58
ucf/PizzaTossing/samples/00262.png 58
ucf/PizzaTossing/samples/00263.png 58
ucf/PizzaTossing/samples/00264.png 58
ucf/PizzaTossing/samples/00265.png 58
ucf/PizzaTossing/samples/00266.png 58
ucf/PizzaTossing/samples/00267.png 58
ucf/PizzaTossing/samples/00268.png 58
ucf/PizzaTossing/samples/00269.png 58
ucf/PizzaTossing/samples/00270.png 58
ucf/PizzaTossing/samples/00271.png 58
ucf/PizzaTossing/samples/00272.png 58
ucf/PizzaTossing/samples/00273.png 58
ucf/PizzaTossing/samples/00274.png 58
ucf/PizzaTossing/samples/00275.png 58
ucf/PizzaTossing/samples/00276.png 58
ucf/PizzaTossing/samples/00277.png 58
ucf/PizzaTossing/samples/00278.png 58
ucf/PizzaTossing/samples/00279.png 58
ucf/PizzaTossing/samples/00280.png 58
ucf/PizzaTossing/samples/00281.png 58
ucf/PizzaTossing/samples/00282.png 58
ucf/PizzaTossing/samples/00283.png 58
ucf/PizzaTossing/samples/00284.png 58
ucf/PizzaTossing/samples/00285.png 58
ucf/PizzaTossing/samples/00286.png 58
ucf/PizzaTossing/samples/00287.png 58
ucf/PizzaTossing/samples/00288.png 58
ucf/PizzaTossing/samples/00289.png 58
ucf/PizzaTossing/samples/00290.png 58
ucf/PizzaTossing/samples/00291.png 58
ucf/PizzaTossing/samples/00292.png 58
ucf/PizzaTossing/samples/00293.png 58
ucf/PizzaTossing/samples/00294.png 58
ucf/PizzaTossing/samples/00295.png 58
ucf/PizzaTossing/samples/00296.png 58
ucf/PizzaTossing/samples/00297.png 58
ucf/PizzaTossing/samples/00298.png 58
ucf/PizzaTossing/samples/00299.png 58
ucf/PizzaTossing/samples/00300.png 58
ucf/PizzaTossing/samples/00301.png 58
ucf/PizzaTossing/samples/00302.png 58
ucf/PizzaTossing/samples/00303.png 58
ucf/PizzaTossing/samples/00304.png 58
ucf/PizzaTossing/samples/00305.png 58
ucf/PizzaTossing/samples/00306.png 58
ucf/PizzaTossing/samples/00307.png 58
ucf/PizzaTossing/samples/00308.png 58
ucf/PizzaTossing/samples/00309.png 58
ucf/PizzaTossing/samples/00310.png 58
ucf/PizzaTossing/samples/00311.png 58
ucf/PizzaTossing/samples/00312.png 58
ucf/PizzaTossing/samples/00313.png 58
ucf/PizzaTossing/samples/00314.png 58
ucf/PizzaTossing/samples/00315.png 58
ucf/PizzaTossing/samples/00316.png 58
ucf/PizzaTossing/samples/00317.png 58
ucf/PizzaTossing/samples/00318.png 58
ucf/PizzaTossing/samples/00319.png 58
ucf/PizzaTossing/samples/00320.png 58
ucf/PizzaTossing/samples/00321.png 58
ucf/PizzaTossing/samples/00322.png 58
ucf/PizzaTossing/samples/00323.png 58
ucf/PizzaTossing/samples/00324.png 58
ucf/PizzaTossing/samples/00325.png 58
ucf/PizzaTossing/samples/00326.png 58
ucf/PizzaTossing/samples/00327.png 58
ucf/PizzaTossing/samples/00328.png 58
ucf/PizzaTossing/samples/00329.png 58
ucf/PizzaTossing/samples/00330.png 58
ucf/PizzaTossing/samples/00331.png 58
ucf/PizzaTossing/samples/00332.png 58
ucf/PizzaTossing/samples/00333.png 58
ucf/PizzaTossing/samples/00334.png 58
ucf/PizzaTossing/samples/00335.png 58
ucf/PizzaTossing/samples/00336.png 58
ucf/PizzaTossing/samples/00337.png 58
ucf/PizzaTossing/samples/00338.png 58
ucf/PizzaTossing/samples/00339.png 58
ucf/PizzaTossing/samples/00340.png 58
ucf/PizzaTossing/samples/00341.png 58
ucf/PizzaTossing/samples/00342.png 58
ucf/PizzaTossing/samples/00343.png 58
ucf/PizzaTossing/samples/00344.png 58
ucf/PizzaTossing/samples/00345.png 58
ucf/PizzaTossing/samples/00346.png 58
ucf/PizzaTossing/samples/00347.png 58
ucf/PizzaTossing/samples/00348.png 58
ucf/PizzaTossing/samples/00349.png 58
ucf/PizzaTossing/samples/00350.png 58
ucf/PizzaTossing/samples/00351.png 58
ucf/PizzaTossing/samples/00352.png 58
ucf/PizzaTossing/samples/00353.png 58
ucf/PizzaTossing/samples/00354.png 58
ucf/PizzaTossing/samples/00355.png 58
ucf/PizzaTossing/samples/00356.png 58
ucf/PizzaTossing/samples/00357.png 58
ucf/PizzaTossing/samples/00358.png 58
ucf/PizzaTossing/samples/00359.png 58
ucf/PizzaTossing/samples/00360.png 58
ucf/PizzaTossing/samples/00361.png 58
ucf/PizzaTossing/samples/00362.png 58
ucf/PizzaTossing/samples/00363.png 58
ucf/PizzaTossing/samples/00364.png 58
ucf/PizzaTossing/samples/00365.png 58
ucf/PizzaTossing/samples/00366.png 58
ucf/PizzaTossing/samples/00367.png 58
ucf/PizzaTossing/samples/00368.png 58
ucf/PizzaTossing/samples/00369.png 58
ucf/PizzaTossing/samples/00370.png 58
ucf/PizzaTossing/samples/00371.png 58
ucf/PizzaTossing/samples/00372.png 58
ucf/PizzaTossing/samples/00373.png 58
ucf/PizzaTossing/samples/00374.png 58
ucf/PizzaTossing/samples/00375.png 58
ucf/PizzaTossing/samples/00376.png 58
ucf/PizzaTossing/samples/00377.png 58
ucf/PizzaTossing/samples/00378.png 58
ucf/PizzaTossing/samples/00379.png 58
ucf/PizzaTossing/samples/00380.png 58
ucf/PizzaTossing/samples/00381.png 58
ucf/PizzaTossing/samples/00382.png 58
ucf/PizzaTossing/samples/00383.png 58
ucf/PizzaTossing/samples/00384.png 58
ucf/PizzaTossing/samples/00385.png 58
ucf/PizzaTossing/samples/00386.png 58
ucf/PizzaTossing/samples/00387.png 58
ucf/PizzaTossing/samples/00388.png 58
ucf/PizzaTossing/samples/00389.png 58
ucf/PizzaTossing/samples/00390.png 58
ucf/PizzaTossing/samples/00391.png 58
ucf/PizzaTossing/samples/00392.png 58
ucf/PizzaTossing/samples/00393.png 58
ucf/PizzaTossing/samples/00394.png 58
ucf/PizzaTossing/samples/00395.png 58
ucf/PizzaTossing/samples/00396.png 58
ucf/PizzaTossing/samples/00397.png 58
ucf/PizzaTossing/samples/00398.png 58
ucf/PizzaTossing/samples/00399.png 58
ucf/PizzaTossing/samples/00400.png 58
ucf/PizzaTossing/samples/00401.png 58
ucf/PizzaTossing/samples/00402.png 58
ucf/PizzaTossing/samples/00403.png 58
ucf/PizzaTossing/samples/00404.png 58
ucf/PizzaTossing/samples/00405.png 58
ucf/PizzaTossing/samples/00406.png 58
ucf/PizzaTossing/samples/00407.png 58
ucf/PizzaTossing/samples/00408.png 58
ucf/PizzaTossing/samples/00409.png 58
ucf/PizzaTossing/samples/00410.png 58
ucf/PizzaTossing/samples/00411.png 58
ucf/PizzaTossing/samples/00412.png 58
ucf/PizzaTossing/samples/00413.png 58
ucf/PizzaTossing/samples/00414.png 58
ucf/PizzaTossing/samples/00415.png 58
ucf/PizzaTossing/samples/00416.png 58
ucf/PizzaTossing/samples/00417.png 58
ucf/PizzaTossing/samples/00418.png 58
ucf/PizzaTossing/samples/00419.png 58
ucf/PizzaTossing/samples/00420.png 58
ucf/PizzaTossing/samples/00421.png 58
ucf/PizzaTossing/samples/00422.png 58
ucf/PizzaTossing/samples/00423.png 58
ucf/PizzaTossing/samples/00424.png 58
ucf/PizzaTossing/samples/00425.png 58
ucf/PizzaTossing/samples/00426.png 58
ucf/PizzaTossing/samples/00427.png 58
ucf/PizzaTossing/samples/00428.png 58
ucf/PizzaTossing/samples/00429.png 58
ucf/PizzaTossing/samples/00430.png 58
ucf/PizzaTossing/samples/00431.png 58
ucf/PizzaTossing/samples/00432.png 58
ucf/PizzaTossing/samples/00433.png 58
ucf/PizzaTossing/samples/00434.png 58
ucf/PizzaTossing/samples/00435.png 58
ucf/PizzaTossing/samples/00436.png 58
ucf/PizzaTossing/samples/00437.png 58
ucf/PizzaTossing/samples/00438.png 58
ucf/PizzaTossing/samples/00439.png 58
ucf/PizzaTossing/samples/00440.png 58
ucf/PizzaTossing/samples/00441.png 58
ucf/PizzaTossing/samples/00442.png 58
ucf/PizzaTossing/samples/00443.png 58
ucf/PizzaTossing/samples/00444.png 58
ucf/PizzaTossing/samples/00445.png 58
ucf/PizzaTossing/samples/00446.png 58
ucf/PizzaTossing/samples/00447.png 58
ucf/PizzaTossing/samples/00448.png 58
ucf/PizzaTossing/samples/00449.png 58
ucf/PizzaTossing/samples/00450.png 58
ucf/PizzaTossing/samples/00451.png 58
ucf/PizzaTossing/samples/00452.png 58
ucf/PizzaTossing/samples/00453.png 58
ucf/PizzaTossing/samples/00454.png 58
ucf/PizzaTossing/samples/00455.png 58
ucf/PizzaTossing/samples/00456.png 58
ucf/PizzaTossing/samples/00457.png 58
ucf/PizzaTossing/samples/00458.png 58
ucf/PizzaTossing/samples/00459.png 58
ucf/PizzaTossing/samples/00460.png 58
ucf/PizzaTossing/samples/00461.png 58
ucf/PizzaTossing/samples/00462.png 58
ucf/PizzaTossing/samples/00463.png 58
ucf/PizzaTossing/samples/00464.png 58
ucf/PizzaTossing/samples/00465.png 58
ucf/PizzaTossing/samples/00466.png 58
ucf/PizzaTossing/samples/00467.png 58
ucf/PizzaTossing/samples/00468.png 58
ucf/PizzaTossing/samples/00469.png 58
ucf/PizzaTossing/samples/00470.png 58
ucf/PizzaTossing/samples/00471.png 58
ucf/PizzaTossing/samples/00472.png 58
ucf/PizzaTossing/samples/00473.png 58
ucf/PizzaTossing/samples/00474.png 58
ucf/PizzaTossing/samples/00475.png 58
ucf/PizzaTossing/samples/00476.png 58
ucf/PizzaTossing/samples/00477.png 58
ucf/PizzaTossing/samples/00478.png 58
ucf/PizzaTossing/samples/00479.png 58
ucf/PizzaTossing/samples/00480.png 58
ucf/PizzaTossing/samples/00481.png 58
ucf/PizzaTossing/samples/00482.png 58
ucf/PizzaTossing/samples/00483.png 58
ucf/PizzaTossing/samples/00484.png 58
ucf/PizzaTossing/samples/00485.png 58
ucf/PizzaTossing/samples/00486.png 58
ucf/PizzaTossing/samples/00487.png 58
ucf/PizzaTossing/samples/00488.png 58
ucf/PizzaTossing/samples/00489.png 58
ucf/PizzaTossing/samples/00490.png 58
ucf/PizzaTossing/samples/00491.png 58
ucf/PizzaTossing/samples/00492.png 58
ucf/PizzaTossing/samples/00493.png 58
ucf/PizzaTossing/samples/00494.png 58
ucf/PizzaTossing/samples/00495.png 58
ucf/PizzaTossing/samples/00496.png 58
ucf/PizzaTossing/samples/00497.png 58
ucf/PizzaTossing/samples/00498.png 58
ucf/PizzaTossing/samples/00499.png 58
ucf/PizzaTossing/samples/00500.png 58
ucf/PizzaTossing/samples/00501.png 58
ucf/PizzaTossing/samples/00502.png 58
ucf/PizzaTossing/samples/00503.png 58
ucf/PizzaTossing/samples/00504.png 58
ucf/PizzaTossing/samples/00505.png 58
ucf/PizzaTossing/samples/00506.png 58
ucf/PizzaTossing/samples/00507.png 58
ucf/PizzaTossing/samples/00508.png 58
ucf/PizzaTossing/samples/00509.png 58
ucf/PizzaTossing/samples/00510.png 58
ucf/PizzaTossing/samples/00511.png 58
ucf/PizzaTossing/samples/00512.png 58
ucf/PizzaTossing/samples/00513.png 58
ucf/PizzaTossing/samples/00514.png 58
ucf/PizzaTossing/samples/00515.png 58
ucf/PizzaTossing/samples/00516.png 58
ucf/PizzaTossing/samples/00517.png 58
ucf/PizzaTossing/samples/00518.png 58
ucf/PizzaTossing/samples/00519.png 58
ucf/PizzaTossing/samples/00520.png 58
ucf/PizzaTossing/samples/00521.png 58
ucf/PizzaTossing/samples/00522.png 58
ucf/PizzaTossing/samples/00523.png 58
ucf/PizzaTossing/samples/00524.png 58
ucf/PizzaTossing/samples/00525.png 58
ucf/PizzaTossing/samples/00526.png 58
ucf/PizzaTossing/samples/00527.png 58
ucf/PizzaTossing/samples/00528.png 58
ucf/PizzaTossing/samples/00529.png 58
ucf/PizzaTossing/samples/00530.png 58
ucf/PizzaTossing/samples/00531.png 58
ucf/PizzaTossing/samples/00532.png 58
ucf/PizzaTossing/samples/00533.png 58
ucf/PizzaTossing/samples/00534.png 58
ucf/PizzaTossing/samples/00535.png 58
ucf/PizzaTossing/samples/00536.png 58
ucf/PizzaTossing/samples/00537.png 58
ucf/PizzaTossing/samples/00538.png 58
ucf/PizzaTossing/samples/00539.png 58
ucf/PizzaTossing/samples/00540.png 58
ucf/PizzaTossing/samples/00541.png 58
ucf/PizzaTossing/samples/00542.png 58
ucf/PizzaTossing/samples/00543.png 58
ucf/PizzaTossing/samples/00544.png 58
ucf/PizzaTossing/samples/00545.png 58
ucf/PizzaTossing/samples/00546.png 58
ucf/PizzaTossing/samples/00547.png 58
ucf/PizzaTossing/samples/00548.png 58
ucf/PizzaTossing/samples/00549.png 58
ucf/PizzaTossing/samples/00550.png 58
ucf/PizzaTossing/samples/00551.png 58
ucf/PizzaTossing/samples/00552.png 58
ucf/PizzaTossing/samples/00553.png 58
ucf/PizzaTossing/samples/00554.png 58
ucf/PizzaTossing/samples/00555.png 58
ucf/PizzaTossing/samples/00556.png 58
ucf/PizzaTossing/samples/00557.png 58
ucf/PizzaTossing/samples/00558.png 58
ucf/PizzaTossing/samples/00559.png 58
ucf/PizzaTossing/samples/00560.png 58
ucf/PizzaTossing/samples/00561.png 58
ucf/PizzaTossing/samples/00562.png 58
ucf/PizzaTossing/samples/00563.png 58
ucf/PizzaTossing/samples/00564.png 58
ucf/PizzaTossing/samples/00565.png 58
ucf/PizzaTossing/samples/00566.png 58
ucf/PizzaTossing/samples/00567.png 58
ucf/PizzaTossing/samples/00568.png 58
ucf/PizzaTossing/samples/00569.png 58
ucf/PizzaTossing/samples/00570.png 58
ucf/PizzaTossing/samples/00571.png 58
ucf/PizzaTossing/samples/00572.png 58
ucf/PizzaTossing/samples/00573.png 58
ucf/PizzaTossing/samples/00574.png 58
ucf/PizzaTossing/samples/00575.png 58
ucf/PizzaTossing/samples/00576.png 58
ucf/PizzaTossing/samples/00577.png 58
ucf/PizzaTossing/samples/00578.png 58
ucf/PizzaTossing/samples/00579.png 58
ucf/PizzaTossing/samples/00580.png 58
ucf/PizzaTossing/samples/00581.png 58
ucf/PizzaTossing/samples/00582.png 58
ucf/PizzaTossing/samples/00583.png 58
ucf/PizzaTossing/samples/00584.png 58
ucf/PizzaTossing/samples/00585.png 58
ucf/PizzaTossing/samples/00586.png 58
ucf/PizzaTossing/samples/00587.png 58
ucf/PizzaTossing/samples/00588.png 58
ucf/PizzaTossing/samples/00589.png 58
ucf/PizzaTossing/samples/00590.png 58
ucf/PizzaTossing/samples/00591.png 58
ucf/PizzaTossing/samples/00592.png 58
ucf/PizzaTossing/samples/00593.png 58
ucf/PizzaTossing/samples/00594.png 58
ucf/PizzaTossing/samples/00595.png 58
ucf/PizzaTossing/samples/00596.png 58
ucf/PizzaTossing/samples/00597.png 58
ucf/PizzaTossing/samples/00598.png 58
ucf/PizzaTossing/samples/00599.png 58
ucf/PizzaTossing/samples/00600.png 58
ucf/PizzaTossing/samples/00601.png 58
ucf/PizzaTossing/samples/00602.png 58
ucf/PizzaTossing/samples/00603.png 58
ucf/PizzaTossing/samples/00604.png 58
ucf/PizzaTossing/samples/00605.png 58
ucf/PizzaTossing/samples/00606.png 58
ucf/PizzaTossing/samples/00607.png 58
ucf/PizzaTossing/samples/00608.png 58
ucf/PizzaTossing/samples/00609.png 58
ucf/PizzaTossing/samples/00610.png 58
ucf/PizzaTossing/samples/00611.png 58
ucf/PizzaTossing/samples/00612.png 58
ucf/PizzaTossing/samples/00613.png 58
ucf/PizzaTossing/samples/00614.png 58
ucf/PizzaTossing/samples/00615.png 58
ucf/PizzaTossing/samples/00616.png 58
ucf/PizzaTossing/samples/00617.png 58
ucf/PizzaTossing/samples/00618.png 58
ucf/PizzaTossing/samples/00619.png 58
ucf/PizzaTossing/samples/00620.png 58
ucf/PizzaTossing/samples/00621.png 58
ucf/PizzaTossing/samples/00622.png 58
ucf/PizzaTossing/samples/00623.png 58
ucf/PizzaTossing/samples/00624.png 58
ucf/PizzaTossing/samples/00625.png 58
ucf/PizzaTossing/samples/00626.png 58
ucf/PizzaTossing/samples/00627.png 58
ucf/PizzaTossing/samples/00628.png 58
ucf/PizzaTossing/samples/00629.png 58
ucf/PizzaTossing/samples/00630.png 58
ucf/PizzaTossing/samples/00631.png 58
ucf/PizzaTossing/samples/00632.png 58
ucf/PizzaTossing/samples/00633.png 58
ucf/PizzaTossing/samples/00634.png 58
ucf/PizzaTossing/samples/00635.png 58
ucf/PizzaTossing/samples/00636.png 58
ucf/PizzaTossing/samples/00637.png 58
ucf/PizzaTossing/samples/00638.png 58
ucf/PizzaTossing/samples/00639.png 58
ucf/PizzaTossing/samples/00640.png 58
ucf/PizzaTossing/samples/00641.png 58
ucf/PizzaTossing/samples/00642.png 58
ucf/PizzaTossing/samples/00643.png 58
ucf/PizzaTossing/samples/00644.png 58
ucf/PizzaTossing/samples/00645.png 58
ucf/PizzaTossing/samples/00646.png 58
ucf/PizzaTossing/samples/00647.png 58
ucf/PizzaTossing/samples/00648.png 58
ucf/PizzaTossing/samples/00649.png 58
ucf/PizzaTossing/samples/00650.png 58
ucf/PizzaTossing/samples/00651.png 58
ucf/PizzaTossing/samples/00652.png 58
ucf/PizzaTossing/samples/00653.png 58
ucf/PizzaTossing/samples/00654.png 58
ucf/PizzaTossing/samples/00655.png 58
ucf/PizzaTossing/samples/00656.png 58
ucf/PizzaTossing/samples/00657.png 58
ucf/PizzaTossing/samples/00658.png 58
ucf/PizzaTossing/samples/00659.png 58
ucf/PizzaTossing/samples/00660.png 58
ucf/PizzaTossing/samples/00661.png 58
ucf/PizzaTossing/samples/00662.png 58
ucf/PizzaTossing/samples/00663.png 58
ucf/PizzaTossing/samples/00664.png 58
ucf/PizzaTossing/samples/00665.png 58
ucf/PizzaTossing/samples/00666.png 58
ucf/PizzaTossing/samples/00667.png 58
ucf/PizzaTossing/samples/00668.png 58
ucf/PizzaTossing/samples/00669.png 58
ucf/PizzaTossing/samples/00670.png 58
ucf/PizzaTossing/samples/00671.png 58
ucf/PizzaTossing/samples/00672.png 58
ucf/PizzaTossing/samples/00673.png 58
ucf/PizzaTossing/samples/00674.png 58
ucf/PizzaTossing/samples/00675.png 58
ucf/PizzaTossing/samples/00676.png 58
ucf/PizzaTossing/samples/00677.png 58
ucf/PizzaTossing/samples/00678.png 58
ucf/PizzaTossing/samples/00679.png 58
ucf/PizzaTossing/samples/00680.png 58
ucf/PizzaTossing/samples/00681.png 58
ucf/PizzaTossing/samples/00682.png 58
ucf/PizzaTossing/samples/00683.png 58
ucf/PizzaTossing/samples/00684.png 58
ucf/PizzaTossing/samples/00685.png 58
ucf/PizzaTossing/samples/00686.png 58
ucf/PizzaTossing/samples/00687.png 58
ucf/PizzaTossing/samples/00688.png 58
ucf/PizzaTossing/samples/00689.png 58
ucf/PizzaTossing/samples/00690.png 58
ucf/PizzaTossing/samples/00691.png 58
ucf/PizzaTossing/samples/00692.png 58
ucf/PizzaTossing/samples/00693.png 58
ucf/PizzaTossing/samples/00694.png 58
ucf/PizzaTossing/samples/00695.png 58
ucf/PizzaTossing/samples/00696.png 58
ucf/PizzaTossing/samples/00697.png 58
ucf/PizzaTossing/samples/00698.png 58
ucf/PizzaTossing/samples/00699.png 58
ucf/PizzaTossing/samples/00700.png 58
ucf/PizzaTossing/samples/00701.png 58
ucf/PizzaTossing/samples/00702.png 58
ucf/PizzaTossing/samples/00703.png 58
ucf/PizzaTossing/samples/00704.png 58
ucf/PizzaTossing/samples/00705.png 58
ucf/PizzaTossing/samples/00706.png 58
ucf/PizzaTossing/samples/00707.png 58
ucf/PizzaTossing/samples/00708.png 58
ucf/PizzaTossing/samples/00709.png 58
ucf/PizzaTossing/samples/00710.png 58
ucf/PizzaTossing/samples/00711.png 58
ucf/PizzaTossing/samples/00712.png 58
ucf/PizzaTossing/samples/00713.png 58
ucf/PizzaTossing/samples/00714.png 58
ucf/PizzaTossing/samples/00715.png 58
ucf/PizzaTossing/samples/00716.png 58
ucf/PizzaTossing/samples/00717.png 58
ucf/PizzaTossing/samples/00718.png 58
ucf/PizzaTossing/samples/00719.png 58
ucf/PizzaTossing/samples/00720.png 58
ucf/PizzaTossing/samples/00721.png 58
ucf/PizzaTossing/samples/00722.png 58
ucf/PizzaTossing/samples/00723.png 58
ucf/PizzaTossing/samples/00724.png 58
ucf/PizzaTossing/samples/00725.png 58
ucf/PizzaTossing/samples/00726.png 58
ucf/PizzaTossing/samples/00727.png 58
ucf/PizzaTossing/samples/00728.png 58
ucf/PizzaTossing/samples/00729.png 58
ucf/PizzaTossing/samples/00730.png 58
ucf/PizzaTossing/samples/00731.png 58
ucf/PizzaTossing/samples/00732.png 58
ucf/PizzaTossing/samples/00733.png 58
ucf/PizzaTossing/samples/00734.png 58
ucf/PizzaTossing/samples/00735.png 58
ucf/PizzaTossing/samples/00736.png 58
ucf/PizzaTossing/samples/00737.png 58
ucf/PizzaTossing/samples/00738.png 58
ucf/PizzaTossing/samples/00739.png 58
ucf/PizzaTossing/samples/00740.png 58
ucf/PizzaTossing/samples/00741.png 58
ucf/PizzaTossing/samples/00742.png 58
ucf/PizzaTossing/samples/00743.png 58
ucf/PizzaTossing/samples/00744.png 58
ucf/PizzaTossing/samples/00745.png 58
ucf/PizzaTossing/samples/00746.png 58
ucf/PizzaTossing/samples/00747.png 58
ucf/PizzaTossing/samples/00748.png 58
ucf/PizzaTossing/samples/00749.png 58
ucf/PizzaTossing/samples/00750.png 58
ucf/PizzaTossing/samples/00751.png 58
ucf/PizzaTossing/samples/00752.png 58
ucf/PizzaTossing/samples/00753.png 58
ucf/PizzaTossing/samples/00754.png 58
ucf/PizzaTossing/samples/00755.png 58
ucf/PizzaTossing/samples/00756.png 58
ucf/PizzaTossing/samples/00757.png 58
ucf/PizzaTossing/samples/00758.png 58
ucf/PizzaTossing/samples/00759.png 58
ucf/PizzaTossing/samples/00760.png 58
ucf/PizzaTossing/samples/00761.png 58
ucf/PizzaTossing/samples/00762.png 58
ucf/PizzaTossing/samples/00763.png 58
ucf/PizzaTossing/samples/00764.png 58
ucf/PizzaTossing/samples/00765.png 58
ucf/PizzaTossing/samples/00766.png 58
ucf/PizzaTossing/samples/00767.png 58
ucf/PizzaTossing/samples/00768.png 58
ucf/PizzaTossing/samples/00769.png 58
ucf/PizzaTossing/samples/00770.png 58
ucf/PizzaTossing/samples/00771.png 58
ucf/PizzaTossing/samples/00772.png 58
ucf/PizzaTossing/samples/00773.png 58
ucf/PizzaTossing/samples/00774.png 58
ucf/PizzaTossing/samples/00775.png 58
ucf/PizzaTossing/samples/00776.png 58
ucf/PizzaTossing/samples/00777.png 58
ucf/PizzaTossing/samples/00778.png 58
ucf/PizzaTossing/samples/00779.png 58
ucf/PizzaTossing/samples/00780.png 58
ucf/PizzaTossing/samples/00781.png 58
ucf/PizzaTossing/samples/00782.png 58
ucf/PizzaTossing/samples/00783.png 58
ucf/PizzaTossing/samples/00784.png 58
ucf/PizzaTossing/samples/00785.png 58
ucf/PizzaTossing/samples/00786.png 58
ucf/PizzaTossing/samples/00787.png 58
ucf/PizzaTossing/samples/00788.png 58
ucf/PizzaTossing/samples/00789.png 58
ucf/PizzaTossing/samples/00790.png 58
ucf/PizzaTossing/samples/00791.png 58
ucf/PizzaTossing/samples/00792.png 58
ucf/PizzaTossing/samples/00793.png 58
ucf/PizzaTossing/samples/00794.png 58
ucf/PizzaTossing/samples/00795.png 58
ucf/PizzaTossing/samples/00796.png 58
ucf/PizzaTossing/samples/00797.png 58
ucf/PizzaTossing/samples/00798.png 58
ucf/PizzaTossing/samples/00799.png 58
ucf/PizzaTossing/samples/00800.png 58
ucf/PizzaTossing/samples/00801.png 58
ucf/PizzaTossing/samples/00802.png 58
ucf/PizzaTossing/samples/00803.png 58
ucf/PizzaTossing/samples/00804.png 58
ucf/PizzaTossing/samples/00805.png 58
ucf/PizzaTossing/samples/00806.png 58
ucf/PizzaTossing/samples/00807.png 58
ucf/PizzaTossing/samples/00808.png 58
ucf/PizzaTossing/samples/00809.png 58
ucf/PizzaTossing/samples/00810.png 58
ucf/PizzaTossing/samples/00811.png 58
ucf/PizzaTossing/samples/00812.png 58
ucf/PizzaTossing/samples/00813.png 58
ucf/PizzaTossing/samples/00814.png 58
ucf/PizzaTossing/samples/00815.png 58
ucf/PizzaTossing/samples/00816.png 58
ucf/PizzaTossing/samples/00817.png 58
ucf/PizzaTossing/samples/00818.png 58
ucf/PizzaTossing/samples/00819.png 58
ucf/PizzaTossing/samples/00820.png 58
ucf/PizzaTossing/samples/00821.png 58
ucf/PizzaTossing/samples/00822.png 58
ucf/PizzaTossing/samples/00823.png 58
ucf/PizzaTossing/samples/00824.png 58
ucf/PizzaTossing/samples/00825.png 58
ucf/PizzaTossing/samples/00826.png 58
ucf/PizzaTossing/samples/00827.png 58
ucf/PizzaTossing/samples/00828.png 58
ucf/PizzaTossing/samples/00829.png 58
ucf/PizzaTossing/samples/00830.png 58
ucf/PizzaTossing/samples/00831.png 58
ucf/PizzaTossing/samples/00832.png 58
ucf/PizzaTossing/samples/00833.png 58
ucf/PizzaTossing/samples/00834.png 58
ucf/PizzaTossing/samples/00835.png 58
ucf/PizzaTossing/samples/00836.png 58
ucf/PizzaTossing/samples/00837.png 58
ucf/PizzaTossing/samples/00838.png 58
ucf/PizzaTossing/samples/00839.png 58
ucf/PizzaTossing/samples/00840.png 58
ucf/PizzaTossing/samples/00841.png 58
ucf/PizzaTossing/samples/00842.png 58
ucf/PizzaTossing/samples/00843.png 58
ucf/PizzaTossing/samples/00844.png 58
ucf/PizzaTossing/samples/00845.png 58
ucf/PizzaTossing/samples/00846.png 58
ucf/PizzaTossing/samples/00847.png 58
ucf/PizzaTossing/samples/00848.png 58
ucf/PizzaTossing/samples/00849.png 58
ucf/PizzaTossing/samples/00850.png 58
ucf/PizzaTossing/samples/00851.png 58
ucf/PizzaTossing/samples/00852.png 58
ucf/PizzaTossing/samples/00853.png 58
ucf/PizzaTossing/samples/00854.png 58
ucf/PizzaTossing/samples/00855.png 58
ucf/PizzaTossing/samples/00856.png 58
ucf/PizzaTossing/samples/00857.png 58
ucf/PizzaTossing/samples/00858.png 58
ucf/PizzaTossing/samples/00859.png 58
ucf/PizzaTossing/samples/00860.png 58
ucf/PizzaTossing/samples/00861.png 58
ucf/PizzaTossing/samples/00862.png 58
ucf/PizzaTossing/samples/00863.png 58
ucf/PizzaTossing/samples/00864.png 58
ucf/PizzaTossing/samples/00865.png 58
ucf/PizzaTossing/samples/00866.png 58
ucf/PizzaTossing/samples/00867.png 58
ucf/PizzaTossing/samples/00868.png 58
ucf/PizzaTossing/samples/00869.png 58
ucf/PizzaTossing/samples/00870.png 58
ucf/PizzaTossing/samples/00871.png 58
ucf/PizzaTossing/samples/00872.png 58
ucf/PizzaTossing/samples/00873.png 58
ucf/PizzaTossing/samples/00874.png 58
ucf/PizzaTossing/samples/00875.png 58
ucf/PizzaTossing/samples/00876.png 58
ucf/PizzaTossing/samples/00877.png 58
ucf/PizzaTossing/samples/00878.png 58
ucf/PizzaTossing/samples/00879.png 58
ucf/PizzaTossing/samples/00880.png 58
ucf/PizzaTossing/samples/00881.png 58
ucf/PizzaTossing/samples/00882.png 58
ucf/PizzaTossing/samples/00883.png 58
ucf/PizzaTossing/samples/00884.png 58
ucf/PizzaTossing/samples/00885.png 58
ucf/PizzaTossing/samples/00886.png 58
ucf/PizzaTossing/samples/00887.png 58
ucf/PizzaTossing/samples/00888.png 58
ucf/PizzaTossing/samples/00889.png 58
ucf/PizzaTossing/samples/00890.png 58
ucf/PizzaTossing/samples/00891.png 58
ucf/PizzaTossing/samples/00892.png 58
ucf/PizzaTossing/samples/00893.png 58
ucf/PizzaTossing/samples/00894.png 58
ucf/PizzaTossing/samples/00895.png 58
ucf/PizzaTossing/samples/00896.png 58
ucf/PizzaTossing/samples/00897.png 58
ucf/PizzaTossing/samples/00898.png 58
ucf/PizzaTossing/samples/00899.png 58
ucf/PizzaTossing/samples/00900.png 58
ucf/PizzaTossing/samples/00901.png 58
ucf/PizzaTossing/samples/00902.png 58
ucf/PizzaTossing/samples/00903.png 58
ucf/PizzaTossing/samples/00904.png 58
ucf/PizzaTossing/samples/00905.png 58
ucf/PizzaTossing/samples/00906.png 58
ucf/PizzaTossing/samples/00907.png 58
ucf/PizzaTossing/samples/00908.png 58
ucf/PizzaTossing/samples/00909.png 58
ucf/PizzaTossing/samples/00910.png 58
ucf/PizzaTossing/samples/00911.png 58
ucf/PizzaTossing/samples/00912.png 58
ucf/PizzaTossing/samples/00913.png 58
ucf/PizzaTossing/samples/00914.png 58
ucf/PizzaTossing/samples/00915.png 58
ucf/PizzaTossing/samples/00916.png 58
ucf/PizzaTossing/samples/00917.png 58
ucf/PizzaTossing/samples/00918.png 58
ucf/PizzaTossing/samples/00919.png 58
ucf/PizzaTossing/samples/00920.png 58
ucf/PizzaTossing/samples/00921.png 58
ucf/PizzaTossing/samples/00922.png 58
ucf/PizzaTossing/samples/00923.png 58
ucf/PizzaTossing/samples/00924.png 58
ucf/PizzaTossing/samples/00925.png 58
ucf/PizzaTossing/samples/00926.png 58
ucf/PizzaTossing/samples/00927.png 58
ucf/PizzaTossing/samples/00928.png 58
ucf/PizzaTossing/samples/00929.png 58
ucf/PizzaTossing/samples/00930.png 58
ucf/PizzaTossing/samples/00931.png 58
ucf/PizzaTossing/samples/00932.png 58
ucf/PizzaTossing/samples/00933.png 58
ucf/PizzaTossing/samples/00934.png 58
ucf/PizzaTossing/samples/00935.png 58
ucf/PizzaTossing/samples/00936.png 58
ucf/PizzaTossing/samples/00937.png 58
ucf/PizzaTossing/samples/00938.png 58
ucf/PizzaTossing/samples/00939.png 58
ucf/PizzaTossing/samples/00940.png 58
ucf/PizzaTossing/samples/00941.png 58
ucf/PizzaTossing/samples/00942.png 58
ucf/PizzaTossing/samples/00943.png 58
ucf/PizzaTossing/samples/00944.png 58
ucf/PizzaTossing/samples/00945.png 58
ucf/PizzaTossing/samples/00946.png 58
ucf/PizzaTossing/samples/00947.png 58
ucf/PizzaTossing/samples/00948.png 58
ucf/PizzaTossing/samples/00949.png 58
ucf/PizzaTossing/samples/00950.png 58
ucf/PizzaTossing/samples/00951.png 58
ucf/PizzaTossing/samples/00952.png 58
ucf/PizzaTossing/samples/00953.png 58
ucf/PizzaTossing/samples/00954.png 58
ucf/PizzaTossing/samples/00955.png 58
ucf/PizzaTossing/samples/00956.png 58
ucf/PizzaTossing/samples/00957.png 58
ucf/PizzaTossing/samples/00958.png 58
ucf/PizzaTossing/samples/00959.png 58
ucf/PizzaTossing/samples/00960.png 58
ucf/PizzaTossing/samples/00961.png 58
ucf/PizzaTossing/samples/00962.png 58
ucf/PizzaTossing/samples/00963.png 58
ucf/PizzaTossing/samples/00964.png 58
ucf/PizzaTossing/samples/00965.png 58
ucf/PizzaTossing/samples/00966.png 58
ucf/PizzaTossing/samples/00967.png 58
ucf/PizzaTossing/samples/00968.png 58
ucf/PizzaTossing/samples/00969.png 58
ucf/PizzaTossing/samples/00970.png 58
ucf/PizzaTossing/samples/00971.png 58
ucf/PizzaTossing/samples/00972.png 58
ucf/PizzaTossing/samples/00973.png 58
ucf/PizzaTossing/samples/00974.png 58
ucf/PizzaTossing/samples/00975.png 58
ucf/PizzaTossing/samples/00976.png 58
ucf/PizzaTossing/samples/00977.png 58
ucf/PizzaTossing/samples/00978.png 58
ucf/PizzaTossing/samples/00979.png 58
ucf/PizzaTossing/samples/00980.png 58
ucf/PizzaTossing/samples/00981.png 58
ucf/PizzaTossing/samples/00982.png 58
ucf/PizzaTossing/samples/00983.png 58
ucf/PizzaTossing/samples/00984.png 58
ucf/PizzaTossing/samples/00985.png 58
ucf/PizzaTossing/samples/00986.png 58
ucf/PizzaTossing/samples/00987.png 58
ucf/PizzaTossing/samples/00988.png 58
ucf/PizzaTossing/samples/00989.png 58
ucf/PizzaTossing/samples/00990.png 58
ucf/PizzaTossing/samples/00991.png 58
ucf/PizzaTossing/samples/00992.png 58
ucf/PizzaTossing/samples/00993.png 58
ucf/PizzaTossing/samples/00994.png 58
ucf/PizzaTossing/samples/00995.png 58
ucf/PizzaTossing/samples/00996.png 58
ucf/PizzaTossing/samples/00997.png 58
ucf/PizzaTossing/samples/00998.png 58
ucf/PizzaTossing/samples/00999.png 58
ucf/ParallelBars/samples/00000.png 57
ucf/ParallelBars/samples/00001.png 57
ucf/ParallelBars/samples/00002.png 57
ucf/ParallelBars/samples/00003.png 57
ucf/ParallelBars/samples/00004.png 57
ucf/ParallelBars/samples/00005.png 57
ucf/ParallelBars/samples/00006.png 57
ucf/ParallelBars/samples/00007.png 57
ucf/ParallelBars/samples/00008.png 57
ucf/ParallelBars/samples/00009.png 57
ucf/ParallelBars/samples/00010.png 57
ucf/ParallelBars/samples/00011.png 57
ucf/ParallelBars/samples/00012.png 57
ucf/ParallelBars/samples/00013.png 57
ucf/ParallelBars/samples/00014.png 57
ucf/ParallelBars/samples/00015.png 57
ucf/ParallelBars/samples/00016.png 57
ucf/ParallelBars/samples/00017.png 57
ucf/ParallelBars/samples/00018.png 57
ucf/ParallelBars/samples/00019.png 57
ucf/ParallelBars/samples/00020.png 57
ucf/ParallelBars/samples/00021.png 57
ucf/ParallelBars/samples/00022.png 57
ucf/ParallelBars/samples/00023.png 57
ucf/ParallelBars/samples/00024.png 57
ucf/ParallelBars/samples/00025.png 57
ucf/ParallelBars/samples/00026.png 57
ucf/ParallelBars/samples/00027.png 57
ucf/ParallelBars/samples/00028.png 57
ucf/ParallelBars/samples/00029.png 57
ucf/ParallelBars/samples/00030.png 57
ucf/ParallelBars/samples/00031.png 57
ucf/ParallelBars/samples/00032.png 57
ucf/ParallelBars/samples/00033.png 57
ucf/ParallelBars/samples/00034.png 57
ucf/ParallelBars/samples/00035.png 57
ucf/ParallelBars/samples/00036.png 57
ucf/ParallelBars/samples/00037.png 57
ucf/ParallelBars/samples/00038.png 57
ucf/ParallelBars/samples/00039.png 57
ucf/ParallelBars/samples/00040.png 57
ucf/ParallelBars/samples/00041.png 57
ucf/ParallelBars/samples/00042.png 57
ucf/ParallelBars/samples/00043.png 57
ucf/ParallelBars/samples/00044.png 57
ucf/ParallelBars/samples/00045.png 57
ucf/ParallelBars/samples/00046.png 57
ucf/ParallelBars/samples/00047.png 57
ucf/ParallelBars/samples/00048.png 57
ucf/ParallelBars/samples/00049.png 57
ucf/ParallelBars/samples/00050.png 57
ucf/ParallelBars/samples/00051.png 57
ucf/ParallelBars/samples/00052.png 57
ucf/ParallelBars/samples/00053.png 57
ucf/ParallelBars/samples/00054.png 57
ucf/ParallelBars/samples/00055.png 57
ucf/ParallelBars/samples/00056.png 57
ucf/ParallelBars/samples/00057.png 57
ucf/ParallelBars/samples/00058.png 57
ucf/ParallelBars/samples/00059.png 57
ucf/ParallelBars/samples/00060.png 57
ucf/ParallelBars/samples/00061.png 57
ucf/ParallelBars/samples/00062.png 57
ucf/ParallelBars/samples/00063.png 57
ucf/ParallelBars/samples/00064.png 57
ucf/ParallelBars/samples/00065.png 57
ucf/ParallelBars/samples/00066.png 57
ucf/ParallelBars/samples/00067.png 57
ucf/ParallelBars/samples/00068.png 57
ucf/ParallelBars/samples/00069.png 57
ucf/ParallelBars/samples/00070.png 57
ucf/ParallelBars/samples/00071.png 57
ucf/ParallelBars/samples/00072.png 57
ucf/ParallelBars/samples/00073.png 57
ucf/ParallelBars/samples/00074.png 57
ucf/ParallelBars/samples/00075.png 57
ucf/ParallelBars/samples/00076.png 57
ucf/ParallelBars/samples/00077.png 57
ucf/ParallelBars/samples/00078.png 57
ucf/ParallelBars/samples/00079.png 57
ucf/ParallelBars/samples/00080.png 57
ucf/ParallelBars/samples/00081.png 57
ucf/ParallelBars/samples/00082.png 57
ucf/ParallelBars/samples/00083.png 57
ucf/ParallelBars/samples/00084.png 57
ucf/ParallelBars/samples/00085.png 57
ucf/ParallelBars/samples/00086.png 57
ucf/ParallelBars/samples/00087.png 57
ucf/ParallelBars/samples/00088.png 57
ucf/ParallelBars/samples/00089.png 57
ucf/ParallelBars/samples/00090.png 57
ucf/ParallelBars/samples/00091.png 57
ucf/ParallelBars/samples/00092.png 57
ucf/ParallelBars/samples/00093.png 57
ucf/ParallelBars/samples/00094.png 57
ucf/ParallelBars/samples/00095.png 57
ucf/ParallelBars/samples/00096.png 57
ucf/ParallelBars/samples/00097.png 57
ucf/ParallelBars/samples/00098.png 57
ucf/ParallelBars/samples/00099.png 57
ucf/ParallelBars/samples/00100.png 57
ucf/ParallelBars/samples/00101.png 57
ucf/ParallelBars/samples/00102.png 57
ucf/ParallelBars/samples/00103.png 57
ucf/ParallelBars/samples/00104.png 57
ucf/ParallelBars/samples/00105.png 57
ucf/ParallelBars/samples/00106.png 57
ucf/ParallelBars/samples/00107.png 57
ucf/ParallelBars/samples/00108.png 57
ucf/ParallelBars/samples/00109.png 57
ucf/ParallelBars/samples/00110.png 57
ucf/ParallelBars/samples/00111.png 57
ucf/ParallelBars/samples/00112.png 57
ucf/ParallelBars/samples/00113.png 57
ucf/ParallelBars/samples/00114.png 57
ucf/ParallelBars/samples/00115.png 57
ucf/ParallelBars/samples/00116.png 57
ucf/ParallelBars/samples/00117.png 57
ucf/ParallelBars/samples/00118.png 57
ucf/ParallelBars/samples/00119.png 57
ucf/ParallelBars/samples/00120.png 57
ucf/ParallelBars/samples/00121.png 57
ucf/ParallelBars/samples/00122.png 57
ucf/ParallelBars/samples/00123.png 57
ucf/ParallelBars/samples/00124.png 57
ucf/ParallelBars/samples/00125.png 57
ucf/ParallelBars/samples/00126.png 57
ucf/ParallelBars/samples/00127.png 57
ucf/ParallelBars/samples/00128.png 57
ucf/ParallelBars/samples/00129.png 57
ucf/ParallelBars/samples/00130.png 57
ucf/ParallelBars/samples/00131.png 57
ucf/ParallelBars/samples/00132.png 57
ucf/ParallelBars/samples/00133.png 57
ucf/ParallelBars/samples/00134.png 57
ucf/ParallelBars/samples/00135.png 57
ucf/ParallelBars/samples/00136.png 57
ucf/ParallelBars/samples/00137.png 57
ucf/ParallelBars/samples/00138.png 57
ucf/ParallelBars/samples/00139.png 57
ucf/ParallelBars/samples/00140.png 57
ucf/ParallelBars/samples/00141.png 57
ucf/ParallelBars/samples/00142.png 57
ucf/ParallelBars/samples/00143.png 57
ucf/ParallelBars/samples/00144.png 57
ucf/ParallelBars/samples/00145.png 57
ucf/ParallelBars/samples/00146.png 57
ucf/ParallelBars/samples/00147.png 57
ucf/ParallelBars/samples/00148.png 57
ucf/ParallelBars/samples/00149.png 57
ucf/ParallelBars/samples/00150.png 57
ucf/ParallelBars/samples/00151.png 57
ucf/ParallelBars/samples/00152.png 57
ucf/ParallelBars/samples/00153.png 57
ucf/ParallelBars/samples/00154.png 57
ucf/ParallelBars/samples/00155.png 57
ucf/ParallelBars/samples/00156.png 57
ucf/ParallelBars/samples/00157.png 57
ucf/ParallelBars/samples/00158.png 57
ucf/ParallelBars/samples/00159.png 57
ucf/ParallelBars/samples/00160.png 57
ucf/ParallelBars/samples/00161.png 57
ucf/ParallelBars/samples/00162.png 57
ucf/ParallelBars/samples/00163.png 57
ucf/ParallelBars/samples/00164.png 57
ucf/ParallelBars/samples/00165.png 57
ucf/ParallelBars/samples/00166.png 57
ucf/ParallelBars/samples/00167.png 57
ucf/ParallelBars/samples/00168.png 57
ucf/ParallelBars/samples/00169.png 57
ucf/ParallelBars/samples/00170.png 57
ucf/ParallelBars/samples/00171.png 57
ucf/ParallelBars/samples/00172.png 57
ucf/ParallelBars/samples/00173.png 57
ucf/ParallelBars/samples/00174.png 57
ucf/ParallelBars/samples/00175.png 57
ucf/ParallelBars/samples/00176.png 57
ucf/ParallelBars/samples/00177.png 57
ucf/ParallelBars/samples/00178.png 57
ucf/ParallelBars/samples/00179.png 57
ucf/ParallelBars/samples/00180.png 57
ucf/ParallelBars/samples/00181.png 57
ucf/ParallelBars/samples/00182.png 57
ucf/ParallelBars/samples/00183.png 57
ucf/ParallelBars/samples/00184.png 57
ucf/ParallelBars/samples/00185.png 57
ucf/ParallelBars/samples/00186.png 57
ucf/ParallelBars/samples/00187.png 57
ucf/ParallelBars/samples/00188.png 57
ucf/ParallelBars/samples/00189.png 57
ucf/ParallelBars/samples/00190.png 57
ucf/ParallelBars/samples/00191.png 57
ucf/ParallelBars/samples/00192.png 57
ucf/ParallelBars/samples/00193.png 57
ucf/ParallelBars/samples/00194.png 57
ucf/ParallelBars/samples/00195.png 57
ucf/ParallelBars/samples/00196.png 57
ucf/ParallelBars/samples/00197.png 57
ucf/ParallelBars/samples/00198.png 57
ucf/ParallelBars/samples/00199.png 57
ucf/ParallelBars/samples/00200.png 57
ucf/ParallelBars/samples/00201.png 57
ucf/ParallelBars/samples/00202.png 57
ucf/ParallelBars/samples/00203.png 57
ucf/ParallelBars/samples/00204.png 57
ucf/ParallelBars/samples/00205.png 57
ucf/ParallelBars/samples/00206.png 57
ucf/ParallelBars/samples/00207.png 57
ucf/ParallelBars/samples/00208.png 57
ucf/ParallelBars/samples/00209.png 57
ucf/ParallelBars/samples/00210.png 57
ucf/ParallelBars/samples/00211.png 57
ucf/ParallelBars/samples/00212.png 57
ucf/ParallelBars/samples/00213.png 57
ucf/ParallelBars/samples/00214.png 57
ucf/ParallelBars/samples/00215.png 57
ucf/ParallelBars/samples/00216.png 57
ucf/ParallelBars/samples/00217.png 57
ucf/ParallelBars/samples/00218.png 57
ucf/ParallelBars/samples/00219.png 57
ucf/ParallelBars/samples/00220.png 57
ucf/ParallelBars/samples/00221.png 57
ucf/ParallelBars/samples/00222.png 57
ucf/ParallelBars/samples/00223.png 57
ucf/ParallelBars/samples/00224.png 57
ucf/ParallelBars/samples/00225.png 57
ucf/ParallelBars/samples/00226.png 57
ucf/ParallelBars/samples/00227.png 57
ucf/ParallelBars/samples/00228.png 57
ucf/ParallelBars/samples/00229.png 57
ucf/ParallelBars/samples/00230.png 57
ucf/ParallelBars/samples/00231.png 57
ucf/ParallelBars/samples/00232.png 57
ucf/ParallelBars/samples/00233.png 57
ucf/ParallelBars/samples/00234.png 57
ucf/ParallelBars/samples/00235.png 57
ucf/ParallelBars/samples/00236.png 57
ucf/ParallelBars/samples/00237.png 57
ucf/ParallelBars/samples/00238.png 57
ucf/ParallelBars/samples/00239.png 57
ucf/ParallelBars/samples/00240.png 57
ucf/ParallelBars/samples/00241.png 57
ucf/ParallelBars/samples/00242.png 57
ucf/ParallelBars/samples/00243.png 57
ucf/ParallelBars/samples/00244.png 57
ucf/ParallelBars/samples/00245.png 57
ucf/ParallelBars/samples/00246.png 57
ucf/ParallelBars/samples/00247.png 57
ucf/ParallelBars/samples/00248.png 57
ucf/ParallelBars/samples/00249.png 57
ucf/ParallelBars/samples/00250.png 57
ucf/ParallelBars/samples/00251.png 57
ucf/ParallelBars/samples/00252.png 57
ucf/ParallelBars/samples/00253.png 57
ucf/ParallelBars/samples/00254.png 57
ucf/ParallelBars/samples/00255.png 57
ucf/ParallelBars/samples/00256.png 57
ucf/ParallelBars/samples/00257.png 57
ucf/ParallelBars/samples/00258.png 57
ucf/ParallelBars/samples/00259.png 57
ucf/ParallelBars/samples/00260.png 57
ucf/ParallelBars/samples/00261.png 57
ucf/ParallelBars/samples/00262.png 57
ucf/ParallelBars/samples/00263.png 57
ucf/ParallelBars/samples/00264.png 57
ucf/ParallelBars/samples/00265.png 57
ucf/ParallelBars/samples/00266.png 57
ucf/ParallelBars/samples/00267.png 57
ucf/ParallelBars/samples/00268.png 57
ucf/ParallelBars/samples/00269.png 57
ucf/ParallelBars/samples/00270.png 57
ucf/ParallelBars/samples/00271.png 57
ucf/ParallelBars/samples/00272.png 57
ucf/ParallelBars/samples/00273.png 57
ucf/ParallelBars/samples/00274.png 57
ucf/ParallelBars/samples/00275.png 57
ucf/ParallelBars/samples/00276.png 57
ucf/ParallelBars/samples/00277.png 57
ucf/ParallelBars/samples/00278.png 57
ucf/ParallelBars/samples/00279.png 57
ucf/ParallelBars/samples/00280.png 57
ucf/ParallelBars/samples/00281.png 57
ucf/ParallelBars/samples/00282.png 57
ucf/ParallelBars/samples/00283.png 57
ucf/ParallelBars/samples/00284.png 57
ucf/ParallelBars/samples/00285.png 57
ucf/ParallelBars/samples/00286.png 57
ucf/ParallelBars/samples/00287.png 57
ucf/ParallelBars/samples/00288.png 57
ucf/ParallelBars/samples/00289.png 57
ucf/ParallelBars/samples/00290.png 57
ucf/ParallelBars/samples/00291.png 57
ucf/ParallelBars/samples/00292.png 57
ucf/ParallelBars/samples/00293.png 57
ucf/ParallelBars/samples/00294.png 57
ucf/ParallelBars/samples/00295.png 57
ucf/ParallelBars/samples/00296.png 57
ucf/ParallelBars/samples/00297.png 57
ucf/ParallelBars/samples/00298.png 57
ucf/ParallelBars/samples/00299.png 57
ucf/ParallelBars/samples/00300.png 57
ucf/ParallelBars/samples/00301.png 57
ucf/ParallelBars/samples/00302.png 57
ucf/ParallelBars/samples/00303.png 57
ucf/ParallelBars/samples/00304.png 57
ucf/ParallelBars/samples/00305.png 57
ucf/ParallelBars/samples/00306.png 57
ucf/ParallelBars/samples/00307.png 57
ucf/ParallelBars/samples/00308.png 57
ucf/ParallelBars/samples/00309.png 57
ucf/ParallelBars/samples/00310.png 57
ucf/ParallelBars/samples/00311.png 57
ucf/ParallelBars/samples/00312.png 57
ucf/ParallelBars/samples/00313.png 57
ucf/ParallelBars/samples/00314.png 57
ucf/ParallelBars/samples/00315.png 57
ucf/ParallelBars/samples/00316.png 57
ucf/ParallelBars/samples/00317.png 57
ucf/ParallelBars/samples/00318.png 57
ucf/ParallelBars/samples/00319.png 57
ucf/ParallelBars/samples/00320.png 57
ucf/ParallelBars/samples/00321.png 57
ucf/ParallelBars/samples/00322.png 57
ucf/ParallelBars/samples/00323.png 57
ucf/ParallelBars/samples/00324.png 57
ucf/ParallelBars/samples/00325.png 57
ucf/ParallelBars/samples/00326.png 57
ucf/ParallelBars/samples/00327.png 57
ucf/ParallelBars/samples/00328.png 57
ucf/ParallelBars/samples/00329.png 57
ucf/ParallelBars/samples/00330.png 57
ucf/ParallelBars/samples/00331.png 57
ucf/ParallelBars/samples/00332.png 57
ucf/ParallelBars/samples/00333.png 57
ucf/ParallelBars/samples/00334.png 57
ucf/ParallelBars/samples/00335.png 57
ucf/ParallelBars/samples/00336.png 57
ucf/ParallelBars/samples/00337.png 57
ucf/ParallelBars/samples/00338.png 57
ucf/ParallelBars/samples/00339.png 57
ucf/ParallelBars/samples/00340.png 57
ucf/ParallelBars/samples/00341.png 57
ucf/ParallelBars/samples/00342.png 57
ucf/ParallelBars/samples/00343.png 57
ucf/ParallelBars/samples/00344.png 57
ucf/ParallelBars/samples/00345.png 57
ucf/ParallelBars/samples/00346.png 57
ucf/ParallelBars/samples/00347.png 57
ucf/ParallelBars/samples/00348.png 57
ucf/ParallelBars/samples/00349.png 57
ucf/ParallelBars/samples/00350.png 57
ucf/ParallelBars/samples/00351.png 57
ucf/ParallelBars/samples/00352.png 57
ucf/ParallelBars/samples/00353.png 57
ucf/ParallelBars/samples/00354.png 57
ucf/ParallelBars/samples/00355.png 57
ucf/ParallelBars/samples/00356.png 57
ucf/ParallelBars/samples/00357.png 57
ucf/ParallelBars/samples/00358.png 57
ucf/ParallelBars/samples/00359.png 57
ucf/ParallelBars/samples/00360.png 57
ucf/ParallelBars/samples/00361.png 57
ucf/ParallelBars/samples/00362.png 57
ucf/ParallelBars/samples/00363.png 57
ucf/ParallelBars/samples/00364.png 57
ucf/ParallelBars/samples/00365.png 57
ucf/ParallelBars/samples/00366.png 57
ucf/ParallelBars/samples/00367.png 57
ucf/ParallelBars/samples/00368.png 57
ucf/ParallelBars/samples/00369.png 57
ucf/ParallelBars/samples/00370.png 57
ucf/ParallelBars/samples/00371.png 57
ucf/ParallelBars/samples/00372.png 57
ucf/ParallelBars/samples/00373.png 57
ucf/ParallelBars/samples/00374.png 57
ucf/ParallelBars/samples/00375.png 57
ucf/ParallelBars/samples/00376.png 57
ucf/ParallelBars/samples/00377.png 57
ucf/ParallelBars/samples/00378.png 57
ucf/ParallelBars/samples/00379.png 57
ucf/ParallelBars/samples/00380.png 57
ucf/ParallelBars/samples/00381.png 57
ucf/ParallelBars/samples/00382.png 57
ucf/ParallelBars/samples/00383.png 57
ucf/ParallelBars/samples/00384.png 57
ucf/ParallelBars/samples/00385.png 57
ucf/ParallelBars/samples/00386.png 57
ucf/ParallelBars/samples/00387.png 57
ucf/ParallelBars/samples/00388.png 57
ucf/ParallelBars/samples/00389.png 57
ucf/ParallelBars/samples/00390.png 57
ucf/ParallelBars/samples/00391.png 57
ucf/ParallelBars/samples/00392.png 57
ucf/ParallelBars/samples/00393.png 57
ucf/ParallelBars/samples/00394.png 57
ucf/ParallelBars/samples/00395.png 57
ucf/ParallelBars/samples/00396.png 57
ucf/ParallelBars/samples/00397.png 57
ucf/ParallelBars/samples/00398.png 57
ucf/ParallelBars/samples/00399.png 57
ucf/ParallelBars/samples/00400.png 57
ucf/ParallelBars/samples/00401.png 57
ucf/ParallelBars/samples/00402.png 57
ucf/ParallelBars/samples/00403.png 57
ucf/ParallelBars/samples/00404.png 57
ucf/ParallelBars/samples/00405.png 57
ucf/ParallelBars/samples/00406.png 57
ucf/ParallelBars/samples/00407.png 57
ucf/ParallelBars/samples/00408.png 57
ucf/ParallelBars/samples/00409.png 57
ucf/ParallelBars/samples/00410.png 57
ucf/ParallelBars/samples/00411.png 57
ucf/ParallelBars/samples/00412.png 57
ucf/ParallelBars/samples/00413.png 57
ucf/ParallelBars/samples/00414.png 57
ucf/ParallelBars/samples/00415.png 57
ucf/ParallelBars/samples/00416.png 57
ucf/ParallelBars/samples/00417.png 57
ucf/ParallelBars/samples/00418.png 57
ucf/ParallelBars/samples/00419.png 57
ucf/ParallelBars/samples/00420.png 57
ucf/ParallelBars/samples/00421.png 57
ucf/ParallelBars/samples/00422.png 57
ucf/ParallelBars/samples/00423.png 57
ucf/ParallelBars/samples/00424.png 57
ucf/ParallelBars/samples/00425.png 57
ucf/ParallelBars/samples/00426.png 57
ucf/ParallelBars/samples/00427.png 57
ucf/ParallelBars/samples/00428.png 57
ucf/ParallelBars/samples/00429.png 57
ucf/ParallelBars/samples/00430.png 57
ucf/ParallelBars/samples/00431.png 57
ucf/ParallelBars/samples/00432.png 57
ucf/ParallelBars/samples/00433.png 57
ucf/ParallelBars/samples/00434.png 57
ucf/ParallelBars/samples/00435.png 57
ucf/ParallelBars/samples/00436.png 57
ucf/ParallelBars/samples/00437.png 57
ucf/ParallelBars/samples/00438.png 57
ucf/ParallelBars/samples/00439.png 57
ucf/ParallelBars/samples/00440.png 57
ucf/ParallelBars/samples/00441.png 57
ucf/ParallelBars/samples/00442.png 57
ucf/ParallelBars/samples/00443.png 57
ucf/ParallelBars/samples/00444.png 57
ucf/ParallelBars/samples/00445.png 57
ucf/ParallelBars/samples/00446.png 57
ucf/ParallelBars/samples/00447.png 57
ucf/ParallelBars/samples/00448.png 57
ucf/ParallelBars/samples/00449.png 57
ucf/ParallelBars/samples/00450.png 57
ucf/ParallelBars/samples/00451.png 57
ucf/ParallelBars/samples/00452.png 57
ucf/ParallelBars/samples/00453.png 57
ucf/ParallelBars/samples/00454.png 57
ucf/ParallelBars/samples/00455.png 57
ucf/ParallelBars/samples/00456.png 57
ucf/ParallelBars/samples/00457.png 57
ucf/ParallelBars/samples/00458.png 57
ucf/ParallelBars/samples/00459.png 57
ucf/ParallelBars/samples/00460.png 57
ucf/ParallelBars/samples/00461.png 57
ucf/ParallelBars/samples/00462.png 57
ucf/ParallelBars/samples/00463.png 57
ucf/ParallelBars/samples/00464.png 57
ucf/ParallelBars/samples/00465.png 57
ucf/ParallelBars/samples/00466.png 57
ucf/ParallelBars/samples/00467.png 57
ucf/ParallelBars/samples/00468.png 57
ucf/ParallelBars/samples/00469.png 57
ucf/ParallelBars/samples/00470.png 57
ucf/ParallelBars/samples/00471.png 57
ucf/ParallelBars/samples/00472.png 57
ucf/ParallelBars/samples/00473.png 57
ucf/ParallelBars/samples/00474.png 57
ucf/ParallelBars/samples/00475.png 57
ucf/ParallelBars/samples/00476.png 57
ucf/ParallelBars/samples/00477.png 57
ucf/ParallelBars/samples/00478.png 57
ucf/ParallelBars/samples/00479.png 57
ucf/ParallelBars/samples/00480.png 57
ucf/ParallelBars/samples/00481.png 57
ucf/ParallelBars/samples/00482.png 57
ucf/ParallelBars/samples/00483.png 57
ucf/ParallelBars/samples/00484.png 57
ucf/ParallelBars/samples/00485.png 57
ucf/ParallelBars/samples/00486.png 57
ucf/ParallelBars/samples/00487.png 57
ucf/ParallelBars/samples/00488.png 57
ucf/ParallelBars/samples/00489.png 57
ucf/ParallelBars/samples/00490.png 57
ucf/ParallelBars/samples/00491.png 57
ucf/ParallelBars/samples/00492.png 57
ucf/ParallelBars/samples/00493.png 57
ucf/ParallelBars/samples/00494.png 57
ucf/ParallelBars/samples/00495.png 57
ucf/ParallelBars/samples/00496.png 57
ucf/ParallelBars/samples/00497.png 57
ucf/ParallelBars/samples/00498.png 57
ucf/ParallelBars/samples/00499.png 57
ucf/ParallelBars/samples/00500.png 57
ucf/ParallelBars/samples/00501.png 57
ucf/ParallelBars/samples/00502.png 57
ucf/ParallelBars/samples/00503.png 57
ucf/ParallelBars/samples/00504.png 57
ucf/ParallelBars/samples/00505.png 57
ucf/ParallelBars/samples/00506.png 57
ucf/ParallelBars/samples/00507.png 57
ucf/ParallelBars/samples/00508.png 57
ucf/ParallelBars/samples/00509.png 57
ucf/ParallelBars/samples/00510.png 57
ucf/ParallelBars/samples/00511.png 57
ucf/ParallelBars/samples/00512.png 57
ucf/ParallelBars/samples/00513.png 57
ucf/ParallelBars/samples/00514.png 57
ucf/ParallelBars/samples/00515.png 57
ucf/ParallelBars/samples/00516.png 57
ucf/ParallelBars/samples/00517.png 57
ucf/ParallelBars/samples/00518.png 57
ucf/ParallelBars/samples/00519.png 57
ucf/ParallelBars/samples/00520.png 57
ucf/ParallelBars/samples/00521.png 57
ucf/ParallelBars/samples/00522.png 57
ucf/ParallelBars/samples/00523.png 57
ucf/ParallelBars/samples/00524.png 57
ucf/ParallelBars/samples/00525.png 57
ucf/ParallelBars/samples/00526.png 57
ucf/ParallelBars/samples/00527.png 57
ucf/ParallelBars/samples/00528.png 57
ucf/ParallelBars/samples/00529.png 57
ucf/ParallelBars/samples/00530.png 57
ucf/ParallelBars/samples/00531.png 57
ucf/ParallelBars/samples/00532.png 57
ucf/ParallelBars/samples/00533.png 57
ucf/ParallelBars/samples/00534.png 57
ucf/ParallelBars/samples/00535.png 57
ucf/ParallelBars/samples/00536.png 57
ucf/ParallelBars/samples/00537.png 57
ucf/ParallelBars/samples/00538.png 57
ucf/ParallelBars/samples/00539.png 57
ucf/ParallelBars/samples/00540.png 57
ucf/ParallelBars/samples/00541.png 57
ucf/ParallelBars/samples/00542.png 57
ucf/ParallelBars/samples/00543.png 57
ucf/ParallelBars/samples/00544.png 57
ucf/ParallelBars/samples/00545.png 57
ucf/ParallelBars/samples/00546.png 57
ucf/ParallelBars/samples/00547.png 57
ucf/ParallelBars/samples/00548.png 57
ucf/ParallelBars/samples/00549.png 57
ucf/ParallelBars/samples/00550.png 57
ucf/ParallelBars/samples/00551.png 57
ucf/ParallelBars/samples/00552.png 57
ucf/ParallelBars/samples/00553.png 57
ucf/ParallelBars/samples/00554.png 57
ucf/ParallelBars/samples/00555.png 57
ucf/ParallelBars/samples/00556.png 57
ucf/ParallelBars/samples/00557.png 57
ucf/ParallelBars/samples/00558.png 57
ucf/ParallelBars/samples/00559.png 57
ucf/ParallelBars/samples/00560.png 57
ucf/ParallelBars/samples/00561.png 57
ucf/ParallelBars/samples/00562.png 57
ucf/ParallelBars/samples/00563.png 57
ucf/ParallelBars/samples/00564.png 57
ucf/ParallelBars/samples/00565.png 57
ucf/ParallelBars/samples/00566.png 57
ucf/ParallelBars/samples/00567.png 57
ucf/ParallelBars/samples/00568.png 57
ucf/ParallelBars/samples/00569.png 57
ucf/ParallelBars/samples/00570.png 57
ucf/ParallelBars/samples/00571.png 57
ucf/ParallelBars/samples/00572.png 57
ucf/ParallelBars/samples/00573.png 57
ucf/ParallelBars/samples/00574.png 57
ucf/ParallelBars/samples/00575.png 57
ucf/ParallelBars/samples/00576.png 57
ucf/ParallelBars/samples/00577.png 57
ucf/ParallelBars/samples/00578.png 57
ucf/ParallelBars/samples/00579.png 57
ucf/ParallelBars/samples/00580.png 57
ucf/ParallelBars/samples/00581.png 57
ucf/ParallelBars/samples/00582.png 57
ucf/ParallelBars/samples/00583.png 57
ucf/ParallelBars/samples/00584.png 57
ucf/ParallelBars/samples/00585.png 57
ucf/ParallelBars/samples/00586.png 57
ucf/ParallelBars/samples/00587.png 57
ucf/ParallelBars/samples/00588.png 57
ucf/ParallelBars/samples/00589.png 57
ucf/ParallelBars/samples/00590.png 57
ucf/ParallelBars/samples/00591.png 57
ucf/ParallelBars/samples/00592.png 57
ucf/ParallelBars/samples/00593.png 57
ucf/ParallelBars/samples/00594.png 57
ucf/ParallelBars/samples/00595.png 57
ucf/ParallelBars/samples/00596.png 57
ucf/ParallelBars/samples/00597.png 57
ucf/ParallelBars/samples/00598.png 57
ucf/ParallelBars/samples/00599.png 57
ucf/ParallelBars/samples/00600.png 57
ucf/ParallelBars/samples/00601.png 57
ucf/ParallelBars/samples/00602.png 57
ucf/ParallelBars/samples/00603.png 57
ucf/ParallelBars/samples/00604.png 57
ucf/ParallelBars/samples/00605.png 57
ucf/ParallelBars/samples/00606.png 57
ucf/ParallelBars/samples/00607.png 57
ucf/ParallelBars/samples/00608.png 57
ucf/ParallelBars/samples/00609.png 57
ucf/ParallelBars/samples/00610.png 57
ucf/ParallelBars/samples/00611.png 57
ucf/ParallelBars/samples/00612.png 57
ucf/ParallelBars/samples/00613.png 57
ucf/ParallelBars/samples/00614.png 57
ucf/ParallelBars/samples/00615.png 57
ucf/ParallelBars/samples/00616.png 57
ucf/ParallelBars/samples/00617.png 57
ucf/ParallelBars/samples/00618.png 57
ucf/ParallelBars/samples/00619.png 57
ucf/ParallelBars/samples/00620.png 57
ucf/ParallelBars/samples/00621.png 57
ucf/ParallelBars/samples/00622.png 57
ucf/ParallelBars/samples/00623.png 57
ucf/ParallelBars/samples/00624.png 57
ucf/ParallelBars/samples/00625.png 57
ucf/ParallelBars/samples/00626.png 57
ucf/ParallelBars/samples/00627.png 57
ucf/ParallelBars/samples/00628.png 57
ucf/ParallelBars/samples/00629.png 57
ucf/ParallelBars/samples/00630.png 57
ucf/ParallelBars/samples/00631.png 57
ucf/ParallelBars/samples/00632.png 57
ucf/ParallelBars/samples/00633.png 57
ucf/ParallelBars/samples/00634.png 57
ucf/ParallelBars/samples/00635.png 57
ucf/ParallelBars/samples/00636.png 57
ucf/ParallelBars/samples/00637.png 57
ucf/ParallelBars/samples/00638.png 57
ucf/ParallelBars/samples/00639.png 57
ucf/ParallelBars/samples/00640.png 57
ucf/ParallelBars/samples/00641.png 57
ucf/ParallelBars/samples/00642.png 57
ucf/ParallelBars/samples/00643.png 57
ucf/ParallelBars/samples/00644.png 57
ucf/ParallelBars/samples/00645.png 57
ucf/ParallelBars/samples/00646.png 57
ucf/ParallelBars/samples/00647.png 57
ucf/ParallelBars/samples/00648.png 57
ucf/ParallelBars/samples/00649.png 57
ucf/ParallelBars/samples/00650.png 57
ucf/ParallelBars/samples/00651.png 57
ucf/ParallelBars/samples/00652.png 57
ucf/ParallelBars/samples/00653.png 57
ucf/ParallelBars/samples/00654.png 57
ucf/ParallelBars/samples/00655.png 57
ucf/ParallelBars/samples/00656.png 57
ucf/ParallelBars/samples/00657.png 57
ucf/ParallelBars/samples/00658.png 57
ucf/ParallelBars/samples/00659.png 57
ucf/ParallelBars/samples/00660.png 57
ucf/ParallelBars/samples/00661.png 57
ucf/ParallelBars/samples/00662.png 57
ucf/ParallelBars/samples/00663.png 57
ucf/ParallelBars/samples/00664.png 57
ucf/ParallelBars/samples/00665.png 57
ucf/ParallelBars/samples/00666.png 57
ucf/ParallelBars/samples/00667.png 57
ucf/ParallelBars/samples/00668.png 57
ucf/ParallelBars/samples/00669.png 57
ucf/ParallelBars/samples/00670.png 57
ucf/ParallelBars/samples/00671.png 57
ucf/ParallelBars/samples/00672.png 57
ucf/ParallelBars/samples/00673.png 57
ucf/ParallelBars/samples/00674.png 57
ucf/ParallelBars/samples/00675.png 57
ucf/ParallelBars/samples/00676.png 57
ucf/ParallelBars/samples/00677.png 57
ucf/ParallelBars/samples/00678.png 57
ucf/ParallelBars/samples/00679.png 57
ucf/ParallelBars/samples/00680.png 57
ucf/ParallelBars/samples/00681.png 57
ucf/ParallelBars/samples/00682.png 57
ucf/ParallelBars/samples/00683.png 57
ucf/ParallelBars/samples/00684.png 57
ucf/ParallelBars/samples/00685.png 57
ucf/ParallelBars/samples/00686.png 57
ucf/ParallelBars/samples/00687.png 57
ucf/ParallelBars/samples/00688.png 57
ucf/ParallelBars/samples/00689.png 57
ucf/ParallelBars/samples/00690.png 57
ucf/ParallelBars/samples/00691.png 57
ucf/ParallelBars/samples/00692.png 57
ucf/ParallelBars/samples/00693.png 57
ucf/ParallelBars/samples/00694.png 57
ucf/ParallelBars/samples/00695.png 57
ucf/ParallelBars/samples/00696.png 57
ucf/ParallelBars/samples/00697.png 57
ucf/ParallelBars/samples/00698.png 57
ucf/ParallelBars/samples/00699.png 57
ucf/ParallelBars/samples/00700.png 57
ucf/ParallelBars/samples/00701.png 57
ucf/ParallelBars/samples/00702.png 57
ucf/ParallelBars/samples/00703.png 57
ucf/ParallelBars/samples/00704.png 57
ucf/ParallelBars/samples/00705.png 57
ucf/ParallelBars/samples/00706.png 57
ucf/ParallelBars/samples/00707.png 57
ucf/ParallelBars/samples/00708.png 57
ucf/ParallelBars/samples/00709.png 57
ucf/ParallelBars/samples/00710.png 57
ucf/ParallelBars/samples/00711.png 57
ucf/ParallelBars/samples/00712.png 57
ucf/ParallelBars/samples/00713.png 57
ucf/ParallelBars/samples/00714.png 57
ucf/ParallelBars/samples/00715.png 57
ucf/ParallelBars/samples/00716.png 57
ucf/ParallelBars/samples/00717.png 57
ucf/ParallelBars/samples/00718.png 57
ucf/ParallelBars/samples/00719.png 57
ucf/ParallelBars/samples/00720.png 57
ucf/ParallelBars/samples/00721.png 57
ucf/ParallelBars/samples/00722.png 57
ucf/ParallelBars/samples/00723.png 57
ucf/ParallelBars/samples/00724.png 57
ucf/ParallelBars/samples/00725.png 57
ucf/ParallelBars/samples/00726.png 57
ucf/ParallelBars/samples/00727.png 57
ucf/ParallelBars/samples/00728.png 57
ucf/ParallelBars/samples/00729.png 57
ucf/ParallelBars/samples/00730.png 57
ucf/ParallelBars/samples/00731.png 57
ucf/ParallelBars/samples/00732.png 57
ucf/ParallelBars/samples/00733.png 57
ucf/ParallelBars/samples/00734.png 57
ucf/ParallelBars/samples/00735.png 57
ucf/ParallelBars/samples/00736.png 57
ucf/ParallelBars/samples/00737.png 57
ucf/ParallelBars/samples/00738.png 57
ucf/ParallelBars/samples/00739.png 57
ucf/ParallelBars/samples/00740.png 57
ucf/ParallelBars/samples/00741.png 57
ucf/ParallelBars/samples/00742.png 57
ucf/ParallelBars/samples/00743.png 57
ucf/ParallelBars/samples/00744.png 57
ucf/ParallelBars/samples/00745.png 57
ucf/ParallelBars/samples/00746.png 57
ucf/ParallelBars/samples/00747.png 57
ucf/ParallelBars/samples/00748.png 57
ucf/ParallelBars/samples/00749.png 57
ucf/ParallelBars/samples/00750.png 57
ucf/ParallelBars/samples/00751.png 57
ucf/ParallelBars/samples/00752.png 57
ucf/ParallelBars/samples/00753.png 57
ucf/ParallelBars/samples/00754.png 57
ucf/ParallelBars/samples/00755.png 57
ucf/ParallelBars/samples/00756.png 57
ucf/ParallelBars/samples/00757.png 57
ucf/ParallelBars/samples/00758.png 57
ucf/ParallelBars/samples/00759.png 57
ucf/ParallelBars/samples/00760.png 57
ucf/ParallelBars/samples/00761.png 57
ucf/ParallelBars/samples/00762.png 57
ucf/ParallelBars/samples/00763.png 57
ucf/ParallelBars/samples/00764.png 57
ucf/ParallelBars/samples/00765.png 57
ucf/ParallelBars/samples/00766.png 57
ucf/ParallelBars/samples/00767.png 57
ucf/ParallelBars/samples/00768.png 57
ucf/ParallelBars/samples/00769.png 57
ucf/ParallelBars/samples/00770.png 57
ucf/ParallelBars/samples/00771.png 57
ucf/ParallelBars/samples/00772.png 57
ucf/ParallelBars/samples/00773.png 57
ucf/ParallelBars/samples/00774.png 57
ucf/ParallelBars/samples/00775.png 57
ucf/ParallelBars/samples/00776.png 57
ucf/ParallelBars/samples/00777.png 57
ucf/ParallelBars/samples/00778.png 57
ucf/ParallelBars/samples/00779.png 57
ucf/ParallelBars/samples/00780.png 57
ucf/ParallelBars/samples/00781.png 57
ucf/ParallelBars/samples/00782.png 57
ucf/ParallelBars/samples/00783.png 57
ucf/ParallelBars/samples/00784.png 57
ucf/ParallelBars/samples/00785.png 57
ucf/ParallelBars/samples/00786.png 57
ucf/ParallelBars/samples/00787.png 57
ucf/ParallelBars/samples/00788.png 57
ucf/ParallelBars/samples/00789.png 57
ucf/ParallelBars/samples/00790.png 57
ucf/ParallelBars/samples/00791.png 57
ucf/ParallelBars/samples/00792.png 57
ucf/ParallelBars/samples/00793.png 57
ucf/ParallelBars/samples/00794.png 57
ucf/ParallelBars/samples/00795.png 57
ucf/ParallelBars/samples/00796.png 57
ucf/ParallelBars/samples/00797.png 57
ucf/ParallelBars/samples/00798.png 57
ucf/ParallelBars/samples/00799.png 57
ucf/ParallelBars/samples/00800.png 57
ucf/ParallelBars/samples/00801.png 57
ucf/ParallelBars/samples/00802.png 57
ucf/ParallelBars/samples/00803.png 57
ucf/ParallelBars/samples/00804.png 57
ucf/ParallelBars/samples/00805.png 57
ucf/ParallelBars/samples/00806.png 57
ucf/ParallelBars/samples/00807.png 57
ucf/ParallelBars/samples/00808.png 57
ucf/ParallelBars/samples/00809.png 57
ucf/ParallelBars/samples/00810.png 57
ucf/ParallelBars/samples/00811.png 57
ucf/ParallelBars/samples/00812.png 57
ucf/ParallelBars/samples/00813.png 57
ucf/ParallelBars/samples/00814.png 57
ucf/ParallelBars/samples/00815.png 57
ucf/ParallelBars/samples/00816.png 57
ucf/ParallelBars/samples/00817.png 57
ucf/ParallelBars/samples/00818.png 57
ucf/ParallelBars/samples/00819.png 57
ucf/ParallelBars/samples/00820.png 57
ucf/ParallelBars/samples/00821.png 57
ucf/ParallelBars/samples/00822.png 57
ucf/ParallelBars/samples/00823.png 57
ucf/ParallelBars/samples/00824.png 57
ucf/ParallelBars/samples/00825.png 57
ucf/ParallelBars/samples/00826.png 57
ucf/ParallelBars/samples/00827.png 57
ucf/ParallelBars/samples/00828.png 57
ucf/ParallelBars/samples/00829.png 57
ucf/ParallelBars/samples/00830.png 57
ucf/ParallelBars/samples/00831.png 57
ucf/ParallelBars/samples/00832.png 57
ucf/ParallelBars/samples/00833.png 57
ucf/ParallelBars/samples/00834.png 57
ucf/ParallelBars/samples/00835.png 57
ucf/ParallelBars/samples/00836.png 57
ucf/ParallelBars/samples/00837.png 57
ucf/ParallelBars/samples/00838.png 57
ucf/ParallelBars/samples/00839.png 57
ucf/ParallelBars/samples/00840.png 57
ucf/ParallelBars/samples/00841.png 57
ucf/ParallelBars/samples/00842.png 57
ucf/ParallelBars/samples/00843.png 57
ucf/ParallelBars/samples/00844.png 57
ucf/ParallelBars/samples/00845.png 57
ucf/ParallelBars/samples/00846.png 57
ucf/ParallelBars/samples/00847.png 57
ucf/ParallelBars/samples/00848.png 57
ucf/ParallelBars/samples/00849.png 57
ucf/ParallelBars/samples/00850.png 57
ucf/ParallelBars/samples/00851.png 57
ucf/ParallelBars/samples/00852.png 57
ucf/ParallelBars/samples/00853.png 57
ucf/ParallelBars/samples/00854.png 57
ucf/ParallelBars/samples/00855.png 57
ucf/ParallelBars/samples/00856.png 57
ucf/ParallelBars/samples/00857.png 57
ucf/ParallelBars/samples/00858.png 57
ucf/ParallelBars/samples/00859.png 57
ucf/ParallelBars/samples/00860.png 57
ucf/ParallelBars/samples/00861.png 57
ucf/ParallelBars/samples/00862.png 57
ucf/ParallelBars/samples/00863.png 57
ucf/ParallelBars/samples/00864.png 57
ucf/ParallelBars/samples/00865.png 57
ucf/ParallelBars/samples/00866.png 57
ucf/ParallelBars/samples/00867.png 57
ucf/ParallelBars/samples/00868.png 57
ucf/ParallelBars/samples/00869.png 57
ucf/ParallelBars/samples/00870.png 57
ucf/ParallelBars/samples/00871.png 57
ucf/ParallelBars/samples/00872.png 57
ucf/ParallelBars/samples/00873.png 57
ucf/ParallelBars/samples/00874.png 57
ucf/ParallelBars/samples/00875.png 57
ucf/ParallelBars/samples/00876.png 57
ucf/ParallelBars/samples/00877.png 57
ucf/ParallelBars/samples/00878.png 57
ucf/ParallelBars/samples/00879.png 57
ucf/ParallelBars/samples/00880.png 57
ucf/ParallelBars/samples/00881.png 57
ucf/ParallelBars/samples/00882.png 57
ucf/ParallelBars/samples/00883.png 57
ucf/ParallelBars/samples/00884.png 57
ucf/ParallelBars/samples/00885.png 57
ucf/ParallelBars/samples/00886.png 57
ucf/ParallelBars/samples/00887.png 57
ucf/ParallelBars/samples/00888.png 57
ucf/ParallelBars/samples/00889.png 57
ucf/ParallelBars/samples/00890.png 57
ucf/ParallelBars/samples/00891.png 57
ucf/ParallelBars/samples/00892.png 57
ucf/ParallelBars/samples/00893.png 57
ucf/ParallelBars/samples/00894.png 57
ucf/ParallelBars/samples/00895.png 57
ucf/ParallelBars/samples/00896.png 57
ucf/ParallelBars/samples/00897.png 57
ucf/ParallelBars/samples/00898.png 57
ucf/ParallelBars/samples/00899.png 57
ucf/ParallelBars/samples/00900.png 57
ucf/ParallelBars/samples/00901.png 57
ucf/ParallelBars/samples/00902.png 57
ucf/ParallelBars/samples/00903.png 57
ucf/ParallelBars/samples/00904.png 57
ucf/ParallelBars/samples/00905.png 57
ucf/ParallelBars/samples/00906.png 57
ucf/ParallelBars/samples/00907.png 57
ucf/ParallelBars/samples/00908.png 57
ucf/ParallelBars/samples/00909.png 57
ucf/ParallelBars/samples/00910.png 57
ucf/ParallelBars/samples/00911.png 57
ucf/ParallelBars/samples/00912.png 57
ucf/ParallelBars/samples/00913.png 57
ucf/ParallelBars/samples/00914.png 57
ucf/ParallelBars/samples/00915.png 57
ucf/ParallelBars/samples/00916.png 57
ucf/ParallelBars/samples/00917.png 57
ucf/ParallelBars/samples/00918.png 57
ucf/ParallelBars/samples/00919.png 57
ucf/ParallelBars/samples/00920.png 57
ucf/ParallelBars/samples/00921.png 57
ucf/ParallelBars/samples/00922.png 57
ucf/ParallelBars/samples/00923.png 57
ucf/ParallelBars/samples/00924.png 57
ucf/ParallelBars/samples/00925.png 57
ucf/ParallelBars/samples/00926.png 57
ucf/ParallelBars/samples/00927.png 57
ucf/ParallelBars/samples/00928.png 57
ucf/ParallelBars/samples/00929.png 57
ucf/ParallelBars/samples/00930.png 57
ucf/ParallelBars/samples/00931.png 57
ucf/ParallelBars/samples/00932.png 57
ucf/ParallelBars/samples/00933.png 57
ucf/ParallelBars/samples/00934.png 57
ucf/ParallelBars/samples/00935.png 57
ucf/ParallelBars/samples/00936.png 57
ucf/ParallelBars/samples/00937.png 57
ucf/ParallelBars/samples/00938.png 57
ucf/ParallelBars/samples/00939.png 57
ucf/ParallelBars/samples/00940.png 57
ucf/ParallelBars/samples/00941.png 57
ucf/ParallelBars/samples/00942.png 57
ucf/ParallelBars/samples/00943.png 57
ucf/ParallelBars/samples/00944.png 57
ucf/ParallelBars/samples/00945.png 57
ucf/ParallelBars/samples/00946.png 57
ucf/ParallelBars/samples/00947.png 57
ucf/ParallelBars/samples/00948.png 57
ucf/ParallelBars/samples/00949.png 57
ucf/ParallelBars/samples/00950.png 57
ucf/ParallelBars/samples/00951.png 57
ucf/ParallelBars/samples/00952.png 57
ucf/ParallelBars/samples/00953.png 57
ucf/ParallelBars/samples/00954.png 57
ucf/ParallelBars/samples/00955.png 57
ucf/ParallelBars/samples/00956.png 57
ucf/ParallelBars/samples/00957.png 57
ucf/ParallelBars/samples/00958.png 57
ucf/ParallelBars/samples/00959.png 57
ucf/ParallelBars/samples/00960.png 57
ucf/ParallelBars/samples/00961.png 57
ucf/ParallelBars/samples/00962.png 57
ucf/ParallelBars/samples/00963.png 57
ucf/ParallelBars/samples/00964.png 57
ucf/ParallelBars/samples/00965.png 57
ucf/ParallelBars/samples/00966.png 57
ucf/ParallelBars/samples/00967.png 57
ucf/ParallelBars/samples/00968.png 57
ucf/ParallelBars/samples/00969.png 57
ucf/ParallelBars/samples/00970.png 57
ucf/ParallelBars/samples/00971.png 57
ucf/ParallelBars/samples/00972.png 57
ucf/ParallelBars/samples/00973.png 57
ucf/ParallelBars/samples/00974.png 57
ucf/ParallelBars/samples/00975.png 57
ucf/ParallelBars/samples/00976.png 57
ucf/ParallelBars/samples/00977.png 57
ucf/ParallelBars/samples/00978.png 57
ucf/ParallelBars/samples/00979.png 57
ucf/ParallelBars/samples/00980.png 57
ucf/ParallelBars/samples/00981.png 57
ucf/ParallelBars/samples/00982.png 57
ucf/ParallelBars/samples/00983.png 57
ucf/ParallelBars/samples/00984.png 57
ucf/ParallelBars/samples/00985.png 57
ucf/ParallelBars/samples/00986.png 57
ucf/ParallelBars/samples/00987.png 57
ucf/ParallelBars/samples/00988.png 57
ucf/ParallelBars/samples/00989.png 57
ucf/ParallelBars/samples/00990.png 57
ucf/ParallelBars/samples/00991.png 57
ucf/ParallelBars/samples/00992.png 57
ucf/ParallelBars/samples/00993.png 57
ucf/ParallelBars/samples/00994.png 57
ucf/ParallelBars/samples/00995.png 57
ucf/ParallelBars/samples/00996.png 57
ucf/ParallelBars/samples/00997.png 57
ucf/ParallelBars/samples/00998.png 57
ucf/ParallelBars/samples/00999.png 57
ucf/Skijet/samples/00000.png 82
ucf/Skijet/samples/00001.png 82
ucf/Skijet/samples/00002.png 82
ucf/Skijet/samples/00003.png 82
ucf/Skijet/samples/00004.png 82
ucf/Skijet/samples/00005.png 82
ucf/Skijet/samples/00006.png 82
ucf/Skijet/samples/00007.png 82
ucf/Skijet/samples/00008.png 82
ucf/Skijet/samples/00009.png 82
ucf/Skijet/samples/00010.png 82
ucf/Skijet/samples/00011.png 82
ucf/Skijet/samples/00012.png 82
ucf/Skijet/samples/00013.png 82
ucf/Skijet/samples/00014.png 82
ucf/Skijet/samples/00015.png 82
ucf/Skijet/samples/00016.png 82
ucf/Skijet/samples/00017.png 82
ucf/Skijet/samples/00018.png 82
ucf/Skijet/samples/00019.png 82
ucf/Skijet/samples/00020.png 82
ucf/Skijet/samples/00021.png 82
ucf/Skijet/samples/00022.png 82
ucf/Skijet/samples/00023.png 82
ucf/Skijet/samples/00024.png 82
ucf/Skijet/samples/00025.png 82
ucf/Skijet/samples/00026.png 82
ucf/Skijet/samples/00027.png 82
ucf/Skijet/samples/00028.png 82
ucf/Skijet/samples/00029.png 82
ucf/Skijet/samples/00030.png 82
ucf/Skijet/samples/00031.png 82
ucf/Skijet/samples/00032.png 82
ucf/Skijet/samples/00033.png 82
ucf/Skijet/samples/00034.png 82
ucf/Skijet/samples/00035.png 82
ucf/Skijet/samples/00036.png 82
ucf/Skijet/samples/00037.png 82
ucf/Skijet/samples/00038.png 82
ucf/Skijet/samples/00039.png 82
ucf/Skijet/samples/00040.png 82
ucf/Skijet/samples/00041.png 82
ucf/Skijet/samples/00042.png 82
ucf/Skijet/samples/00043.png 82
ucf/Skijet/samples/00044.png 82
ucf/Skijet/samples/00045.png 82
ucf/Skijet/samples/00046.png 82
ucf/Skijet/samples/00047.png 82
ucf/Skijet/samples/00048.png 82
ucf/Skijet/samples/00049.png 82
ucf/Skijet/samples/00050.png 82
ucf/Skijet/samples/00051.png 82
ucf/Skijet/samples/00052.png 82
ucf/Skijet/samples/00053.png 82
ucf/Skijet/samples/00054.png 82
ucf/Skijet/samples/00055.png 82
ucf/Skijet/samples/00056.png 82
ucf/Skijet/samples/00057.png 82
ucf/Skijet/samples/00058.png 82
ucf/Skijet/samples/00059.png 82
ucf/Skijet/samples/00060.png 82
ucf/Skijet/samples/00061.png 82
ucf/Skijet/samples/00062.png 82
ucf/Skijet/samples/00063.png 82
ucf/Skijet/samples/00064.png 82
ucf/Skijet/samples/00065.png 82
ucf/Skijet/samples/00066.png 82
ucf/Skijet/samples/00067.png 82
ucf/Skijet/samples/00068.png 82
ucf/Skijet/samples/00069.png 82
ucf/Skijet/samples/00070.png 82
ucf/Skijet/samples/00071.png 82
ucf/Skijet/samples/00072.png 82
ucf/Skijet/samples/00073.png 82
ucf/Skijet/samples/00074.png 82
ucf/Skijet/samples/00075.png 82
ucf/Skijet/samples/00076.png 82
ucf/Skijet/samples/00077.png 82
ucf/Skijet/samples/00078.png 82
ucf/Skijet/samples/00079.png 82
ucf/Skijet/samples/00080.png 82
ucf/Skijet/samples/00081.png 82
ucf/Skijet/samples/00082.png 82
ucf/Skijet/samples/00083.png 82
ucf/Skijet/samples/00084.png 82
ucf/Skijet/samples/00085.png 82
ucf/Skijet/samples/00086.png 82
ucf/Skijet/samples/00087.png 82
ucf/Skijet/samples/00088.png 82
ucf/Skijet/samples/00089.png 82
ucf/Skijet/samples/00090.png 82
ucf/Skijet/samples/00091.png 82
ucf/Skijet/samples/00092.png 82
ucf/Skijet/samples/00093.png 82
ucf/Skijet/samples/00094.png 82
ucf/Skijet/samples/00095.png 82
ucf/Skijet/samples/00096.png 82
ucf/Skijet/samples/00097.png 82
ucf/Skijet/samples/00098.png 82
ucf/Skijet/samples/00099.png 82
ucf/Skijet/samples/00100.png 82
ucf/Skijet/samples/00101.png 82
ucf/Skijet/samples/00102.png 82
ucf/Skijet/samples/00103.png 82
ucf/Skijet/samples/00104.png 82
ucf/Skijet/samples/00105.png 82
ucf/Skijet/samples/00106.png 82
ucf/Skijet/samples/00107.png 82
ucf/Skijet/samples/00108.png 82
ucf/Skijet/samples/00109.png 82
ucf/Skijet/samples/00110.png 82
ucf/Skijet/samples/00111.png 82
ucf/Skijet/samples/00112.png 82
ucf/Skijet/samples/00113.png 82
ucf/Skijet/samples/00114.png 82
ucf/Skijet/samples/00115.png 82
ucf/Skijet/samples/00116.png 82
ucf/Skijet/samples/00117.png 82
ucf/Skijet/samples/00118.png 82
ucf/Skijet/samples/00119.png 82
ucf/Skijet/samples/00120.png 82
ucf/Skijet/samples/00121.png 82
ucf/Skijet/samples/00122.png 82
ucf/Skijet/samples/00123.png 82
ucf/Skijet/samples/00124.png 82
ucf/Skijet/samples/00125.png 82
ucf/Skijet/samples/00126.png 82
ucf/Skijet/samples/00127.png 82
ucf/Skijet/samples/00128.png 82
ucf/Skijet/samples/00129.png 82
ucf/Skijet/samples/00130.png 82
ucf/Skijet/samples/00131.png 82
ucf/Skijet/samples/00132.png 82
ucf/Skijet/samples/00133.png 82
ucf/Skijet/samples/00134.png 82
ucf/Skijet/samples/00135.png 82
ucf/Skijet/samples/00136.png 82
ucf/Skijet/samples/00137.png 82
ucf/Skijet/samples/00138.png 82
ucf/Skijet/samples/00139.png 82
ucf/Skijet/samples/00140.png 82
ucf/Skijet/samples/00141.png 82
ucf/Skijet/samples/00142.png 82
ucf/Skijet/samples/00143.png 82
ucf/Skijet/samples/00144.png 82
ucf/Skijet/samples/00145.png 82
ucf/Skijet/samples/00146.png 82
ucf/Skijet/samples/00147.png 82
ucf/Skijet/samples/00148.png 82
ucf/Skijet/samples/00149.png 82
ucf/Skijet/samples/00150.png 82
ucf/Skijet/samples/00151.png 82
ucf/Skijet/samples/00152.png 82
ucf/Skijet/samples/00153.png 82
ucf/Skijet/samples/00154.png 82
ucf/Skijet/samples/00155.png 82
ucf/Skijet/samples/00156.png 82
ucf/Skijet/samples/00157.png 82
ucf/Skijet/samples/00158.png 82
ucf/Skijet/samples/00159.png 82
ucf/Skijet/samples/00160.png 82
ucf/Skijet/samples/00161.png 82
ucf/Skijet/samples/00162.png 82
ucf/Skijet/samples/00163.png 82
ucf/Skijet/samples/00164.png 82
ucf/Skijet/samples/00165.png 82
ucf/Skijet/samples/00166.png 82
ucf/Skijet/samples/00167.png 82
ucf/Skijet/samples/00168.png 82
ucf/Skijet/samples/00169.png 82
ucf/Skijet/samples/00170.png 82
ucf/Skijet/samples/00171.png 82
ucf/Skijet/samples/00172.png 82
ucf/Skijet/samples/00173.png 82
ucf/Skijet/samples/00174.png 82
ucf/Skijet/samples/00175.png 82
ucf/Skijet/samples/00176.png 82
ucf/Skijet/samples/00177.png 82
ucf/Skijet/samples/00178.png 82
ucf/Skijet/samples/00179.png 82
ucf/Skijet/samples/00180.png 82
ucf/Skijet/samples/00181.png 82
ucf/Skijet/samples/00182.png 82
ucf/Skijet/samples/00183.png 82
ucf/Skijet/samples/00184.png 82
ucf/Skijet/samples/00185.png 82
ucf/Skijet/samples/00186.png 82
ucf/Skijet/samples/00187.png 82
ucf/Skijet/samples/00188.png 82
ucf/Skijet/samples/00189.png 82
ucf/Skijet/samples/00190.png 82
ucf/Skijet/samples/00191.png 82
ucf/Skijet/samples/00192.png 82
ucf/Skijet/samples/00193.png 82
ucf/Skijet/samples/00194.png 82
ucf/Skijet/samples/00195.png 82
ucf/Skijet/samples/00196.png 82
ucf/Skijet/samples/00197.png 82
ucf/Skijet/samples/00198.png 82
ucf/Skijet/samples/00199.png 82
ucf/Skijet/samples/00200.png 82
ucf/Skijet/samples/00201.png 82
ucf/Skijet/samples/00202.png 82
ucf/Skijet/samples/00203.png 82
ucf/Skijet/samples/00204.png 82
ucf/Skijet/samples/00205.png 82
ucf/Skijet/samples/00206.png 82
ucf/Skijet/samples/00207.png 82
ucf/Skijet/samples/00208.png 82
ucf/Skijet/samples/00209.png 82
ucf/Skijet/samples/00210.png 82
ucf/Skijet/samples/00211.png 82
ucf/Skijet/samples/00212.png 82
ucf/Skijet/samples/00213.png 82
ucf/Skijet/samples/00214.png 82
ucf/Skijet/samples/00215.png 82
ucf/Skijet/samples/00216.png 82
ucf/Skijet/samples/00217.png 82
ucf/Skijet/samples/00218.png 82
ucf/Skijet/samples/00219.png 82
ucf/Skijet/samples/00220.png 82
ucf/Skijet/samples/00221.png 82
ucf/Skijet/samples/00222.png 82
ucf/Skijet/samples/00223.png 82
ucf/Skijet/samples/00224.png 82
ucf/Skijet/samples/00225.png 82
ucf/Skijet/samples/00226.png 82
ucf/Skijet/samples/00227.png 82
ucf/Skijet/samples/00228.png 82
ucf/Skijet/samples/00229.png 82
ucf/Skijet/samples/00230.png 82
ucf/Skijet/samples/00231.png 82
ucf/Skijet/samples/00232.png 82
ucf/Skijet/samples/00233.png 82
ucf/Skijet/samples/00234.png 82
ucf/Skijet/samples/00235.png 82
ucf/Skijet/samples/00236.png 82
ucf/Skijet/samples/00237.png 82
ucf/Skijet/samples/00238.png 82
ucf/Skijet/samples/00239.png 82
ucf/Skijet/samples/00240.png 82
ucf/Skijet/samples/00241.png 82
ucf/Skijet/samples/00242.png 82
ucf/Skijet/samples/00243.png 82
ucf/Skijet/samples/00244.png 82
ucf/Skijet/samples/00245.png 82
ucf/Skijet/samples/00246.png 82
ucf/Skijet/samples/00247.png 82
ucf/Skijet/samples/00248.png 82
ucf/Skijet/samples/00249.png 82
ucf/Skijet/samples/00250.png 82
ucf/Skijet/samples/00251.png 82
ucf/Skijet/samples/00252.png 82
ucf/Skijet/samples/00253.png 82
ucf/Skijet/samples/00254.png 82
ucf/Skijet/samples/00255.png 82
ucf/Skijet/samples/00256.png 82
ucf/Skijet/samples/00257.png 82
ucf/Skijet/samples/00258.png 82
ucf/Skijet/samples/00259.png 82
ucf/Skijet/samples/00260.png 82
ucf/Skijet/samples/00261.png 82
ucf/Skijet/samples/00262.png 82
ucf/Skijet/samples/00263.png 82
ucf/Skijet/samples/00264.png 82
ucf/Skijet/samples/00265.png 82
ucf/Skijet/samples/00266.png 82
ucf/Skijet/samples/00267.png 82
ucf/Skijet/samples/00268.png 82
ucf/Skijet/samples/00269.png 82
ucf/Skijet/samples/00270.png 82
ucf/Skijet/samples/00271.png 82
ucf/Skijet/samples/00272.png 82
ucf/Skijet/samples/00273.png 82
ucf/Skijet/samples/00274.png 82
ucf/Skijet/samples/00275.png 82
ucf/Skijet/samples/00276.png 82
ucf/Skijet/samples/00277.png 82
ucf/Skijet/samples/00278.png 82
ucf/Skijet/samples/00279.png 82
ucf/Skijet/samples/00280.png 82
ucf/Skijet/samples/00281.png 82
ucf/Skijet/samples/00282.png 82
ucf/Skijet/samples/00283.png 82
ucf/Skijet/samples/00284.png 82
ucf/Skijet/samples/00285.png 82
ucf/Skijet/samples/00286.png 82
ucf/Skijet/samples/00287.png 82
ucf/Skijet/samples/00288.png 82
ucf/Skijet/samples/00289.png 82
ucf/Skijet/samples/00290.png 82
ucf/Skijet/samples/00291.png 82
ucf/Skijet/samples/00292.png 82
ucf/Skijet/samples/00293.png 82
ucf/Skijet/samples/00294.png 82
ucf/Skijet/samples/00295.png 82
ucf/Skijet/samples/00296.png 82
ucf/Skijet/samples/00297.png 82
ucf/Skijet/samples/00298.png 82
ucf/Skijet/samples/00299.png 82
ucf/Skijet/samples/00300.png 82
ucf/Skijet/samples/00301.png 82
ucf/Skijet/samples/00302.png 82
ucf/Skijet/samples/00303.png 82
ucf/Skijet/samples/00304.png 82
ucf/Skijet/samples/00305.png 82
ucf/Skijet/samples/00306.png 82
ucf/Skijet/samples/00307.png 82
ucf/Skijet/samples/00308.png 82
ucf/Skijet/samples/00309.png 82
ucf/Skijet/samples/00310.png 82
ucf/Skijet/samples/00311.png 82
ucf/Skijet/samples/00312.png 82
ucf/Skijet/samples/00313.png 82
ucf/Skijet/samples/00314.png 82
ucf/Skijet/samples/00315.png 82
ucf/Skijet/samples/00316.png 82
ucf/Skijet/samples/00317.png 82
ucf/Skijet/samples/00318.png 82
ucf/Skijet/samples/00319.png 82
ucf/Skijet/samples/00320.png 82
ucf/Skijet/samples/00321.png 82
ucf/Skijet/samples/00322.png 82
ucf/Skijet/samples/00323.png 82
ucf/Skijet/samples/00324.png 82
ucf/Skijet/samples/00325.png 82
ucf/Skijet/samples/00326.png 82
ucf/Skijet/samples/00327.png 82
ucf/Skijet/samples/00328.png 82
ucf/Skijet/samples/00329.png 82
ucf/Skijet/samples/00330.png 82
ucf/Skijet/samples/00331.png 82
ucf/Skijet/samples/00332.png 82
ucf/Skijet/samples/00333.png 82
ucf/Skijet/samples/00334.png 82
ucf/Skijet/samples/00335.png 82
ucf/Skijet/samples/00336.png 82
ucf/Skijet/samples/00337.png 82
ucf/Skijet/samples/00338.png 82
ucf/Skijet/samples/00339.png 82
ucf/Skijet/samples/00340.png 82
ucf/Skijet/samples/00341.png 82
ucf/Skijet/samples/00342.png 82
ucf/Skijet/samples/00343.png 82
ucf/Skijet/samples/00344.png 82
ucf/Skijet/samples/00345.png 82
ucf/Skijet/samples/00346.png 82
ucf/Skijet/samples/00347.png 82
ucf/Skijet/samples/00348.png 82
ucf/Skijet/samples/00349.png 82
ucf/Skijet/samples/00350.png 82
ucf/Skijet/samples/00351.png 82
ucf/Skijet/samples/00352.png 82
ucf/Skijet/samples/00353.png 82
ucf/Skijet/samples/00354.png 82
ucf/Skijet/samples/00355.png 82
ucf/Skijet/samples/00356.png 82
ucf/Skijet/samples/00357.png 82
ucf/Skijet/samples/00358.png 82
ucf/Skijet/samples/00359.png 82
ucf/Skijet/samples/00360.png 82
ucf/Skijet/samples/00361.png 82
ucf/Skijet/samples/00362.png 82
ucf/Skijet/samples/00363.png 82
ucf/Skijet/samples/00364.png 82
ucf/Skijet/samples/00365.png 82
ucf/Skijet/samples/00366.png 82
ucf/Skijet/samples/00367.png 82
ucf/Skijet/samples/00368.png 82
ucf/Skijet/samples/00369.png 82
ucf/Skijet/samples/00370.png 82
ucf/Skijet/samples/00371.png 82
ucf/Skijet/samples/00372.png 82
ucf/Skijet/samples/00373.png 82
ucf/Skijet/samples/00374.png 82
ucf/Skijet/samples/00375.png 82
ucf/Skijet/samples/00376.png 82
ucf/Skijet/samples/00377.png 82
ucf/Skijet/samples/00378.png 82
ucf/Skijet/samples/00379.png 82
ucf/Skijet/samples/00380.png 82
ucf/Skijet/samples/00381.png 82
ucf/Skijet/samples/00382.png 82
ucf/Skijet/samples/00383.png 82
ucf/Skijet/samples/00384.png 82
ucf/Skijet/samples/00385.png 82
ucf/Skijet/samples/00386.png 82
ucf/Skijet/samples/00387.png 82
ucf/Skijet/samples/00388.png 82
ucf/Skijet/samples/00389.png 82
ucf/Skijet/samples/00390.png 82
ucf/Skijet/samples/00391.png 82
ucf/Skijet/samples/00392.png 82
ucf/Skijet/samples/00393.png 82
ucf/Skijet/samples/00394.png 82
ucf/Skijet/samples/00395.png 82
ucf/Skijet/samples/00396.png 82
ucf/Skijet/samples/00397.png 82
ucf/Skijet/samples/00398.png 82
ucf/Skijet/samples/00399.png 82
ucf/Skijet/samples/00400.png 82
ucf/Skijet/samples/00401.png 82
ucf/Skijet/samples/00402.png 82
ucf/Skijet/samples/00403.png 82
ucf/Skijet/samples/00404.png 82
ucf/Skijet/samples/00405.png 82
ucf/Skijet/samples/00406.png 82
ucf/Skijet/samples/00407.png 82
ucf/Skijet/samples/00408.png 82
ucf/Skijet/samples/00409.png 82
ucf/Skijet/samples/00410.png 82
ucf/Skijet/samples/00411.png 82
ucf/Skijet/samples/00412.png 82
ucf/Skijet/samples/00413.png 82
ucf/Skijet/samples/00414.png 82
ucf/Skijet/samples/00415.png 82
ucf/Skijet/samples/00416.png 82
ucf/Skijet/samples/00417.png 82
ucf/Skijet/samples/00418.png 82
ucf/Skijet/samples/00419.png 82
ucf/Skijet/samples/00420.png 82
ucf/Skijet/samples/00421.png 82
ucf/Skijet/samples/00422.png 82
ucf/Skijet/samples/00423.png 82
ucf/Skijet/samples/00424.png 82
ucf/Skijet/samples/00425.png 82
ucf/Skijet/samples/00426.png 82
ucf/Skijet/samples/00427.png 82
ucf/Skijet/samples/00428.png 82
ucf/Skijet/samples/00429.png 82
ucf/Skijet/samples/00430.png 82
ucf/Skijet/samples/00431.png 82
ucf/Skijet/samples/00432.png 82
ucf/Skijet/samples/00433.png 82
ucf/Skijet/samples/00434.png 82
ucf/Skijet/samples/00435.png 82
ucf/Skijet/samples/00436.png 82
ucf/Skijet/samples/00437.png 82
ucf/Skijet/samples/00438.png 82
ucf/Skijet/samples/00439.png 82
ucf/Skijet/samples/00440.png 82
ucf/Skijet/samples/00441.png 82
ucf/Skijet/samples/00442.png 82
ucf/Skijet/samples/00443.png 82
ucf/Skijet/samples/00444.png 82
ucf/Skijet/samples/00445.png 82
ucf/Skijet/samples/00446.png 82
ucf/Skijet/samples/00447.png 82
ucf/Skijet/samples/00448.png 82
ucf/Skijet/samples/00449.png 82
ucf/Skijet/samples/00450.png 82
ucf/Skijet/samples/00451.png 82
ucf/Skijet/samples/00452.png 82
ucf/Skijet/samples/00453.png 82
ucf/Skijet/samples/00454.png 82
ucf/Skijet/samples/00455.png 82
ucf/Skijet/samples/00456.png 82
ucf/Skijet/samples/00457.png 82
ucf/Skijet/samples/00458.png 82
ucf/Skijet/samples/00459.png 82
ucf/Skijet/samples/00460.png 82
ucf/Skijet/samples/00461.png 82
ucf/Skijet/samples/00462.png 82
ucf/Skijet/samples/00463.png 82
ucf/Skijet/samples/00464.png 82
ucf/Skijet/samples/00465.png 82
ucf/Skijet/samples/00466.png 82
ucf/Skijet/samples/00467.png 82
ucf/Skijet/samples/00468.png 82
ucf/Skijet/samples/00469.png 82
ucf/Skijet/samples/00470.png 82
ucf/Skijet/samples/00471.png 82
ucf/Skijet/samples/00472.png 82
ucf/Skijet/samples/00473.png 82
ucf/Skijet/samples/00474.png 82
ucf/Skijet/samples/00475.png 82
ucf/Skijet/samples/00476.png 82
ucf/Skijet/samples/00477.png 82
ucf/Skijet/samples/00478.png 82
ucf/Skijet/samples/00479.png 82
ucf/Skijet/samples/00480.png 82
ucf/Skijet/samples/00481.png 82
ucf/Skijet/samples/00482.png 82
ucf/Skijet/samples/00483.png 82
ucf/Skijet/samples/00484.png 82
ucf/Skijet/samples/00485.png 82
ucf/Skijet/samples/00486.png 82
ucf/Skijet/samples/00487.png 82
ucf/Skijet/samples/00488.png 82
ucf/Skijet/samples/00489.png 82
ucf/Skijet/samples/00490.png 82
ucf/Skijet/samples/00491.png 82
ucf/Skijet/samples/00492.png 82
ucf/Skijet/samples/00493.png 82
ucf/Skijet/samples/00494.png 82
ucf/Skijet/samples/00495.png 82
ucf/Skijet/samples/00496.png 82
ucf/Skijet/samples/00497.png 82
ucf/Skijet/samples/00498.png 82
ucf/Skijet/samples/00499.png 82
ucf/Skijet/samples/00500.png 82
ucf/Skijet/samples/00501.png 82
ucf/Skijet/samples/00502.png 82
ucf/Skijet/samples/00503.png 82
ucf/Skijet/samples/00504.png 82
ucf/Skijet/samples/00505.png 82
ucf/Skijet/samples/00506.png 82
ucf/Skijet/samples/00507.png 82
ucf/Skijet/samples/00508.png 82
ucf/Skijet/samples/00509.png 82
ucf/Skijet/samples/00510.png 82
ucf/Skijet/samples/00511.png 82
ucf/Skijet/samples/00512.png 82
ucf/Skijet/samples/00513.png 82
ucf/Skijet/samples/00514.png 82
ucf/Skijet/samples/00515.png 82
ucf/Skijet/samples/00516.png 82
ucf/Skijet/samples/00517.png 82
ucf/Skijet/samples/00518.png 82
ucf/Skijet/samples/00519.png 82
ucf/Skijet/samples/00520.png 82
ucf/Skijet/samples/00521.png 82
ucf/Skijet/samples/00522.png 82
ucf/Skijet/samples/00523.png 82
ucf/Skijet/samples/00524.png 82
ucf/Skijet/samples/00525.png 82
ucf/Skijet/samples/00526.png 82
ucf/Skijet/samples/00527.png 82
ucf/Skijet/samples/00528.png 82
ucf/Skijet/samples/00529.png 82
ucf/Skijet/samples/00530.png 82
ucf/Skijet/samples/00531.png 82
ucf/Skijet/samples/00532.png 82
ucf/Skijet/samples/00533.png 82
ucf/Skijet/samples/00534.png 82
ucf/Skijet/samples/00535.png 82
ucf/Skijet/samples/00536.png 82
ucf/Skijet/samples/00537.png 82
ucf/Skijet/samples/00538.png 82
ucf/Skijet/samples/00539.png 82
ucf/Skijet/samples/00540.png 82
ucf/Skijet/samples/00541.png 82
ucf/Skijet/samples/00542.png 82
ucf/Skijet/samples/00543.png 82
ucf/Skijet/samples/00544.png 82
ucf/Skijet/samples/00545.png 82
ucf/Skijet/samples/00546.png 82
ucf/Skijet/samples/00547.png 82
ucf/Skijet/samples/00548.png 82
ucf/Skijet/samples/00549.png 82
ucf/Skijet/samples/00550.png 82
ucf/Skijet/samples/00551.png 82
ucf/Skijet/samples/00552.png 82
ucf/Skijet/samples/00553.png 82
ucf/Skijet/samples/00554.png 82
ucf/Skijet/samples/00555.png 82
ucf/Skijet/samples/00556.png 82
ucf/Skijet/samples/00557.png 82
ucf/Skijet/samples/00558.png 82
ucf/Skijet/samples/00559.png 82
ucf/Skijet/samples/00560.png 82
ucf/Skijet/samples/00561.png 82
ucf/Skijet/samples/00562.png 82
ucf/Skijet/samples/00563.png 82
ucf/Skijet/samples/00564.png 82
ucf/Skijet/samples/00565.png 82
ucf/Skijet/samples/00566.png 82
ucf/Skijet/samples/00567.png 82
ucf/Skijet/samples/00568.png 82
ucf/Skijet/samples/00569.png 82
ucf/Skijet/samples/00570.png 82
ucf/Skijet/samples/00571.png 82
ucf/Skijet/samples/00572.png 82
ucf/Skijet/samples/00573.png 82
ucf/Skijet/samples/00574.png 82
ucf/Skijet/samples/00575.png 82
ucf/Skijet/samples/00576.png 82
ucf/Skijet/samples/00577.png 82
ucf/Skijet/samples/00578.png 82
ucf/Skijet/samples/00579.png 82
ucf/Skijet/samples/00580.png 82
ucf/Skijet/samples/00581.png 82
ucf/Skijet/samples/00582.png 82
ucf/Skijet/samples/00583.png 82
ucf/Skijet/samples/00584.png 82
ucf/Skijet/samples/00585.png 82
ucf/Skijet/samples/00586.png 82
ucf/Skijet/samples/00587.png 82
ucf/Skijet/samples/00588.png 82
ucf/Skijet/samples/00589.png 82
ucf/Skijet/samples/00590.png 82
ucf/Skijet/samples/00591.png 82
ucf/Skijet/samples/00592.png 82
ucf/Skijet/samples/00593.png 82
ucf/Skijet/samples/00594.png 82
ucf/Skijet/samples/00595.png 82
ucf/Skijet/samples/00596.png 82
ucf/Skijet/samples/00597.png 82
ucf/Skijet/samples/00598.png 82
ucf/Skijet/samples/00599.png 82
ucf/Skijet/samples/00600.png 82
ucf/Skijet/samples/00601.png 82
ucf/Skijet/samples/00602.png 82
ucf/Skijet/samples/00603.png 82
ucf/Skijet/samples/00604.png 82
ucf/Skijet/samples/00605.png 82
ucf/Skijet/samples/00606.png 82
ucf/Skijet/samples/00607.png 82
ucf/Skijet/samples/00608.png 82
ucf/Skijet/samples/00609.png 82
ucf/Skijet/samples/00610.png 82
ucf/Skijet/samples/00611.png 82
ucf/Skijet/samples/00612.png 82
ucf/Skijet/samples/00613.png 82
ucf/Skijet/samples/00614.png 82
ucf/Skijet/samples/00615.png 82
ucf/Skijet/samples/00616.png 82
ucf/Skijet/samples/00617.png 82
ucf/Skijet/samples/00618.png 82
ucf/Skijet/samples/00619.png 82
ucf/Skijet/samples/00620.png 82
ucf/Skijet/samples/00621.png 82
ucf/Skijet/samples/00622.png 82
ucf/Skijet/samples/00623.png 82
ucf/Skijet/samples/00624.png 82
ucf/Skijet/samples/00625.png 82
ucf/Skijet/samples/00626.png 82
ucf/Skijet/samples/00627.png 82
ucf/Skijet/samples/00628.png 82
ucf/Skijet/samples/00629.png 82
ucf/Skijet/samples/00630.png 82
ucf/Skijet/samples/00631.png 82
ucf/Skijet/samples/00632.png 82
ucf/Skijet/samples/00633.png 82
ucf/Skijet/samples/00634.png 82
ucf/Skijet/samples/00635.png 82
ucf/Skijet/samples/00636.png 82
ucf/Skijet/samples/00637.png 82
ucf/Skijet/samples/00638.png 82
ucf/Skijet/samples/00639.png 82
ucf/Skijet/samples/00640.png 82
ucf/Skijet/samples/00641.png 82
ucf/Skijet/samples/00642.png 82
ucf/Skijet/samples/00643.png 82
ucf/Skijet/samples/00644.png 82
ucf/Skijet/samples/00645.png 82
ucf/Skijet/samples/00646.png 82
ucf/Skijet/samples/00647.png 82
ucf/Skijet/samples/00648.png 82
ucf/Skijet/samples/00649.png 82
ucf/Skijet/samples/00650.png 82
ucf/Skijet/samples/00651.png 82
ucf/Skijet/samples/00652.png 82
ucf/Skijet/samples/00653.png 82
ucf/Skijet/samples/00654.png 82
ucf/Skijet/samples/00655.png 82
ucf/Skijet/samples/00656.png 82
ucf/Skijet/samples/00657.png 82
ucf/Skijet/samples/00658.png 82
ucf/Skijet/samples/00659.png 82
ucf/Skijet/samples/00660.png 82
ucf/Skijet/samples/00661.png 82
ucf/Skijet/samples/00662.png 82
ucf/Skijet/samples/00663.png 82
ucf/Skijet/samples/00664.png 82
ucf/Skijet/samples/00665.png 82
ucf/Skijet/samples/00666.png 82
ucf/Skijet/samples/00667.png 82
ucf/Skijet/samples/00668.png 82
ucf/Skijet/samples/00669.png 82
ucf/Skijet/samples/00670.png 82
ucf/Skijet/samples/00671.png 82
ucf/Skijet/samples/00672.png 82
ucf/Skijet/samples/00673.png 82
ucf/Skijet/samples/00674.png 82
ucf/Skijet/samples/00675.png 82
ucf/Skijet/samples/00676.png 82
ucf/Skijet/samples/00677.png 82
ucf/Skijet/samples/00678.png 82
ucf/Skijet/samples/00679.png 82
ucf/Skijet/samples/00680.png 82
ucf/Skijet/samples/00681.png 82
ucf/Skijet/samples/00682.png 82
ucf/Skijet/samples/00683.png 82
ucf/Skijet/samples/00684.png 82
ucf/Skijet/samples/00685.png 82
ucf/Skijet/samples/00686.png 82
ucf/Skijet/samples/00687.png 82
ucf/Skijet/samples/00688.png 82
ucf/Skijet/samples/00689.png 82
ucf/Skijet/samples/00690.png 82
ucf/Skijet/samples/00691.png 82
ucf/Skijet/samples/00692.png 82
ucf/Skijet/samples/00693.png 82
ucf/Skijet/samples/00694.png 82
ucf/Skijet/samples/00695.png 82
ucf/Skijet/samples/00696.png 82
ucf/Skijet/samples/00697.png 82
ucf/Skijet/samples/00698.png 82
ucf/Skijet/samples/00699.png 82
ucf/Skijet/samples/00700.png 82
ucf/Skijet/samples/00701.png 82
ucf/Skijet/samples/00702.png 82
ucf/Skijet/samples/00703.png 82
ucf/Skijet/samples/00704.png 82
ucf/Skijet/samples/00705.png 82
ucf/Skijet/samples/00706.png 82
ucf/Skijet/samples/00707.png 82
ucf/Skijet/samples/00708.png 82
ucf/Skijet/samples/00709.png 82
ucf/Skijet/samples/00710.png 82
ucf/Skijet/samples/00711.png 82
ucf/Skijet/samples/00712.png 82
ucf/Skijet/samples/00713.png 82
ucf/Skijet/samples/00714.png 82
ucf/Skijet/samples/00715.png 82
ucf/Skijet/samples/00716.png 82
ucf/Skijet/samples/00717.png 82
ucf/Skijet/samples/00718.png 82
ucf/Skijet/samples/00719.png 82
ucf/Skijet/samples/00720.png 82
ucf/Skijet/samples/00721.png 82
ucf/Skijet/samples/00722.png 82
ucf/Skijet/samples/00723.png 82
ucf/Skijet/samples/00724.png 82
ucf/Skijet/samples/00725.png 82
ucf/Skijet/samples/00726.png 82
ucf/Skijet/samples/00727.png 82
ucf/Skijet/samples/00728.png 82
ucf/Skijet/samples/00729.png 82
ucf/Skijet/samples/00730.png 82
ucf/Skijet/samples/00731.png 82
ucf/Skijet/samples/00732.png 82
ucf/Skijet/samples/00733.png 82
ucf/Skijet/samples/00734.png 82
ucf/Skijet/samples/00735.png 82
ucf/Skijet/samples/00736.png 82
ucf/Skijet/samples/00737.png 82
ucf/Skijet/samples/00738.png 82
ucf/Skijet/samples/00739.png 82
ucf/Skijet/samples/00740.png 82
ucf/Skijet/samples/00741.png 82
ucf/Skijet/samples/00742.png 82
ucf/Skijet/samples/00743.png 82
ucf/Skijet/samples/00744.png 82
ucf/Skijet/samples/00745.png 82
ucf/Skijet/samples/00746.png 82
ucf/Skijet/samples/00747.png 82
ucf/Skijet/samples/00748.png 82
ucf/Skijet/samples/00749.png 82
ucf/Skijet/samples/00750.png 82
ucf/Skijet/samples/00751.png 82
ucf/Skijet/samples/00752.png 82
ucf/Skijet/samples/00753.png 82
ucf/Skijet/samples/00754.png 82
ucf/Skijet/samples/00755.png 82
ucf/Skijet/samples/00756.png 82
ucf/Skijet/samples/00757.png 82
ucf/Skijet/samples/00758.png 82
ucf/Skijet/samples/00759.png 82
ucf/Skijet/samples/00760.png 82
ucf/Skijet/samples/00761.png 82
ucf/Skijet/samples/00762.png 82
ucf/Skijet/samples/00763.png 82
ucf/Skijet/samples/00764.png 82
ucf/Skijet/samples/00765.png 82
ucf/Skijet/samples/00766.png 82
ucf/Skijet/samples/00767.png 82
ucf/Skijet/samples/00768.png 82
ucf/Skijet/samples/00769.png 82
ucf/Skijet/samples/00770.png 82
ucf/Skijet/samples/00771.png 82
ucf/Skijet/samples/00772.png 82
ucf/Skijet/samples/00773.png 82
ucf/Skijet/samples/00774.png 82
ucf/Skijet/samples/00775.png 82
ucf/Skijet/samples/00776.png 82
ucf/Skijet/samples/00777.png 82
ucf/Skijet/samples/00778.png 82
ucf/Skijet/samples/00779.png 82
ucf/Skijet/samples/00780.png 82
ucf/Skijet/samples/00781.png 82
ucf/Skijet/samples/00782.png 82
ucf/Skijet/samples/00783.png 82
ucf/Skijet/samples/00784.png 82
ucf/Skijet/samples/00785.png 82
ucf/Skijet/samples/00786.png 82
ucf/Skijet/samples/00787.png 82
ucf/Skijet/samples/00788.png 82
ucf/Skijet/samples/00789.png 82
ucf/Skijet/samples/00790.png 82
ucf/Skijet/samples/00791.png 82
ucf/Skijet/samples/00792.png 82
ucf/Skijet/samples/00793.png 82
ucf/Skijet/samples/00794.png 82
ucf/Skijet/samples/00795.png 82
ucf/Skijet/samples/00796.png 82
ucf/Skijet/samples/00797.png 82
ucf/Skijet/samples/00798.png 82
ucf/Skijet/samples/00799.png 82
ucf/Skijet/samples/00800.png 82
ucf/Skijet/samples/00801.png 82
ucf/Skijet/samples/00802.png 82
ucf/Skijet/samples/00803.png 82
ucf/Skijet/samples/00804.png 82
ucf/Skijet/samples/00805.png 82
ucf/Skijet/samples/00806.png 82
ucf/Skijet/samples/00807.png 82
ucf/Skijet/samples/00808.png 82
ucf/Skijet/samples/00809.png 82
ucf/Skijet/samples/00810.png 82
ucf/Skijet/samples/00811.png 82
ucf/Skijet/samples/00812.png 82
ucf/Skijet/samples/00813.png 82
ucf/Skijet/samples/00814.png 82
ucf/Skijet/samples/00815.png 82
ucf/Skijet/samples/00816.png 82
ucf/Skijet/samples/00817.png 82
ucf/Skijet/samples/00818.png 82
ucf/Skijet/samples/00819.png 82
ucf/Skijet/samples/00820.png 82
ucf/Skijet/samples/00821.png 82
ucf/Skijet/samples/00822.png 82
ucf/Skijet/samples/00823.png 82
ucf/Skijet/samples/00824.png 82
ucf/Skijet/samples/00825.png 82
ucf/Skijet/samples/00826.png 82
ucf/Skijet/samples/00827.png 82
ucf/Skijet/samples/00828.png 82
ucf/Skijet/samples/00829.png 82
ucf/Skijet/samples/00830.png 82
ucf/Skijet/samples/00831.png 82
ucf/Skijet/samples/00832.png 82
ucf/Skijet/samples/00833.png 82
ucf/Skijet/samples/00834.png 82
ucf/Skijet/samples/00835.png 82
ucf/Skijet/samples/00836.png 82
ucf/Skijet/samples/00837.png 82
ucf/Skijet/samples/00838.png 82
ucf/Skijet/samples/00839.png 82
ucf/Skijet/samples/00840.png 82
ucf/Skijet/samples/00841.png 82
ucf/Skijet/samples/00842.png 82
ucf/Skijet/samples/00843.png 82
ucf/Skijet/samples/00844.png 82
ucf/Skijet/samples/00845.png 82
ucf/Skijet/samples/00846.png 82
ucf/Skijet/samples/00847.png 82
ucf/Skijet/samples/00848.png 82
ucf/Skijet/samples/00849.png 82
ucf/Skijet/samples/00850.png 82
ucf/Skijet/samples/00851.png 82
ucf/Skijet/samples/00852.png 82
ucf/Skijet/samples/00853.png 82
ucf/Skijet/samples/00854.png 82
ucf/Skijet/samples/00855.png 82
ucf/Skijet/samples/00856.png 82
ucf/Skijet/samples/00857.png 82
ucf/Skijet/samples/00858.png 82
ucf/Skijet/samples/00859.png 82
ucf/Skijet/samples/00860.png 82
ucf/Skijet/samples/00861.png 82
ucf/Skijet/samples/00862.png 82
ucf/Skijet/samples/00863.png 82
ucf/Skijet/samples/00864.png 82
ucf/Skijet/samples/00865.png 82
ucf/Skijet/samples/00866.png 82
ucf/Skijet/samples/00867.png 82
ucf/Skijet/samples/00868.png 82
ucf/Skijet/samples/00869.png 82
ucf/Skijet/samples/00870.png 82
ucf/Skijet/samples/00871.png 82
ucf/Skijet/samples/00872.png 82
ucf/Skijet/samples/00873.png 82
ucf/Skijet/samples/00874.png 82
ucf/Skijet/samples/00875.png 82
ucf/Skijet/samples/00876.png 82
ucf/Skijet/samples/00877.png 82
ucf/Skijet/samples/00878.png 82
ucf/Skijet/samples/00879.png 82
ucf/Skijet/samples/00880.png 82
ucf/Skijet/samples/00881.png 82
ucf/Skijet/samples/00882.png 82
ucf/Skijet/samples/00883.png 82
ucf/Skijet/samples/00884.png 82
ucf/Skijet/samples/00885.png 82
ucf/Skijet/samples/00886.png 82
ucf/Skijet/samples/00887.png 82
ucf/Skijet/samples/00888.png 82
ucf/Skijet/samples/00889.png 82
ucf/Skijet/samples/00890.png 82
ucf/Skijet/samples/00891.png 82
ucf/Skijet/samples/00892.png 82
ucf/Skijet/samples/00893.png 82
ucf/Skijet/samples/00894.png 82
ucf/Skijet/samples/00895.png 82
ucf/Skijet/samples/00896.png 82
ucf/Skijet/samples/00897.png 82
ucf/Skijet/samples/00898.png 82
ucf/Skijet/samples/00899.png 82
ucf/Skijet/samples/00900.png 82
ucf/Skijet/samples/00901.png 82
ucf/Skijet/samples/00902.png 82
ucf/Skijet/samples/00903.png 82
ucf/Skijet/samples/00904.png 82
ucf/Skijet/samples/00905.png 82
ucf/Skijet/samples/00906.png 82
ucf/Skijet/samples/00907.png 82
ucf/Skijet/samples/00908.png 82
ucf/Skijet/samples/00909.png 82
ucf/Skijet/samples/00910.png 82
ucf/Skijet/samples/00911.png 82
ucf/Skijet/samples/00912.png 82
ucf/Skijet/samples/00913.png 82
ucf/Skijet/samples/00914.png 82
ucf/Skijet/samples/00915.png 82
ucf/Skijet/samples/00916.png 82
ucf/Skijet/samples/00917.png 82
ucf/Skijet/samples/00918.png 82
ucf/Skijet/samples/00919.png 82
ucf/Skijet/samples/00920.png 82
ucf/Skijet/samples/00921.png 82
ucf/Skijet/samples/00922.png 82
ucf/Skijet/samples/00923.png 82
ucf/Skijet/samples/00924.png 82
ucf/Skijet/samples/00925.png 82
ucf/Skijet/samples/00926.png 82
ucf/Skijet/samples/00927.png 82
ucf/Skijet/samples/00928.png 82
ucf/Skijet/samples/00929.png 82
ucf/Skijet/samples/00930.png 82
ucf/Skijet/samples/00931.png 82
ucf/Skijet/samples/00932.png 82
ucf/Skijet/samples/00933.png 82
ucf/Skijet/samples/00934.png 82
ucf/Skijet/samples/00935.png 82
ucf/Skijet/samples/00936.png 82
ucf/Skijet/samples/00937.png 82
ucf/Skijet/samples/00938.png 82
ucf/Skijet/samples/00939.png 82
ucf/Skijet/samples/00940.png 82
ucf/Skijet/samples/00941.png 82
ucf/Skijet/samples/00942.png 82
ucf/Skijet/samples/00943.png 82
ucf/Skijet/samples/00944.png 82
ucf/Skijet/samples/00945.png 82
ucf/Skijet/samples/00946.png 82
ucf/Skijet/samples/00947.png 82
ucf/Skijet/samples/00948.png 82
ucf/Skijet/samples/00949.png 82
ucf/Skijet/samples/00950.png 82
ucf/Skijet/samples/00951.png 82
ucf/Skijet/samples/00952.png 82
ucf/Skijet/samples/00953.png 82
ucf/Skijet/samples/00954.png 82
ucf/Skijet/samples/00955.png 82
ucf/Skijet/samples/00956.png 82
ucf/Skijet/samples/00957.png 82
ucf/Skijet/samples/00958.png 82
ucf/Skijet/samples/00959.png 82
ucf/Skijet/samples/00960.png 82
ucf/Skijet/samples/00961.png 82
ucf/Skijet/samples/00962.png 82
ucf/Skijet/samples/00963.png 82
ucf/Skijet/samples/00964.png 82
ucf/Skijet/samples/00965.png 82
ucf/Skijet/samples/00966.png 82
ucf/Skijet/samples/00967.png 82
ucf/Skijet/samples/00968.png 82
ucf/Skijet/samples/00969.png 82
ucf/Skijet/samples/00970.png 82
ucf/Skijet/samples/00971.png 82
ucf/Skijet/samples/00972.png 82
ucf/Skijet/samples/00973.png 82
ucf/Skijet/samples/00974.png 82
ucf/Skijet/samples/00975.png 82
ucf/Skijet/samples/00976.png 82
ucf/Skijet/samples/00977.png 82
ucf/Skijet/samples/00978.png 82
ucf/Skijet/samples/00979.png 82
ucf/Skijet/samples/00980.png 82
ucf/Skijet/samples/00981.png 82
ucf/Skijet/samples/00982.png 82
ucf/Skijet/samples/00983.png 82
ucf/Skijet/samples/00984.png 82
ucf/Skijet/samples/00985.png 82
ucf/Skijet/samples/00986.png 82
ucf/Skijet/samples/00987.png 82
ucf/Skijet/samples/00988.png 82
ucf/Skijet/samples/00989.png 82
ucf/Skijet/samples/00990.png 82
ucf/Skijet/samples/00991.png 82
ucf/Skijet/samples/00992.png 82
ucf/Skijet/samples/00993.png 82
ucf/Skijet/samples/00994.png 82
ucf/Skijet/samples/00995.png 82
ucf/Skijet/samples/00996.png 82
ucf/Skijet/samples/00997.png 82
ucf/Skijet/samples/00998.png 82
ucf/Skijet/samples/00999.png 82
ucf/Kayaking/samples/00000.png 49
ucf/Kayaking/samples/00001.png 49
ucf/Kayaking/samples/00002.png 49
ucf/Kayaking/samples/00003.png 49
ucf/Kayaking/samples/00004.png 49
ucf/Kayaking/samples/00005.png 49
ucf/Kayaking/samples/00006.png 49
ucf/Kayaking/samples/00007.png 49
ucf/Kayaking/samples/00008.png 49
ucf/Kayaking/samples/00009.png 49
ucf/Kayaking/samples/00010.png 49
ucf/Kayaking/samples/00011.png 49
ucf/Kayaking/samples/00012.png 49
ucf/Kayaking/samples/00013.png 49
ucf/Kayaking/samples/00014.png 49
ucf/Kayaking/samples/00015.png 49
ucf/Kayaking/samples/00016.png 49
ucf/Kayaking/samples/00017.png 49
ucf/Kayaking/samples/00018.png 49
ucf/Kayaking/samples/00019.png 49
ucf/Kayaking/samples/00020.png 49
ucf/Kayaking/samples/00021.png 49
ucf/Kayaking/samples/00022.png 49
ucf/Kayaking/samples/00023.png 49
ucf/Kayaking/samples/00024.png 49
ucf/Kayaking/samples/00025.png 49
ucf/Kayaking/samples/00026.png 49
ucf/Kayaking/samples/00027.png 49
ucf/Kayaking/samples/00028.png 49
ucf/Kayaking/samples/00029.png 49
ucf/Kayaking/samples/00030.png 49
ucf/Kayaking/samples/00031.png 49
ucf/Kayaking/samples/00032.png 49
ucf/Kayaking/samples/00033.png 49
ucf/Kayaking/samples/00034.png 49
ucf/Kayaking/samples/00035.png 49
ucf/Kayaking/samples/00036.png 49
ucf/Kayaking/samples/00037.png 49
ucf/Kayaking/samples/00038.png 49
ucf/Kayaking/samples/00039.png 49
ucf/Kayaking/samples/00040.png 49
ucf/Kayaking/samples/00041.png 49
ucf/Kayaking/samples/00042.png 49
ucf/Kayaking/samples/00043.png 49
ucf/Kayaking/samples/00044.png 49
ucf/Kayaking/samples/00045.png 49
ucf/Kayaking/samples/00046.png 49
ucf/Kayaking/samples/00047.png 49
ucf/Kayaking/samples/00048.png 49
ucf/Kayaking/samples/00049.png 49
ucf/Kayaking/samples/00050.png 49
ucf/Kayaking/samples/00051.png 49
ucf/Kayaking/samples/00052.png 49
ucf/Kayaking/samples/00053.png 49
ucf/Kayaking/samples/00054.png 49
ucf/Kayaking/samples/00055.png 49
ucf/Kayaking/samples/00056.png 49
ucf/Kayaking/samples/00057.png 49
ucf/Kayaking/samples/00058.png 49
ucf/Kayaking/samples/00059.png 49
ucf/Kayaking/samples/00060.png 49
ucf/Kayaking/samples/00061.png 49
ucf/Kayaking/samples/00062.png 49
ucf/Kayaking/samples/00063.png 49
ucf/Kayaking/samples/00064.png 49
ucf/Kayaking/samples/00065.png 49
ucf/Kayaking/samples/00066.png 49
ucf/Kayaking/samples/00067.png 49
ucf/Kayaking/samples/00068.png 49
ucf/Kayaking/samples/00069.png 49
ucf/Kayaking/samples/00070.png 49
ucf/Kayaking/samples/00071.png 49
ucf/Kayaking/samples/00072.png 49
ucf/Kayaking/samples/00073.png 49
ucf/Kayaking/samples/00074.png 49
ucf/Kayaking/samples/00075.png 49
ucf/Kayaking/samples/00076.png 49
ucf/Kayaking/samples/00077.png 49
ucf/Kayaking/samples/00078.png 49
ucf/Kayaking/samples/00079.png 49
ucf/Kayaking/samples/00080.png 49
ucf/Kayaking/samples/00081.png 49
ucf/Kayaking/samples/00082.png 49
ucf/Kayaking/samples/00083.png 49
ucf/Kayaking/samples/00084.png 49
ucf/Kayaking/samples/00085.png 49
ucf/Kayaking/samples/00086.png 49
ucf/Kayaking/samples/00087.png 49
ucf/Kayaking/samples/00088.png 49
ucf/Kayaking/samples/00089.png 49
ucf/Kayaking/samples/00090.png 49
ucf/Kayaking/samples/00091.png 49
ucf/Kayaking/samples/00092.png 49
ucf/Kayaking/samples/00093.png 49
ucf/Kayaking/samples/00094.png 49
ucf/Kayaking/samples/00095.png 49
ucf/Kayaking/samples/00096.png 49
ucf/Kayaking/samples/00097.png 49
ucf/Kayaking/samples/00098.png 49
ucf/Kayaking/samples/00099.png 49
ucf/Kayaking/samples/00100.png 49
ucf/Kayaking/samples/00101.png 49
ucf/Kayaking/samples/00102.png 49
ucf/Kayaking/samples/00103.png 49
ucf/Kayaking/samples/00104.png 49
ucf/Kayaking/samples/00105.png 49
ucf/Kayaking/samples/00106.png 49
ucf/Kayaking/samples/00107.png 49
ucf/Kayaking/samples/00108.png 49
ucf/Kayaking/samples/00109.png 49
ucf/Kayaking/samples/00110.png 49
ucf/Kayaking/samples/00111.png 49
ucf/Kayaking/samples/00112.png 49
ucf/Kayaking/samples/00113.png 49
ucf/Kayaking/samples/00114.png 49
ucf/Kayaking/samples/00115.png 49
ucf/Kayaking/samples/00116.png 49
ucf/Kayaking/samples/00117.png 49
ucf/Kayaking/samples/00118.png 49
ucf/Kayaking/samples/00119.png 49
ucf/Kayaking/samples/00120.png 49
ucf/Kayaking/samples/00121.png 49
ucf/Kayaking/samples/00122.png 49
ucf/Kayaking/samples/00123.png 49
ucf/Kayaking/samples/00124.png 49
ucf/Kayaking/samples/00125.png 49
ucf/Kayaking/samples/00126.png 49
ucf/Kayaking/samples/00127.png 49
ucf/Kayaking/samples/00128.png 49
ucf/Kayaking/samples/00129.png 49
ucf/Kayaking/samples/00130.png 49
ucf/Kayaking/samples/00131.png 49
ucf/Kayaking/samples/00132.png 49
ucf/Kayaking/samples/00133.png 49
ucf/Kayaking/samples/00134.png 49
ucf/Kayaking/samples/00135.png 49
ucf/Kayaking/samples/00136.png 49
ucf/Kayaking/samples/00137.png 49
ucf/Kayaking/samples/00138.png 49
ucf/Kayaking/samples/00139.png 49
ucf/Kayaking/samples/00140.png 49
ucf/Kayaking/samples/00141.png 49
ucf/Kayaking/samples/00142.png 49
ucf/Kayaking/samples/00143.png 49
ucf/Kayaking/samples/00144.png 49
ucf/Kayaking/samples/00145.png 49
ucf/Kayaking/samples/00146.png 49
ucf/Kayaking/samples/00147.png 49
ucf/Kayaking/samples/00148.png 49
ucf/Kayaking/samples/00149.png 49
ucf/Kayaking/samples/00150.png 49
ucf/Kayaking/samples/00151.png 49
ucf/Kayaking/samples/00152.png 49
ucf/Kayaking/samples/00153.png 49
ucf/Kayaking/samples/00154.png 49
ucf/Kayaking/samples/00155.png 49
ucf/Kayaking/samples/00156.png 49
ucf/Kayaking/samples/00157.png 49
ucf/Kayaking/samples/00158.png 49
ucf/Kayaking/samples/00159.png 49
ucf/Kayaking/samples/00160.png 49
ucf/Kayaking/samples/00161.png 49
ucf/Kayaking/samples/00162.png 49
ucf/Kayaking/samples/00163.png 49
ucf/Kayaking/samples/00164.png 49
ucf/Kayaking/samples/00165.png 49
ucf/Kayaking/samples/00166.png 49
ucf/Kayaking/samples/00167.png 49
ucf/Kayaking/samples/00168.png 49
ucf/Kayaking/samples/00169.png 49
ucf/Kayaking/samples/00170.png 49
ucf/Kayaking/samples/00171.png 49
ucf/Kayaking/samples/00172.png 49
ucf/Kayaking/samples/00173.png 49
ucf/Kayaking/samples/00174.png 49
ucf/Kayaking/samples/00175.png 49
ucf/Kayaking/samples/00176.png 49
ucf/Kayaking/samples/00177.png 49
ucf/Kayaking/samples/00178.png 49
ucf/Kayaking/samples/00179.png 49
ucf/Kayaking/samples/00180.png 49
ucf/Kayaking/samples/00181.png 49
ucf/Kayaking/samples/00182.png 49
ucf/Kayaking/samples/00183.png 49
ucf/Kayaking/samples/00184.png 49
ucf/Kayaking/samples/00185.png 49
ucf/Kayaking/samples/00186.png 49
ucf/Kayaking/samples/00187.png 49
ucf/Kayaking/samples/00188.png 49
ucf/Kayaking/samples/00189.png 49
ucf/Kayaking/samples/00190.png 49
ucf/Kayaking/samples/00191.png 49
ucf/Kayaking/samples/00192.png 49
ucf/Kayaking/samples/00193.png 49
ucf/Kayaking/samples/00194.png 49
ucf/Kayaking/samples/00195.png 49
ucf/Kayaking/samples/00196.png 49
ucf/Kayaking/samples/00197.png 49
ucf/Kayaking/samples/00198.png 49
ucf/Kayaking/samples/00199.png 49
ucf/Kayaking/samples/00200.png 49
ucf/Kayaking/samples/00201.png 49
ucf/Kayaking/samples/00202.png 49
ucf/Kayaking/samples/00203.png 49
ucf/Kayaking/samples/00204.png 49
ucf/Kayaking/samples/00205.png 49
ucf/Kayaking/samples/00206.png 49
ucf/Kayaking/samples/00207.png 49
ucf/Kayaking/samples/00208.png 49
ucf/Kayaking/samples/00209.png 49
ucf/Kayaking/samples/00210.png 49
ucf/Kayaking/samples/00211.png 49
ucf/Kayaking/samples/00212.png 49
ucf/Kayaking/samples/00213.png 49
ucf/Kayaking/samples/00214.png 49
ucf/Kayaking/samples/00215.png 49
ucf/Kayaking/samples/00216.png 49
ucf/Kayaking/samples/00217.png 49
ucf/Kayaking/samples/00218.png 49
ucf/Kayaking/samples/00219.png 49
ucf/Kayaking/samples/00220.png 49
ucf/Kayaking/samples/00221.png 49
ucf/Kayaking/samples/00222.png 49
ucf/Kayaking/samples/00223.png 49
ucf/Kayaking/samples/00224.png 49
ucf/Kayaking/samples/00225.png 49
ucf/Kayaking/samples/00226.png 49
ucf/Kayaking/samples/00227.png 49
ucf/Kayaking/samples/00228.png 49
ucf/Kayaking/samples/00229.png 49
ucf/Kayaking/samples/00230.png 49
ucf/Kayaking/samples/00231.png 49
ucf/Kayaking/samples/00232.png 49
ucf/Kayaking/samples/00233.png 49
ucf/Kayaking/samples/00234.png 49
ucf/Kayaking/samples/00235.png 49
ucf/Kayaking/samples/00236.png 49
ucf/Kayaking/samples/00237.png 49
ucf/Kayaking/samples/00238.png 49
ucf/Kayaking/samples/00239.png 49
ucf/Kayaking/samples/00240.png 49
ucf/Kayaking/samples/00241.png 49
ucf/Kayaking/samples/00242.png 49
ucf/Kayaking/samples/00243.png 49
ucf/Kayaking/samples/00244.png 49
ucf/Kayaking/samples/00245.png 49
ucf/Kayaking/samples/00246.png 49
ucf/Kayaking/samples/00247.png 49
ucf/Kayaking/samples/00248.png 49
ucf/Kayaking/samples/00249.png 49
ucf/Kayaking/samples/00250.png 49
ucf/Kayaking/samples/00251.png 49
ucf/Kayaking/samples/00252.png 49
ucf/Kayaking/samples/00253.png 49
ucf/Kayaking/samples/00254.png 49
ucf/Kayaking/samples/00255.png 49
ucf/Kayaking/samples/00256.png 49
ucf/Kayaking/samples/00257.png 49
ucf/Kayaking/samples/00258.png 49
ucf/Kayaking/samples/00259.png 49
ucf/Kayaking/samples/00260.png 49
ucf/Kayaking/samples/00261.png 49
ucf/Kayaking/samples/00262.png 49
ucf/Kayaking/samples/00263.png 49
ucf/Kayaking/samples/00264.png 49
ucf/Kayaking/samples/00265.png 49
ucf/Kayaking/samples/00266.png 49
ucf/Kayaking/samples/00267.png 49
ucf/Kayaking/samples/00268.png 49
ucf/Kayaking/samples/00269.png 49
ucf/Kayaking/samples/00270.png 49
ucf/Kayaking/samples/00271.png 49
ucf/Kayaking/samples/00272.png 49
ucf/Kayaking/samples/00273.png 49
ucf/Kayaking/samples/00274.png 49
ucf/Kayaking/samples/00275.png 49
ucf/Kayaking/samples/00276.png 49
ucf/Kayaking/samples/00277.png 49
ucf/Kayaking/samples/00278.png 49
ucf/Kayaking/samples/00279.png 49
ucf/Kayaking/samples/00280.png 49
ucf/Kayaking/samples/00281.png 49
ucf/Kayaking/samples/00282.png 49
ucf/Kayaking/samples/00283.png 49
ucf/Kayaking/samples/00284.png 49
ucf/Kayaking/samples/00285.png 49
ucf/Kayaking/samples/00286.png 49
ucf/Kayaking/samples/00287.png 49
ucf/Kayaking/samples/00288.png 49
ucf/Kayaking/samples/00289.png 49
ucf/Kayaking/samples/00290.png 49
ucf/Kayaking/samples/00291.png 49
ucf/Kayaking/samples/00292.png 49
ucf/Kayaking/samples/00293.png 49
ucf/Kayaking/samples/00294.png 49
ucf/Kayaking/samples/00295.png 49
ucf/Kayaking/samples/00296.png 49
ucf/Kayaking/samples/00297.png 49
ucf/Kayaking/samples/00298.png 49
ucf/Kayaking/samples/00299.png 49
ucf/Kayaking/samples/00300.png 49
ucf/Kayaking/samples/00301.png 49
ucf/Kayaking/samples/00302.png 49
ucf/Kayaking/samples/00303.png 49
ucf/Kayaking/samples/00304.png 49
ucf/Kayaking/samples/00305.png 49
ucf/Kayaking/samples/00306.png 49
ucf/Kayaking/samples/00307.png 49
ucf/Kayaking/samples/00308.png 49
ucf/Kayaking/samples/00309.png 49
ucf/Kayaking/samples/00310.png 49
ucf/Kayaking/samples/00311.png 49
ucf/Kayaking/samples/00312.png 49
ucf/Kayaking/samples/00313.png 49
ucf/Kayaking/samples/00314.png 49
ucf/Kayaking/samples/00315.png 49
ucf/Kayaking/samples/00316.png 49
ucf/Kayaking/samples/00317.png 49
ucf/Kayaking/samples/00318.png 49
ucf/Kayaking/samples/00319.png 49
ucf/Kayaking/samples/00320.png 49
ucf/Kayaking/samples/00321.png 49
ucf/Kayaking/samples/00322.png 49
ucf/Kayaking/samples/00323.png 49
ucf/Kayaking/samples/00324.png 49
ucf/Kayaking/samples/00325.png 49
ucf/Kayaking/samples/00326.png 49
ucf/Kayaking/samples/00327.png 49
ucf/Kayaking/samples/00328.png 49
ucf/Kayaking/samples/00329.png 49
ucf/Kayaking/samples/00330.png 49
ucf/Kayaking/samples/00331.png 49
ucf/Kayaking/samples/00332.png 49
ucf/Kayaking/samples/00333.png 49
ucf/Kayaking/samples/00334.png 49
ucf/Kayaking/samples/00335.png 49
ucf/Kayaking/samples/00336.png 49
ucf/Kayaking/samples/00337.png 49
ucf/Kayaking/samples/00338.png 49
ucf/Kayaking/samples/00339.png 49
ucf/Kayaking/samples/00340.png 49
ucf/Kayaking/samples/00341.png 49
ucf/Kayaking/samples/00342.png 49
ucf/Kayaking/samples/00343.png 49
ucf/Kayaking/samples/00344.png 49
ucf/Kayaking/samples/00345.png 49
ucf/Kayaking/samples/00346.png 49
ucf/Kayaking/samples/00347.png 49
ucf/Kayaking/samples/00348.png 49
ucf/Kayaking/samples/00349.png 49
ucf/Kayaking/samples/00350.png 49
ucf/Kayaking/samples/00351.png 49
ucf/Kayaking/samples/00352.png 49
ucf/Kayaking/samples/00353.png 49
ucf/Kayaking/samples/00354.png 49
ucf/Kayaking/samples/00355.png 49
ucf/Kayaking/samples/00356.png 49
ucf/Kayaking/samples/00357.png 49
ucf/Kayaking/samples/00358.png 49
ucf/Kayaking/samples/00359.png 49
ucf/Kayaking/samples/00360.png 49
ucf/Kayaking/samples/00361.png 49
ucf/Kayaking/samples/00362.png 49
ucf/Kayaking/samples/00363.png 49
ucf/Kayaking/samples/00364.png 49
ucf/Kayaking/samples/00365.png 49
ucf/Kayaking/samples/00366.png 49
ucf/Kayaking/samples/00367.png 49
ucf/Kayaking/samples/00368.png 49
ucf/Kayaking/samples/00369.png 49
ucf/Kayaking/samples/00370.png 49
ucf/Kayaking/samples/00371.png 49
ucf/Kayaking/samples/00372.png 49
ucf/Kayaking/samples/00373.png 49
ucf/Kayaking/samples/00374.png 49
ucf/Kayaking/samples/00375.png 49
ucf/Kayaking/samples/00376.png 49
ucf/Kayaking/samples/00377.png 49
ucf/Kayaking/samples/00378.png 49
ucf/Kayaking/samples/00379.png 49
ucf/Kayaking/samples/00380.png 49
ucf/Kayaking/samples/00381.png 49
ucf/Kayaking/samples/00382.png 49
ucf/Kayaking/samples/00383.png 49
ucf/Kayaking/samples/00384.png 49
ucf/Kayaking/samples/00385.png 49
ucf/Kayaking/samples/00386.png 49
ucf/Kayaking/samples/00387.png 49
ucf/Kayaking/samples/00388.png 49
ucf/Kayaking/samples/00389.png 49
ucf/Kayaking/samples/00390.png 49
ucf/Kayaking/samples/00391.png 49
ucf/Kayaking/samples/00392.png 49
ucf/Kayaking/samples/00393.png 49
ucf/Kayaking/samples/00394.png 49
ucf/Kayaking/samples/00395.png 49
ucf/Kayaking/samples/00396.png 49
ucf/Kayaking/samples/00397.png 49
ucf/Kayaking/samples/00398.png 49
ucf/Kayaking/samples/00399.png 49
ucf/Kayaking/samples/00400.png 49
ucf/Kayaking/samples/00401.png 49
ucf/Kayaking/samples/00402.png 49
ucf/Kayaking/samples/00403.png 49
ucf/Kayaking/samples/00404.png 49
ucf/Kayaking/samples/00405.png 49
ucf/Kayaking/samples/00406.png 49
ucf/Kayaking/samples/00407.png 49
ucf/Kayaking/samples/00408.png 49
ucf/Kayaking/samples/00409.png 49
ucf/Kayaking/samples/00410.png 49
ucf/Kayaking/samples/00411.png 49
ucf/Kayaking/samples/00412.png 49
ucf/Kayaking/samples/00413.png 49
ucf/Kayaking/samples/00414.png 49
ucf/Kayaking/samples/00415.png 49
ucf/Kayaking/samples/00416.png 49
ucf/Kayaking/samples/00417.png 49
ucf/Kayaking/samples/00418.png 49
ucf/Kayaking/samples/00419.png 49
ucf/Kayaking/samples/00420.png 49
ucf/Kayaking/samples/00421.png 49
ucf/Kayaking/samples/00422.png 49
ucf/Kayaking/samples/00423.png 49
ucf/Kayaking/samples/00424.png 49
ucf/Kayaking/samples/00425.png 49
ucf/Kayaking/samples/00426.png 49
ucf/Kayaking/samples/00427.png 49
ucf/Kayaking/samples/00428.png 49
ucf/Kayaking/samples/00429.png 49
ucf/Kayaking/samples/00430.png 49
ucf/Kayaking/samples/00431.png 49
ucf/Kayaking/samples/00432.png 49
ucf/Kayaking/samples/00433.png 49
ucf/Kayaking/samples/00434.png 49
ucf/Kayaking/samples/00435.png 49
ucf/Kayaking/samples/00436.png 49
ucf/Kayaking/samples/00437.png 49
ucf/Kayaking/samples/00438.png 49
ucf/Kayaking/samples/00439.png 49
ucf/Kayaking/samples/00440.png 49
ucf/Kayaking/samples/00441.png 49
ucf/Kayaking/samples/00442.png 49
ucf/Kayaking/samples/00443.png 49
ucf/Kayaking/samples/00444.png 49
ucf/Kayaking/samples/00445.png 49
ucf/Kayaking/samples/00446.png 49
ucf/Kayaking/samples/00447.png 49
ucf/Kayaking/samples/00448.png 49
ucf/Kayaking/samples/00449.png 49
ucf/Kayaking/samples/00450.png 49
ucf/Kayaking/samples/00451.png 49
ucf/Kayaking/samples/00452.png 49
ucf/Kayaking/samples/00453.png 49
ucf/Kayaking/samples/00454.png 49
ucf/Kayaking/samples/00455.png 49
ucf/Kayaking/samples/00456.png 49
ucf/Kayaking/samples/00457.png 49
ucf/Kayaking/samples/00458.png 49
ucf/Kayaking/samples/00459.png 49
ucf/Kayaking/samples/00460.png 49
ucf/Kayaking/samples/00461.png 49
ucf/Kayaking/samples/00462.png 49
ucf/Kayaking/samples/00463.png 49
ucf/Kayaking/samples/00464.png 49
ucf/Kayaking/samples/00465.png 49
ucf/Kayaking/samples/00466.png 49
ucf/Kayaking/samples/00467.png 49
ucf/Kayaking/samples/00468.png 49
ucf/Kayaking/samples/00469.png 49
ucf/Kayaking/samples/00470.png 49
ucf/Kayaking/samples/00471.png 49
ucf/Kayaking/samples/00472.png 49
ucf/Kayaking/samples/00473.png 49
ucf/Kayaking/samples/00474.png 49
ucf/Kayaking/samples/00475.png 49
ucf/Kayaking/samples/00476.png 49
ucf/Kayaking/samples/00477.png 49
ucf/Kayaking/samples/00478.png 49
ucf/Kayaking/samples/00479.png 49
ucf/Kayaking/samples/00480.png 49
ucf/Kayaking/samples/00481.png 49
ucf/Kayaking/samples/00482.png 49
ucf/Kayaking/samples/00483.png 49
ucf/Kayaking/samples/00484.png 49
ucf/Kayaking/samples/00485.png 49
ucf/Kayaking/samples/00486.png 49
ucf/Kayaking/samples/00487.png 49
ucf/Kayaking/samples/00488.png 49
ucf/Kayaking/samples/00489.png 49
ucf/Kayaking/samples/00490.png 49
ucf/Kayaking/samples/00491.png 49
ucf/Kayaking/samples/00492.png 49
ucf/Kayaking/samples/00493.png 49
ucf/Kayaking/samples/00494.png 49
ucf/Kayaking/samples/00495.png 49
ucf/Kayaking/samples/00496.png 49
ucf/Kayaking/samples/00497.png 49
ucf/Kayaking/samples/00498.png 49
ucf/Kayaking/samples/00499.png 49
ucf/Kayaking/samples/00500.png 49
ucf/Kayaking/samples/00501.png 49
ucf/Kayaking/samples/00502.png 49
ucf/Kayaking/samples/00503.png 49
ucf/Kayaking/samples/00504.png 49
ucf/Kayaking/samples/00505.png 49
ucf/Kayaking/samples/00506.png 49
ucf/Kayaking/samples/00507.png 49
ucf/Kayaking/samples/00508.png 49
ucf/Kayaking/samples/00509.png 49
ucf/Kayaking/samples/00510.png 49
ucf/Kayaking/samples/00511.png 49
ucf/Kayaking/samples/00512.png 49
ucf/Kayaking/samples/00513.png 49
ucf/Kayaking/samples/00514.png 49
ucf/Kayaking/samples/00515.png 49
ucf/Kayaking/samples/00516.png 49
ucf/Kayaking/samples/00517.png 49
ucf/Kayaking/samples/00518.png 49
ucf/Kayaking/samples/00519.png 49
ucf/Kayaking/samples/00520.png 49
ucf/Kayaking/samples/00521.png 49
ucf/Kayaking/samples/00522.png 49
ucf/Kayaking/samples/00523.png 49
ucf/Kayaking/samples/00524.png 49
ucf/Kayaking/samples/00525.png 49
ucf/Kayaking/samples/00526.png 49
ucf/Kayaking/samples/00527.png 49
ucf/Kayaking/samples/00528.png 49
ucf/Kayaking/samples/00529.png 49
ucf/Kayaking/samples/00530.png 49
ucf/Kayaking/samples/00531.png 49
ucf/Kayaking/samples/00532.png 49
ucf/Kayaking/samples/00533.png 49
ucf/Kayaking/samples/00534.png 49
ucf/Kayaking/samples/00535.png 49
ucf/Kayaking/samples/00536.png 49
ucf/Kayaking/samples/00537.png 49
ucf/Kayaking/samples/00538.png 49
ucf/Kayaking/samples/00539.png 49
ucf/Kayaking/samples/00540.png 49
ucf/Kayaking/samples/00541.png 49
ucf/Kayaking/samples/00542.png 49
ucf/Kayaking/samples/00543.png 49
ucf/Kayaking/samples/00544.png 49
ucf/Kayaking/samples/00545.png 49
ucf/Kayaking/samples/00546.png 49
ucf/Kayaking/samples/00547.png 49
ucf/Kayaking/samples/00548.png 49
ucf/Kayaking/samples/00549.png 49
ucf/Kayaking/samples/00550.png 49
ucf/Kayaking/samples/00551.png 49
ucf/Kayaking/samples/00552.png 49
ucf/Kayaking/samples/00553.png 49
ucf/Kayaking/samples/00554.png 49
ucf/Kayaking/samples/00555.png 49
ucf/Kayaking/samples/00556.png 49
ucf/Kayaking/samples/00557.png 49
ucf/Kayaking/samples/00558.png 49
ucf/Kayaking/samples/00559.png 49
ucf/Kayaking/samples/00560.png 49
ucf/Kayaking/samples/00561.png 49
ucf/Kayaking/samples/00562.png 49
ucf/Kayaking/samples/00563.png 49
ucf/Kayaking/samples/00564.png 49
ucf/Kayaking/samples/00565.png 49
ucf/Kayaking/samples/00566.png 49
ucf/Kayaking/samples/00567.png 49
ucf/Kayaking/samples/00568.png 49
ucf/Kayaking/samples/00569.png 49
ucf/Kayaking/samples/00570.png 49
ucf/Kayaking/samples/00571.png 49
ucf/Kayaking/samples/00572.png 49
ucf/Kayaking/samples/00573.png 49
ucf/Kayaking/samples/00574.png 49
ucf/Kayaking/samples/00575.png 49
ucf/Kayaking/samples/00576.png 49
ucf/Kayaking/samples/00577.png 49
ucf/Kayaking/samples/00578.png 49
ucf/Kayaking/samples/00579.png 49
ucf/Kayaking/samples/00580.png 49
ucf/Kayaking/samples/00581.png 49
ucf/Kayaking/samples/00582.png 49
ucf/Kayaking/samples/00583.png 49
ucf/Kayaking/samples/00584.png 49
ucf/Kayaking/samples/00585.png 49
ucf/Kayaking/samples/00586.png 49
ucf/Kayaking/samples/00587.png 49
ucf/Kayaking/samples/00588.png 49
ucf/Kayaking/samples/00589.png 49
ucf/Kayaking/samples/00590.png 49
ucf/Kayaking/samples/00591.png 49
ucf/Kayaking/samples/00592.png 49
ucf/Kayaking/samples/00593.png 49
ucf/Kayaking/samples/00594.png 49
ucf/Kayaking/samples/00595.png 49
ucf/Kayaking/samples/00596.png 49
ucf/Kayaking/samples/00597.png 49
ucf/Kayaking/samples/00598.png 49
ucf/Kayaking/samples/00599.png 49
ucf/Kayaking/samples/00600.png 49
ucf/Kayaking/samples/00601.png 49
ucf/Kayaking/samples/00602.png 49
ucf/Kayaking/samples/00603.png 49
ucf/Kayaking/samples/00604.png 49
ucf/Kayaking/samples/00605.png 49
ucf/Kayaking/samples/00606.png 49
ucf/Kayaking/samples/00607.png 49
ucf/Kayaking/samples/00608.png 49
ucf/Kayaking/samples/00609.png 49
ucf/Kayaking/samples/00610.png 49
ucf/Kayaking/samples/00611.png 49
ucf/Kayaking/samples/00612.png 49
ucf/Kayaking/samples/00613.png 49
ucf/Kayaking/samples/00614.png 49
ucf/Kayaking/samples/00615.png 49
ucf/Kayaking/samples/00616.png 49
ucf/Kayaking/samples/00617.png 49
ucf/Kayaking/samples/00618.png 49
ucf/Kayaking/samples/00619.png 49
ucf/Kayaking/samples/00620.png 49
ucf/Kayaking/samples/00621.png 49
ucf/Kayaking/samples/00622.png 49
ucf/Kayaking/samples/00623.png 49
ucf/Kayaking/samples/00624.png 49
ucf/Kayaking/samples/00625.png 49
ucf/Kayaking/samples/00626.png 49
ucf/Kayaking/samples/00627.png 49
ucf/Kayaking/samples/00628.png 49
ucf/Kayaking/samples/00629.png 49
ucf/Kayaking/samples/00630.png 49
ucf/Kayaking/samples/00631.png 49
ucf/Kayaking/samples/00632.png 49
ucf/Kayaking/samples/00633.png 49
ucf/Kayaking/samples/00634.png 49
ucf/Kayaking/samples/00635.png 49
ucf/Kayaking/samples/00636.png 49
ucf/Kayaking/samples/00637.png 49
ucf/Kayaking/samples/00638.png 49
ucf/Kayaking/samples/00639.png 49
ucf/Kayaking/samples/00640.png 49
ucf/Kayaking/samples/00641.png 49
ucf/Kayaking/samples/00642.png 49
ucf/Kayaking/samples/00643.png 49
ucf/Kayaking/samples/00644.png 49
ucf/Kayaking/samples/00645.png 49
ucf/Kayaking/samples/00646.png 49
ucf/Kayaking/samples/00647.png 49
ucf/Kayaking/samples/00648.png 49
ucf/Kayaking/samples/00649.png 49
ucf/Kayaking/samples/00650.png 49
ucf/Kayaking/samples/00651.png 49
ucf/Kayaking/samples/00652.png 49
ucf/Kayaking/samples/00653.png 49
ucf/Kayaking/samples/00654.png 49
ucf/Kayaking/samples/00655.png 49
ucf/Kayaking/samples/00656.png 49
ucf/Kayaking/samples/00657.png 49
ucf/Kayaking/samples/00658.png 49
ucf/Kayaking/samples/00659.png 49
ucf/Kayaking/samples/00660.png 49
ucf/Kayaking/samples/00661.png 49
ucf/Kayaking/samples/00662.png 49
ucf/Kayaking/samples/00663.png 49
ucf/Kayaking/samples/00664.png 49
ucf/Kayaking/samples/00665.png 49
ucf/Kayaking/samples/00666.png 49
ucf/Kayaking/samples/00667.png 49
ucf/Kayaking/samples/00668.png 49
ucf/Kayaking/samples/00669.png 49
ucf/Kayaking/samples/00670.png 49
ucf/Kayaking/samples/00671.png 49
ucf/Kayaking/samples/00672.png 49
ucf/Kayaking/samples/00673.png 49
ucf/Kayaking/samples/00674.png 49
ucf/Kayaking/samples/00675.png 49
ucf/Kayaking/samples/00676.png 49
ucf/Kayaking/samples/00677.png 49
ucf/Kayaking/samples/00678.png 49
ucf/Kayaking/samples/00679.png 49
ucf/Kayaking/samples/00680.png 49
ucf/Kayaking/samples/00681.png 49
ucf/Kayaking/samples/00682.png 49
ucf/Kayaking/samples/00683.png 49
ucf/Kayaking/samples/00684.png 49
ucf/Kayaking/samples/00685.png 49
ucf/Kayaking/samples/00686.png 49
ucf/Kayaking/samples/00687.png 49
ucf/Kayaking/samples/00688.png 49
ucf/Kayaking/samples/00689.png 49
ucf/Kayaking/samples/00690.png 49
ucf/Kayaking/samples/00691.png 49
ucf/Kayaking/samples/00692.png 49
ucf/Kayaking/samples/00693.png 49
ucf/Kayaking/samples/00694.png 49
ucf/Kayaking/samples/00695.png 49
ucf/Kayaking/samples/00696.png 49
ucf/Kayaking/samples/00697.png 49
ucf/Kayaking/samples/00698.png 49
ucf/Kayaking/samples/00699.png 49
ucf/Kayaking/samples/00700.png 49
ucf/Kayaking/samples/00701.png 49
ucf/Kayaking/samples/00702.png 49
ucf/Kayaking/samples/00703.png 49
ucf/Kayaking/samples/00704.png 49
ucf/Kayaking/samples/00705.png 49
ucf/Kayaking/samples/00706.png 49
ucf/Kayaking/samples/00707.png 49
ucf/Kayaking/samples/00708.png 49
ucf/Kayaking/samples/00709.png 49
ucf/Kayaking/samples/00710.png 49
ucf/Kayaking/samples/00711.png 49
ucf/Kayaking/samples/00712.png 49
ucf/Kayaking/samples/00713.png 49
ucf/Kayaking/samples/00714.png 49
ucf/Kayaking/samples/00715.png 49
ucf/Kayaking/samples/00716.png 49
ucf/Kayaking/samples/00717.png 49
ucf/Kayaking/samples/00718.png 49
ucf/Kayaking/samples/00719.png 49
ucf/Kayaking/samples/00720.png 49
ucf/Kayaking/samples/00721.png 49
ucf/Kayaking/samples/00722.png 49
ucf/Kayaking/samples/00723.png 49
ucf/Kayaking/samples/00724.png 49
ucf/Kayaking/samples/00725.png 49
ucf/Kayaking/samples/00726.png 49
ucf/Kayaking/samples/00727.png 49
ucf/Kayaking/samples/00728.png 49
ucf/Kayaking/samples/00729.png 49
ucf/Kayaking/samples/00730.png 49
ucf/Kayaking/samples/00731.png 49
ucf/Kayaking/samples/00732.png 49
ucf/Kayaking/samples/00733.png 49
ucf/Kayaking/samples/00734.png 49
ucf/Kayaking/samples/00735.png 49
ucf/Kayaking/samples/00736.png 49
ucf/Kayaking/samples/00737.png 49
ucf/Kayaking/samples/00738.png 49
ucf/Kayaking/samples/00739.png 49
ucf/Kayaking/samples/00740.png 49
ucf/Kayaking/samples/00741.png 49
ucf/Kayaking/samples/00742.png 49
ucf/Kayaking/samples/00743.png 49
ucf/Kayaking/samples/00744.png 49
ucf/Kayaking/samples/00745.png 49
ucf/Kayaking/samples/00746.png 49
ucf/Kayaking/samples/00747.png 49
ucf/Kayaking/samples/00748.png 49
ucf/Kayaking/samples/00749.png 49
ucf/Kayaking/samples/00750.png 49
ucf/Kayaking/samples/00751.png 49
ucf/Kayaking/samples/00752.png 49
ucf/Kayaking/samples/00753.png 49
ucf/Kayaking/samples/00754.png 49
ucf/Kayaking/samples/00755.png 49
ucf/Kayaking/samples/00756.png 49
ucf/Kayaking/samples/00757.png 49
ucf/Kayaking/samples/00758.png 49
ucf/Kayaking/samples/00759.png 49
ucf/Kayaking/samples/00760.png 49
ucf/Kayaking/samples/00761.png 49
ucf/Kayaking/samples/00762.png 49
ucf/Kayaking/samples/00763.png 49
ucf/Kayaking/samples/00764.png 49
ucf/Kayaking/samples/00765.png 49
ucf/Kayaking/samples/00766.png 49
ucf/Kayaking/samples/00767.png 49
ucf/Kayaking/samples/00768.png 49
ucf/Kayaking/samples/00769.png 49
ucf/Kayaking/samples/00770.png 49
ucf/Kayaking/samples/00771.png 49
ucf/Kayaking/samples/00772.png 49
ucf/Kayaking/samples/00773.png 49
ucf/Kayaking/samples/00774.png 49
ucf/Kayaking/samples/00775.png 49
ucf/Kayaking/samples/00776.png 49
ucf/Kayaking/samples/00777.png 49
ucf/Kayaking/samples/00778.png 49
ucf/Kayaking/samples/00779.png 49
ucf/Kayaking/samples/00780.png 49
ucf/Kayaking/samples/00781.png 49
ucf/Kayaking/samples/00782.png 49
ucf/Kayaking/samples/00783.png 49
ucf/Kayaking/samples/00784.png 49
ucf/Kayaking/samples/00785.png 49
ucf/Kayaking/samples/00786.png 49
ucf/Kayaking/samples/00787.png 49
ucf/Kayaking/samples/00788.png 49
ucf/Kayaking/samples/00789.png 49
ucf/Kayaking/samples/00790.png 49
ucf/Kayaking/samples/00791.png 49
ucf/Kayaking/samples/00792.png 49
ucf/Kayaking/samples/00793.png 49
ucf/Kayaking/samples/00794.png 49
ucf/Kayaking/samples/00795.png 49
ucf/Kayaking/samples/00796.png 49
ucf/Kayaking/samples/00797.png 49
ucf/Kayaking/samples/00798.png 49
ucf/Kayaking/samples/00799.png 49
ucf/Kayaking/samples/00800.png 49
ucf/Kayaking/samples/00801.png 49
ucf/Kayaking/samples/00802.png 49
ucf/Kayaking/samples/00803.png 49
ucf/Kayaking/samples/00804.png 49
ucf/Kayaking/samples/00805.png 49
ucf/Kayaking/samples/00806.png 49
ucf/Kayaking/samples/00807.png 49
ucf/Kayaking/samples/00808.png 49
ucf/Kayaking/samples/00809.png 49
ucf/Kayaking/samples/00810.png 49
ucf/Kayaking/samples/00811.png 49
ucf/Kayaking/samples/00812.png 49
ucf/Kayaking/samples/00813.png 49
ucf/Kayaking/samples/00814.png 49
ucf/Kayaking/samples/00815.png 49
ucf/Kayaking/samples/00816.png 49
ucf/Kayaking/samples/00817.png 49
ucf/Kayaking/samples/00818.png 49
ucf/Kayaking/samples/00819.png 49
ucf/Kayaking/samples/00820.png 49
ucf/Kayaking/samples/00821.png 49
ucf/Kayaking/samples/00822.png 49
ucf/Kayaking/samples/00823.png 49
ucf/Kayaking/samples/00824.png 49
ucf/Kayaking/samples/00825.png 49
ucf/Kayaking/samples/00826.png 49
ucf/Kayaking/samples/00827.png 49
ucf/Kayaking/samples/00828.png 49
ucf/Kayaking/samples/00829.png 49
ucf/Kayaking/samples/00830.png 49
ucf/Kayaking/samples/00831.png 49
ucf/Kayaking/samples/00832.png 49
ucf/Kayaking/samples/00833.png 49
ucf/Kayaking/samples/00834.png 49
ucf/Kayaking/samples/00835.png 49
ucf/Kayaking/samples/00836.png 49
ucf/Kayaking/samples/00837.png 49
ucf/Kayaking/samples/00838.png 49
ucf/Kayaking/samples/00839.png 49
ucf/Kayaking/samples/00840.png 49
ucf/Kayaking/samples/00841.png 49
ucf/Kayaking/samples/00842.png 49
ucf/Kayaking/samples/00843.png 49
ucf/Kayaking/samples/00844.png 49
ucf/Kayaking/samples/00845.png 49
ucf/Kayaking/samples/00846.png 49
ucf/Kayaking/samples/00847.png 49
ucf/Kayaking/samples/00848.png 49
ucf/Kayaking/samples/00849.png 49
ucf/Kayaking/samples/00850.png 49
ucf/Kayaking/samples/00851.png 49
ucf/Kayaking/samples/00852.png 49
ucf/Kayaking/samples/00853.png 49
ucf/Kayaking/samples/00854.png 49
ucf/Kayaking/samples/00855.png 49
ucf/Kayaking/samples/00856.png 49
ucf/Kayaking/samples/00857.png 49
ucf/Kayaking/samples/00858.png 49
ucf/Kayaking/samples/00859.png 49
ucf/Kayaking/samples/00860.png 49
ucf/Kayaking/samples/00861.png 49
ucf/Kayaking/samples/00862.png 49
ucf/Kayaking/samples/00863.png 49
ucf/Kayaking/samples/00864.png 49
ucf/Kayaking/samples/00865.png 49
ucf/Kayaking/samples/00866.png 49
ucf/Kayaking/samples/00867.png 49
ucf/Kayaking/samples/00868.png 49
ucf/Kayaking/samples/00869.png 49
ucf/Kayaking/samples/00870.png 49
ucf/Kayaking/samples/00871.png 49
ucf/Kayaking/samples/00872.png 49
ucf/Kayaking/samples/00873.png 49
ucf/Kayaking/samples/00874.png 49
ucf/Kayaking/samples/00875.png 49
ucf/Kayaking/samples/00876.png 49
ucf/Kayaking/samples/00877.png 49
ucf/Kayaking/samples/00878.png 49
ucf/Kayaking/samples/00879.png 49
ucf/Kayaking/samples/00880.png 49
ucf/Kayaking/samples/00881.png 49
ucf/Kayaking/samples/00882.png 49
ucf/Kayaking/samples/00883.png 49
ucf/Kayaking/samples/00884.png 49
ucf/Kayaking/samples/00885.png 49
ucf/Kayaking/samples/00886.png 49
ucf/Kayaking/samples/00887.png 49
ucf/Kayaking/samples/00888.png 49
ucf/Kayaking/samples/00889.png 49
ucf/Kayaking/samples/00890.png 49
ucf/Kayaking/samples/00891.png 49
ucf/Kayaking/samples/00892.png 49
ucf/Kayaking/samples/00893.png 49
ucf/Kayaking/samples/00894.png 49
ucf/Kayaking/samples/00895.png 49
ucf/Kayaking/samples/00896.png 49
ucf/Kayaking/samples/00897.png 49
ucf/Kayaking/samples/00898.png 49
ucf/Kayaking/samples/00899.png 49
ucf/Kayaking/samples/00900.png 49
ucf/Kayaking/samples/00901.png 49
ucf/Kayaking/samples/00902.png 49
ucf/Kayaking/samples/00903.png 49
ucf/Kayaking/samples/00904.png 49
ucf/Kayaking/samples/00905.png 49
ucf/Kayaking/samples/00906.png 49
ucf/Kayaking/samples/00907.png 49
ucf/Kayaking/samples/00908.png 49
ucf/Kayaking/samples/00909.png 49
ucf/Kayaking/samples/00910.png 49
ucf/Kayaking/samples/00911.png 49
ucf/Kayaking/samples/00912.png 49
ucf/Kayaking/samples/00913.png 49
ucf/Kayaking/samples/00914.png 49
ucf/Kayaking/samples/00915.png 49
ucf/Kayaking/samples/00916.png 49
ucf/Kayaking/samples/00917.png 49
ucf/Kayaking/samples/00918.png 49
ucf/Kayaking/samples/00919.png 49
ucf/Kayaking/samples/00920.png 49
ucf/Kayaking/samples/00921.png 49
ucf/Kayaking/samples/00922.png 49
ucf/Kayaking/samples/00923.png 49
ucf/Kayaking/samples/00924.png 49
ucf/Kayaking/samples/00925.png 49
ucf/Kayaking/samples/00926.png 49
ucf/Kayaking/samples/00927.png 49
ucf/Kayaking/samples/00928.png 49
ucf/Kayaking/samples/00929.png 49
ucf/Kayaking/samples/00930.png 49
ucf/Kayaking/samples/00931.png 49
ucf/Kayaking/samples/00932.png 49
ucf/Kayaking/samples/00933.png 49
ucf/Kayaking/samples/00934.png 49
ucf/Kayaking/samples/00935.png 49
ucf/Kayaking/samples/00936.png 49
ucf/Kayaking/samples/00937.png 49
ucf/Kayaking/samples/00938.png 49
ucf/Kayaking/samples/00939.png 49
ucf/Kayaking/samples/00940.png 49
ucf/Kayaking/samples/00941.png 49
ucf/Kayaking/samples/00942.png 49
ucf/Kayaking/samples/00943.png 49
ucf/Kayaking/samples/00944.png 49
ucf/Kayaking/samples/00945.png 49
ucf/Kayaking/samples/00946.png 49
ucf/Kayaking/samples/00947.png 49
ucf/Kayaking/samples/00948.png 49
ucf/Kayaking/samples/00949.png 49
ucf/Kayaking/samples/00950.png 49
ucf/Kayaking/samples/00951.png 49
ucf/Kayaking/samples/00952.png 49
ucf/Kayaking/samples/00953.png 49
ucf/Kayaking/samples/00954.png 49
ucf/Kayaking/samples/00955.png 49
ucf/Kayaking/samples/00956.png 49
ucf/Kayaking/samples/00957.png 49
ucf/Kayaking/samples/00958.png 49
ucf/Kayaking/samples/00959.png 49
ucf/Kayaking/samples/00960.png 49
ucf/Kayaking/samples/00961.png 49
ucf/Kayaking/samples/00962.png 49
ucf/Kayaking/samples/00963.png 49
ucf/Kayaking/samples/00964.png 49
ucf/Kayaking/samples/00965.png 49
ucf/Kayaking/samples/00966.png 49
ucf/Kayaking/samples/00967.png 49
ucf/Kayaking/samples/00968.png 49
ucf/Kayaking/samples/00969.png 49
ucf/Kayaking/samples/00970.png 49
ucf/Kayaking/samples/00971.png 49
ucf/Kayaking/samples/00972.png 49
ucf/Kayaking/samples/00973.png 49
ucf/Kayaking/samples/00974.png 49
ucf/Kayaking/samples/00975.png 49
ucf/Kayaking/samples/00976.png 49
ucf/Kayaking/samples/00977.png 49
ucf/Kayaking/samples/00978.png 49
ucf/Kayaking/samples/00979.png 49
ucf/Kayaking/samples/00980.png 49
ucf/Kayaking/samples/00981.png 49
ucf/Kayaking/samples/00982.png 49
ucf/Kayaking/samples/00983.png 49
ucf/Kayaking/samples/00984.png 49
ucf/Kayaking/samples/00985.png 49
ucf/Kayaking/samples/00986.png 49
ucf/Kayaking/samples/00987.png 49
ucf/Kayaking/samples/00988.png 49
ucf/Kayaking/samples/00989.png 49
ucf/Kayaking/samples/00990.png 49
ucf/Kayaking/samples/00991.png 49
ucf/Kayaking/samples/00992.png 49
ucf/Kayaking/samples/00993.png 49
ucf/Kayaking/samples/00994.png 49
ucf/Kayaking/samples/00995.png 49
ucf/Kayaking/samples/00996.png 49
ucf/Kayaking/samples/00997.png 49
ucf/Kayaking/samples/00998.png 49
ucf/Kayaking/samples/00999.png 49
ucf/FieldHockeyPenalty/samples/00000.png 29
ucf/FieldHockeyPenalty/samples/00001.png 29
ucf/FieldHockeyPenalty/samples/00002.png 29
ucf/FieldHockeyPenalty/samples/00003.png 29
ucf/FieldHockeyPenalty/samples/00004.png 29
ucf/FieldHockeyPenalty/samples/00005.png 29
ucf/FieldHockeyPenalty/samples/00006.png 29
ucf/FieldHockeyPenalty/samples/00007.png 29
ucf/FieldHockeyPenalty/samples/00008.png 29
ucf/FieldHockeyPenalty/samples/00009.png 29
ucf/FieldHockeyPenalty/samples/00010.png 29
ucf/FieldHockeyPenalty/samples/00011.png 29
ucf/FieldHockeyPenalty/samples/00012.png 29
ucf/FieldHockeyPenalty/samples/00013.png 29
ucf/FieldHockeyPenalty/samples/00014.png 29
ucf/FieldHockeyPenalty/samples/00015.png 29
ucf/FieldHockeyPenalty/samples/00016.png 29
ucf/FieldHockeyPenalty/samples/00017.png 29
ucf/FieldHockeyPenalty/samples/00018.png 29
ucf/FieldHockeyPenalty/samples/00019.png 29
ucf/FieldHockeyPenalty/samples/00020.png 29
ucf/FieldHockeyPenalty/samples/00021.png 29
ucf/FieldHockeyPenalty/samples/00022.png 29
ucf/FieldHockeyPenalty/samples/00023.png 29
ucf/FieldHockeyPenalty/samples/00024.png 29
ucf/FieldHockeyPenalty/samples/00025.png 29
ucf/FieldHockeyPenalty/samples/00026.png 29
ucf/FieldHockeyPenalty/samples/00027.png 29
ucf/FieldHockeyPenalty/samples/00028.png 29
ucf/FieldHockeyPenalty/samples/00029.png 29
ucf/FieldHockeyPenalty/samples/00030.png 29
ucf/FieldHockeyPenalty/samples/00031.png 29
ucf/FieldHockeyPenalty/samples/00032.png 29
ucf/FieldHockeyPenalty/samples/00033.png 29
ucf/FieldHockeyPenalty/samples/00034.png 29
ucf/FieldHockeyPenalty/samples/00035.png 29
ucf/FieldHockeyPenalty/samples/00036.png 29
ucf/FieldHockeyPenalty/samples/00037.png 29
ucf/FieldHockeyPenalty/samples/00038.png 29
ucf/FieldHockeyPenalty/samples/00039.png 29
ucf/FieldHockeyPenalty/samples/00040.png 29
ucf/FieldHockeyPenalty/samples/00041.png 29
ucf/FieldHockeyPenalty/samples/00042.png 29
ucf/FieldHockeyPenalty/samples/00043.png 29
ucf/FieldHockeyPenalty/samples/00044.png 29
ucf/FieldHockeyPenalty/samples/00045.png 29
ucf/FieldHockeyPenalty/samples/00046.png 29
ucf/FieldHockeyPenalty/samples/00047.png 29
ucf/FieldHockeyPenalty/samples/00048.png 29
ucf/FieldHockeyPenalty/samples/00049.png 29
ucf/FieldHockeyPenalty/samples/00050.png 29
ucf/FieldHockeyPenalty/samples/00051.png 29
ucf/FieldHockeyPenalty/samples/00052.png 29
ucf/FieldHockeyPenalty/samples/00053.png 29
ucf/FieldHockeyPenalty/samples/00054.png 29
ucf/FieldHockeyPenalty/samples/00055.png 29
ucf/FieldHockeyPenalty/samples/00056.png 29
ucf/FieldHockeyPenalty/samples/00057.png 29
ucf/FieldHockeyPenalty/samples/00058.png 29
ucf/FieldHockeyPenalty/samples/00059.png 29
ucf/FieldHockeyPenalty/samples/00060.png 29
ucf/FieldHockeyPenalty/samples/00061.png 29
ucf/FieldHockeyPenalty/samples/00062.png 29
ucf/FieldHockeyPenalty/samples/00063.png 29
ucf/FieldHockeyPenalty/samples/00064.png 29
ucf/FieldHockeyPenalty/samples/00065.png 29
ucf/FieldHockeyPenalty/samples/00066.png 29
ucf/FieldHockeyPenalty/samples/00067.png 29
ucf/FieldHockeyPenalty/samples/00068.png 29
ucf/FieldHockeyPenalty/samples/00069.png 29
ucf/FieldHockeyPenalty/samples/00070.png 29
ucf/FieldHockeyPenalty/samples/00071.png 29
ucf/FieldHockeyPenalty/samples/00072.png 29
ucf/FieldHockeyPenalty/samples/00073.png 29
ucf/FieldHockeyPenalty/samples/00074.png 29
ucf/FieldHockeyPenalty/samples/00075.png 29
ucf/FieldHockeyPenalty/samples/00076.png 29
ucf/FieldHockeyPenalty/samples/00077.png 29
ucf/FieldHockeyPenalty/samples/00078.png 29
ucf/FieldHockeyPenalty/samples/00079.png 29
ucf/FieldHockeyPenalty/samples/00080.png 29
ucf/FieldHockeyPenalty/samples/00081.png 29
ucf/FieldHockeyPenalty/samples/00082.png 29
ucf/FieldHockeyPenalty/samples/00083.png 29
ucf/FieldHockeyPenalty/samples/00084.png 29
ucf/FieldHockeyPenalty/samples/00085.png 29
ucf/FieldHockeyPenalty/samples/00086.png 29
ucf/FieldHockeyPenalty/samples/00087.png 29
ucf/FieldHockeyPenalty/samples/00088.png 29
ucf/FieldHockeyPenalty/samples/00089.png 29
ucf/FieldHockeyPenalty/samples/00090.png 29
ucf/FieldHockeyPenalty/samples/00091.png 29
ucf/FieldHockeyPenalty/samples/00092.png 29
ucf/FieldHockeyPenalty/samples/00093.png 29
ucf/FieldHockeyPenalty/samples/00094.png 29
ucf/FieldHockeyPenalty/samples/00095.png 29
ucf/FieldHockeyPenalty/samples/00096.png 29
ucf/FieldHockeyPenalty/samples/00097.png 29
ucf/FieldHockeyPenalty/samples/00098.png 29
ucf/FieldHockeyPenalty/samples/00099.png 29
ucf/FieldHockeyPenalty/samples/00100.png 29
ucf/FieldHockeyPenalty/samples/00101.png 29
ucf/FieldHockeyPenalty/samples/00102.png 29
ucf/FieldHockeyPenalty/samples/00103.png 29
ucf/FieldHockeyPenalty/samples/00104.png 29
ucf/FieldHockeyPenalty/samples/00105.png 29
ucf/FieldHockeyPenalty/samples/00106.png 29
ucf/FieldHockeyPenalty/samples/00107.png 29
ucf/FieldHockeyPenalty/samples/00108.png 29
ucf/FieldHockeyPenalty/samples/00109.png 29
ucf/FieldHockeyPenalty/samples/00110.png 29
ucf/FieldHockeyPenalty/samples/00111.png 29
ucf/FieldHockeyPenalty/samples/00112.png 29
ucf/FieldHockeyPenalty/samples/00113.png 29
ucf/FieldHockeyPenalty/samples/00114.png 29
ucf/FieldHockeyPenalty/samples/00115.png 29
ucf/FieldHockeyPenalty/samples/00116.png 29
ucf/FieldHockeyPenalty/samples/00117.png 29
ucf/FieldHockeyPenalty/samples/00118.png 29
ucf/FieldHockeyPenalty/samples/00119.png 29
ucf/FieldHockeyPenalty/samples/00120.png 29
ucf/FieldHockeyPenalty/samples/00121.png 29
ucf/FieldHockeyPenalty/samples/00122.png 29
ucf/FieldHockeyPenalty/samples/00123.png 29
ucf/FieldHockeyPenalty/samples/00124.png 29
ucf/FieldHockeyPenalty/samples/00125.png 29
ucf/FieldHockeyPenalty/samples/00126.png 29
ucf/FieldHockeyPenalty/samples/00127.png 29
ucf/FieldHockeyPenalty/samples/00128.png 29
ucf/FieldHockeyPenalty/samples/00129.png 29
ucf/FieldHockeyPenalty/samples/00130.png 29
ucf/FieldHockeyPenalty/samples/00131.png 29
ucf/FieldHockeyPenalty/samples/00132.png 29
ucf/FieldHockeyPenalty/samples/00133.png 29
ucf/FieldHockeyPenalty/samples/00134.png 29
ucf/FieldHockeyPenalty/samples/00135.png 29
ucf/FieldHockeyPenalty/samples/00136.png 29
ucf/FieldHockeyPenalty/samples/00137.png 29
ucf/FieldHockeyPenalty/samples/00138.png 29
ucf/FieldHockeyPenalty/samples/00139.png 29
ucf/FieldHockeyPenalty/samples/00140.png 29
ucf/FieldHockeyPenalty/samples/00141.png 29
ucf/FieldHockeyPenalty/samples/00142.png 29
ucf/FieldHockeyPenalty/samples/00143.png 29
ucf/FieldHockeyPenalty/samples/00144.png 29
ucf/FieldHockeyPenalty/samples/00145.png 29
ucf/FieldHockeyPenalty/samples/00146.png 29
ucf/FieldHockeyPenalty/samples/00147.png 29
ucf/FieldHockeyPenalty/samples/00148.png 29
ucf/FieldHockeyPenalty/samples/00149.png 29
ucf/FieldHockeyPenalty/samples/00150.png 29
ucf/FieldHockeyPenalty/samples/00151.png 29
ucf/FieldHockeyPenalty/samples/00152.png 29
ucf/FieldHockeyPenalty/samples/00153.png 29
ucf/FieldHockeyPenalty/samples/00154.png 29
ucf/FieldHockeyPenalty/samples/00155.png 29
ucf/FieldHockeyPenalty/samples/00156.png 29
ucf/FieldHockeyPenalty/samples/00157.png 29
ucf/FieldHockeyPenalty/samples/00158.png 29
ucf/FieldHockeyPenalty/samples/00159.png 29
ucf/FieldHockeyPenalty/samples/00160.png 29
ucf/FieldHockeyPenalty/samples/00161.png 29
ucf/FieldHockeyPenalty/samples/00162.png 29
ucf/FieldHockeyPenalty/samples/00163.png 29
ucf/FieldHockeyPenalty/samples/00164.png 29
ucf/FieldHockeyPenalty/samples/00165.png 29
ucf/FieldHockeyPenalty/samples/00166.png 29
ucf/FieldHockeyPenalty/samples/00167.png 29
ucf/FieldHockeyPenalty/samples/00168.png 29
ucf/FieldHockeyPenalty/samples/00169.png 29
ucf/FieldHockeyPenalty/samples/00170.png 29
ucf/FieldHockeyPenalty/samples/00171.png 29
ucf/FieldHockeyPenalty/samples/00172.png 29
ucf/FieldHockeyPenalty/samples/00173.png 29
ucf/FieldHockeyPenalty/samples/00174.png 29
ucf/FieldHockeyPenalty/samples/00175.png 29
ucf/FieldHockeyPenalty/samples/00176.png 29
ucf/FieldHockeyPenalty/samples/00177.png 29
ucf/FieldHockeyPenalty/samples/00178.png 29
ucf/FieldHockeyPenalty/samples/00179.png 29
ucf/FieldHockeyPenalty/samples/00180.png 29
ucf/FieldHockeyPenalty/samples/00181.png 29
ucf/FieldHockeyPenalty/samples/00182.png 29
ucf/FieldHockeyPenalty/samples/00183.png 29
ucf/FieldHockeyPenalty/samples/00184.png 29
ucf/FieldHockeyPenalty/samples/00185.png 29
ucf/FieldHockeyPenalty/samples/00186.png 29
ucf/FieldHockeyPenalty/samples/00187.png 29
ucf/FieldHockeyPenalty/samples/00188.png 29
ucf/FieldHockeyPenalty/samples/00189.png 29
ucf/FieldHockeyPenalty/samples/00190.png 29
ucf/FieldHockeyPenalty/samples/00191.png 29
ucf/FieldHockeyPenalty/samples/00192.png 29
ucf/FieldHockeyPenalty/samples/00193.png 29
ucf/FieldHockeyPenalty/samples/00194.png 29
ucf/FieldHockeyPenalty/samples/00195.png 29
ucf/FieldHockeyPenalty/samples/00196.png 29
ucf/FieldHockeyPenalty/samples/00197.png 29
ucf/FieldHockeyPenalty/samples/00198.png 29
ucf/FieldHockeyPenalty/samples/00199.png 29
ucf/FieldHockeyPenalty/samples/00200.png 29
ucf/FieldHockeyPenalty/samples/00201.png 29
ucf/FieldHockeyPenalty/samples/00202.png 29
ucf/FieldHockeyPenalty/samples/00203.png 29
ucf/FieldHockeyPenalty/samples/00204.png 29
ucf/FieldHockeyPenalty/samples/00205.png 29
ucf/FieldHockeyPenalty/samples/00206.png 29
ucf/FieldHockeyPenalty/samples/00207.png 29
ucf/FieldHockeyPenalty/samples/00208.png 29
ucf/FieldHockeyPenalty/samples/00209.png 29
ucf/FieldHockeyPenalty/samples/00210.png 29
ucf/FieldHockeyPenalty/samples/00211.png 29
ucf/FieldHockeyPenalty/samples/00212.png 29
ucf/FieldHockeyPenalty/samples/00213.png 29
ucf/FieldHockeyPenalty/samples/00214.png 29
ucf/FieldHockeyPenalty/samples/00215.png 29
ucf/FieldHockeyPenalty/samples/00216.png 29
ucf/FieldHockeyPenalty/samples/00217.png 29
ucf/FieldHockeyPenalty/samples/00218.png 29
ucf/FieldHockeyPenalty/samples/00219.png 29
ucf/FieldHockeyPenalty/samples/00220.png 29
ucf/FieldHockeyPenalty/samples/00221.png 29
ucf/FieldHockeyPenalty/samples/00222.png 29
ucf/FieldHockeyPenalty/samples/00223.png 29
ucf/FieldHockeyPenalty/samples/00224.png 29
ucf/FieldHockeyPenalty/samples/00225.png 29
ucf/FieldHockeyPenalty/samples/00226.png 29
ucf/FieldHockeyPenalty/samples/00227.png 29
ucf/FieldHockeyPenalty/samples/00228.png 29
ucf/FieldHockeyPenalty/samples/00229.png 29
ucf/FieldHockeyPenalty/samples/00230.png 29
ucf/FieldHockeyPenalty/samples/00231.png 29
ucf/FieldHockeyPenalty/samples/00232.png 29
ucf/FieldHockeyPenalty/samples/00233.png 29
ucf/FieldHockeyPenalty/samples/00234.png 29
ucf/FieldHockeyPenalty/samples/00235.png 29
ucf/FieldHockeyPenalty/samples/00236.png 29
ucf/FieldHockeyPenalty/samples/00237.png 29
ucf/FieldHockeyPenalty/samples/00238.png 29
ucf/FieldHockeyPenalty/samples/00239.png 29
ucf/FieldHockeyPenalty/samples/00240.png 29
ucf/FieldHockeyPenalty/samples/00241.png 29
ucf/FieldHockeyPenalty/samples/00242.png 29
ucf/FieldHockeyPenalty/samples/00243.png 29
ucf/FieldHockeyPenalty/samples/00244.png 29
ucf/FieldHockeyPenalty/samples/00245.png 29
ucf/FieldHockeyPenalty/samples/00246.png 29
ucf/FieldHockeyPenalty/samples/00247.png 29
ucf/FieldHockeyPenalty/samples/00248.png 29
ucf/FieldHockeyPenalty/samples/00249.png 29
ucf/FieldHockeyPenalty/samples/00250.png 29
ucf/FieldHockeyPenalty/samples/00251.png 29
ucf/FieldHockeyPenalty/samples/00252.png 29
ucf/FieldHockeyPenalty/samples/00253.png 29
ucf/FieldHockeyPenalty/samples/00254.png 29
ucf/FieldHockeyPenalty/samples/00255.png 29
ucf/FieldHockeyPenalty/samples/00256.png 29
ucf/FieldHockeyPenalty/samples/00257.png 29
ucf/FieldHockeyPenalty/samples/00258.png 29
ucf/FieldHockeyPenalty/samples/00259.png 29
ucf/FieldHockeyPenalty/samples/00260.png 29
ucf/FieldHockeyPenalty/samples/00261.png 29
ucf/FieldHockeyPenalty/samples/00262.png 29
ucf/FieldHockeyPenalty/samples/00263.png 29
ucf/FieldHockeyPenalty/samples/00264.png 29
ucf/FieldHockeyPenalty/samples/00265.png 29
ucf/FieldHockeyPenalty/samples/00266.png 29
ucf/FieldHockeyPenalty/samples/00267.png 29
ucf/FieldHockeyPenalty/samples/00268.png 29
ucf/FieldHockeyPenalty/samples/00269.png 29
ucf/FieldHockeyPenalty/samples/00270.png 29
ucf/FieldHockeyPenalty/samples/00271.png 29
ucf/FieldHockeyPenalty/samples/00272.png 29
ucf/FieldHockeyPenalty/samples/00273.png 29
ucf/FieldHockeyPenalty/samples/00274.png 29
ucf/FieldHockeyPenalty/samples/00275.png 29
ucf/FieldHockeyPenalty/samples/00276.png 29
ucf/FieldHockeyPenalty/samples/00277.png 29
ucf/FieldHockeyPenalty/samples/00278.png 29
ucf/FieldHockeyPenalty/samples/00279.png 29
ucf/FieldHockeyPenalty/samples/00280.png 29
ucf/FieldHockeyPenalty/samples/00281.png 29
ucf/FieldHockeyPenalty/samples/00282.png 29
ucf/FieldHockeyPenalty/samples/00283.png 29
ucf/FieldHockeyPenalty/samples/00284.png 29
ucf/FieldHockeyPenalty/samples/00285.png 29
ucf/FieldHockeyPenalty/samples/00286.png 29
ucf/FieldHockeyPenalty/samples/00287.png 29
ucf/FieldHockeyPenalty/samples/00288.png 29
ucf/FieldHockeyPenalty/samples/00289.png 29
ucf/FieldHockeyPenalty/samples/00290.png 29
ucf/FieldHockeyPenalty/samples/00291.png 29
ucf/FieldHockeyPenalty/samples/00292.png 29
ucf/FieldHockeyPenalty/samples/00293.png 29
ucf/FieldHockeyPenalty/samples/00294.png 29
ucf/FieldHockeyPenalty/samples/00295.png 29
ucf/FieldHockeyPenalty/samples/00296.png 29
ucf/FieldHockeyPenalty/samples/00297.png 29
ucf/FieldHockeyPenalty/samples/00298.png 29
ucf/FieldHockeyPenalty/samples/00299.png 29
ucf/FieldHockeyPenalty/samples/00300.png 29
ucf/FieldHockeyPenalty/samples/00301.png 29
ucf/FieldHockeyPenalty/samples/00302.png 29
ucf/FieldHockeyPenalty/samples/00303.png 29
ucf/FieldHockeyPenalty/samples/00304.png 29
ucf/FieldHockeyPenalty/samples/00305.png 29
ucf/FieldHockeyPenalty/samples/00306.png 29
ucf/FieldHockeyPenalty/samples/00307.png 29
ucf/FieldHockeyPenalty/samples/00308.png 29
ucf/FieldHockeyPenalty/samples/00309.png 29
ucf/FieldHockeyPenalty/samples/00310.png 29
ucf/FieldHockeyPenalty/samples/00311.png 29
ucf/FieldHockeyPenalty/samples/00312.png 29
ucf/FieldHockeyPenalty/samples/00313.png 29
ucf/FieldHockeyPenalty/samples/00314.png 29
ucf/FieldHockeyPenalty/samples/00315.png 29
ucf/FieldHockeyPenalty/samples/00316.png 29
ucf/FieldHockeyPenalty/samples/00317.png 29
ucf/FieldHockeyPenalty/samples/00318.png 29
ucf/FieldHockeyPenalty/samples/00319.png 29
ucf/FieldHockeyPenalty/samples/00320.png 29
ucf/FieldHockeyPenalty/samples/00321.png 29
ucf/FieldHockeyPenalty/samples/00322.png 29
ucf/FieldHockeyPenalty/samples/00323.png 29
ucf/FieldHockeyPenalty/samples/00324.png 29
ucf/FieldHockeyPenalty/samples/00325.png 29
ucf/FieldHockeyPenalty/samples/00326.png 29
ucf/FieldHockeyPenalty/samples/00327.png 29
ucf/FieldHockeyPenalty/samples/00328.png 29
ucf/FieldHockeyPenalty/samples/00329.png 29
ucf/FieldHockeyPenalty/samples/00330.png 29
ucf/FieldHockeyPenalty/samples/00331.png 29
ucf/FieldHockeyPenalty/samples/00332.png 29
ucf/FieldHockeyPenalty/samples/00333.png 29
ucf/FieldHockeyPenalty/samples/00334.png 29
ucf/FieldHockeyPenalty/samples/00335.png 29
ucf/FieldHockeyPenalty/samples/00336.png 29
ucf/FieldHockeyPenalty/samples/00337.png 29
ucf/FieldHockeyPenalty/samples/00338.png 29
ucf/FieldHockeyPenalty/samples/00339.png 29
ucf/FieldHockeyPenalty/samples/00340.png 29
ucf/FieldHockeyPenalty/samples/00341.png 29
ucf/FieldHockeyPenalty/samples/00342.png 29
ucf/FieldHockeyPenalty/samples/00343.png 29
ucf/FieldHockeyPenalty/samples/00344.png 29
ucf/FieldHockeyPenalty/samples/00345.png 29
ucf/FieldHockeyPenalty/samples/00346.png 29
ucf/FieldHockeyPenalty/samples/00347.png 29
ucf/FieldHockeyPenalty/samples/00348.png 29
ucf/FieldHockeyPenalty/samples/00349.png 29
ucf/FieldHockeyPenalty/samples/00350.png 29
ucf/FieldHockeyPenalty/samples/00351.png 29
ucf/FieldHockeyPenalty/samples/00352.png 29
ucf/FieldHockeyPenalty/samples/00353.png 29
ucf/FieldHockeyPenalty/samples/00354.png 29
ucf/FieldHockeyPenalty/samples/00355.png 29
ucf/FieldHockeyPenalty/samples/00356.png 29
ucf/FieldHockeyPenalty/samples/00357.png 29
ucf/FieldHockeyPenalty/samples/00358.png 29
ucf/FieldHockeyPenalty/samples/00359.png 29
ucf/FieldHockeyPenalty/samples/00360.png 29
ucf/FieldHockeyPenalty/samples/00361.png 29
ucf/FieldHockeyPenalty/samples/00362.png 29
ucf/FieldHockeyPenalty/samples/00363.png 29
ucf/FieldHockeyPenalty/samples/00364.png 29
ucf/FieldHockeyPenalty/samples/00365.png 29
ucf/FieldHockeyPenalty/samples/00366.png 29
ucf/FieldHockeyPenalty/samples/00367.png 29
ucf/FieldHockeyPenalty/samples/00368.png 29
ucf/FieldHockeyPenalty/samples/00369.png 29
ucf/FieldHockeyPenalty/samples/00370.png 29
ucf/FieldHockeyPenalty/samples/00371.png 29
ucf/FieldHockeyPenalty/samples/00372.png 29
ucf/FieldHockeyPenalty/samples/00373.png 29
ucf/FieldHockeyPenalty/samples/00374.png 29
ucf/FieldHockeyPenalty/samples/00375.png 29
ucf/FieldHockeyPenalty/samples/00376.png 29
ucf/FieldHockeyPenalty/samples/00377.png 29
ucf/FieldHockeyPenalty/samples/00378.png 29
ucf/FieldHockeyPenalty/samples/00379.png 29
ucf/FieldHockeyPenalty/samples/00380.png 29
ucf/FieldHockeyPenalty/samples/00381.png 29
ucf/FieldHockeyPenalty/samples/00382.png 29
ucf/FieldHockeyPenalty/samples/00383.png 29
ucf/FieldHockeyPenalty/samples/00384.png 29
ucf/FieldHockeyPenalty/samples/00385.png 29
ucf/FieldHockeyPenalty/samples/00386.png 29
ucf/FieldHockeyPenalty/samples/00387.png 29
ucf/FieldHockeyPenalty/samples/00388.png 29
ucf/FieldHockeyPenalty/samples/00389.png 29
ucf/FieldHockeyPenalty/samples/00390.png 29
ucf/FieldHockeyPenalty/samples/00391.png 29
ucf/FieldHockeyPenalty/samples/00392.png 29
ucf/FieldHockeyPenalty/samples/00393.png 29
ucf/FieldHockeyPenalty/samples/00394.png 29
ucf/FieldHockeyPenalty/samples/00395.png 29
ucf/FieldHockeyPenalty/samples/00396.png 29
ucf/FieldHockeyPenalty/samples/00397.png 29
ucf/FieldHockeyPenalty/samples/00398.png 29
ucf/FieldHockeyPenalty/samples/00399.png 29
ucf/FieldHockeyPenalty/samples/00400.png 29
ucf/FieldHockeyPenalty/samples/00401.png 29
ucf/FieldHockeyPenalty/samples/00402.png 29
ucf/FieldHockeyPenalty/samples/00403.png 29
ucf/FieldHockeyPenalty/samples/00404.png 29
ucf/FieldHockeyPenalty/samples/00405.png 29
ucf/FieldHockeyPenalty/samples/00406.png 29
ucf/FieldHockeyPenalty/samples/00407.png 29
ucf/FieldHockeyPenalty/samples/00408.png 29
ucf/FieldHockeyPenalty/samples/00409.png 29
ucf/FieldHockeyPenalty/samples/00410.png 29
ucf/FieldHockeyPenalty/samples/00411.png 29
ucf/FieldHockeyPenalty/samples/00412.png 29
ucf/FieldHockeyPenalty/samples/00413.png 29
ucf/FieldHockeyPenalty/samples/00414.png 29
ucf/FieldHockeyPenalty/samples/00415.png 29
ucf/FieldHockeyPenalty/samples/00416.png 29
ucf/FieldHockeyPenalty/samples/00417.png 29
ucf/FieldHockeyPenalty/samples/00418.png 29
ucf/FieldHockeyPenalty/samples/00419.png 29
ucf/FieldHockeyPenalty/samples/00420.png 29
ucf/FieldHockeyPenalty/samples/00421.png 29
ucf/FieldHockeyPenalty/samples/00422.png 29
ucf/FieldHockeyPenalty/samples/00423.png 29
ucf/FieldHockeyPenalty/samples/00424.png 29
ucf/FieldHockeyPenalty/samples/00425.png 29
ucf/FieldHockeyPenalty/samples/00426.png 29
ucf/FieldHockeyPenalty/samples/00427.png 29
ucf/FieldHockeyPenalty/samples/00428.png 29
ucf/FieldHockeyPenalty/samples/00429.png 29
ucf/FieldHockeyPenalty/samples/00430.png 29
ucf/FieldHockeyPenalty/samples/00431.png 29
ucf/FieldHockeyPenalty/samples/00432.png 29
ucf/FieldHockeyPenalty/samples/00433.png 29
ucf/FieldHockeyPenalty/samples/00434.png 29
ucf/FieldHockeyPenalty/samples/00435.png 29
ucf/FieldHockeyPenalty/samples/00436.png 29
ucf/FieldHockeyPenalty/samples/00437.png 29
ucf/FieldHockeyPenalty/samples/00438.png 29
ucf/FieldHockeyPenalty/samples/00439.png 29
ucf/FieldHockeyPenalty/samples/00440.png 29
ucf/FieldHockeyPenalty/samples/00441.png 29
ucf/FieldHockeyPenalty/samples/00442.png 29
ucf/FieldHockeyPenalty/samples/00443.png 29
ucf/FieldHockeyPenalty/samples/00444.png 29
ucf/FieldHockeyPenalty/samples/00445.png 29
ucf/FieldHockeyPenalty/samples/00446.png 29
ucf/FieldHockeyPenalty/samples/00447.png 29
ucf/FieldHockeyPenalty/samples/00448.png 29
ucf/FieldHockeyPenalty/samples/00449.png 29
ucf/FieldHockeyPenalty/samples/00450.png 29
ucf/FieldHockeyPenalty/samples/00451.png 29
ucf/FieldHockeyPenalty/samples/00452.png 29
ucf/FieldHockeyPenalty/samples/00453.png 29
ucf/FieldHockeyPenalty/samples/00454.png 29
ucf/FieldHockeyPenalty/samples/00455.png 29
ucf/FieldHockeyPenalty/samples/00456.png 29
ucf/FieldHockeyPenalty/samples/00457.png 29
ucf/FieldHockeyPenalty/samples/00458.png 29
ucf/FieldHockeyPenalty/samples/00459.png 29
ucf/FieldHockeyPenalty/samples/00460.png 29
ucf/FieldHockeyPenalty/samples/00461.png 29
ucf/FieldHockeyPenalty/samples/00462.png 29
ucf/FieldHockeyPenalty/samples/00463.png 29
ucf/FieldHockeyPenalty/samples/00464.png 29
ucf/FieldHockeyPenalty/samples/00465.png 29
ucf/FieldHockeyPenalty/samples/00466.png 29
ucf/FieldHockeyPenalty/samples/00467.png 29
ucf/FieldHockeyPenalty/samples/00468.png 29
ucf/FieldHockeyPenalty/samples/00469.png 29
ucf/FieldHockeyPenalty/samples/00470.png 29
ucf/FieldHockeyPenalty/samples/00471.png 29
ucf/FieldHockeyPenalty/samples/00472.png 29
ucf/FieldHockeyPenalty/samples/00473.png 29
ucf/FieldHockeyPenalty/samples/00474.png 29
ucf/FieldHockeyPenalty/samples/00475.png 29
ucf/FieldHockeyPenalty/samples/00476.png 29
ucf/FieldHockeyPenalty/samples/00477.png 29
ucf/FieldHockeyPenalty/samples/00478.png 29
ucf/FieldHockeyPenalty/samples/00479.png 29
ucf/FieldHockeyPenalty/samples/00480.png 29
ucf/FieldHockeyPenalty/samples/00481.png 29
ucf/FieldHockeyPenalty/samples/00482.png 29
ucf/FieldHockeyPenalty/samples/00483.png 29
ucf/FieldHockeyPenalty/samples/00484.png 29
ucf/FieldHockeyPenalty/samples/00485.png 29
ucf/FieldHockeyPenalty/samples/00486.png 29
ucf/FieldHockeyPenalty/samples/00487.png 29
ucf/FieldHockeyPenalty/samples/00488.png 29
ucf/FieldHockeyPenalty/samples/00489.png 29
ucf/FieldHockeyPenalty/samples/00490.png 29
ucf/FieldHockeyPenalty/samples/00491.png 29
ucf/FieldHockeyPenalty/samples/00492.png 29
ucf/FieldHockeyPenalty/samples/00493.png 29
ucf/FieldHockeyPenalty/samples/00494.png 29
ucf/FieldHockeyPenalty/samples/00495.png 29
ucf/FieldHockeyPenalty/samples/00496.png 29
ucf/FieldHockeyPenalty/samples/00497.png 29
ucf/FieldHockeyPenalty/samples/00498.png 29
ucf/FieldHockeyPenalty/samples/00499.png 29
ucf/FieldHockeyPenalty/samples/00500.png 29
ucf/FieldHockeyPenalty/samples/00501.png 29
ucf/FieldHockeyPenalty/samples/00502.png 29
ucf/FieldHockeyPenalty/samples/00503.png 29
ucf/FieldHockeyPenalty/samples/00504.png 29
ucf/FieldHockeyPenalty/samples/00505.png 29
ucf/FieldHockeyPenalty/samples/00506.png 29
ucf/FieldHockeyPenalty/samples/00507.png 29
ucf/FieldHockeyPenalty/samples/00508.png 29
ucf/FieldHockeyPenalty/samples/00509.png 29
ucf/FieldHockeyPenalty/samples/00510.png 29
ucf/FieldHockeyPenalty/samples/00511.png 29
ucf/FieldHockeyPenalty/samples/00512.png 29
ucf/FieldHockeyPenalty/samples/00513.png 29
ucf/FieldHockeyPenalty/samples/00514.png 29
ucf/FieldHockeyPenalty/samples/00515.png 29
ucf/FieldHockeyPenalty/samples/00516.png 29
ucf/FieldHockeyPenalty/samples/00517.png 29
ucf/FieldHockeyPenalty/samples/00518.png 29
ucf/FieldHockeyPenalty/samples/00519.png 29
ucf/FieldHockeyPenalty/samples/00520.png 29
ucf/FieldHockeyPenalty/samples/00521.png 29
ucf/FieldHockeyPenalty/samples/00522.png 29
ucf/FieldHockeyPenalty/samples/00523.png 29
ucf/FieldHockeyPenalty/samples/00524.png 29
ucf/FieldHockeyPenalty/samples/00525.png 29
ucf/FieldHockeyPenalty/samples/00526.png 29
ucf/FieldHockeyPenalty/samples/00527.png 29
ucf/FieldHockeyPenalty/samples/00528.png 29
ucf/FieldHockeyPenalty/samples/00529.png 29
ucf/FieldHockeyPenalty/samples/00530.png 29
ucf/FieldHockeyPenalty/samples/00531.png 29
ucf/FieldHockeyPenalty/samples/00532.png 29
ucf/FieldHockeyPenalty/samples/00533.png 29
ucf/FieldHockeyPenalty/samples/00534.png 29
ucf/FieldHockeyPenalty/samples/00535.png 29
ucf/FieldHockeyPenalty/samples/00536.png 29
ucf/FieldHockeyPenalty/samples/00537.png 29
ucf/FieldHockeyPenalty/samples/00538.png 29
ucf/FieldHockeyPenalty/samples/00539.png 29
ucf/FieldHockeyPenalty/samples/00540.png 29
ucf/FieldHockeyPenalty/samples/00541.png 29
ucf/FieldHockeyPenalty/samples/00542.png 29
ucf/FieldHockeyPenalty/samples/00543.png 29
ucf/FieldHockeyPenalty/samples/00544.png 29
ucf/FieldHockeyPenalty/samples/00545.png 29
ucf/FieldHockeyPenalty/samples/00546.png 29
ucf/FieldHockeyPenalty/samples/00547.png 29
ucf/FieldHockeyPenalty/samples/00548.png 29
ucf/FieldHockeyPenalty/samples/00549.png 29
ucf/FieldHockeyPenalty/samples/00550.png 29
ucf/FieldHockeyPenalty/samples/00551.png 29
ucf/FieldHockeyPenalty/samples/00552.png 29
ucf/FieldHockeyPenalty/samples/00553.png 29
ucf/FieldHockeyPenalty/samples/00554.png 29
ucf/FieldHockeyPenalty/samples/00555.png 29
ucf/FieldHockeyPenalty/samples/00556.png 29
ucf/FieldHockeyPenalty/samples/00557.png 29
ucf/FieldHockeyPenalty/samples/00558.png 29
ucf/FieldHockeyPenalty/samples/00559.png 29
ucf/FieldHockeyPenalty/samples/00560.png 29
ucf/FieldHockeyPenalty/samples/00561.png 29
ucf/FieldHockeyPenalty/samples/00562.png 29
ucf/FieldHockeyPenalty/samples/00563.png 29
ucf/FieldHockeyPenalty/samples/00564.png 29
ucf/FieldHockeyPenalty/samples/00565.png 29
ucf/FieldHockeyPenalty/samples/00566.png 29
ucf/FieldHockeyPenalty/samples/00567.png 29
ucf/FieldHockeyPenalty/samples/00568.png 29
ucf/FieldHockeyPenalty/samples/00569.png 29
ucf/FieldHockeyPenalty/samples/00570.png 29
ucf/FieldHockeyPenalty/samples/00571.png 29
ucf/FieldHockeyPenalty/samples/00572.png 29
ucf/FieldHockeyPenalty/samples/00573.png 29
ucf/FieldHockeyPenalty/samples/00574.png 29
ucf/FieldHockeyPenalty/samples/00575.png 29
ucf/FieldHockeyPenalty/samples/00576.png 29
ucf/FieldHockeyPenalty/samples/00577.png 29
ucf/FieldHockeyPenalty/samples/00578.png 29
ucf/FieldHockeyPenalty/samples/00579.png 29
ucf/FieldHockeyPenalty/samples/00580.png 29
ucf/FieldHockeyPenalty/samples/00581.png 29
ucf/FieldHockeyPenalty/samples/00582.png 29
ucf/FieldHockeyPenalty/samples/00583.png 29
ucf/FieldHockeyPenalty/samples/00584.png 29
ucf/FieldHockeyPenalty/samples/00585.png 29
ucf/FieldHockeyPenalty/samples/00586.png 29
ucf/FieldHockeyPenalty/samples/00587.png 29
ucf/FieldHockeyPenalty/samples/00588.png 29
ucf/FieldHockeyPenalty/samples/00589.png 29
ucf/FieldHockeyPenalty/samples/00590.png 29
ucf/FieldHockeyPenalty/samples/00591.png 29
ucf/FieldHockeyPenalty/samples/00592.png 29
ucf/FieldHockeyPenalty/samples/00593.png 29
ucf/FieldHockeyPenalty/samples/00594.png 29
ucf/FieldHockeyPenalty/samples/00595.png 29
ucf/FieldHockeyPenalty/samples/00596.png 29
ucf/FieldHockeyPenalty/samples/00597.png 29
ucf/FieldHockeyPenalty/samples/00598.png 29
ucf/FieldHockeyPenalty/samples/00599.png 29
ucf/FieldHockeyPenalty/samples/00600.png 29
ucf/FieldHockeyPenalty/samples/00601.png 29
ucf/FieldHockeyPenalty/samples/00602.png 29
ucf/FieldHockeyPenalty/samples/00603.png 29
ucf/FieldHockeyPenalty/samples/00604.png 29
ucf/FieldHockeyPenalty/samples/00605.png 29
ucf/FieldHockeyPenalty/samples/00606.png 29
ucf/FieldHockeyPenalty/samples/00607.png 29
ucf/FieldHockeyPenalty/samples/00608.png 29
ucf/FieldHockeyPenalty/samples/00609.png 29
ucf/FieldHockeyPenalty/samples/00610.png 29
ucf/FieldHockeyPenalty/samples/00611.png 29
ucf/FieldHockeyPenalty/samples/00612.png 29
ucf/FieldHockeyPenalty/samples/00613.png 29
ucf/FieldHockeyPenalty/samples/00614.png 29
ucf/FieldHockeyPenalty/samples/00615.png 29
ucf/FieldHockeyPenalty/samples/00616.png 29
ucf/FieldHockeyPenalty/samples/00617.png 29
ucf/FieldHockeyPenalty/samples/00618.png 29
ucf/FieldHockeyPenalty/samples/00619.png 29
ucf/FieldHockeyPenalty/samples/00620.png 29
ucf/FieldHockeyPenalty/samples/00621.png 29
ucf/FieldHockeyPenalty/samples/00622.png 29
ucf/FieldHockeyPenalty/samples/00623.png 29
ucf/FieldHockeyPenalty/samples/00624.png 29
ucf/FieldHockeyPenalty/samples/00625.png 29
ucf/FieldHockeyPenalty/samples/00626.png 29
ucf/FieldHockeyPenalty/samples/00627.png 29
ucf/FieldHockeyPenalty/samples/00628.png 29
ucf/FieldHockeyPenalty/samples/00629.png 29
ucf/FieldHockeyPenalty/samples/00630.png 29
ucf/FieldHockeyPenalty/samples/00631.png 29
ucf/FieldHockeyPenalty/samples/00632.png 29
ucf/FieldHockeyPenalty/samples/00633.png 29
ucf/FieldHockeyPenalty/samples/00634.png 29
ucf/FieldHockeyPenalty/samples/00635.png 29
ucf/FieldHockeyPenalty/samples/00636.png 29
ucf/FieldHockeyPenalty/samples/00637.png 29
ucf/FieldHockeyPenalty/samples/00638.png 29
ucf/FieldHockeyPenalty/samples/00639.png 29
ucf/FieldHockeyPenalty/samples/00640.png 29
ucf/FieldHockeyPenalty/samples/00641.png 29
ucf/FieldHockeyPenalty/samples/00642.png 29
ucf/FieldHockeyPenalty/samples/00643.png 29
ucf/FieldHockeyPenalty/samples/00644.png 29
ucf/FieldHockeyPenalty/samples/00645.png 29
ucf/FieldHockeyPenalty/samples/00646.png 29
ucf/FieldHockeyPenalty/samples/00647.png 29
ucf/FieldHockeyPenalty/samples/00648.png 29
ucf/FieldHockeyPenalty/samples/00649.png 29
ucf/FieldHockeyPenalty/samples/00650.png 29
ucf/FieldHockeyPenalty/samples/00651.png 29
ucf/FieldHockeyPenalty/samples/00652.png 29
ucf/FieldHockeyPenalty/samples/00653.png 29
ucf/FieldHockeyPenalty/samples/00654.png 29
ucf/FieldHockeyPenalty/samples/00655.png 29
ucf/FieldHockeyPenalty/samples/00656.png 29
ucf/FieldHockeyPenalty/samples/00657.png 29
ucf/FieldHockeyPenalty/samples/00658.png 29
ucf/FieldHockeyPenalty/samples/00659.png 29
ucf/FieldHockeyPenalty/samples/00660.png 29
ucf/FieldHockeyPenalty/samples/00661.png 29
ucf/FieldHockeyPenalty/samples/00662.png 29
ucf/FieldHockeyPenalty/samples/00663.png 29
ucf/FieldHockeyPenalty/samples/00664.png 29
ucf/FieldHockeyPenalty/samples/00665.png 29
ucf/FieldHockeyPenalty/samples/00666.png 29
ucf/FieldHockeyPenalty/samples/00667.png 29
ucf/FieldHockeyPenalty/samples/00668.png 29
ucf/FieldHockeyPenalty/samples/00669.png 29
ucf/FieldHockeyPenalty/samples/00670.png 29
ucf/FieldHockeyPenalty/samples/00671.png 29
ucf/FieldHockeyPenalty/samples/00672.png 29
ucf/FieldHockeyPenalty/samples/00673.png 29
ucf/FieldHockeyPenalty/samples/00674.png 29
ucf/FieldHockeyPenalty/samples/00675.png 29
ucf/FieldHockeyPenalty/samples/00676.png 29
ucf/FieldHockeyPenalty/samples/00677.png 29
ucf/FieldHockeyPenalty/samples/00678.png 29
ucf/FieldHockeyPenalty/samples/00679.png 29
ucf/FieldHockeyPenalty/samples/00680.png 29
ucf/FieldHockeyPenalty/samples/00681.png 29
ucf/FieldHockeyPenalty/samples/00682.png 29
ucf/FieldHockeyPenalty/samples/00683.png 29
ucf/FieldHockeyPenalty/samples/00684.png 29
ucf/FieldHockeyPenalty/samples/00685.png 29
ucf/FieldHockeyPenalty/samples/00686.png 29
ucf/FieldHockeyPenalty/samples/00687.png 29
ucf/FieldHockeyPenalty/samples/00688.png 29
ucf/FieldHockeyPenalty/samples/00689.png 29
ucf/FieldHockeyPenalty/samples/00690.png 29
ucf/FieldHockeyPenalty/samples/00691.png 29
ucf/FieldHockeyPenalty/samples/00692.png 29
ucf/FieldHockeyPenalty/samples/00693.png 29
ucf/FieldHockeyPenalty/samples/00694.png 29
ucf/FieldHockeyPenalty/samples/00695.png 29
ucf/FieldHockeyPenalty/samples/00696.png 29
ucf/FieldHockeyPenalty/samples/00697.png 29
ucf/FieldHockeyPenalty/samples/00698.png 29
ucf/FieldHockeyPenalty/samples/00699.png 29
ucf/FieldHockeyPenalty/samples/00700.png 29
ucf/FieldHockeyPenalty/samples/00701.png 29
ucf/FieldHockeyPenalty/samples/00702.png 29
ucf/FieldHockeyPenalty/samples/00703.png 29
ucf/FieldHockeyPenalty/samples/00704.png 29
ucf/FieldHockeyPenalty/samples/00705.png 29
ucf/FieldHockeyPenalty/samples/00706.png 29
ucf/FieldHockeyPenalty/samples/00707.png 29
ucf/FieldHockeyPenalty/samples/00708.png 29
ucf/FieldHockeyPenalty/samples/00709.png 29
ucf/FieldHockeyPenalty/samples/00710.png 29
ucf/FieldHockeyPenalty/samples/00711.png 29
ucf/FieldHockeyPenalty/samples/00712.png 29
ucf/FieldHockeyPenalty/samples/00713.png 29
ucf/FieldHockeyPenalty/samples/00714.png 29
ucf/FieldHockeyPenalty/samples/00715.png 29
ucf/FieldHockeyPenalty/samples/00716.png 29
ucf/FieldHockeyPenalty/samples/00717.png 29
ucf/FieldHockeyPenalty/samples/00718.png 29
ucf/FieldHockeyPenalty/samples/00719.png 29
ucf/FieldHockeyPenalty/samples/00720.png 29
ucf/FieldHockeyPenalty/samples/00721.png 29
ucf/FieldHockeyPenalty/samples/00722.png 29
ucf/FieldHockeyPenalty/samples/00723.png 29
ucf/FieldHockeyPenalty/samples/00724.png 29
ucf/FieldHockeyPenalty/samples/00725.png 29
ucf/FieldHockeyPenalty/samples/00726.png 29
ucf/FieldHockeyPenalty/samples/00727.png 29
ucf/FieldHockeyPenalty/samples/00728.png 29
ucf/FieldHockeyPenalty/samples/00729.png 29
ucf/FieldHockeyPenalty/samples/00730.png 29
ucf/FieldHockeyPenalty/samples/00731.png 29
ucf/FieldHockeyPenalty/samples/00732.png 29
ucf/FieldHockeyPenalty/samples/00733.png 29
ucf/FieldHockeyPenalty/samples/00734.png 29
ucf/FieldHockeyPenalty/samples/00735.png 29
ucf/FieldHockeyPenalty/samples/00736.png 29
ucf/FieldHockeyPenalty/samples/00737.png 29
ucf/FieldHockeyPenalty/samples/00738.png 29
ucf/FieldHockeyPenalty/samples/00739.png 29
ucf/FieldHockeyPenalty/samples/00740.png 29
ucf/FieldHockeyPenalty/samples/00741.png 29
ucf/FieldHockeyPenalty/samples/00742.png 29
ucf/FieldHockeyPenalty/samples/00743.png 29
ucf/FieldHockeyPenalty/samples/00744.png 29
ucf/FieldHockeyPenalty/samples/00745.png 29
ucf/FieldHockeyPenalty/samples/00746.png 29
ucf/FieldHockeyPenalty/samples/00747.png 29
ucf/FieldHockeyPenalty/samples/00748.png 29
ucf/FieldHockeyPenalty/samples/00749.png 29
ucf/FieldHockeyPenalty/samples/00750.png 29
ucf/FieldHockeyPenalty/samples/00751.png 29
ucf/FieldHockeyPenalty/samples/00752.png 29
ucf/FieldHockeyPenalty/samples/00753.png 29
ucf/FieldHockeyPenalty/samples/00754.png 29
ucf/FieldHockeyPenalty/samples/00755.png 29
ucf/FieldHockeyPenalty/samples/00756.png 29
ucf/FieldHockeyPenalty/samples/00757.png 29
ucf/FieldHockeyPenalty/samples/00758.png 29
ucf/FieldHockeyPenalty/samples/00759.png 29
ucf/FieldHockeyPenalty/samples/00760.png 29
ucf/FieldHockeyPenalty/samples/00761.png 29
ucf/FieldHockeyPenalty/samples/00762.png 29
ucf/FieldHockeyPenalty/samples/00763.png 29
ucf/FieldHockeyPenalty/samples/00764.png 29
ucf/FieldHockeyPenalty/samples/00765.png 29
ucf/FieldHockeyPenalty/samples/00766.png 29
ucf/FieldHockeyPenalty/samples/00767.png 29
ucf/FieldHockeyPenalty/samples/00768.png 29
ucf/FieldHockeyPenalty/samples/00769.png 29
ucf/FieldHockeyPenalty/samples/00770.png 29
ucf/FieldHockeyPenalty/samples/00771.png 29
ucf/FieldHockeyPenalty/samples/00772.png 29
ucf/FieldHockeyPenalty/samples/00773.png 29
ucf/FieldHockeyPenalty/samples/00774.png 29
ucf/FieldHockeyPenalty/samples/00775.png 29
ucf/FieldHockeyPenalty/samples/00776.png 29
ucf/FieldHockeyPenalty/samples/00777.png 29
ucf/FieldHockeyPenalty/samples/00778.png 29
ucf/FieldHockeyPenalty/samples/00779.png 29
ucf/FieldHockeyPenalty/samples/00780.png 29
ucf/FieldHockeyPenalty/samples/00781.png 29
ucf/FieldHockeyPenalty/samples/00782.png 29
ucf/FieldHockeyPenalty/samples/00783.png 29
ucf/FieldHockeyPenalty/samples/00784.png 29
ucf/FieldHockeyPenalty/samples/00785.png 29
ucf/FieldHockeyPenalty/samples/00786.png 29
ucf/FieldHockeyPenalty/samples/00787.png 29
ucf/FieldHockeyPenalty/samples/00788.png 29
ucf/FieldHockeyPenalty/samples/00789.png 29
ucf/FieldHockeyPenalty/samples/00790.png 29
ucf/FieldHockeyPenalty/samples/00791.png 29
ucf/FieldHockeyPenalty/samples/00792.png 29
ucf/FieldHockeyPenalty/samples/00793.png 29
ucf/FieldHockeyPenalty/samples/00794.png 29
ucf/FieldHockeyPenalty/samples/00795.png 29
ucf/FieldHockeyPenalty/samples/00796.png 29
ucf/FieldHockeyPenalty/samples/00797.png 29
ucf/FieldHockeyPenalty/samples/00798.png 29
ucf/FieldHockeyPenalty/samples/00799.png 29
ucf/FieldHockeyPenalty/samples/00800.png 29
ucf/FieldHockeyPenalty/samples/00801.png 29
ucf/FieldHockeyPenalty/samples/00802.png 29
ucf/FieldHockeyPenalty/samples/00803.png 29
ucf/FieldHockeyPenalty/samples/00804.png 29
ucf/FieldHockeyPenalty/samples/00805.png 29
ucf/FieldHockeyPenalty/samples/00806.png 29
ucf/FieldHockeyPenalty/samples/00807.png 29
ucf/FieldHockeyPenalty/samples/00808.png 29
ucf/FieldHockeyPenalty/samples/00809.png 29
ucf/FieldHockeyPenalty/samples/00810.png 29
ucf/FieldHockeyPenalty/samples/00811.png 29
ucf/FieldHockeyPenalty/samples/00812.png 29
ucf/FieldHockeyPenalty/samples/00813.png 29
ucf/FieldHockeyPenalty/samples/00814.png 29
ucf/FieldHockeyPenalty/samples/00815.png 29
ucf/FieldHockeyPenalty/samples/00816.png 29
ucf/FieldHockeyPenalty/samples/00817.png 29
ucf/FieldHockeyPenalty/samples/00818.png 29
ucf/FieldHockeyPenalty/samples/00819.png 29
ucf/FieldHockeyPenalty/samples/00820.png 29
ucf/FieldHockeyPenalty/samples/00821.png 29
ucf/FieldHockeyPenalty/samples/00822.png 29
ucf/FieldHockeyPenalty/samples/00823.png 29
ucf/FieldHockeyPenalty/samples/00824.png 29
ucf/FieldHockeyPenalty/samples/00825.png 29
ucf/FieldHockeyPenalty/samples/00826.png 29
ucf/FieldHockeyPenalty/samples/00827.png 29
ucf/FieldHockeyPenalty/samples/00828.png 29
ucf/FieldHockeyPenalty/samples/00829.png 29
ucf/FieldHockeyPenalty/samples/00830.png 29
ucf/FieldHockeyPenalty/samples/00831.png 29
ucf/FieldHockeyPenalty/samples/00832.png 29
ucf/FieldHockeyPenalty/samples/00833.png 29
ucf/FieldHockeyPenalty/samples/00834.png 29
ucf/FieldHockeyPenalty/samples/00835.png 29
ucf/FieldHockeyPenalty/samples/00836.png 29
ucf/FieldHockeyPenalty/samples/00837.png 29
ucf/FieldHockeyPenalty/samples/00838.png 29
ucf/FieldHockeyPenalty/samples/00839.png 29
ucf/FieldHockeyPenalty/samples/00840.png 29
ucf/FieldHockeyPenalty/samples/00841.png 29
ucf/FieldHockeyPenalty/samples/00842.png 29
ucf/FieldHockeyPenalty/samples/00843.png 29
ucf/FieldHockeyPenalty/samples/00844.png 29
ucf/FieldHockeyPenalty/samples/00845.png 29
ucf/FieldHockeyPenalty/samples/00846.png 29
ucf/FieldHockeyPenalty/samples/00847.png 29
ucf/FieldHockeyPenalty/samples/00848.png 29
ucf/FieldHockeyPenalty/samples/00849.png 29
ucf/FieldHockeyPenalty/samples/00850.png 29
ucf/FieldHockeyPenalty/samples/00851.png 29
ucf/FieldHockeyPenalty/samples/00852.png 29
ucf/FieldHockeyPenalty/samples/00853.png 29
ucf/FieldHockeyPenalty/samples/00854.png 29
ucf/FieldHockeyPenalty/samples/00855.png 29
ucf/FieldHockeyPenalty/samples/00856.png 29
ucf/FieldHockeyPenalty/samples/00857.png 29
ucf/FieldHockeyPenalty/samples/00858.png 29
ucf/FieldHockeyPenalty/samples/00859.png 29
ucf/FieldHockeyPenalty/samples/00860.png 29
ucf/FieldHockeyPenalty/samples/00861.png 29
ucf/FieldHockeyPenalty/samples/00862.png 29
ucf/FieldHockeyPenalty/samples/00863.png 29
ucf/FieldHockeyPenalty/samples/00864.png 29
ucf/FieldHockeyPenalty/samples/00865.png 29
ucf/FieldHockeyPenalty/samples/00866.png 29
ucf/FieldHockeyPenalty/samples/00867.png 29
ucf/FieldHockeyPenalty/samples/00868.png 29
ucf/FieldHockeyPenalty/samples/00869.png 29
ucf/FieldHockeyPenalty/samples/00870.png 29
ucf/FieldHockeyPenalty/samples/00871.png 29
ucf/FieldHockeyPenalty/samples/00872.png 29
ucf/FieldHockeyPenalty/samples/00873.png 29
ucf/FieldHockeyPenalty/samples/00874.png 29
ucf/FieldHockeyPenalty/samples/00875.png 29
ucf/FieldHockeyPenalty/samples/00876.png 29
ucf/FieldHockeyPenalty/samples/00877.png 29
ucf/FieldHockeyPenalty/samples/00878.png 29
ucf/FieldHockeyPenalty/samples/00879.png 29
ucf/FieldHockeyPenalty/samples/00880.png 29
ucf/FieldHockeyPenalty/samples/00881.png 29
ucf/FieldHockeyPenalty/samples/00882.png 29
ucf/FieldHockeyPenalty/samples/00883.png 29
ucf/FieldHockeyPenalty/samples/00884.png 29
ucf/FieldHockeyPenalty/samples/00885.png 29
ucf/FieldHockeyPenalty/samples/00886.png 29
ucf/FieldHockeyPenalty/samples/00887.png 29
ucf/FieldHockeyPenalty/samples/00888.png 29
ucf/FieldHockeyPenalty/samples/00889.png 29
ucf/FieldHockeyPenalty/samples/00890.png 29
ucf/FieldHockeyPenalty/samples/00891.png 29
ucf/FieldHockeyPenalty/samples/00892.png 29
ucf/FieldHockeyPenalty/samples/00893.png 29
ucf/FieldHockeyPenalty/samples/00894.png 29
ucf/FieldHockeyPenalty/samples/00895.png 29
ucf/FieldHockeyPenalty/samples/00896.png 29
ucf/FieldHockeyPenalty/samples/00897.png 29
ucf/FieldHockeyPenalty/samples/00898.png 29
ucf/FieldHockeyPenalty/samples/00899.png 29
ucf/FieldHockeyPenalty/samples/00900.png 29
ucf/FieldHockeyPenalty/samples/00901.png 29
ucf/FieldHockeyPenalty/samples/00902.png 29
ucf/FieldHockeyPenalty/samples/00903.png 29
ucf/FieldHockeyPenalty/samples/00904.png 29
ucf/FieldHockeyPenalty/samples/00905.png 29
ucf/FieldHockeyPenalty/samples/00906.png 29
ucf/FieldHockeyPenalty/samples/00907.png 29
ucf/FieldHockeyPenalty/samples/00908.png 29
ucf/FieldHockeyPenalty/samples/00909.png 29
ucf/FieldHockeyPenalty/samples/00910.png 29
ucf/FieldHockeyPenalty/samples/00911.png 29
ucf/FieldHockeyPenalty/samples/00912.png 29
ucf/FieldHockeyPenalty/samples/00913.png 29
ucf/FieldHockeyPenalty/samples/00914.png 29
ucf/FieldHockeyPenalty/samples/00915.png 29
ucf/FieldHockeyPenalty/samples/00916.png 29
ucf/FieldHockeyPenalty/samples/00917.png 29
ucf/FieldHockeyPenalty/samples/00918.png 29
ucf/FieldHockeyPenalty/samples/00919.png 29
ucf/FieldHockeyPenalty/samples/00920.png 29
ucf/FieldHockeyPenalty/samples/00921.png 29
ucf/FieldHockeyPenalty/samples/00922.png 29
ucf/FieldHockeyPenalty/samples/00923.png 29
ucf/FieldHockeyPenalty/samples/00924.png 29
ucf/FieldHockeyPenalty/samples/00925.png 29
ucf/FieldHockeyPenalty/samples/00926.png 29
ucf/FieldHockeyPenalty/samples/00927.png 29
ucf/FieldHockeyPenalty/samples/00928.png 29
ucf/FieldHockeyPenalty/samples/00929.png 29
ucf/FieldHockeyPenalty/samples/00930.png 29
ucf/FieldHockeyPenalty/samples/00931.png 29
ucf/FieldHockeyPenalty/samples/00932.png 29
ucf/FieldHockeyPenalty/samples/00933.png 29
ucf/FieldHockeyPenalty/samples/00934.png 29
ucf/FieldHockeyPenalty/samples/00935.png 29
ucf/FieldHockeyPenalty/samples/00936.png 29
ucf/FieldHockeyPenalty/samples/00937.png 29
ucf/FieldHockeyPenalty/samples/00938.png 29
ucf/FieldHockeyPenalty/samples/00939.png 29
ucf/FieldHockeyPenalty/samples/00940.png 29
ucf/FieldHockeyPenalty/samples/00941.png 29
ucf/FieldHockeyPenalty/samples/00942.png 29
ucf/FieldHockeyPenalty/samples/00943.png 29
ucf/FieldHockeyPenalty/samples/00944.png 29
ucf/FieldHockeyPenalty/samples/00945.png 29
ucf/FieldHockeyPenalty/samples/00946.png 29
ucf/FieldHockeyPenalty/samples/00947.png 29
ucf/FieldHockeyPenalty/samples/00948.png 29
ucf/FieldHockeyPenalty/samples/00949.png 29
ucf/FieldHockeyPenalty/samples/00950.png 29
ucf/FieldHockeyPenalty/samples/00951.png 29
ucf/FieldHockeyPenalty/samples/00952.png 29
ucf/FieldHockeyPenalty/samples/00953.png 29
ucf/FieldHockeyPenalty/samples/00954.png 29
ucf/FieldHockeyPenalty/samples/00955.png 29
ucf/FieldHockeyPenalty/samples/00956.png 29
ucf/FieldHockeyPenalty/samples/00957.png 29
ucf/FieldHockeyPenalty/samples/00958.png 29
ucf/FieldHockeyPenalty/samples/00959.png 29
ucf/FieldHockeyPenalty/samples/00960.png 29
ucf/FieldHockeyPenalty/samples/00961.png 29
ucf/FieldHockeyPenalty/samples/00962.png 29
ucf/FieldHockeyPenalty/samples/00963.png 29
ucf/FieldHockeyPenalty/samples/00964.png 29
ucf/FieldHockeyPenalty/samples/00965.png 29
ucf/FieldHockeyPenalty/samples/00966.png 29
ucf/FieldHockeyPenalty/samples/00967.png 29
ucf/FieldHockeyPenalty/samples/00968.png 29
ucf/FieldHockeyPenalty/samples/00969.png 29
ucf/FieldHockeyPenalty/samples/00970.png 29
ucf/FieldHockeyPenalty/samples/00971.png 29
ucf/FieldHockeyPenalty/samples/00972.png 29
ucf/FieldHockeyPenalty/samples/00973.png 29
ucf/FieldHockeyPenalty/samples/00974.png 29
ucf/FieldHockeyPenalty/samples/00975.png 29
ucf/FieldHockeyPenalty/samples/00976.png 29
ucf/FieldHockeyPenalty/samples/00977.png 29
ucf/FieldHockeyPenalty/samples/00978.png 29
ucf/FieldHockeyPenalty/samples/00979.png 29
ucf/FieldHockeyPenalty/samples/00980.png 29
ucf/FieldHockeyPenalty/samples/00981.png 29
ucf/FieldHockeyPenalty/samples/00982.png 29
ucf/FieldHockeyPenalty/samples/00983.png 29
ucf/FieldHockeyPenalty/samples/00984.png 29
ucf/FieldHockeyPenalty/samples/00985.png 29
ucf/FieldHockeyPenalty/samples/00986.png 29
ucf/FieldHockeyPenalty/samples/00987.png 29
ucf/FieldHockeyPenalty/samples/00988.png 29
ucf/FieldHockeyPenalty/samples/00989.png 29
ucf/FieldHockeyPenalty/samples/00990.png 29
ucf/FieldHockeyPenalty/samples/00991.png 29
ucf/FieldHockeyPenalty/samples/00992.png 29
ucf/FieldHockeyPenalty/samples/00993.png 29
ucf/FieldHockeyPenalty/samples/00994.png 29
ucf/FieldHockeyPenalty/samples/00995.png 29
ucf/FieldHockeyPenalty/samples/00996.png 29
ucf/FieldHockeyPenalty/samples/00997.png 29
ucf/FieldHockeyPenalty/samples/00998.png 29
ucf/FieldHockeyPenalty/samples/00999.png 29
ucf/RockClimbingIndoor/samples/00000.png 74
ucf/RockClimbingIndoor/samples/00001.png 74
ucf/RockClimbingIndoor/samples/00002.png 74
ucf/RockClimbingIndoor/samples/00003.png 74
ucf/RockClimbingIndoor/samples/00004.png 74
ucf/RockClimbingIndoor/samples/00005.png 74
ucf/RockClimbingIndoor/samples/00006.png 74
ucf/RockClimbingIndoor/samples/00007.png 74
ucf/RockClimbingIndoor/samples/00008.png 74
ucf/RockClimbingIndoor/samples/00009.png 74
ucf/RockClimbingIndoor/samples/00010.png 74
ucf/RockClimbingIndoor/samples/00011.png 74
ucf/RockClimbingIndoor/samples/00012.png 74
ucf/RockClimbingIndoor/samples/00013.png 74
ucf/RockClimbingIndoor/samples/00014.png 74
ucf/RockClimbingIndoor/samples/00015.png 74
ucf/RockClimbingIndoor/samples/00016.png 74
ucf/RockClimbingIndoor/samples/00017.png 74
ucf/RockClimbingIndoor/samples/00018.png 74
ucf/RockClimbingIndoor/samples/00019.png 74
ucf/RockClimbingIndoor/samples/00020.png 74
ucf/RockClimbingIndoor/samples/00021.png 74
ucf/RockClimbingIndoor/samples/00022.png 74
ucf/RockClimbingIndoor/samples/00023.png 74
ucf/RockClimbingIndoor/samples/00024.png 74
ucf/RockClimbingIndoor/samples/00025.png 74
ucf/RockClimbingIndoor/samples/00026.png 74
ucf/RockClimbingIndoor/samples/00027.png 74
ucf/RockClimbingIndoor/samples/00028.png 74
ucf/RockClimbingIndoor/samples/00029.png 74
ucf/RockClimbingIndoor/samples/00030.png 74
ucf/RockClimbingIndoor/samples/00031.png 74
ucf/RockClimbingIndoor/samples/00032.png 74
ucf/RockClimbingIndoor/samples/00033.png 74
ucf/RockClimbingIndoor/samples/00034.png 74
ucf/RockClimbingIndoor/samples/00035.png 74
ucf/RockClimbingIndoor/samples/00036.png 74
ucf/RockClimbingIndoor/samples/00037.png 74
ucf/RockClimbingIndoor/samples/00038.png 74
ucf/RockClimbingIndoor/samples/00039.png 74
ucf/RockClimbingIndoor/samples/00040.png 74
ucf/RockClimbingIndoor/samples/00041.png 74
ucf/RockClimbingIndoor/samples/00042.png 74
ucf/RockClimbingIndoor/samples/00043.png 74
ucf/RockClimbingIndoor/samples/00044.png 74
ucf/RockClimbingIndoor/samples/00045.png 74
ucf/RockClimbingIndoor/samples/00046.png 74
ucf/RockClimbingIndoor/samples/00047.png 74
ucf/RockClimbingIndoor/samples/00048.png 74
ucf/RockClimbingIndoor/samples/00049.png 74
ucf/RockClimbingIndoor/samples/00050.png 74
ucf/RockClimbingIndoor/samples/00051.png 74
ucf/RockClimbingIndoor/samples/00052.png 74
ucf/RockClimbingIndoor/samples/00053.png 74
ucf/RockClimbingIndoor/samples/00054.png 74
ucf/RockClimbingIndoor/samples/00055.png 74
ucf/RockClimbingIndoor/samples/00056.png 74
ucf/RockClimbingIndoor/samples/00057.png 74
ucf/RockClimbingIndoor/samples/00058.png 74
ucf/RockClimbingIndoor/samples/00059.png 74
ucf/RockClimbingIndoor/samples/00060.png 74
ucf/RockClimbingIndoor/samples/00061.png 74
ucf/RockClimbingIndoor/samples/00062.png 74
ucf/RockClimbingIndoor/samples/00063.png 74
ucf/RockClimbingIndoor/samples/00064.png 74
ucf/RockClimbingIndoor/samples/00065.png 74
ucf/RockClimbingIndoor/samples/00066.png 74
ucf/RockClimbingIndoor/samples/00067.png 74
ucf/RockClimbingIndoor/samples/00068.png 74
ucf/RockClimbingIndoor/samples/00069.png 74
ucf/RockClimbingIndoor/samples/00070.png 74
ucf/RockClimbingIndoor/samples/00071.png 74
ucf/RockClimbingIndoor/samples/00072.png 74
ucf/RockClimbingIndoor/samples/00073.png 74
ucf/RockClimbingIndoor/samples/00074.png 74
ucf/RockClimbingIndoor/samples/00075.png 74
ucf/RockClimbingIndoor/samples/00076.png 74
ucf/RockClimbingIndoor/samples/00077.png 74
ucf/RockClimbingIndoor/samples/00078.png 74
ucf/RockClimbingIndoor/samples/00079.png 74
ucf/RockClimbingIndoor/samples/00080.png 74
ucf/RockClimbingIndoor/samples/00081.png 74
ucf/RockClimbingIndoor/samples/00082.png 74
ucf/RockClimbingIndoor/samples/00083.png 74
ucf/RockClimbingIndoor/samples/00084.png 74
ucf/RockClimbingIndoor/samples/00085.png 74
ucf/RockClimbingIndoor/samples/00086.png 74
ucf/RockClimbingIndoor/samples/00087.png 74
ucf/RockClimbingIndoor/samples/00088.png 74
ucf/RockClimbingIndoor/samples/00089.png 74
ucf/RockClimbingIndoor/samples/00090.png 74
ucf/RockClimbingIndoor/samples/00091.png 74
ucf/RockClimbingIndoor/samples/00092.png 74
ucf/RockClimbingIndoor/samples/00093.png 74
ucf/RockClimbingIndoor/samples/00094.png 74
ucf/RockClimbingIndoor/samples/00095.png 74
ucf/RockClimbingIndoor/samples/00096.png 74
ucf/RockClimbingIndoor/samples/00097.png 74
ucf/RockClimbingIndoor/samples/00098.png 74
ucf/RockClimbingIndoor/samples/00099.png 74
ucf/RockClimbingIndoor/samples/00100.png 74
ucf/RockClimbingIndoor/samples/00101.png 74
ucf/RockClimbingIndoor/samples/00102.png 74
ucf/RockClimbingIndoor/samples/00103.png 74
ucf/RockClimbingIndoor/samples/00104.png 74
ucf/RockClimbingIndoor/samples/00105.png 74
ucf/RockClimbingIndoor/samples/00106.png 74
ucf/RockClimbingIndoor/samples/00107.png 74
ucf/RockClimbingIndoor/samples/00108.png 74
ucf/RockClimbingIndoor/samples/00109.png 74
ucf/RockClimbingIndoor/samples/00110.png 74
ucf/RockClimbingIndoor/samples/00111.png 74
ucf/RockClimbingIndoor/samples/00112.png 74
ucf/RockClimbingIndoor/samples/00113.png 74
ucf/RockClimbingIndoor/samples/00114.png 74
ucf/RockClimbingIndoor/samples/00115.png 74
ucf/RockClimbingIndoor/samples/00116.png 74
ucf/RockClimbingIndoor/samples/00117.png 74
ucf/RockClimbingIndoor/samples/00118.png 74
ucf/RockClimbingIndoor/samples/00119.png 74
ucf/RockClimbingIndoor/samples/00120.png 74
ucf/RockClimbingIndoor/samples/00121.png 74
ucf/RockClimbingIndoor/samples/00122.png 74
ucf/RockClimbingIndoor/samples/00123.png 74
ucf/RockClimbingIndoor/samples/00124.png 74
ucf/RockClimbingIndoor/samples/00125.png 74
ucf/RockClimbingIndoor/samples/00126.png 74
ucf/RockClimbingIndoor/samples/00127.png 74
ucf/RockClimbingIndoor/samples/00128.png 74
ucf/RockClimbingIndoor/samples/00129.png 74
ucf/RockClimbingIndoor/samples/00130.png 74
ucf/RockClimbingIndoor/samples/00131.png 74
ucf/RockClimbingIndoor/samples/00132.png 74
ucf/RockClimbingIndoor/samples/00133.png 74
ucf/RockClimbingIndoor/samples/00134.png 74
ucf/RockClimbingIndoor/samples/00135.png 74
ucf/RockClimbingIndoor/samples/00136.png 74
ucf/RockClimbingIndoor/samples/00137.png 74
ucf/RockClimbingIndoor/samples/00138.png 74
ucf/RockClimbingIndoor/samples/00139.png 74
ucf/RockClimbingIndoor/samples/00140.png 74
ucf/RockClimbingIndoor/samples/00141.png 74
ucf/RockClimbingIndoor/samples/00142.png 74
ucf/RockClimbingIndoor/samples/00143.png 74
ucf/RockClimbingIndoor/samples/00144.png 74
ucf/RockClimbingIndoor/samples/00145.png 74
ucf/RockClimbingIndoor/samples/00146.png 74
ucf/RockClimbingIndoor/samples/00147.png 74
ucf/RockClimbingIndoor/samples/00148.png 74
ucf/RockClimbingIndoor/samples/00149.png 74
ucf/RockClimbingIndoor/samples/00150.png 74
ucf/RockClimbingIndoor/samples/00151.png 74
ucf/RockClimbingIndoor/samples/00152.png 74
ucf/RockClimbingIndoor/samples/00153.png 74
ucf/RockClimbingIndoor/samples/00154.png 74
ucf/RockClimbingIndoor/samples/00155.png 74
ucf/RockClimbingIndoor/samples/00156.png 74
ucf/RockClimbingIndoor/samples/00157.png 74
ucf/RockClimbingIndoor/samples/00158.png 74
ucf/RockClimbingIndoor/samples/00159.png 74
ucf/RockClimbingIndoor/samples/00160.png 74
ucf/RockClimbingIndoor/samples/00161.png 74
ucf/RockClimbingIndoor/samples/00162.png 74
ucf/RockClimbingIndoor/samples/00163.png 74
ucf/RockClimbingIndoor/samples/00164.png 74
ucf/RockClimbingIndoor/samples/00165.png 74
ucf/RockClimbingIndoor/samples/00166.png 74
ucf/RockClimbingIndoor/samples/00167.png 74
ucf/RockClimbingIndoor/samples/00168.png 74
ucf/RockClimbingIndoor/samples/00169.png 74
ucf/RockClimbingIndoor/samples/00170.png 74
ucf/RockClimbingIndoor/samples/00171.png 74
ucf/RockClimbingIndoor/samples/00172.png 74
ucf/RockClimbingIndoor/samples/00173.png 74
ucf/RockClimbingIndoor/samples/00174.png 74
ucf/RockClimbingIndoor/samples/00175.png 74
ucf/RockClimbingIndoor/samples/00176.png 74
ucf/RockClimbingIndoor/samples/00177.png 74
ucf/RockClimbingIndoor/samples/00178.png 74
ucf/RockClimbingIndoor/samples/00179.png 74
ucf/RockClimbingIndoor/samples/00180.png 74
ucf/RockClimbingIndoor/samples/00181.png 74
ucf/RockClimbingIndoor/samples/00182.png 74
ucf/RockClimbingIndoor/samples/00183.png 74
ucf/RockClimbingIndoor/samples/00184.png 74
ucf/RockClimbingIndoor/samples/00185.png 74
ucf/RockClimbingIndoor/samples/00186.png 74
ucf/RockClimbingIndoor/samples/00187.png 74
ucf/RockClimbingIndoor/samples/00188.png 74
ucf/RockClimbingIndoor/samples/00189.png 74
ucf/RockClimbingIndoor/samples/00190.png 74
ucf/RockClimbingIndoor/samples/00191.png 74
ucf/RockClimbingIndoor/samples/00192.png 74
ucf/RockClimbingIndoor/samples/00193.png 74
ucf/RockClimbingIndoor/samples/00194.png 74
ucf/RockClimbingIndoor/samples/00195.png 74
ucf/RockClimbingIndoor/samples/00196.png 74
ucf/RockClimbingIndoor/samples/00197.png 74
ucf/RockClimbingIndoor/samples/00198.png 74
ucf/RockClimbingIndoor/samples/00199.png 74
ucf/RockClimbingIndoor/samples/00200.png 74
ucf/RockClimbingIndoor/samples/00201.png 74
ucf/RockClimbingIndoor/samples/00202.png 74
ucf/RockClimbingIndoor/samples/00203.png 74
ucf/RockClimbingIndoor/samples/00204.png 74
ucf/RockClimbingIndoor/samples/00205.png 74
ucf/RockClimbingIndoor/samples/00206.png 74
ucf/RockClimbingIndoor/samples/00207.png 74
ucf/RockClimbingIndoor/samples/00208.png 74
ucf/RockClimbingIndoor/samples/00209.png 74
ucf/RockClimbingIndoor/samples/00210.png 74
ucf/RockClimbingIndoor/samples/00211.png 74
ucf/RockClimbingIndoor/samples/00212.png 74
ucf/RockClimbingIndoor/samples/00213.png 74
ucf/RockClimbingIndoor/samples/00214.png 74
ucf/RockClimbingIndoor/samples/00215.png 74
ucf/RockClimbingIndoor/samples/00216.png 74
ucf/RockClimbingIndoor/samples/00217.png 74
ucf/RockClimbingIndoor/samples/00218.png 74
ucf/RockClimbingIndoor/samples/00219.png 74
ucf/RockClimbingIndoor/samples/00220.png 74
ucf/RockClimbingIndoor/samples/00221.png 74
ucf/RockClimbingIndoor/samples/00222.png 74
ucf/RockClimbingIndoor/samples/00223.png 74
ucf/RockClimbingIndoor/samples/00224.png 74
ucf/RockClimbingIndoor/samples/00225.png 74
ucf/RockClimbingIndoor/samples/00226.png 74
ucf/RockClimbingIndoor/samples/00227.png 74
ucf/RockClimbingIndoor/samples/00228.png 74
ucf/RockClimbingIndoor/samples/00229.png 74
ucf/RockClimbingIndoor/samples/00230.png 74
ucf/RockClimbingIndoor/samples/00231.png 74
ucf/RockClimbingIndoor/samples/00232.png 74
ucf/RockClimbingIndoor/samples/00233.png 74
ucf/RockClimbingIndoor/samples/00234.png 74
ucf/RockClimbingIndoor/samples/00235.png 74
ucf/RockClimbingIndoor/samples/00236.png 74
ucf/RockClimbingIndoor/samples/00237.png 74
ucf/RockClimbingIndoor/samples/00238.png 74
ucf/RockClimbingIndoor/samples/00239.png 74
ucf/RockClimbingIndoor/samples/00240.png 74
ucf/RockClimbingIndoor/samples/00241.png 74
ucf/RockClimbingIndoor/samples/00242.png 74
ucf/RockClimbingIndoor/samples/00243.png 74
ucf/RockClimbingIndoor/samples/00244.png 74
ucf/RockClimbingIndoor/samples/00245.png 74
ucf/RockClimbingIndoor/samples/00246.png 74
ucf/RockClimbingIndoor/samples/00247.png 74
ucf/RockClimbingIndoor/samples/00248.png 74
ucf/RockClimbingIndoor/samples/00249.png 74
ucf/RockClimbingIndoor/samples/00250.png 74
ucf/RockClimbingIndoor/samples/00251.png 74
ucf/RockClimbingIndoor/samples/00252.png 74
ucf/RockClimbingIndoor/samples/00253.png 74
ucf/RockClimbingIndoor/samples/00254.png 74
ucf/RockClimbingIndoor/samples/00255.png 74
ucf/RockClimbingIndoor/samples/00256.png 74
ucf/RockClimbingIndoor/samples/00257.png 74
ucf/RockClimbingIndoor/samples/00258.png 74
ucf/RockClimbingIndoor/samples/00259.png 74
ucf/RockClimbingIndoor/samples/00260.png 74
ucf/RockClimbingIndoor/samples/00261.png 74
ucf/RockClimbingIndoor/samples/00262.png 74
ucf/RockClimbingIndoor/samples/00263.png 74
ucf/RockClimbingIndoor/samples/00264.png 74
ucf/RockClimbingIndoor/samples/00265.png 74
ucf/RockClimbingIndoor/samples/00266.png 74
ucf/RockClimbingIndoor/samples/00267.png 74
ucf/RockClimbingIndoor/samples/00268.png 74
ucf/RockClimbingIndoor/samples/00269.png 74
ucf/RockClimbingIndoor/samples/00270.png 74
ucf/RockClimbingIndoor/samples/00271.png 74
ucf/RockClimbingIndoor/samples/00272.png 74
ucf/RockClimbingIndoor/samples/00273.png 74
ucf/RockClimbingIndoor/samples/00274.png 74
ucf/RockClimbingIndoor/samples/00275.png 74
ucf/RockClimbingIndoor/samples/00276.png 74
ucf/RockClimbingIndoor/samples/00277.png 74
ucf/RockClimbingIndoor/samples/00278.png 74
ucf/RockClimbingIndoor/samples/00279.png 74
ucf/RockClimbingIndoor/samples/00280.png 74
ucf/RockClimbingIndoor/samples/00281.png 74
ucf/RockClimbingIndoor/samples/00282.png 74
ucf/RockClimbingIndoor/samples/00283.png 74
ucf/RockClimbingIndoor/samples/00284.png 74
ucf/RockClimbingIndoor/samples/00285.png 74
ucf/RockClimbingIndoor/samples/00286.png 74
ucf/RockClimbingIndoor/samples/00287.png 74
ucf/RockClimbingIndoor/samples/00288.png 74
ucf/RockClimbingIndoor/samples/00289.png 74
ucf/RockClimbingIndoor/samples/00290.png 74
ucf/RockClimbingIndoor/samples/00291.png 74
ucf/RockClimbingIndoor/samples/00292.png 74
ucf/RockClimbingIndoor/samples/00293.png 74
ucf/RockClimbingIndoor/samples/00294.png 74
ucf/RockClimbingIndoor/samples/00295.png 74
ucf/RockClimbingIndoor/samples/00296.png 74
ucf/RockClimbingIndoor/samples/00297.png 74
ucf/RockClimbingIndoor/samples/00298.png 74
ucf/RockClimbingIndoor/samples/00299.png 74
ucf/RockClimbingIndoor/samples/00300.png 74
ucf/RockClimbingIndoor/samples/00301.png 74
ucf/RockClimbingIndoor/samples/00302.png 74
ucf/RockClimbingIndoor/samples/00303.png 74
ucf/RockClimbingIndoor/samples/00304.png 74
ucf/RockClimbingIndoor/samples/00305.png 74
ucf/RockClimbingIndoor/samples/00306.png 74
ucf/RockClimbingIndoor/samples/00307.png 74
ucf/RockClimbingIndoor/samples/00308.png 74
ucf/RockClimbingIndoor/samples/00309.png 74
ucf/RockClimbingIndoor/samples/00310.png 74
ucf/RockClimbingIndoor/samples/00311.png 74
ucf/RockClimbingIndoor/samples/00312.png 74
ucf/RockClimbingIndoor/samples/00313.png 74
ucf/RockClimbingIndoor/samples/00314.png 74
ucf/RockClimbingIndoor/samples/00315.png 74
ucf/RockClimbingIndoor/samples/00316.png 74
ucf/RockClimbingIndoor/samples/00317.png 74
ucf/RockClimbingIndoor/samples/00318.png 74
ucf/RockClimbingIndoor/samples/00319.png 74
ucf/RockClimbingIndoor/samples/00320.png 74
ucf/RockClimbingIndoor/samples/00321.png 74
ucf/RockClimbingIndoor/samples/00322.png 74
ucf/RockClimbingIndoor/samples/00323.png 74
ucf/RockClimbingIndoor/samples/00324.png 74
ucf/RockClimbingIndoor/samples/00325.png 74
ucf/RockClimbingIndoor/samples/00326.png 74
ucf/RockClimbingIndoor/samples/00327.png 74
ucf/RockClimbingIndoor/samples/00328.png 74
ucf/RockClimbingIndoor/samples/00329.png 74
ucf/RockClimbingIndoor/samples/00330.png 74
ucf/RockClimbingIndoor/samples/00331.png 74
ucf/RockClimbingIndoor/samples/00332.png 74
ucf/RockClimbingIndoor/samples/00333.png 74
ucf/RockClimbingIndoor/samples/00334.png 74
ucf/RockClimbingIndoor/samples/00335.png 74
ucf/RockClimbingIndoor/samples/00336.png 74
ucf/RockClimbingIndoor/samples/00337.png 74
ucf/RockClimbingIndoor/samples/00338.png 74
ucf/RockClimbingIndoor/samples/00339.png 74
ucf/RockClimbingIndoor/samples/00340.png 74
ucf/RockClimbingIndoor/samples/00341.png 74
ucf/RockClimbingIndoor/samples/00342.png 74
ucf/RockClimbingIndoor/samples/00343.png 74
ucf/RockClimbingIndoor/samples/00344.png 74
ucf/RockClimbingIndoor/samples/00345.png 74
ucf/RockClimbingIndoor/samples/00346.png 74
ucf/RockClimbingIndoor/samples/00347.png 74
ucf/RockClimbingIndoor/samples/00348.png 74
ucf/RockClimbingIndoor/samples/00349.png 74
ucf/RockClimbingIndoor/samples/00350.png 74
ucf/RockClimbingIndoor/samples/00351.png 74
ucf/RockClimbingIndoor/samples/00352.png 74
ucf/RockClimbingIndoor/samples/00353.png 74
ucf/RockClimbingIndoor/samples/00354.png 74
ucf/RockClimbingIndoor/samples/00355.png 74
ucf/RockClimbingIndoor/samples/00356.png 74
ucf/RockClimbingIndoor/samples/00357.png 74
ucf/RockClimbingIndoor/samples/00358.png 74
ucf/RockClimbingIndoor/samples/00359.png 74
ucf/RockClimbingIndoor/samples/00360.png 74
ucf/RockClimbingIndoor/samples/00361.png 74
ucf/RockClimbingIndoor/samples/00362.png 74
ucf/RockClimbingIndoor/samples/00363.png 74
ucf/RockClimbingIndoor/samples/00364.png 74
ucf/RockClimbingIndoor/samples/00365.png 74
ucf/RockClimbingIndoor/samples/00366.png 74
ucf/RockClimbingIndoor/samples/00367.png 74
ucf/RockClimbingIndoor/samples/00368.png 74
ucf/RockClimbingIndoor/samples/00369.png 74
ucf/RockClimbingIndoor/samples/00370.png 74
ucf/RockClimbingIndoor/samples/00371.png 74
ucf/RockClimbingIndoor/samples/00372.png 74
ucf/RockClimbingIndoor/samples/00373.png 74
ucf/RockClimbingIndoor/samples/00374.png 74
ucf/RockClimbingIndoor/samples/00375.png 74
ucf/RockClimbingIndoor/samples/00376.png 74
ucf/RockClimbingIndoor/samples/00377.png 74
ucf/RockClimbingIndoor/samples/00378.png 74
ucf/RockClimbingIndoor/samples/00379.png 74
ucf/RockClimbingIndoor/samples/00380.png 74
ucf/RockClimbingIndoor/samples/00381.png 74
ucf/RockClimbingIndoor/samples/00382.png 74
ucf/RockClimbingIndoor/samples/00383.png 74
ucf/RockClimbingIndoor/samples/00384.png 74
ucf/RockClimbingIndoor/samples/00385.png 74
ucf/RockClimbingIndoor/samples/00386.png 74
ucf/RockClimbingIndoor/samples/00387.png 74
ucf/RockClimbingIndoor/samples/00388.png 74
ucf/RockClimbingIndoor/samples/00389.png 74
ucf/RockClimbingIndoor/samples/00390.png 74
ucf/RockClimbingIndoor/samples/00391.png 74
ucf/RockClimbingIndoor/samples/00392.png 74
ucf/RockClimbingIndoor/samples/00393.png 74
ucf/RockClimbingIndoor/samples/00394.png 74
ucf/RockClimbingIndoor/samples/00395.png 74
ucf/RockClimbingIndoor/samples/00396.png 74
ucf/RockClimbingIndoor/samples/00397.png 74
ucf/RockClimbingIndoor/samples/00398.png 74
ucf/RockClimbingIndoor/samples/00399.png 74
ucf/RockClimbingIndoor/samples/00400.png 74
ucf/RockClimbingIndoor/samples/00401.png 74
ucf/RockClimbingIndoor/samples/00402.png 74
ucf/RockClimbingIndoor/samples/00403.png 74
ucf/RockClimbingIndoor/samples/00404.png 74
ucf/RockClimbingIndoor/samples/00405.png 74
ucf/RockClimbingIndoor/samples/00406.png 74
ucf/RockClimbingIndoor/samples/00407.png 74
ucf/RockClimbingIndoor/samples/00408.png 74
ucf/RockClimbingIndoor/samples/00409.png 74
ucf/RockClimbingIndoor/samples/00410.png 74
ucf/RockClimbingIndoor/samples/00411.png 74
ucf/RockClimbingIndoor/samples/00412.png 74
ucf/RockClimbingIndoor/samples/00413.png 74
ucf/RockClimbingIndoor/samples/00414.png 74
ucf/RockClimbingIndoor/samples/00415.png 74
ucf/RockClimbingIndoor/samples/00416.png 74
ucf/RockClimbingIndoor/samples/00417.png 74
ucf/RockClimbingIndoor/samples/00418.png 74
ucf/RockClimbingIndoor/samples/00419.png 74
ucf/RockClimbingIndoor/samples/00420.png 74
ucf/RockClimbingIndoor/samples/00421.png 74
ucf/RockClimbingIndoor/samples/00422.png 74
ucf/RockClimbingIndoor/samples/00423.png 74
ucf/RockClimbingIndoor/samples/00424.png 74
ucf/RockClimbingIndoor/samples/00425.png 74
ucf/RockClimbingIndoor/samples/00426.png 74
ucf/RockClimbingIndoor/samples/00427.png 74
ucf/RockClimbingIndoor/samples/00428.png 74
ucf/RockClimbingIndoor/samples/00429.png 74
ucf/RockClimbingIndoor/samples/00430.png 74
ucf/RockClimbingIndoor/samples/00431.png 74
ucf/RockClimbingIndoor/samples/00432.png 74
ucf/RockClimbingIndoor/samples/00433.png 74
ucf/RockClimbingIndoor/samples/00434.png 74
ucf/RockClimbingIndoor/samples/00435.png 74
ucf/RockClimbingIndoor/samples/00436.png 74
ucf/RockClimbingIndoor/samples/00437.png 74
ucf/RockClimbingIndoor/samples/00438.png 74
ucf/RockClimbingIndoor/samples/00439.png 74
ucf/RockClimbingIndoor/samples/00440.png 74
ucf/RockClimbingIndoor/samples/00441.png 74
ucf/RockClimbingIndoor/samples/00442.png 74
ucf/RockClimbingIndoor/samples/00443.png 74
ucf/RockClimbingIndoor/samples/00444.png 74
ucf/RockClimbingIndoor/samples/00445.png 74
ucf/RockClimbingIndoor/samples/00446.png 74
ucf/RockClimbingIndoor/samples/00447.png 74
ucf/RockClimbingIndoor/samples/00448.png 74
ucf/RockClimbingIndoor/samples/00449.png 74
ucf/RockClimbingIndoor/samples/00450.png 74
ucf/RockClimbingIndoor/samples/00451.png 74
ucf/RockClimbingIndoor/samples/00452.png 74
ucf/RockClimbingIndoor/samples/00453.png 74
ucf/RockClimbingIndoor/samples/00454.png 74
ucf/RockClimbingIndoor/samples/00455.png 74
ucf/RockClimbingIndoor/samples/00456.png 74
ucf/RockClimbingIndoor/samples/00457.png 74
ucf/RockClimbingIndoor/samples/00458.png 74
ucf/RockClimbingIndoor/samples/00459.png 74
ucf/RockClimbingIndoor/samples/00460.png 74
ucf/RockClimbingIndoor/samples/00461.png 74
ucf/RockClimbingIndoor/samples/00462.png 74
ucf/RockClimbingIndoor/samples/00463.png 74
ucf/RockClimbingIndoor/samples/00464.png 74
ucf/RockClimbingIndoor/samples/00465.png 74
ucf/RockClimbingIndoor/samples/00466.png 74
ucf/RockClimbingIndoor/samples/00467.png 74
ucf/RockClimbingIndoor/samples/00468.png 74
ucf/RockClimbingIndoor/samples/00469.png 74
ucf/RockClimbingIndoor/samples/00470.png 74
ucf/RockClimbingIndoor/samples/00471.png 74
ucf/RockClimbingIndoor/samples/00472.png 74
ucf/RockClimbingIndoor/samples/00473.png 74
ucf/RockClimbingIndoor/samples/00474.png 74
ucf/RockClimbingIndoor/samples/00475.png 74
ucf/RockClimbingIndoor/samples/00476.png 74
ucf/RockClimbingIndoor/samples/00477.png 74
ucf/RockClimbingIndoor/samples/00478.png 74
ucf/RockClimbingIndoor/samples/00479.png 74
ucf/RockClimbingIndoor/samples/00480.png 74
ucf/RockClimbingIndoor/samples/00481.png 74
ucf/RockClimbingIndoor/samples/00482.png 74
ucf/RockClimbingIndoor/samples/00483.png 74
ucf/RockClimbingIndoor/samples/00484.png 74
ucf/RockClimbingIndoor/samples/00485.png 74
ucf/RockClimbingIndoor/samples/00486.png 74
ucf/RockClimbingIndoor/samples/00487.png 74
ucf/RockClimbingIndoor/samples/00488.png 74
ucf/RockClimbingIndoor/samples/00489.png 74
ucf/RockClimbingIndoor/samples/00490.png 74
ucf/RockClimbingIndoor/samples/00491.png 74
ucf/RockClimbingIndoor/samples/00492.png 74
ucf/RockClimbingIndoor/samples/00493.png 74
ucf/RockClimbingIndoor/samples/00494.png 74
ucf/RockClimbingIndoor/samples/00495.png 74
ucf/RockClimbingIndoor/samples/00496.png 74
ucf/RockClimbingIndoor/samples/00497.png 74
ucf/RockClimbingIndoor/samples/00498.png 74
ucf/RockClimbingIndoor/samples/00499.png 74
ucf/RockClimbingIndoor/samples/00500.png 74
ucf/RockClimbingIndoor/samples/00501.png 74
ucf/RockClimbingIndoor/samples/00502.png 74
ucf/RockClimbingIndoor/samples/00503.png 74
ucf/RockClimbingIndoor/samples/00504.png 74
ucf/RockClimbingIndoor/samples/00505.png 74
ucf/RockClimbingIndoor/samples/00506.png 74
ucf/RockClimbingIndoor/samples/00507.png 74
ucf/RockClimbingIndoor/samples/00508.png 74
ucf/RockClimbingIndoor/samples/00509.png 74
ucf/RockClimbingIndoor/samples/00510.png 74
ucf/RockClimbingIndoor/samples/00511.png 74
ucf/RockClimbingIndoor/samples/00512.png 74
ucf/RockClimbingIndoor/samples/00513.png 74
ucf/RockClimbingIndoor/samples/00514.png 74
ucf/RockClimbingIndoor/samples/00515.png 74
ucf/RockClimbingIndoor/samples/00516.png 74
ucf/RockClimbingIndoor/samples/00517.png 74
ucf/RockClimbingIndoor/samples/00518.png 74
ucf/RockClimbingIndoor/samples/00519.png 74
ucf/RockClimbingIndoor/samples/00520.png 74
ucf/RockClimbingIndoor/samples/00521.png 74
ucf/RockClimbingIndoor/samples/00522.png 74
ucf/RockClimbingIndoor/samples/00523.png 74
ucf/RockClimbingIndoor/samples/00524.png 74
ucf/RockClimbingIndoor/samples/00525.png 74
ucf/RockClimbingIndoor/samples/00526.png 74
ucf/RockClimbingIndoor/samples/00527.png 74
ucf/RockClimbingIndoor/samples/00528.png 74
ucf/RockClimbingIndoor/samples/00529.png 74
ucf/RockClimbingIndoor/samples/00530.png 74
ucf/RockClimbingIndoor/samples/00531.png 74
ucf/RockClimbingIndoor/samples/00532.png 74
ucf/RockClimbingIndoor/samples/00533.png 74
ucf/RockClimbingIndoor/samples/00534.png 74
ucf/RockClimbingIndoor/samples/00535.png 74
ucf/RockClimbingIndoor/samples/00536.png 74
ucf/RockClimbingIndoor/samples/00537.png 74
ucf/RockClimbingIndoor/samples/00538.png 74
ucf/RockClimbingIndoor/samples/00539.png 74
ucf/RockClimbingIndoor/samples/00540.png 74
ucf/RockClimbingIndoor/samples/00541.png 74
ucf/RockClimbingIndoor/samples/00542.png 74
ucf/RockClimbingIndoor/samples/00543.png 74
ucf/RockClimbingIndoor/samples/00544.png 74
ucf/RockClimbingIndoor/samples/00545.png 74
ucf/RockClimbingIndoor/samples/00546.png 74
ucf/RockClimbingIndoor/samples/00547.png 74
ucf/RockClimbingIndoor/samples/00548.png 74
ucf/RockClimbingIndoor/samples/00549.png 74
ucf/RockClimbingIndoor/samples/00550.png 74
ucf/RockClimbingIndoor/samples/00551.png 74
ucf/RockClimbingIndoor/samples/00552.png 74
ucf/RockClimbingIndoor/samples/00553.png 74
ucf/RockClimbingIndoor/samples/00554.png 74
ucf/RockClimbingIndoor/samples/00555.png 74
ucf/RockClimbingIndoor/samples/00556.png 74
ucf/RockClimbingIndoor/samples/00557.png 74
ucf/RockClimbingIndoor/samples/00558.png 74
ucf/RockClimbingIndoor/samples/00559.png 74
ucf/RockClimbingIndoor/samples/00560.png 74
ucf/RockClimbingIndoor/samples/00561.png 74
ucf/RockClimbingIndoor/samples/00562.png 74
ucf/RockClimbingIndoor/samples/00563.png 74
ucf/RockClimbingIndoor/samples/00564.png 74
ucf/RockClimbingIndoor/samples/00565.png 74
ucf/RockClimbingIndoor/samples/00566.png 74
ucf/RockClimbingIndoor/samples/00567.png 74
ucf/RockClimbingIndoor/samples/00568.png 74
ucf/RockClimbingIndoor/samples/00569.png 74
ucf/RockClimbingIndoor/samples/00570.png 74
ucf/RockClimbingIndoor/samples/00571.png 74
ucf/RockClimbingIndoor/samples/00572.png 74
ucf/RockClimbingIndoor/samples/00573.png 74
ucf/RockClimbingIndoor/samples/00574.png 74
ucf/RockClimbingIndoor/samples/00575.png 74
ucf/RockClimbingIndoor/samples/00576.png 74
ucf/RockClimbingIndoor/samples/00577.png 74
ucf/RockClimbingIndoor/samples/00578.png 74
ucf/RockClimbingIndoor/samples/00579.png 74
ucf/RockClimbingIndoor/samples/00580.png 74
ucf/RockClimbingIndoor/samples/00581.png 74
ucf/RockClimbingIndoor/samples/00582.png 74
ucf/RockClimbingIndoor/samples/00583.png 74
ucf/RockClimbingIndoor/samples/00584.png 74
ucf/RockClimbingIndoor/samples/00585.png 74
ucf/RockClimbingIndoor/samples/00586.png 74
ucf/RockClimbingIndoor/samples/00587.png 74
ucf/RockClimbingIndoor/samples/00588.png 74
ucf/RockClimbingIndoor/samples/00589.png 74
ucf/RockClimbingIndoor/samples/00590.png 74
ucf/RockClimbingIndoor/samples/00591.png 74
ucf/RockClimbingIndoor/samples/00592.png 74
ucf/RockClimbingIndoor/samples/00593.png 74
ucf/RockClimbingIndoor/samples/00594.png 74
ucf/RockClimbingIndoor/samples/00595.png 74
ucf/RockClimbingIndoor/samples/00596.png 74
ucf/RockClimbingIndoor/samples/00597.png 74
ucf/RockClimbingIndoor/samples/00598.png 74
ucf/RockClimbingIndoor/samples/00599.png 74
ucf/RockClimbingIndoor/samples/00600.png 74
ucf/RockClimbingIndoor/samples/00601.png 74
ucf/RockClimbingIndoor/samples/00602.png 74
ucf/RockClimbingIndoor/samples/00603.png 74
ucf/RockClimbingIndoor/samples/00604.png 74
ucf/RockClimbingIndoor/samples/00605.png 74
ucf/RockClimbingIndoor/samples/00606.png 74
ucf/RockClimbingIndoor/samples/00607.png 74
ucf/RockClimbingIndoor/samples/00608.png 74
ucf/RockClimbingIndoor/samples/00609.png 74
ucf/RockClimbingIndoor/samples/00610.png 74
ucf/RockClimbingIndoor/samples/00611.png 74
ucf/RockClimbingIndoor/samples/00612.png 74
ucf/RockClimbingIndoor/samples/00613.png 74
ucf/RockClimbingIndoor/samples/00614.png 74
ucf/RockClimbingIndoor/samples/00615.png 74
ucf/RockClimbingIndoor/samples/00616.png 74
ucf/RockClimbingIndoor/samples/00617.png 74
ucf/RockClimbingIndoor/samples/00618.png 74
ucf/RockClimbingIndoor/samples/00619.png 74
ucf/RockClimbingIndoor/samples/00620.png 74
ucf/RockClimbingIndoor/samples/00621.png 74
ucf/RockClimbingIndoor/samples/00622.png 74
ucf/RockClimbingIndoor/samples/00623.png 74
ucf/RockClimbingIndoor/samples/00624.png 74
ucf/RockClimbingIndoor/samples/00625.png 74
ucf/RockClimbingIndoor/samples/00626.png 74
ucf/RockClimbingIndoor/samples/00627.png 74
ucf/RockClimbingIndoor/samples/00628.png 74
ucf/RockClimbingIndoor/samples/00629.png 74
ucf/RockClimbingIndoor/samples/00630.png 74
ucf/RockClimbingIndoor/samples/00631.png 74
ucf/RockClimbingIndoor/samples/00632.png 74
ucf/RockClimbingIndoor/samples/00633.png 74
ucf/RockClimbingIndoor/samples/00634.png 74
ucf/RockClimbingIndoor/samples/00635.png 74
ucf/RockClimbingIndoor/samples/00636.png 74
ucf/RockClimbingIndoor/samples/00637.png 74
ucf/RockClimbingIndoor/samples/00638.png 74
ucf/RockClimbingIndoor/samples/00639.png 74
ucf/RockClimbingIndoor/samples/00640.png 74
ucf/RockClimbingIndoor/samples/00641.png 74
ucf/RockClimbingIndoor/samples/00642.png 74
ucf/RockClimbingIndoor/samples/00643.png 74
ucf/RockClimbingIndoor/samples/00644.png 74
ucf/RockClimbingIndoor/samples/00645.png 74
ucf/RockClimbingIndoor/samples/00646.png 74
ucf/RockClimbingIndoor/samples/00647.png 74
ucf/RockClimbingIndoor/samples/00648.png 74
ucf/RockClimbingIndoor/samples/00649.png 74
ucf/RockClimbingIndoor/samples/00650.png 74
ucf/RockClimbingIndoor/samples/00651.png 74
ucf/RockClimbingIndoor/samples/00652.png 74
ucf/RockClimbingIndoor/samples/00653.png 74
ucf/RockClimbingIndoor/samples/00654.png 74
ucf/RockClimbingIndoor/samples/00655.png 74
ucf/RockClimbingIndoor/samples/00656.png 74
ucf/RockClimbingIndoor/samples/00657.png 74
ucf/RockClimbingIndoor/samples/00658.png 74
ucf/RockClimbingIndoor/samples/00659.png 74
ucf/RockClimbingIndoor/samples/00660.png 74
ucf/RockClimbingIndoor/samples/00661.png 74
ucf/RockClimbingIndoor/samples/00662.png 74
ucf/RockClimbingIndoor/samples/00663.png 74
ucf/RockClimbingIndoor/samples/00664.png 74
ucf/RockClimbingIndoor/samples/00665.png 74
ucf/RockClimbingIndoor/samples/00666.png 74
ucf/RockClimbingIndoor/samples/00667.png 74
ucf/RockClimbingIndoor/samples/00668.png 74
ucf/RockClimbingIndoor/samples/00669.png 74
ucf/RockClimbingIndoor/samples/00670.png 74
ucf/RockClimbingIndoor/samples/00671.png 74
ucf/RockClimbingIndoor/samples/00672.png 74
ucf/RockClimbingIndoor/samples/00673.png 74
ucf/RockClimbingIndoor/samples/00674.png 74
ucf/RockClimbingIndoor/samples/00675.png 74
ucf/RockClimbingIndoor/samples/00676.png 74
ucf/RockClimbingIndoor/samples/00677.png 74
ucf/RockClimbingIndoor/samples/00678.png 74
ucf/RockClimbingIndoor/samples/00679.png 74
ucf/RockClimbingIndoor/samples/00680.png 74
ucf/RockClimbingIndoor/samples/00681.png 74
ucf/RockClimbingIndoor/samples/00682.png 74
ucf/RockClimbingIndoor/samples/00683.png 74
ucf/RockClimbingIndoor/samples/00684.png 74
ucf/RockClimbingIndoor/samples/00685.png 74
ucf/RockClimbingIndoor/samples/00686.png 74
ucf/RockClimbingIndoor/samples/00687.png 74
ucf/RockClimbingIndoor/samples/00688.png 74
ucf/RockClimbingIndoor/samples/00689.png 74
ucf/RockClimbingIndoor/samples/00690.png 74
ucf/RockClimbingIndoor/samples/00691.png 74
ucf/RockClimbingIndoor/samples/00692.png 74
ucf/RockClimbingIndoor/samples/00693.png 74
ucf/RockClimbingIndoor/samples/00694.png 74
ucf/RockClimbingIndoor/samples/00695.png 74
ucf/RockClimbingIndoor/samples/00696.png 74
ucf/RockClimbingIndoor/samples/00697.png 74
ucf/RockClimbingIndoor/samples/00698.png 74
ucf/RockClimbingIndoor/samples/00699.png 74
ucf/RockClimbingIndoor/samples/00700.png 74
ucf/RockClimbingIndoor/samples/00701.png 74
ucf/RockClimbingIndoor/samples/00702.png 74
ucf/RockClimbingIndoor/samples/00703.png 74
ucf/RockClimbingIndoor/samples/00704.png 74
ucf/RockClimbingIndoor/samples/00705.png 74
ucf/RockClimbingIndoor/samples/00706.png 74
ucf/RockClimbingIndoor/samples/00707.png 74
ucf/RockClimbingIndoor/samples/00708.png 74
ucf/RockClimbingIndoor/samples/00709.png 74
ucf/RockClimbingIndoor/samples/00710.png 74
ucf/RockClimbingIndoor/samples/00711.png 74
ucf/RockClimbingIndoor/samples/00712.png 74
ucf/RockClimbingIndoor/samples/00713.png 74
ucf/RockClimbingIndoor/samples/00714.png 74
ucf/RockClimbingIndoor/samples/00715.png 74
ucf/RockClimbingIndoor/samples/00716.png 74
ucf/RockClimbingIndoor/samples/00717.png 74
ucf/RockClimbingIndoor/samples/00718.png 74
ucf/RockClimbingIndoor/samples/00719.png 74
ucf/RockClimbingIndoor/samples/00720.png 74
ucf/RockClimbingIndoor/samples/00721.png 74
ucf/RockClimbingIndoor/samples/00722.png 74
ucf/RockClimbingIndoor/samples/00723.png 74
ucf/RockClimbingIndoor/samples/00724.png 74
ucf/RockClimbingIndoor/samples/00725.png 74
ucf/RockClimbingIndoor/samples/00726.png 74
ucf/RockClimbingIndoor/samples/00727.png 74
ucf/RockClimbingIndoor/samples/00728.png 74
ucf/RockClimbingIndoor/samples/00729.png 74
ucf/RockClimbingIndoor/samples/00730.png 74
ucf/RockClimbingIndoor/samples/00731.png 74
ucf/RockClimbingIndoor/samples/00732.png 74
ucf/RockClimbingIndoor/samples/00733.png 74
ucf/RockClimbingIndoor/samples/00734.png 74
ucf/RockClimbingIndoor/samples/00735.png 74
ucf/RockClimbingIndoor/samples/00736.png 74
ucf/RockClimbingIndoor/samples/00737.png 74
ucf/RockClimbingIndoor/samples/00738.png 74
ucf/RockClimbingIndoor/samples/00739.png 74
ucf/RockClimbingIndoor/samples/00740.png 74
ucf/RockClimbingIndoor/samples/00741.png 74
ucf/RockClimbingIndoor/samples/00742.png 74
ucf/RockClimbingIndoor/samples/00743.png 74
ucf/RockClimbingIndoor/samples/00744.png 74
ucf/RockClimbingIndoor/samples/00745.png 74
ucf/RockClimbingIndoor/samples/00746.png 74
ucf/RockClimbingIndoor/samples/00747.png 74
ucf/RockClimbingIndoor/samples/00748.png 74
ucf/RockClimbingIndoor/samples/00749.png 74
ucf/RockClimbingIndoor/samples/00750.png 74
ucf/RockClimbingIndoor/samples/00751.png 74
ucf/RockClimbingIndoor/samples/00752.png 74
ucf/RockClimbingIndoor/samples/00753.png 74
ucf/RockClimbingIndoor/samples/00754.png 74
ucf/RockClimbingIndoor/samples/00755.png 74
ucf/RockClimbingIndoor/samples/00756.png 74
ucf/RockClimbingIndoor/samples/00757.png 74
ucf/RockClimbingIndoor/samples/00758.png 74
ucf/RockClimbingIndoor/samples/00759.png 74
ucf/RockClimbingIndoor/samples/00760.png 74
ucf/RockClimbingIndoor/samples/00761.png 74
ucf/RockClimbingIndoor/samples/00762.png 74
ucf/RockClimbingIndoor/samples/00763.png 74
ucf/RockClimbingIndoor/samples/00764.png 74
ucf/RockClimbingIndoor/samples/00765.png 74
ucf/RockClimbingIndoor/samples/00766.png 74
ucf/RockClimbingIndoor/samples/00767.png 74
ucf/RockClimbingIndoor/samples/00768.png 74
ucf/RockClimbingIndoor/samples/00769.png 74
ucf/RockClimbingIndoor/samples/00770.png 74
ucf/RockClimbingIndoor/samples/00771.png 74
ucf/RockClimbingIndoor/samples/00772.png 74
ucf/RockClimbingIndoor/samples/00773.png 74
ucf/RockClimbingIndoor/samples/00774.png 74
ucf/RockClimbingIndoor/samples/00775.png 74
ucf/RockClimbingIndoor/samples/00776.png 74
ucf/RockClimbingIndoor/samples/00777.png 74
ucf/RockClimbingIndoor/samples/00778.png 74
ucf/RockClimbingIndoor/samples/00779.png 74
ucf/RockClimbingIndoor/samples/00780.png 74
ucf/RockClimbingIndoor/samples/00781.png 74
ucf/RockClimbingIndoor/samples/00782.png 74
ucf/RockClimbingIndoor/samples/00783.png 74
ucf/RockClimbingIndoor/samples/00784.png 74
ucf/RockClimbingIndoor/samples/00785.png 74
ucf/RockClimbingIndoor/samples/00786.png 74
ucf/RockClimbingIndoor/samples/00787.png 74
ucf/RockClimbingIndoor/samples/00788.png 74
ucf/RockClimbingIndoor/samples/00789.png 74
ucf/RockClimbingIndoor/samples/00790.png 74
ucf/RockClimbingIndoor/samples/00791.png 74
ucf/RockClimbingIndoor/samples/00792.png 74
ucf/RockClimbingIndoor/samples/00793.png 74
ucf/RockClimbingIndoor/samples/00794.png 74
ucf/RockClimbingIndoor/samples/00795.png 74
ucf/RockClimbingIndoor/samples/00796.png 74
ucf/RockClimbingIndoor/samples/00797.png 74
ucf/RockClimbingIndoor/samples/00798.png 74
ucf/RockClimbingIndoor/samples/00799.png 74
ucf/RockClimbingIndoor/samples/00800.png 74
ucf/RockClimbingIndoor/samples/00801.png 74
ucf/RockClimbingIndoor/samples/00802.png 74
ucf/RockClimbingIndoor/samples/00803.png 74
ucf/RockClimbingIndoor/samples/00804.png 74
ucf/RockClimbingIndoor/samples/00805.png 74
ucf/RockClimbingIndoor/samples/00806.png 74
ucf/RockClimbingIndoor/samples/00807.png 74
ucf/RockClimbingIndoor/samples/00808.png 74
ucf/RockClimbingIndoor/samples/00809.png 74
ucf/RockClimbingIndoor/samples/00810.png 74
ucf/RockClimbingIndoor/samples/00811.png 74
ucf/RockClimbingIndoor/samples/00812.png 74
ucf/RockClimbingIndoor/samples/00813.png 74
ucf/RockClimbingIndoor/samples/00814.png 74
ucf/RockClimbingIndoor/samples/00815.png 74
ucf/RockClimbingIndoor/samples/00816.png 74
ucf/RockClimbingIndoor/samples/00817.png 74
ucf/RockClimbingIndoor/samples/00818.png 74
ucf/RockClimbingIndoor/samples/00819.png 74
ucf/RockClimbingIndoor/samples/00820.png 74
ucf/RockClimbingIndoor/samples/00821.png 74
ucf/RockClimbingIndoor/samples/00822.png 74
ucf/RockClimbingIndoor/samples/00823.png 74
ucf/RockClimbingIndoor/samples/00824.png 74
ucf/RockClimbingIndoor/samples/00825.png 74
ucf/RockClimbingIndoor/samples/00826.png 74
ucf/RockClimbingIndoor/samples/00827.png 74
ucf/RockClimbingIndoor/samples/00828.png 74
ucf/RockClimbingIndoor/samples/00829.png 74
ucf/RockClimbingIndoor/samples/00830.png 74
ucf/RockClimbingIndoor/samples/00831.png 74
ucf/RockClimbingIndoor/samples/00832.png 74
ucf/RockClimbingIndoor/samples/00833.png 74
ucf/RockClimbingIndoor/samples/00834.png 74
ucf/RockClimbingIndoor/samples/00835.png 74
ucf/RockClimbingIndoor/samples/00836.png 74
ucf/RockClimbingIndoor/samples/00837.png 74
ucf/RockClimbingIndoor/samples/00838.png 74
ucf/RockClimbingIndoor/samples/00839.png 74
ucf/RockClimbingIndoor/samples/00840.png 74
ucf/RockClimbingIndoor/samples/00841.png 74
ucf/RockClimbingIndoor/samples/00842.png 74
ucf/RockClimbingIndoor/samples/00843.png 74
ucf/RockClimbingIndoor/samples/00844.png 74
ucf/RockClimbingIndoor/samples/00845.png 74
ucf/RockClimbingIndoor/samples/00846.png 74
ucf/RockClimbingIndoor/samples/00847.png 74
ucf/RockClimbingIndoor/samples/00848.png 74
ucf/RockClimbingIndoor/samples/00849.png 74
ucf/RockClimbingIndoor/samples/00850.png 74
ucf/RockClimbingIndoor/samples/00851.png 74
ucf/RockClimbingIndoor/samples/00852.png 74
ucf/RockClimbingIndoor/samples/00853.png 74
ucf/RockClimbingIndoor/samples/00854.png 74
ucf/RockClimbingIndoor/samples/00855.png 74
ucf/RockClimbingIndoor/samples/00856.png 74
ucf/RockClimbingIndoor/samples/00857.png 74
ucf/RockClimbingIndoor/samples/00858.png 74
ucf/RockClimbingIndoor/samples/00859.png 74
ucf/RockClimbingIndoor/samples/00860.png 74
ucf/RockClimbingIndoor/samples/00861.png 74
ucf/RockClimbingIndoor/samples/00862.png 74
ucf/RockClimbingIndoor/samples/00863.png 74
ucf/RockClimbingIndoor/samples/00864.png 74
ucf/RockClimbingIndoor/samples/00865.png 74
ucf/RockClimbingIndoor/samples/00866.png 74
ucf/RockClimbingIndoor/samples/00867.png 74
ucf/RockClimbingIndoor/samples/00868.png 74
ucf/RockClimbingIndoor/samples/00869.png 74
ucf/RockClimbingIndoor/samples/00870.png 74
ucf/RockClimbingIndoor/samples/00871.png 74
ucf/RockClimbingIndoor/samples/00872.png 74
ucf/RockClimbingIndoor/samples/00873.png 74
ucf/RockClimbingIndoor/samples/00874.png 74
ucf/RockClimbingIndoor/samples/00875.png 74
ucf/RockClimbingIndoor/samples/00876.png 74
ucf/RockClimbingIndoor/samples/00877.png 74
ucf/RockClimbingIndoor/samples/00878.png 74
ucf/RockClimbingIndoor/samples/00879.png 74
ucf/RockClimbingIndoor/samples/00880.png 74
ucf/RockClimbingIndoor/samples/00881.png 74
ucf/RockClimbingIndoor/samples/00882.png 74
ucf/RockClimbingIndoor/samples/00883.png 74
ucf/RockClimbingIndoor/samples/00884.png 74
ucf/RockClimbingIndoor/samples/00885.png 74
ucf/RockClimbingIndoor/samples/00886.png 74
ucf/RockClimbingIndoor/samples/00887.png 74
ucf/RockClimbingIndoor/samples/00888.png 74
ucf/RockClimbingIndoor/samples/00889.png 74
ucf/RockClimbingIndoor/samples/00890.png 74
ucf/RockClimbingIndoor/samples/00891.png 74
ucf/RockClimbingIndoor/samples/00892.png 74
ucf/RockClimbingIndoor/samples/00893.png 74
ucf/RockClimbingIndoor/samples/00894.png 74
ucf/RockClimbingIndoor/samples/00895.png 74
ucf/RockClimbingIndoor/samples/00896.png 74
ucf/RockClimbingIndoor/samples/00897.png 74
ucf/RockClimbingIndoor/samples/00898.png 74
ucf/RockClimbingIndoor/samples/00899.png 74
ucf/RockClimbingIndoor/samples/00900.png 74
ucf/RockClimbingIndoor/samples/00901.png 74
ucf/RockClimbingIndoor/samples/00902.png 74
ucf/RockClimbingIndoor/samples/00903.png 74
ucf/RockClimbingIndoor/samples/00904.png 74
ucf/RockClimbingIndoor/samples/00905.png 74
ucf/RockClimbingIndoor/samples/00906.png 74
ucf/RockClimbingIndoor/samples/00907.png 74
ucf/RockClimbingIndoor/samples/00908.png 74
ucf/RockClimbingIndoor/samples/00909.png 74
ucf/RockClimbingIndoor/samples/00910.png 74
ucf/RockClimbingIndoor/samples/00911.png 74
ucf/RockClimbingIndoor/samples/00912.png 74
ucf/RockClimbingIndoor/samples/00913.png 74
ucf/RockClimbingIndoor/samples/00914.png 74
ucf/RockClimbingIndoor/samples/00915.png 74
ucf/RockClimbingIndoor/samples/00916.png 74
ucf/RockClimbingIndoor/samples/00917.png 74
ucf/RockClimbingIndoor/samples/00918.png 74
ucf/RockClimbingIndoor/samples/00919.png 74
ucf/RockClimbingIndoor/samples/00920.png 74
ucf/RockClimbingIndoor/samples/00921.png 74
ucf/RockClimbingIndoor/samples/00922.png 74
ucf/RockClimbingIndoor/samples/00923.png 74
ucf/RockClimbingIndoor/samples/00924.png 74
ucf/RockClimbingIndoor/samples/00925.png 74
ucf/RockClimbingIndoor/samples/00926.png 74
ucf/RockClimbingIndoor/samples/00927.png 74
ucf/RockClimbingIndoor/samples/00928.png 74
ucf/RockClimbingIndoor/samples/00929.png 74
ucf/RockClimbingIndoor/samples/00930.png 74
ucf/RockClimbingIndoor/samples/00931.png 74
ucf/RockClimbingIndoor/samples/00932.png 74
ucf/RockClimbingIndoor/samples/00933.png 74
ucf/RockClimbingIndoor/samples/00934.png 74
ucf/RockClimbingIndoor/samples/00935.png 74
ucf/RockClimbingIndoor/samples/00936.png 74
ucf/RockClimbingIndoor/samples/00937.png 74
ucf/RockClimbingIndoor/samples/00938.png 74
ucf/RockClimbingIndoor/samples/00939.png 74
ucf/RockClimbingIndoor/samples/00940.png 74
ucf/RockClimbingIndoor/samples/00941.png 74
ucf/RockClimbingIndoor/samples/00942.png 74
ucf/RockClimbingIndoor/samples/00943.png 74
ucf/RockClimbingIndoor/samples/00944.png 74
ucf/RockClimbingIndoor/samples/00945.png 74
ucf/RockClimbingIndoor/samples/00946.png 74
ucf/RockClimbingIndoor/samples/00947.png 74
ucf/RockClimbingIndoor/samples/00948.png 74
ucf/RockClimbingIndoor/samples/00949.png 74
ucf/RockClimbingIndoor/samples/00950.png 74
ucf/RockClimbingIndoor/samples/00951.png 74
ucf/RockClimbingIndoor/samples/00952.png 74
ucf/RockClimbingIndoor/samples/00953.png 74
ucf/RockClimbingIndoor/samples/00954.png 74
ucf/RockClimbingIndoor/samples/00955.png 74
ucf/RockClimbingIndoor/samples/00956.png 74
ucf/RockClimbingIndoor/samples/00957.png 74
ucf/RockClimbingIndoor/samples/00958.png 74
ucf/RockClimbingIndoor/samples/00959.png 74
ucf/RockClimbingIndoor/samples/00960.png 74
ucf/RockClimbingIndoor/samples/00961.png 74
ucf/RockClimbingIndoor/samples/00962.png 74
ucf/RockClimbingIndoor/samples/00963.png 74
ucf/RockClimbingIndoor/samples/00964.png 74
ucf/RockClimbingIndoor/samples/00965.png 74
ucf/RockClimbingIndoor/samples/00966.png 74
ucf/RockClimbingIndoor/samples/00967.png 74
ucf/RockClimbingIndoor/samples/00968.png 74
ucf/RockClimbingIndoor/samples/00969.png 74
ucf/RockClimbingIndoor/samples/00970.png 74
ucf/RockClimbingIndoor/samples/00971.png 74
ucf/RockClimbingIndoor/samples/00972.png 74
ucf/RockClimbingIndoor/samples/00973.png 74
ucf/RockClimbingIndoor/samples/00974.png 74
ucf/RockClimbingIndoor/samples/00975.png 74
ucf/RockClimbingIndoor/samples/00976.png 74
ucf/RockClimbingIndoor/samples/00977.png 74
ucf/RockClimbingIndoor/samples/00978.png 74
ucf/RockClimbingIndoor/samples/00979.png 74
ucf/RockClimbingIndoor/samples/00980.png 74
ucf/RockClimbingIndoor/samples/00981.png 74
ucf/RockClimbingIndoor/samples/00982.png 74
ucf/RockClimbingIndoor/samples/00983.png 74
ucf/RockClimbingIndoor/samples/00984.png 74
ucf/RockClimbingIndoor/samples/00985.png 74
ucf/RockClimbingIndoor/samples/00986.png 74
ucf/RockClimbingIndoor/samples/00987.png 74
ucf/RockClimbingIndoor/samples/00988.png 74
ucf/RockClimbingIndoor/samples/00989.png 74
ucf/RockClimbingIndoor/samples/00990.png 74
ucf/RockClimbingIndoor/samples/00991.png 74
ucf/RockClimbingIndoor/samples/00992.png 74
ucf/RockClimbingIndoor/samples/00993.png 74
ucf/RockClimbingIndoor/samples/00994.png 74
ucf/RockClimbingIndoor/samples/00995.png 74
ucf/RockClimbingIndoor/samples/00996.png 74
ucf/RockClimbingIndoor/samples/00997.png 74
ucf/RockClimbingIndoor/samples/00998.png 74
ucf/RockClimbingIndoor/samples/00999.png 74
ucf/ThrowDiscus/samples/00000.png 93
ucf/ThrowDiscus/samples/00001.png 93
ucf/ThrowDiscus/samples/00002.png 93
ucf/ThrowDiscus/samples/00003.png 93
ucf/ThrowDiscus/samples/00004.png 93
ucf/ThrowDiscus/samples/00005.png 93
ucf/ThrowDiscus/samples/00006.png 93
ucf/ThrowDiscus/samples/00007.png 93
ucf/ThrowDiscus/samples/00008.png 93
ucf/ThrowDiscus/samples/00009.png 93
ucf/ThrowDiscus/samples/00010.png 93
ucf/ThrowDiscus/samples/00011.png 93
ucf/ThrowDiscus/samples/00012.png 93
ucf/ThrowDiscus/samples/00013.png 93
ucf/ThrowDiscus/samples/00014.png 93
ucf/ThrowDiscus/samples/00015.png 93
ucf/ThrowDiscus/samples/00016.png 93
ucf/ThrowDiscus/samples/00017.png 93
ucf/ThrowDiscus/samples/00018.png 93
ucf/ThrowDiscus/samples/00019.png 93
ucf/ThrowDiscus/samples/00020.png 93
ucf/ThrowDiscus/samples/00021.png 93
ucf/ThrowDiscus/samples/00022.png 93
ucf/ThrowDiscus/samples/00023.png 93
ucf/ThrowDiscus/samples/00024.png 93
ucf/ThrowDiscus/samples/00025.png 93
ucf/ThrowDiscus/samples/00026.png 93
ucf/ThrowDiscus/samples/00027.png 93
ucf/ThrowDiscus/samples/00028.png 93
ucf/ThrowDiscus/samples/00029.png 93
ucf/ThrowDiscus/samples/00030.png 93
ucf/ThrowDiscus/samples/00031.png 93
ucf/ThrowDiscus/samples/00032.png 93
ucf/ThrowDiscus/samples/00033.png 93
ucf/ThrowDiscus/samples/00034.png 93
ucf/ThrowDiscus/samples/00035.png 93
ucf/ThrowDiscus/samples/00036.png 93
ucf/ThrowDiscus/samples/00037.png 93
ucf/ThrowDiscus/samples/00038.png 93
ucf/ThrowDiscus/samples/00039.png 93
ucf/ThrowDiscus/samples/00040.png 93
ucf/ThrowDiscus/samples/00041.png 93
ucf/ThrowDiscus/samples/00042.png 93
ucf/ThrowDiscus/samples/00043.png 93
ucf/ThrowDiscus/samples/00044.png 93
ucf/ThrowDiscus/samples/00045.png 93
ucf/ThrowDiscus/samples/00046.png 93
ucf/ThrowDiscus/samples/00047.png 93
ucf/ThrowDiscus/samples/00048.png 93
ucf/ThrowDiscus/samples/00049.png 93
ucf/ThrowDiscus/samples/00050.png 93
ucf/ThrowDiscus/samples/00051.png 93
ucf/ThrowDiscus/samples/00052.png 93
ucf/ThrowDiscus/samples/00053.png 93
ucf/ThrowDiscus/samples/00054.png 93
ucf/ThrowDiscus/samples/00055.png 93
ucf/ThrowDiscus/samples/00056.png 93
ucf/ThrowDiscus/samples/00057.png 93
ucf/ThrowDiscus/samples/00058.png 93
ucf/ThrowDiscus/samples/00059.png 93
ucf/ThrowDiscus/samples/00060.png 93
ucf/ThrowDiscus/samples/00061.png 93
ucf/ThrowDiscus/samples/00062.png 93
ucf/ThrowDiscus/samples/00063.png 93
ucf/ThrowDiscus/samples/00064.png 93
ucf/ThrowDiscus/samples/00065.png 93
ucf/ThrowDiscus/samples/00066.png 93
ucf/ThrowDiscus/samples/00067.png 93
ucf/ThrowDiscus/samples/00068.png 93
ucf/ThrowDiscus/samples/00069.png 93
ucf/ThrowDiscus/samples/00070.png 93
ucf/ThrowDiscus/samples/00071.png 93
ucf/ThrowDiscus/samples/00072.png 93
ucf/ThrowDiscus/samples/00073.png 93
ucf/ThrowDiscus/samples/00074.png 93
ucf/ThrowDiscus/samples/00075.png 93
ucf/ThrowDiscus/samples/00076.png 93
ucf/ThrowDiscus/samples/00077.png 93
ucf/ThrowDiscus/samples/00078.png 93
ucf/ThrowDiscus/samples/00079.png 93
ucf/ThrowDiscus/samples/00080.png 93
ucf/ThrowDiscus/samples/00081.png 93
ucf/ThrowDiscus/samples/00082.png 93
ucf/ThrowDiscus/samples/00083.png 93
ucf/ThrowDiscus/samples/00084.png 93
ucf/ThrowDiscus/samples/00085.png 93
ucf/ThrowDiscus/samples/00086.png 93
ucf/ThrowDiscus/samples/00087.png 93
ucf/ThrowDiscus/samples/00088.png 93
ucf/ThrowDiscus/samples/00089.png 93
ucf/ThrowDiscus/samples/00090.png 93
ucf/ThrowDiscus/samples/00091.png 93
ucf/ThrowDiscus/samples/00092.png 93
ucf/ThrowDiscus/samples/00093.png 93
ucf/ThrowDiscus/samples/00094.png 93
ucf/ThrowDiscus/samples/00095.png 93
ucf/ThrowDiscus/samples/00096.png 93
ucf/ThrowDiscus/samples/00097.png 93
ucf/ThrowDiscus/samples/00098.png 93
ucf/ThrowDiscus/samples/00099.png 93
ucf/ThrowDiscus/samples/00100.png 93
ucf/ThrowDiscus/samples/00101.png 93
ucf/ThrowDiscus/samples/00102.png 93
ucf/ThrowDiscus/samples/00103.png 93
ucf/ThrowDiscus/samples/00104.png 93
ucf/ThrowDiscus/samples/00105.png 93
ucf/ThrowDiscus/samples/00106.png 93
ucf/ThrowDiscus/samples/00107.png 93
ucf/ThrowDiscus/samples/00108.png 93
ucf/ThrowDiscus/samples/00109.png 93
ucf/ThrowDiscus/samples/00110.png 93
ucf/ThrowDiscus/samples/00111.png 93
ucf/ThrowDiscus/samples/00112.png 93
ucf/ThrowDiscus/samples/00113.png 93
ucf/ThrowDiscus/samples/00114.png 93
ucf/ThrowDiscus/samples/00115.png 93
ucf/ThrowDiscus/samples/00116.png 93
ucf/ThrowDiscus/samples/00117.png 93
ucf/ThrowDiscus/samples/00118.png 93
ucf/ThrowDiscus/samples/00119.png 93
ucf/ThrowDiscus/samples/00120.png 93
ucf/ThrowDiscus/samples/00121.png 93
ucf/ThrowDiscus/samples/00122.png 93
ucf/ThrowDiscus/samples/00123.png 93
ucf/ThrowDiscus/samples/00124.png 93
ucf/ThrowDiscus/samples/00125.png 93
ucf/ThrowDiscus/samples/00126.png 93
ucf/ThrowDiscus/samples/00127.png 93
ucf/ThrowDiscus/samples/00128.png 93
ucf/ThrowDiscus/samples/00129.png 93
ucf/ThrowDiscus/samples/00130.png 93
ucf/ThrowDiscus/samples/00131.png 93
ucf/ThrowDiscus/samples/00132.png 93
ucf/ThrowDiscus/samples/00133.png 93
ucf/ThrowDiscus/samples/00134.png 93
ucf/ThrowDiscus/samples/00135.png 93
ucf/ThrowDiscus/samples/00136.png 93
ucf/ThrowDiscus/samples/00137.png 93
ucf/ThrowDiscus/samples/00138.png 93
ucf/ThrowDiscus/samples/00139.png 93
ucf/ThrowDiscus/samples/00140.png 93
ucf/ThrowDiscus/samples/00141.png 93
ucf/ThrowDiscus/samples/00142.png 93
ucf/ThrowDiscus/samples/00143.png 93
ucf/ThrowDiscus/samples/00144.png 93
ucf/ThrowDiscus/samples/00145.png 93
ucf/ThrowDiscus/samples/00146.png 93
ucf/ThrowDiscus/samples/00147.png 93
ucf/ThrowDiscus/samples/00148.png 93
ucf/ThrowDiscus/samples/00149.png 93
ucf/ThrowDiscus/samples/00150.png 93
ucf/ThrowDiscus/samples/00151.png 93
ucf/ThrowDiscus/samples/00152.png 93
ucf/ThrowDiscus/samples/00153.png 93
ucf/ThrowDiscus/samples/00154.png 93
ucf/ThrowDiscus/samples/00155.png 93
ucf/ThrowDiscus/samples/00156.png 93
ucf/ThrowDiscus/samples/00157.png 93
ucf/ThrowDiscus/samples/00158.png 93
ucf/ThrowDiscus/samples/00159.png 93
ucf/ThrowDiscus/samples/00160.png 93
ucf/ThrowDiscus/samples/00161.png 93
ucf/ThrowDiscus/samples/00162.png 93
ucf/ThrowDiscus/samples/00163.png 93
ucf/ThrowDiscus/samples/00164.png 93
ucf/ThrowDiscus/samples/00165.png 93
ucf/ThrowDiscus/samples/00166.png 93
ucf/ThrowDiscus/samples/00167.png 93
ucf/ThrowDiscus/samples/00168.png 93
ucf/ThrowDiscus/samples/00169.png 93
ucf/ThrowDiscus/samples/00170.png 93
ucf/ThrowDiscus/samples/00171.png 93
ucf/ThrowDiscus/samples/00172.png 93
ucf/ThrowDiscus/samples/00173.png 93
ucf/ThrowDiscus/samples/00174.png 93
ucf/ThrowDiscus/samples/00175.png 93
ucf/ThrowDiscus/samples/00176.png 93
ucf/ThrowDiscus/samples/00177.png 93
ucf/ThrowDiscus/samples/00178.png 93
ucf/ThrowDiscus/samples/00179.png 93
ucf/ThrowDiscus/samples/00180.png 93
ucf/ThrowDiscus/samples/00181.png 93
ucf/ThrowDiscus/samples/00182.png 93
ucf/ThrowDiscus/samples/00183.png 93
ucf/ThrowDiscus/samples/00184.png 93
ucf/ThrowDiscus/samples/00185.png 93
ucf/ThrowDiscus/samples/00186.png 93
ucf/ThrowDiscus/samples/00187.png 93
ucf/ThrowDiscus/samples/00188.png 93
ucf/ThrowDiscus/samples/00189.png 93
ucf/ThrowDiscus/samples/00190.png 93
ucf/ThrowDiscus/samples/00191.png 93
ucf/ThrowDiscus/samples/00192.png 93
ucf/ThrowDiscus/samples/00193.png 93
ucf/ThrowDiscus/samples/00194.png 93
ucf/ThrowDiscus/samples/00195.png 93
ucf/ThrowDiscus/samples/00196.png 93
ucf/ThrowDiscus/samples/00197.png 93
ucf/ThrowDiscus/samples/00198.png 93
ucf/ThrowDiscus/samples/00199.png 93
ucf/ThrowDiscus/samples/00200.png 93
ucf/ThrowDiscus/samples/00201.png 93
ucf/ThrowDiscus/samples/00202.png 93
ucf/ThrowDiscus/samples/00203.png 93
ucf/ThrowDiscus/samples/00204.png 93
ucf/ThrowDiscus/samples/00205.png 93
ucf/ThrowDiscus/samples/00206.png 93
ucf/ThrowDiscus/samples/00207.png 93
ucf/ThrowDiscus/samples/00208.png 93
ucf/ThrowDiscus/samples/00209.png 93
ucf/ThrowDiscus/samples/00210.png 93
ucf/ThrowDiscus/samples/00211.png 93
ucf/ThrowDiscus/samples/00212.png 93
ucf/ThrowDiscus/samples/00213.png 93
ucf/ThrowDiscus/samples/00214.png 93
ucf/ThrowDiscus/samples/00215.png 93
ucf/ThrowDiscus/samples/00216.png 93
ucf/ThrowDiscus/samples/00217.png 93
ucf/ThrowDiscus/samples/00218.png 93
ucf/ThrowDiscus/samples/00219.png 93
ucf/ThrowDiscus/samples/00220.png 93
ucf/ThrowDiscus/samples/00221.png 93
ucf/ThrowDiscus/samples/00222.png 93
ucf/ThrowDiscus/samples/00223.png 93
ucf/ThrowDiscus/samples/00224.png 93
ucf/ThrowDiscus/samples/00225.png 93
ucf/ThrowDiscus/samples/00226.png 93
ucf/ThrowDiscus/samples/00227.png 93
ucf/ThrowDiscus/samples/00228.png 93
ucf/ThrowDiscus/samples/00229.png 93
ucf/ThrowDiscus/samples/00230.png 93
ucf/ThrowDiscus/samples/00231.png 93
ucf/ThrowDiscus/samples/00232.png 93
ucf/ThrowDiscus/samples/00233.png 93
ucf/ThrowDiscus/samples/00234.png 93
ucf/ThrowDiscus/samples/00235.png 93
ucf/ThrowDiscus/samples/00236.png 93
ucf/ThrowDiscus/samples/00237.png 93
ucf/ThrowDiscus/samples/00238.png 93
ucf/ThrowDiscus/samples/00239.png 93
ucf/ThrowDiscus/samples/00240.png 93
ucf/ThrowDiscus/samples/00241.png 93
ucf/ThrowDiscus/samples/00242.png 93
ucf/ThrowDiscus/samples/00243.png 93
ucf/ThrowDiscus/samples/00244.png 93
ucf/ThrowDiscus/samples/00245.png 93
ucf/ThrowDiscus/samples/00246.png 93
ucf/ThrowDiscus/samples/00247.png 93
ucf/ThrowDiscus/samples/00248.png 93
ucf/ThrowDiscus/samples/00249.png 93
ucf/ThrowDiscus/samples/00250.png 93
ucf/ThrowDiscus/samples/00251.png 93
ucf/ThrowDiscus/samples/00252.png 93
ucf/ThrowDiscus/samples/00253.png 93
ucf/ThrowDiscus/samples/00254.png 93
ucf/ThrowDiscus/samples/00255.png 93
ucf/ThrowDiscus/samples/00256.png 93
ucf/ThrowDiscus/samples/00257.png 93
ucf/ThrowDiscus/samples/00258.png 93
ucf/ThrowDiscus/samples/00259.png 93
ucf/ThrowDiscus/samples/00260.png 93
ucf/ThrowDiscus/samples/00261.png 93
ucf/ThrowDiscus/samples/00262.png 93
ucf/ThrowDiscus/samples/00263.png 93
ucf/ThrowDiscus/samples/00264.png 93
ucf/ThrowDiscus/samples/00265.png 93
ucf/ThrowDiscus/samples/00266.png 93
ucf/ThrowDiscus/samples/00267.png 93
ucf/ThrowDiscus/samples/00268.png 93
ucf/ThrowDiscus/samples/00269.png 93
ucf/ThrowDiscus/samples/00270.png 93
ucf/ThrowDiscus/samples/00271.png 93
ucf/ThrowDiscus/samples/00272.png 93
ucf/ThrowDiscus/samples/00273.png 93
ucf/ThrowDiscus/samples/00274.png 93
ucf/ThrowDiscus/samples/00275.png 93
ucf/ThrowDiscus/samples/00276.png 93
ucf/ThrowDiscus/samples/00277.png 93
ucf/ThrowDiscus/samples/00278.png 93
ucf/ThrowDiscus/samples/00279.png 93
ucf/ThrowDiscus/samples/00280.png 93
ucf/ThrowDiscus/samples/00281.png 93
ucf/ThrowDiscus/samples/00282.png 93
ucf/ThrowDiscus/samples/00283.png 93
ucf/ThrowDiscus/samples/00284.png 93
ucf/ThrowDiscus/samples/00285.png 93
ucf/ThrowDiscus/samples/00286.png 93
ucf/ThrowDiscus/samples/00287.png 93
ucf/ThrowDiscus/samples/00288.png 93
ucf/ThrowDiscus/samples/00289.png 93
ucf/ThrowDiscus/samples/00290.png 93
ucf/ThrowDiscus/samples/00291.png 93
ucf/ThrowDiscus/samples/00292.png 93
ucf/ThrowDiscus/samples/00293.png 93
ucf/ThrowDiscus/samples/00294.png 93
ucf/ThrowDiscus/samples/00295.png 93
ucf/ThrowDiscus/samples/00296.png 93
ucf/ThrowDiscus/samples/00297.png 93
ucf/ThrowDiscus/samples/00298.png 93
ucf/ThrowDiscus/samples/00299.png 93
ucf/ThrowDiscus/samples/00300.png 93
ucf/ThrowDiscus/samples/00301.png 93
ucf/ThrowDiscus/samples/00302.png 93
ucf/ThrowDiscus/samples/00303.png 93
ucf/ThrowDiscus/samples/00304.png 93
ucf/ThrowDiscus/samples/00305.png 93
ucf/ThrowDiscus/samples/00306.png 93
ucf/ThrowDiscus/samples/00307.png 93
ucf/ThrowDiscus/samples/00308.png 93
ucf/ThrowDiscus/samples/00309.png 93
ucf/ThrowDiscus/samples/00310.png 93
ucf/ThrowDiscus/samples/00311.png 93
ucf/ThrowDiscus/samples/00312.png 93
ucf/ThrowDiscus/samples/00313.png 93
ucf/ThrowDiscus/samples/00314.png 93
ucf/ThrowDiscus/samples/00315.png 93
ucf/ThrowDiscus/samples/00316.png 93
ucf/ThrowDiscus/samples/00317.png 93
ucf/ThrowDiscus/samples/00318.png 93
ucf/ThrowDiscus/samples/00319.png 93
ucf/ThrowDiscus/samples/00320.png 93
ucf/ThrowDiscus/samples/00321.png 93
ucf/ThrowDiscus/samples/00322.png 93
ucf/ThrowDiscus/samples/00323.png 93
ucf/ThrowDiscus/samples/00324.png 93
ucf/ThrowDiscus/samples/00325.png 93
ucf/ThrowDiscus/samples/00326.png 93
ucf/ThrowDiscus/samples/00327.png 93
ucf/ThrowDiscus/samples/00328.png 93
ucf/ThrowDiscus/samples/00329.png 93
ucf/ThrowDiscus/samples/00330.png 93
ucf/ThrowDiscus/samples/00331.png 93
ucf/ThrowDiscus/samples/00332.png 93
ucf/ThrowDiscus/samples/00333.png 93
ucf/ThrowDiscus/samples/00334.png 93
ucf/ThrowDiscus/samples/00335.png 93
ucf/ThrowDiscus/samples/00336.png 93
ucf/ThrowDiscus/samples/00337.png 93
ucf/ThrowDiscus/samples/00338.png 93
ucf/ThrowDiscus/samples/00339.png 93
ucf/ThrowDiscus/samples/00340.png 93
ucf/ThrowDiscus/samples/00341.png 93
ucf/ThrowDiscus/samples/00342.png 93
ucf/ThrowDiscus/samples/00343.png 93
ucf/ThrowDiscus/samples/00344.png 93
ucf/ThrowDiscus/samples/00345.png 93
ucf/ThrowDiscus/samples/00346.png 93
ucf/ThrowDiscus/samples/00347.png 93
ucf/ThrowDiscus/samples/00348.png 93
ucf/ThrowDiscus/samples/00349.png 93
ucf/ThrowDiscus/samples/00350.png 93
ucf/ThrowDiscus/samples/00351.png 93
ucf/ThrowDiscus/samples/00352.png 93
ucf/ThrowDiscus/samples/00353.png 93
ucf/ThrowDiscus/samples/00354.png 93
ucf/ThrowDiscus/samples/00355.png 93
ucf/ThrowDiscus/samples/00356.png 93
ucf/ThrowDiscus/samples/00357.png 93
ucf/ThrowDiscus/samples/00358.png 93
ucf/ThrowDiscus/samples/00359.png 93
ucf/ThrowDiscus/samples/00360.png 93
ucf/ThrowDiscus/samples/00361.png 93
ucf/ThrowDiscus/samples/00362.png 93
ucf/ThrowDiscus/samples/00363.png 93
ucf/ThrowDiscus/samples/00364.png 93
ucf/ThrowDiscus/samples/00365.png 93
ucf/ThrowDiscus/samples/00366.png 93
ucf/ThrowDiscus/samples/00367.png 93
ucf/ThrowDiscus/samples/00368.png 93
ucf/ThrowDiscus/samples/00369.png 93
ucf/ThrowDiscus/samples/00370.png 93
ucf/ThrowDiscus/samples/00371.png 93
ucf/ThrowDiscus/samples/00372.png 93
ucf/ThrowDiscus/samples/00373.png 93
ucf/ThrowDiscus/samples/00374.png 93
ucf/ThrowDiscus/samples/00375.png 93
ucf/ThrowDiscus/samples/00376.png 93
ucf/ThrowDiscus/samples/00377.png 93
ucf/ThrowDiscus/samples/00378.png 93
ucf/ThrowDiscus/samples/00379.png 93
ucf/ThrowDiscus/samples/00380.png 93
ucf/ThrowDiscus/samples/00381.png 93
ucf/ThrowDiscus/samples/00382.png 93
ucf/ThrowDiscus/samples/00383.png 93
ucf/ThrowDiscus/samples/00384.png 93
ucf/ThrowDiscus/samples/00385.png 93
ucf/ThrowDiscus/samples/00386.png 93
ucf/ThrowDiscus/samples/00387.png 93
ucf/ThrowDiscus/samples/00388.png 93
ucf/ThrowDiscus/samples/00389.png 93
ucf/ThrowDiscus/samples/00390.png 93
ucf/ThrowDiscus/samples/00391.png 93
ucf/ThrowDiscus/samples/00392.png 93
ucf/ThrowDiscus/samples/00393.png 93
ucf/ThrowDiscus/samples/00394.png 93
ucf/ThrowDiscus/samples/00395.png 93
ucf/ThrowDiscus/samples/00396.png 93
ucf/ThrowDiscus/samples/00397.png 93
ucf/ThrowDiscus/samples/00398.png 93
ucf/ThrowDiscus/samples/00399.png 93
ucf/ThrowDiscus/samples/00400.png 93
ucf/ThrowDiscus/samples/00401.png 93
ucf/ThrowDiscus/samples/00402.png 93
ucf/ThrowDiscus/samples/00403.png 93
ucf/ThrowDiscus/samples/00404.png 93
ucf/ThrowDiscus/samples/00405.png 93
ucf/ThrowDiscus/samples/00406.png 93
ucf/ThrowDiscus/samples/00407.png 93
ucf/ThrowDiscus/samples/00408.png 93
ucf/ThrowDiscus/samples/00409.png 93
ucf/ThrowDiscus/samples/00410.png 93
ucf/ThrowDiscus/samples/00411.png 93
ucf/ThrowDiscus/samples/00412.png 93
ucf/ThrowDiscus/samples/00413.png 93
ucf/ThrowDiscus/samples/00414.png 93
ucf/ThrowDiscus/samples/00415.png 93
ucf/ThrowDiscus/samples/00416.png 93
ucf/ThrowDiscus/samples/00417.png 93
ucf/ThrowDiscus/samples/00418.png 93
ucf/ThrowDiscus/samples/00419.png 93
ucf/ThrowDiscus/samples/00420.png 93
ucf/ThrowDiscus/samples/00421.png 93
ucf/ThrowDiscus/samples/00422.png 93
ucf/ThrowDiscus/samples/00423.png 93
ucf/ThrowDiscus/samples/00424.png 93
ucf/ThrowDiscus/samples/00425.png 93
ucf/ThrowDiscus/samples/00426.png 93
ucf/ThrowDiscus/samples/00427.png 93
ucf/ThrowDiscus/samples/00428.png 93
ucf/ThrowDiscus/samples/00429.png 93
ucf/ThrowDiscus/samples/00430.png 93
ucf/ThrowDiscus/samples/00431.png 93
ucf/ThrowDiscus/samples/00432.png 93
ucf/ThrowDiscus/samples/00433.png 93
ucf/ThrowDiscus/samples/00434.png 93
ucf/ThrowDiscus/samples/00435.png 93
ucf/ThrowDiscus/samples/00436.png 93
ucf/ThrowDiscus/samples/00437.png 93
ucf/ThrowDiscus/samples/00438.png 93
ucf/ThrowDiscus/samples/00439.png 93
ucf/ThrowDiscus/samples/00440.png 93
ucf/ThrowDiscus/samples/00441.png 93
ucf/ThrowDiscus/samples/00442.png 93
ucf/ThrowDiscus/samples/00443.png 93
ucf/ThrowDiscus/samples/00444.png 93
ucf/ThrowDiscus/samples/00445.png 93
ucf/ThrowDiscus/samples/00446.png 93
ucf/ThrowDiscus/samples/00447.png 93
ucf/ThrowDiscus/samples/00448.png 93
ucf/ThrowDiscus/samples/00449.png 93
ucf/ThrowDiscus/samples/00450.png 93
ucf/ThrowDiscus/samples/00451.png 93
ucf/ThrowDiscus/samples/00452.png 93
ucf/ThrowDiscus/samples/00453.png 93
ucf/ThrowDiscus/samples/00454.png 93
ucf/ThrowDiscus/samples/00455.png 93
ucf/ThrowDiscus/samples/00456.png 93
ucf/ThrowDiscus/samples/00457.png 93
ucf/ThrowDiscus/samples/00458.png 93
ucf/ThrowDiscus/samples/00459.png 93
ucf/ThrowDiscus/samples/00460.png 93
ucf/ThrowDiscus/samples/00461.png 93
ucf/ThrowDiscus/samples/00462.png 93
ucf/ThrowDiscus/samples/00463.png 93
ucf/ThrowDiscus/samples/00464.png 93
ucf/ThrowDiscus/samples/00465.png 93
ucf/ThrowDiscus/samples/00466.png 93
ucf/ThrowDiscus/samples/00467.png 93
ucf/ThrowDiscus/samples/00468.png 93
ucf/ThrowDiscus/samples/00469.png 93
ucf/ThrowDiscus/samples/00470.png 93
ucf/ThrowDiscus/samples/00471.png 93
ucf/ThrowDiscus/samples/00472.png 93
ucf/ThrowDiscus/samples/00473.png 93
ucf/ThrowDiscus/samples/00474.png 93
ucf/ThrowDiscus/samples/00475.png 93
ucf/ThrowDiscus/samples/00476.png 93
ucf/ThrowDiscus/samples/00477.png 93
ucf/ThrowDiscus/samples/00478.png 93
ucf/ThrowDiscus/samples/00479.png 93
ucf/ThrowDiscus/samples/00480.png 93
ucf/ThrowDiscus/samples/00481.png 93
ucf/ThrowDiscus/samples/00482.png 93
ucf/ThrowDiscus/samples/00483.png 93
ucf/ThrowDiscus/samples/00484.png 93
ucf/ThrowDiscus/samples/00485.png 93
ucf/ThrowDiscus/samples/00486.png 93
ucf/ThrowDiscus/samples/00487.png 93
ucf/ThrowDiscus/samples/00488.png 93
ucf/ThrowDiscus/samples/00489.png 93
ucf/ThrowDiscus/samples/00490.png 93
ucf/ThrowDiscus/samples/00491.png 93
ucf/ThrowDiscus/samples/00492.png 93
ucf/ThrowDiscus/samples/00493.png 93
ucf/ThrowDiscus/samples/00494.png 93
ucf/ThrowDiscus/samples/00495.png 93
ucf/ThrowDiscus/samples/00496.png 93
ucf/ThrowDiscus/samples/00497.png 93
ucf/ThrowDiscus/samples/00498.png 93
ucf/ThrowDiscus/samples/00499.png 93
ucf/ThrowDiscus/samples/00500.png 93
ucf/ThrowDiscus/samples/00501.png 93
ucf/ThrowDiscus/samples/00502.png 93
ucf/ThrowDiscus/samples/00503.png 93
ucf/ThrowDiscus/samples/00504.png 93
ucf/ThrowDiscus/samples/00505.png 93
ucf/ThrowDiscus/samples/00506.png 93
ucf/ThrowDiscus/samples/00507.png 93
ucf/ThrowDiscus/samples/00508.png 93
ucf/ThrowDiscus/samples/00509.png 93
ucf/ThrowDiscus/samples/00510.png 93
ucf/ThrowDiscus/samples/00511.png 93
ucf/ThrowDiscus/samples/00512.png 93
ucf/ThrowDiscus/samples/00513.png 93
ucf/ThrowDiscus/samples/00514.png 93
ucf/ThrowDiscus/samples/00515.png 93
ucf/ThrowDiscus/samples/00516.png 93
ucf/ThrowDiscus/samples/00517.png 93
ucf/ThrowDiscus/samples/00518.png 93
ucf/ThrowDiscus/samples/00519.png 93
ucf/ThrowDiscus/samples/00520.png 93
ucf/ThrowDiscus/samples/00521.png 93
ucf/ThrowDiscus/samples/00522.png 93
ucf/ThrowDiscus/samples/00523.png 93
ucf/ThrowDiscus/samples/00524.png 93
ucf/ThrowDiscus/samples/00525.png 93
ucf/ThrowDiscus/samples/00526.png 93
ucf/ThrowDiscus/samples/00527.png 93
ucf/ThrowDiscus/samples/00528.png 93
ucf/ThrowDiscus/samples/00529.png 93
ucf/ThrowDiscus/samples/00530.png 93
ucf/ThrowDiscus/samples/00531.png 93
ucf/ThrowDiscus/samples/00532.png 93
ucf/ThrowDiscus/samples/00533.png 93
ucf/ThrowDiscus/samples/00534.png 93
ucf/ThrowDiscus/samples/00535.png 93
ucf/ThrowDiscus/samples/00536.png 93
ucf/ThrowDiscus/samples/00537.png 93
ucf/ThrowDiscus/samples/00538.png 93
ucf/ThrowDiscus/samples/00539.png 93
ucf/ThrowDiscus/samples/00540.png 93
ucf/ThrowDiscus/samples/00541.png 93
ucf/ThrowDiscus/samples/00542.png 93
ucf/ThrowDiscus/samples/00543.png 93
ucf/ThrowDiscus/samples/00544.png 93
ucf/ThrowDiscus/samples/00545.png 93
ucf/ThrowDiscus/samples/00546.png 93
ucf/ThrowDiscus/samples/00547.png 93
ucf/ThrowDiscus/samples/00548.png 93
ucf/ThrowDiscus/samples/00549.png 93
ucf/ThrowDiscus/samples/00550.png 93
ucf/ThrowDiscus/samples/00551.png 93
ucf/ThrowDiscus/samples/00552.png 93
ucf/ThrowDiscus/samples/00553.png 93
ucf/ThrowDiscus/samples/00554.png 93
ucf/ThrowDiscus/samples/00555.png 93
ucf/ThrowDiscus/samples/00556.png 93
ucf/ThrowDiscus/samples/00557.png 93
ucf/ThrowDiscus/samples/00558.png 93
ucf/ThrowDiscus/samples/00559.png 93
ucf/ThrowDiscus/samples/00560.png 93
ucf/ThrowDiscus/samples/00561.png 93
ucf/ThrowDiscus/samples/00562.png 93
ucf/ThrowDiscus/samples/00563.png 93
ucf/ThrowDiscus/samples/00564.png 93
ucf/ThrowDiscus/samples/00565.png 93
ucf/ThrowDiscus/samples/00566.png 93
ucf/ThrowDiscus/samples/00567.png 93
ucf/ThrowDiscus/samples/00568.png 93
ucf/ThrowDiscus/samples/00569.png 93
ucf/ThrowDiscus/samples/00570.png 93
ucf/ThrowDiscus/samples/00571.png 93
ucf/ThrowDiscus/samples/00572.png 93
ucf/ThrowDiscus/samples/00573.png 93
ucf/ThrowDiscus/samples/00574.png 93
ucf/ThrowDiscus/samples/00575.png 93
ucf/ThrowDiscus/samples/00576.png 93
ucf/ThrowDiscus/samples/00577.png 93
ucf/ThrowDiscus/samples/00578.png 93
ucf/ThrowDiscus/samples/00579.png 93
ucf/ThrowDiscus/samples/00580.png 93
ucf/ThrowDiscus/samples/00581.png 93
ucf/ThrowDiscus/samples/00582.png 93
ucf/ThrowDiscus/samples/00583.png 93
ucf/ThrowDiscus/samples/00584.png 93
ucf/ThrowDiscus/samples/00585.png 93
ucf/ThrowDiscus/samples/00586.png 93
ucf/ThrowDiscus/samples/00587.png 93
ucf/ThrowDiscus/samples/00588.png 93
ucf/ThrowDiscus/samples/00589.png 93
ucf/ThrowDiscus/samples/00590.png 93
ucf/ThrowDiscus/samples/00591.png 93
ucf/ThrowDiscus/samples/00592.png 93
ucf/ThrowDiscus/samples/00593.png 93
ucf/ThrowDiscus/samples/00594.png 93
ucf/ThrowDiscus/samples/00595.png 93
ucf/ThrowDiscus/samples/00596.png 93
ucf/ThrowDiscus/samples/00597.png 93
ucf/ThrowDiscus/samples/00598.png 93
ucf/ThrowDiscus/samples/00599.png 93
ucf/ThrowDiscus/samples/00600.png 93
ucf/ThrowDiscus/samples/00601.png 93
ucf/ThrowDiscus/samples/00602.png 93
ucf/ThrowDiscus/samples/00603.png 93
ucf/ThrowDiscus/samples/00604.png 93
ucf/ThrowDiscus/samples/00605.png 93
ucf/ThrowDiscus/samples/00606.png 93
ucf/ThrowDiscus/samples/00607.png 93
ucf/ThrowDiscus/samples/00608.png 93
ucf/ThrowDiscus/samples/00609.png 93
ucf/ThrowDiscus/samples/00610.png 93
ucf/ThrowDiscus/samples/00611.png 93
ucf/ThrowDiscus/samples/00612.png 93
ucf/ThrowDiscus/samples/00613.png 93
ucf/ThrowDiscus/samples/00614.png 93
ucf/ThrowDiscus/samples/00615.png 93
ucf/ThrowDiscus/samples/00616.png 93
ucf/ThrowDiscus/samples/00617.png 93
ucf/ThrowDiscus/samples/00618.png 93
ucf/ThrowDiscus/samples/00619.png 93
ucf/ThrowDiscus/samples/00620.png 93
ucf/ThrowDiscus/samples/00621.png 93
ucf/ThrowDiscus/samples/00622.png 93
ucf/ThrowDiscus/samples/00623.png 93
ucf/ThrowDiscus/samples/00624.png 93
ucf/ThrowDiscus/samples/00625.png 93
ucf/ThrowDiscus/samples/00626.png 93
ucf/ThrowDiscus/samples/00627.png 93
ucf/ThrowDiscus/samples/00628.png 93
ucf/ThrowDiscus/samples/00629.png 93
ucf/ThrowDiscus/samples/00630.png 93
ucf/ThrowDiscus/samples/00631.png 93
ucf/ThrowDiscus/samples/00632.png 93
ucf/ThrowDiscus/samples/00633.png 93
ucf/ThrowDiscus/samples/00634.png 93
ucf/ThrowDiscus/samples/00635.png 93
ucf/ThrowDiscus/samples/00636.png 93
ucf/ThrowDiscus/samples/00637.png 93
ucf/ThrowDiscus/samples/00638.png 93
ucf/ThrowDiscus/samples/00639.png 93
ucf/ThrowDiscus/samples/00640.png 93
ucf/ThrowDiscus/samples/00641.png 93
ucf/ThrowDiscus/samples/00642.png 93
ucf/ThrowDiscus/samples/00643.png 93
ucf/ThrowDiscus/samples/00644.png 93
ucf/ThrowDiscus/samples/00645.png 93
ucf/ThrowDiscus/samples/00646.png 93
ucf/ThrowDiscus/samples/00647.png 93
ucf/ThrowDiscus/samples/00648.png 93
ucf/ThrowDiscus/samples/00649.png 93
ucf/ThrowDiscus/samples/00650.png 93
ucf/ThrowDiscus/samples/00651.png 93
ucf/ThrowDiscus/samples/00652.png 93
ucf/ThrowDiscus/samples/00653.png 93
ucf/ThrowDiscus/samples/00654.png 93
ucf/ThrowDiscus/samples/00655.png 93
ucf/ThrowDiscus/samples/00656.png 93
ucf/ThrowDiscus/samples/00657.png 93
ucf/ThrowDiscus/samples/00658.png 93
ucf/ThrowDiscus/samples/00659.png 93
ucf/ThrowDiscus/samples/00660.png 93
ucf/ThrowDiscus/samples/00661.png 93
ucf/ThrowDiscus/samples/00662.png 93
ucf/ThrowDiscus/samples/00663.png 93
ucf/ThrowDiscus/samples/00664.png 93
ucf/ThrowDiscus/samples/00665.png 93
ucf/ThrowDiscus/samples/00666.png 93
ucf/ThrowDiscus/samples/00667.png 93
ucf/ThrowDiscus/samples/00668.png 93
ucf/ThrowDiscus/samples/00669.png 93
ucf/ThrowDiscus/samples/00670.png 93
ucf/ThrowDiscus/samples/00671.png 93
ucf/ThrowDiscus/samples/00672.png 93
ucf/ThrowDiscus/samples/00673.png 93
ucf/ThrowDiscus/samples/00674.png 93
ucf/ThrowDiscus/samples/00675.png 93
ucf/ThrowDiscus/samples/00676.png 93
ucf/ThrowDiscus/samples/00677.png 93
ucf/ThrowDiscus/samples/00678.png 93
ucf/ThrowDiscus/samples/00679.png 93
ucf/ThrowDiscus/samples/00680.png 93
ucf/ThrowDiscus/samples/00681.png 93
ucf/ThrowDiscus/samples/00682.png 93
ucf/ThrowDiscus/samples/00683.png 93
ucf/ThrowDiscus/samples/00684.png 93
ucf/ThrowDiscus/samples/00685.png 93
ucf/ThrowDiscus/samples/00686.png 93
ucf/ThrowDiscus/samples/00687.png 93
ucf/ThrowDiscus/samples/00688.png 93
ucf/ThrowDiscus/samples/00689.png 93
ucf/ThrowDiscus/samples/00690.png 93
ucf/ThrowDiscus/samples/00691.png 93
ucf/ThrowDiscus/samples/00692.png 93
ucf/ThrowDiscus/samples/00693.png 93
ucf/ThrowDiscus/samples/00694.png 93
ucf/ThrowDiscus/samples/00695.png 93
ucf/ThrowDiscus/samples/00696.png 93
ucf/ThrowDiscus/samples/00697.png 93
ucf/ThrowDiscus/samples/00698.png 93
ucf/ThrowDiscus/samples/00699.png 93
ucf/ThrowDiscus/samples/00700.png 93
ucf/ThrowDiscus/samples/00701.png 93
ucf/ThrowDiscus/samples/00702.png 93
ucf/ThrowDiscus/samples/00703.png 93
ucf/ThrowDiscus/samples/00704.png 93
ucf/ThrowDiscus/samples/00705.png 93
ucf/ThrowDiscus/samples/00706.png 93
ucf/ThrowDiscus/samples/00707.png 93
ucf/ThrowDiscus/samples/00708.png 93
ucf/ThrowDiscus/samples/00709.png 93
ucf/ThrowDiscus/samples/00710.png 93
ucf/ThrowDiscus/samples/00711.png 93
ucf/ThrowDiscus/samples/00712.png 93
ucf/ThrowDiscus/samples/00713.png 93
ucf/ThrowDiscus/samples/00714.png 93
ucf/ThrowDiscus/samples/00715.png 93
ucf/ThrowDiscus/samples/00716.png 93
ucf/ThrowDiscus/samples/00717.png 93
ucf/ThrowDiscus/samples/00718.png 93
ucf/ThrowDiscus/samples/00719.png 93
ucf/ThrowDiscus/samples/00720.png 93
ucf/ThrowDiscus/samples/00721.png 93
ucf/ThrowDiscus/samples/00722.png 93
ucf/ThrowDiscus/samples/00723.png 93
ucf/ThrowDiscus/samples/00724.png 93
ucf/ThrowDiscus/samples/00725.png 93
ucf/ThrowDiscus/samples/00726.png 93
ucf/ThrowDiscus/samples/00727.png 93
ucf/ThrowDiscus/samples/00728.png 93
ucf/ThrowDiscus/samples/00729.png 93
ucf/ThrowDiscus/samples/00730.png 93
ucf/ThrowDiscus/samples/00731.png 93
ucf/ThrowDiscus/samples/00732.png 93
ucf/ThrowDiscus/samples/00733.png 93
ucf/ThrowDiscus/samples/00734.png 93
ucf/ThrowDiscus/samples/00735.png 93
ucf/ThrowDiscus/samples/00736.png 93
ucf/ThrowDiscus/samples/00737.png 93
ucf/ThrowDiscus/samples/00738.png 93
ucf/ThrowDiscus/samples/00739.png 93
ucf/ThrowDiscus/samples/00740.png 93
ucf/ThrowDiscus/samples/00741.png 93
ucf/ThrowDiscus/samples/00742.png 93
ucf/ThrowDiscus/samples/00743.png 93
ucf/ThrowDiscus/samples/00744.png 93
ucf/ThrowDiscus/samples/00745.png 93
ucf/ThrowDiscus/samples/00746.png 93
ucf/ThrowDiscus/samples/00747.png 93
ucf/ThrowDiscus/samples/00748.png 93
ucf/ThrowDiscus/samples/00749.png 93
ucf/ThrowDiscus/samples/00750.png 93
ucf/ThrowDiscus/samples/00751.png 93
ucf/ThrowDiscus/samples/00752.png 93
ucf/ThrowDiscus/samples/00753.png 93
ucf/ThrowDiscus/samples/00754.png 93
ucf/ThrowDiscus/samples/00755.png 93
ucf/ThrowDiscus/samples/00756.png 93
ucf/ThrowDiscus/samples/00757.png 93
ucf/ThrowDiscus/samples/00758.png 93
ucf/ThrowDiscus/samples/00759.png 93
ucf/ThrowDiscus/samples/00760.png 93
ucf/ThrowDiscus/samples/00761.png 93
ucf/ThrowDiscus/samples/00762.png 93
ucf/ThrowDiscus/samples/00763.png 93
ucf/ThrowDiscus/samples/00764.png 93
ucf/ThrowDiscus/samples/00765.png 93
ucf/ThrowDiscus/samples/00766.png 93
ucf/ThrowDiscus/samples/00767.png 93
ucf/ThrowDiscus/samples/00768.png 93
ucf/ThrowDiscus/samples/00769.png 93
ucf/ThrowDiscus/samples/00770.png 93
ucf/ThrowDiscus/samples/00771.png 93
ucf/ThrowDiscus/samples/00772.png 93
ucf/ThrowDiscus/samples/00773.png 93
ucf/ThrowDiscus/samples/00774.png 93
ucf/ThrowDiscus/samples/00775.png 93
ucf/ThrowDiscus/samples/00776.png 93
ucf/ThrowDiscus/samples/00777.png 93
ucf/ThrowDiscus/samples/00778.png 93
ucf/ThrowDiscus/samples/00779.png 93
ucf/ThrowDiscus/samples/00780.png 93
ucf/ThrowDiscus/samples/00781.png 93
ucf/ThrowDiscus/samples/00782.png 93
ucf/ThrowDiscus/samples/00783.png 93
ucf/ThrowDiscus/samples/00784.png 93
ucf/ThrowDiscus/samples/00785.png 93
ucf/ThrowDiscus/samples/00786.png 93
ucf/ThrowDiscus/samples/00787.png 93
ucf/ThrowDiscus/samples/00788.png 93
ucf/ThrowDiscus/samples/00789.png 93
ucf/ThrowDiscus/samples/00790.png 93
ucf/ThrowDiscus/samples/00791.png 93
ucf/ThrowDiscus/samples/00792.png 93
ucf/ThrowDiscus/samples/00793.png 93
ucf/ThrowDiscus/samples/00794.png 93
ucf/ThrowDiscus/samples/00795.png 93
ucf/ThrowDiscus/samples/00796.png 93
ucf/ThrowDiscus/samples/00797.png 93
ucf/ThrowDiscus/samples/00798.png 93
ucf/ThrowDiscus/samples/00799.png 93
ucf/ThrowDiscus/samples/00800.png 93
ucf/ThrowDiscus/samples/00801.png 93
ucf/ThrowDiscus/samples/00802.png 93
ucf/ThrowDiscus/samples/00803.png 93
ucf/ThrowDiscus/samples/00804.png 93
ucf/ThrowDiscus/samples/00805.png 93
ucf/ThrowDiscus/samples/00806.png 93
ucf/ThrowDiscus/samples/00807.png 93
ucf/ThrowDiscus/samples/00808.png 93
ucf/ThrowDiscus/samples/00809.png 93
ucf/ThrowDiscus/samples/00810.png 93
ucf/ThrowDiscus/samples/00811.png 93
ucf/ThrowDiscus/samples/00812.png 93
ucf/ThrowDiscus/samples/00813.png 93
ucf/ThrowDiscus/samples/00814.png 93
ucf/ThrowDiscus/samples/00815.png 93
ucf/ThrowDiscus/samples/00816.png 93
ucf/ThrowDiscus/samples/00817.png 93
ucf/ThrowDiscus/samples/00818.png 93
ucf/ThrowDiscus/samples/00819.png 93
ucf/ThrowDiscus/samples/00820.png 93
ucf/ThrowDiscus/samples/00821.png 93
ucf/ThrowDiscus/samples/00822.png 93
ucf/ThrowDiscus/samples/00823.png 93
ucf/ThrowDiscus/samples/00824.png 93
ucf/ThrowDiscus/samples/00825.png 93
ucf/ThrowDiscus/samples/00826.png 93
ucf/ThrowDiscus/samples/00827.png 93
ucf/ThrowDiscus/samples/00828.png 93
ucf/ThrowDiscus/samples/00829.png 93
ucf/ThrowDiscus/samples/00830.png 93
ucf/ThrowDiscus/samples/00831.png 93
ucf/ThrowDiscus/samples/00832.png 93
ucf/ThrowDiscus/samples/00833.png 93
ucf/ThrowDiscus/samples/00834.png 93
ucf/ThrowDiscus/samples/00835.png 93
ucf/ThrowDiscus/samples/00836.png 93
ucf/ThrowDiscus/samples/00837.png 93
ucf/ThrowDiscus/samples/00838.png 93
ucf/ThrowDiscus/samples/00839.png 93
ucf/ThrowDiscus/samples/00840.png 93
ucf/ThrowDiscus/samples/00841.png 93
ucf/ThrowDiscus/samples/00842.png 93
ucf/ThrowDiscus/samples/00843.png 93
ucf/ThrowDiscus/samples/00844.png 93
ucf/ThrowDiscus/samples/00845.png 93
ucf/ThrowDiscus/samples/00846.png 93
ucf/ThrowDiscus/samples/00847.png 93
ucf/ThrowDiscus/samples/00848.png 93
ucf/ThrowDiscus/samples/00849.png 93
ucf/ThrowDiscus/samples/00850.png 93
ucf/ThrowDiscus/samples/00851.png 93
ucf/ThrowDiscus/samples/00852.png 93
ucf/ThrowDiscus/samples/00853.png 93
ucf/ThrowDiscus/samples/00854.png 93
ucf/ThrowDiscus/samples/00855.png 93
ucf/ThrowDiscus/samples/00856.png 93
ucf/ThrowDiscus/samples/00857.png 93
ucf/ThrowDiscus/samples/00858.png 93
ucf/ThrowDiscus/samples/00859.png 93
ucf/ThrowDiscus/samples/00860.png 93
ucf/ThrowDiscus/samples/00861.png 93
ucf/ThrowDiscus/samples/00862.png 93
ucf/ThrowDiscus/samples/00863.png 93
ucf/ThrowDiscus/samples/00864.png 93
ucf/ThrowDiscus/samples/00865.png 93
ucf/ThrowDiscus/samples/00866.png 93
ucf/ThrowDiscus/samples/00867.png 93
ucf/ThrowDiscus/samples/00868.png 93
ucf/ThrowDiscus/samples/00869.png 93
ucf/ThrowDiscus/samples/00870.png 93
ucf/ThrowDiscus/samples/00871.png 93
ucf/ThrowDiscus/samples/00872.png 93
ucf/ThrowDiscus/samples/00873.png 93
ucf/ThrowDiscus/samples/00874.png 93
ucf/ThrowDiscus/samples/00875.png 93
ucf/ThrowDiscus/samples/00876.png 93
ucf/ThrowDiscus/samples/00877.png 93
ucf/ThrowDiscus/samples/00878.png 93
ucf/ThrowDiscus/samples/00879.png 93
ucf/ThrowDiscus/samples/00880.png 93
ucf/ThrowDiscus/samples/00881.png 93
ucf/ThrowDiscus/samples/00882.png 93
ucf/ThrowDiscus/samples/00883.png 93
ucf/ThrowDiscus/samples/00884.png 93
ucf/ThrowDiscus/samples/00885.png 93
ucf/ThrowDiscus/samples/00886.png 93
ucf/ThrowDiscus/samples/00887.png 93
ucf/ThrowDiscus/samples/00888.png 93
ucf/ThrowDiscus/samples/00889.png 93
ucf/ThrowDiscus/samples/00890.png 93
ucf/ThrowDiscus/samples/00891.png 93
ucf/ThrowDiscus/samples/00892.png 93
ucf/ThrowDiscus/samples/00893.png 93
ucf/ThrowDiscus/samples/00894.png 93
ucf/ThrowDiscus/samples/00895.png 93
ucf/ThrowDiscus/samples/00896.png 93
ucf/ThrowDiscus/samples/00897.png 93
ucf/ThrowDiscus/samples/00898.png 93
ucf/ThrowDiscus/samples/00899.png 93
ucf/ThrowDiscus/samples/00900.png 93
ucf/ThrowDiscus/samples/00901.png 93
ucf/ThrowDiscus/samples/00902.png 93
ucf/ThrowDiscus/samples/00903.png 93
ucf/ThrowDiscus/samples/00904.png 93
ucf/ThrowDiscus/samples/00905.png 93
ucf/ThrowDiscus/samples/00906.png 93
ucf/ThrowDiscus/samples/00907.png 93
ucf/ThrowDiscus/samples/00908.png 93
ucf/ThrowDiscus/samples/00909.png 93
ucf/ThrowDiscus/samples/00910.png 93
ucf/ThrowDiscus/samples/00911.png 93
ucf/ThrowDiscus/samples/00912.png 93
ucf/ThrowDiscus/samples/00913.png 93
ucf/ThrowDiscus/samples/00914.png 93
ucf/ThrowDiscus/samples/00915.png 93
ucf/ThrowDiscus/samples/00916.png 93
ucf/ThrowDiscus/samples/00917.png 93
ucf/ThrowDiscus/samples/00918.png 93
ucf/ThrowDiscus/samples/00919.png 93
ucf/ThrowDiscus/samples/00920.png 93
ucf/ThrowDiscus/samples/00921.png 93
ucf/ThrowDiscus/samples/00922.png 93
ucf/ThrowDiscus/samples/00923.png 93
ucf/ThrowDiscus/samples/00924.png 93
ucf/ThrowDiscus/samples/00925.png 93
ucf/ThrowDiscus/samples/00926.png 93
ucf/ThrowDiscus/samples/00927.png 93
ucf/ThrowDiscus/samples/00928.png 93
ucf/ThrowDiscus/samples/00929.png 93
ucf/ThrowDiscus/samples/00930.png 93
ucf/ThrowDiscus/samples/00931.png 93
ucf/ThrowDiscus/samples/00932.png 93
ucf/ThrowDiscus/samples/00933.png 93
ucf/ThrowDiscus/samples/00934.png 93
ucf/ThrowDiscus/samples/00935.png 93
ucf/ThrowDiscus/samples/00936.png 93
ucf/ThrowDiscus/samples/00937.png 93
ucf/ThrowDiscus/samples/00938.png 93
ucf/ThrowDiscus/samples/00939.png 93
ucf/ThrowDiscus/samples/00940.png 93
ucf/ThrowDiscus/samples/00941.png 93
ucf/ThrowDiscus/samples/00942.png 93
ucf/ThrowDiscus/samples/00943.png 93
ucf/ThrowDiscus/samples/00944.png 93
ucf/ThrowDiscus/samples/00945.png 93
ucf/ThrowDiscus/samples/00946.png 93
ucf/ThrowDiscus/samples/00947.png 93
ucf/ThrowDiscus/samples/00948.png 93
ucf/ThrowDiscus/samples/00949.png 93
ucf/ThrowDiscus/samples/00950.png 93
ucf/ThrowDiscus/samples/00951.png 93
ucf/ThrowDiscus/samples/00952.png 93
ucf/ThrowDiscus/samples/00953.png 93
ucf/ThrowDiscus/samples/00954.png 93
ucf/ThrowDiscus/samples/00955.png 93
ucf/ThrowDiscus/samples/00956.png 93
ucf/ThrowDiscus/samples/00957.png 93
ucf/ThrowDiscus/samples/00958.png 93
ucf/ThrowDiscus/samples/00959.png 93
ucf/ThrowDiscus/samples/00960.png 93
ucf/ThrowDiscus/samples/00961.png 93
ucf/ThrowDiscus/samples/00962.png 93
ucf/ThrowDiscus/samples/00963.png 93
ucf/ThrowDiscus/samples/00964.png 93
ucf/ThrowDiscus/samples/00965.png 93
ucf/ThrowDiscus/samples/00966.png 93
ucf/ThrowDiscus/samples/00967.png 93
ucf/ThrowDiscus/samples/00968.png 93
ucf/ThrowDiscus/samples/00969.png 93
ucf/ThrowDiscus/samples/00970.png 93
ucf/ThrowDiscus/samples/00971.png 93
ucf/ThrowDiscus/samples/00972.png 93
ucf/ThrowDiscus/samples/00973.png 93
ucf/ThrowDiscus/samples/00974.png 93
ucf/ThrowDiscus/samples/00975.png 93
ucf/ThrowDiscus/samples/00976.png 93
ucf/ThrowDiscus/samples/00977.png 93
ucf/ThrowDiscus/samples/00978.png 93
ucf/ThrowDiscus/samples/00979.png 93
ucf/ThrowDiscus/samples/00980.png 93
ucf/ThrowDiscus/samples/00981.png 93
ucf/ThrowDiscus/samples/00982.png 93
ucf/ThrowDiscus/samples/00983.png 93
ucf/ThrowDiscus/samples/00984.png 93
ucf/ThrowDiscus/samples/00985.png 93
ucf/ThrowDiscus/samples/00986.png 93
ucf/ThrowDiscus/samples/00987.png 93
ucf/ThrowDiscus/samples/00988.png 93
ucf/ThrowDiscus/samples/00989.png 93
ucf/ThrowDiscus/samples/00990.png 93
ucf/ThrowDiscus/samples/00991.png 93
ucf/ThrowDiscus/samples/00992.png 93
ucf/ThrowDiscus/samples/00993.png 93
ucf/ThrowDiscus/samples/00994.png 93
ucf/ThrowDiscus/samples/00995.png 93
ucf/ThrowDiscus/samples/00996.png 93
ucf/ThrowDiscus/samples/00997.png 93
ucf/ThrowDiscus/samples/00998.png 93
ucf/ThrowDiscus/samples/00999.png 93
ucf/Bowling/samples/00000.png 16
ucf/Bowling/samples/00001.png 16
ucf/Bowling/samples/00002.png 16
ucf/Bowling/samples/00003.png 16
ucf/Bowling/samples/00004.png 16
ucf/Bowling/samples/00005.png 16
ucf/Bowling/samples/00006.png 16
ucf/Bowling/samples/00007.png 16
ucf/Bowling/samples/00008.png 16
ucf/Bowling/samples/00009.png 16
ucf/Bowling/samples/00010.png 16
ucf/Bowling/samples/00011.png 16
ucf/Bowling/samples/00012.png 16
ucf/Bowling/samples/00013.png 16
ucf/Bowling/samples/00014.png 16
ucf/Bowling/samples/00015.png 16
ucf/Bowling/samples/00016.png 16
ucf/Bowling/samples/00017.png 16
ucf/Bowling/samples/00018.png 16
ucf/Bowling/samples/00019.png 16
ucf/Bowling/samples/00020.png 16
ucf/Bowling/samples/00021.png 16
ucf/Bowling/samples/00022.png 16
ucf/Bowling/samples/00023.png 16
ucf/Bowling/samples/00024.png 16
ucf/Bowling/samples/00025.png 16
ucf/Bowling/samples/00026.png 16
ucf/Bowling/samples/00027.png 16
ucf/Bowling/samples/00028.png 16
ucf/Bowling/samples/00029.png 16
ucf/Bowling/samples/00030.png 16
ucf/Bowling/samples/00031.png 16
ucf/Bowling/samples/00032.png 16
ucf/Bowling/samples/00033.png 16
ucf/Bowling/samples/00034.png 16
ucf/Bowling/samples/00035.png 16
ucf/Bowling/samples/00036.png 16
ucf/Bowling/samples/00037.png 16
ucf/Bowling/samples/00038.png 16
ucf/Bowling/samples/00039.png 16
ucf/Bowling/samples/00040.png 16
ucf/Bowling/samples/00041.png 16
ucf/Bowling/samples/00042.png 16
ucf/Bowling/samples/00043.png 16
ucf/Bowling/samples/00044.png 16
ucf/Bowling/samples/00045.png 16
ucf/Bowling/samples/00046.png 16
ucf/Bowling/samples/00047.png 16
ucf/Bowling/samples/00048.png 16
ucf/Bowling/samples/00049.png 16
ucf/Bowling/samples/00050.png 16
ucf/Bowling/samples/00051.png 16
ucf/Bowling/samples/00052.png 16
ucf/Bowling/samples/00053.png 16
ucf/Bowling/samples/00054.png 16
ucf/Bowling/samples/00055.png 16
ucf/Bowling/samples/00056.png 16
ucf/Bowling/samples/00057.png 16
ucf/Bowling/samples/00058.png 16
ucf/Bowling/samples/00059.png 16
ucf/Bowling/samples/00060.png 16
ucf/Bowling/samples/00061.png 16
ucf/Bowling/samples/00062.png 16
ucf/Bowling/samples/00063.png 16
ucf/Bowling/samples/00064.png 16
ucf/Bowling/samples/00065.png 16
ucf/Bowling/samples/00066.png 16
ucf/Bowling/samples/00067.png 16
ucf/Bowling/samples/00068.png 16
ucf/Bowling/samples/00069.png 16
ucf/Bowling/samples/00070.png 16
ucf/Bowling/samples/00071.png 16
ucf/Bowling/samples/00072.png 16
ucf/Bowling/samples/00073.png 16
ucf/Bowling/samples/00074.png 16
ucf/Bowling/samples/00075.png 16
ucf/Bowling/samples/00076.png 16
ucf/Bowling/samples/00077.png 16
ucf/Bowling/samples/00078.png 16
ucf/Bowling/samples/00079.png 16
ucf/Bowling/samples/00080.png 16
ucf/Bowling/samples/00081.png 16
ucf/Bowling/samples/00082.png 16
ucf/Bowling/samples/00083.png 16
ucf/Bowling/samples/00084.png 16
ucf/Bowling/samples/00085.png 16
ucf/Bowling/samples/00086.png 16
ucf/Bowling/samples/00087.png 16
ucf/Bowling/samples/00088.png 16
ucf/Bowling/samples/00089.png 16
ucf/Bowling/samples/00090.png 16
ucf/Bowling/samples/00091.png 16
ucf/Bowling/samples/00092.png 16
ucf/Bowling/samples/00093.png 16
ucf/Bowling/samples/00094.png 16
ucf/Bowling/samples/00095.png 16
ucf/Bowling/samples/00096.png 16
ucf/Bowling/samples/00097.png 16
ucf/Bowling/samples/00098.png 16
ucf/Bowling/samples/00099.png 16
ucf/Bowling/samples/00100.png 16
ucf/Bowling/samples/00101.png 16
ucf/Bowling/samples/00102.png 16
ucf/Bowling/samples/00103.png 16
ucf/Bowling/samples/00104.png 16
ucf/Bowling/samples/00105.png 16
ucf/Bowling/samples/00106.png 16
ucf/Bowling/samples/00107.png 16
ucf/Bowling/samples/00108.png 16
ucf/Bowling/samples/00109.png 16
ucf/Bowling/samples/00110.png 16
ucf/Bowling/samples/00111.png 16
ucf/Bowling/samples/00112.png 16
ucf/Bowling/samples/00113.png 16
ucf/Bowling/samples/00114.png 16
ucf/Bowling/samples/00115.png 16
ucf/Bowling/samples/00116.png 16
ucf/Bowling/samples/00117.png 16
ucf/Bowling/samples/00118.png 16
ucf/Bowling/samples/00119.png 16
ucf/Bowling/samples/00120.png 16
ucf/Bowling/samples/00121.png 16
ucf/Bowling/samples/00122.png 16
ucf/Bowling/samples/00123.png 16
ucf/Bowling/samples/00124.png 16
ucf/Bowling/samples/00125.png 16
ucf/Bowling/samples/00126.png 16
ucf/Bowling/samples/00127.png 16
ucf/Bowling/samples/00128.png 16
ucf/Bowling/samples/00129.png 16
ucf/Bowling/samples/00130.png 16
ucf/Bowling/samples/00131.png 16
ucf/Bowling/samples/00132.png 16
ucf/Bowling/samples/00133.png 16
ucf/Bowling/samples/00134.png 16
ucf/Bowling/samples/00135.png 16
ucf/Bowling/samples/00136.png 16
ucf/Bowling/samples/00137.png 16
ucf/Bowling/samples/00138.png 16
ucf/Bowling/samples/00139.png 16
ucf/Bowling/samples/00140.png 16
ucf/Bowling/samples/00141.png 16
ucf/Bowling/samples/00142.png 16
ucf/Bowling/samples/00143.png 16
ucf/Bowling/samples/00144.png 16
ucf/Bowling/samples/00145.png 16
ucf/Bowling/samples/00146.png 16
ucf/Bowling/samples/00147.png 16
ucf/Bowling/samples/00148.png 16
ucf/Bowling/samples/00149.png 16
ucf/Bowling/samples/00150.png 16
ucf/Bowling/samples/00151.png 16
ucf/Bowling/samples/00152.png 16
ucf/Bowling/samples/00153.png 16
ucf/Bowling/samples/00154.png 16
ucf/Bowling/samples/00155.png 16
ucf/Bowling/samples/00156.png 16
ucf/Bowling/samples/00157.png 16
ucf/Bowling/samples/00158.png 16
ucf/Bowling/samples/00159.png 16
ucf/Bowling/samples/00160.png 16
ucf/Bowling/samples/00161.png 16
ucf/Bowling/samples/00162.png 16
ucf/Bowling/samples/00163.png 16
ucf/Bowling/samples/00164.png 16
ucf/Bowling/samples/00165.png 16
ucf/Bowling/samples/00166.png 16
ucf/Bowling/samples/00167.png 16
ucf/Bowling/samples/00168.png 16
ucf/Bowling/samples/00169.png 16
ucf/Bowling/samples/00170.png 16
ucf/Bowling/samples/00171.png 16
ucf/Bowling/samples/00172.png 16
ucf/Bowling/samples/00173.png 16
ucf/Bowling/samples/00174.png 16
ucf/Bowling/samples/00175.png 16
ucf/Bowling/samples/00176.png 16
ucf/Bowling/samples/00177.png 16
ucf/Bowling/samples/00178.png 16
ucf/Bowling/samples/00179.png 16
ucf/Bowling/samples/00180.png 16
ucf/Bowling/samples/00181.png 16
ucf/Bowling/samples/00182.png 16
ucf/Bowling/samples/00183.png 16
ucf/Bowling/samples/00184.png 16
ucf/Bowling/samples/00185.png 16
ucf/Bowling/samples/00186.png 16
ucf/Bowling/samples/00187.png 16
ucf/Bowling/samples/00188.png 16
ucf/Bowling/samples/00189.png 16
ucf/Bowling/samples/00190.png 16
ucf/Bowling/samples/00191.png 16
ucf/Bowling/samples/00192.png 16
ucf/Bowling/samples/00193.png 16
ucf/Bowling/samples/00194.png 16
ucf/Bowling/samples/00195.png 16
ucf/Bowling/samples/00196.png 16
ucf/Bowling/samples/00197.png 16
ucf/Bowling/samples/00198.png 16
ucf/Bowling/samples/00199.png 16
ucf/Bowling/samples/00200.png 16
ucf/Bowling/samples/00201.png 16
ucf/Bowling/samples/00202.png 16
ucf/Bowling/samples/00203.png 16
ucf/Bowling/samples/00204.png 16
ucf/Bowling/samples/00205.png 16
ucf/Bowling/samples/00206.png 16
ucf/Bowling/samples/00207.png 16
ucf/Bowling/samples/00208.png 16
ucf/Bowling/samples/00209.png 16
ucf/Bowling/samples/00210.png 16
ucf/Bowling/samples/00211.png 16
ucf/Bowling/samples/00212.png 16
ucf/Bowling/samples/00213.png 16
ucf/Bowling/samples/00214.png 16
ucf/Bowling/samples/00215.png 16
ucf/Bowling/samples/00216.png 16
ucf/Bowling/samples/00217.png 16
ucf/Bowling/samples/00218.png 16
ucf/Bowling/samples/00219.png 16
ucf/Bowling/samples/00220.png 16
ucf/Bowling/samples/00221.png 16
ucf/Bowling/samples/00222.png 16
ucf/Bowling/samples/00223.png 16
ucf/Bowling/samples/00224.png 16
ucf/Bowling/samples/00225.png 16
ucf/Bowling/samples/00226.png 16
ucf/Bowling/samples/00227.png 16
ucf/Bowling/samples/00228.png 16
ucf/Bowling/samples/00229.png 16
ucf/Bowling/samples/00230.png 16
ucf/Bowling/samples/00231.png 16
ucf/Bowling/samples/00232.png 16
ucf/Bowling/samples/00233.png 16
ucf/Bowling/samples/00234.png 16
ucf/Bowling/samples/00235.png 16
ucf/Bowling/samples/00236.png 16
ucf/Bowling/samples/00237.png 16
ucf/Bowling/samples/00238.png 16
ucf/Bowling/samples/00239.png 16
ucf/Bowling/samples/00240.png 16
ucf/Bowling/samples/00241.png 16
ucf/Bowling/samples/00242.png 16
ucf/Bowling/samples/00243.png 16
ucf/Bowling/samples/00244.png 16
ucf/Bowling/samples/00245.png 16
ucf/Bowling/samples/00246.png 16
ucf/Bowling/samples/00247.png 16
ucf/Bowling/samples/00248.png 16
ucf/Bowling/samples/00249.png 16
ucf/Bowling/samples/00250.png 16
ucf/Bowling/samples/00251.png 16
ucf/Bowling/samples/00252.png 16
ucf/Bowling/samples/00253.png 16
ucf/Bowling/samples/00254.png 16
ucf/Bowling/samples/00255.png 16
ucf/Bowling/samples/00256.png 16
ucf/Bowling/samples/00257.png 16
ucf/Bowling/samples/00258.png 16
ucf/Bowling/samples/00259.png 16
ucf/Bowling/samples/00260.png 16
ucf/Bowling/samples/00261.png 16
ucf/Bowling/samples/00262.png 16
ucf/Bowling/samples/00263.png 16
ucf/Bowling/samples/00264.png 16
ucf/Bowling/samples/00265.png 16
ucf/Bowling/samples/00266.png 16
ucf/Bowling/samples/00267.png 16
ucf/Bowling/samples/00268.png 16
ucf/Bowling/samples/00269.png 16
ucf/Bowling/samples/00270.png 16
ucf/Bowling/samples/00271.png 16
ucf/Bowling/samples/00272.png 16
ucf/Bowling/samples/00273.png 16
ucf/Bowling/samples/00274.png 16
ucf/Bowling/samples/00275.png 16
ucf/Bowling/samples/00276.png 16
ucf/Bowling/samples/00277.png 16
ucf/Bowling/samples/00278.png 16
ucf/Bowling/samples/00279.png 16
ucf/Bowling/samples/00280.png 16
ucf/Bowling/samples/00281.png 16
ucf/Bowling/samples/00282.png 16
ucf/Bowling/samples/00283.png 16
ucf/Bowling/samples/00284.png 16
ucf/Bowling/samples/00285.png 16
ucf/Bowling/samples/00286.png 16
ucf/Bowling/samples/00287.png 16
ucf/Bowling/samples/00288.png 16
ucf/Bowling/samples/00289.png 16
ucf/Bowling/samples/00290.png 16
ucf/Bowling/samples/00291.png 16
ucf/Bowling/samples/00292.png 16
ucf/Bowling/samples/00293.png 16
ucf/Bowling/samples/00294.png 16
ucf/Bowling/samples/00295.png 16
ucf/Bowling/samples/00296.png 16
ucf/Bowling/samples/00297.png 16
ucf/Bowling/samples/00298.png 16
ucf/Bowling/samples/00299.png 16
ucf/Bowling/samples/00300.png 16
ucf/Bowling/samples/00301.png 16
ucf/Bowling/samples/00302.png 16
ucf/Bowling/samples/00303.png 16
ucf/Bowling/samples/00304.png 16
ucf/Bowling/samples/00305.png 16
ucf/Bowling/samples/00306.png 16
ucf/Bowling/samples/00307.png 16
ucf/Bowling/samples/00308.png 16
ucf/Bowling/samples/00309.png 16
ucf/Bowling/samples/00310.png 16
ucf/Bowling/samples/00311.png 16
ucf/Bowling/samples/00312.png 16
ucf/Bowling/samples/00313.png 16
ucf/Bowling/samples/00314.png 16
ucf/Bowling/samples/00315.png 16
ucf/Bowling/samples/00316.png 16
ucf/Bowling/samples/00317.png 16
ucf/Bowling/samples/00318.png 16
ucf/Bowling/samples/00319.png 16
ucf/Bowling/samples/00320.png 16
ucf/Bowling/samples/00321.png 16
ucf/Bowling/samples/00322.png 16
ucf/Bowling/samples/00323.png 16
ucf/Bowling/samples/00324.png 16
ucf/Bowling/samples/00325.png 16
ucf/Bowling/samples/00326.png 16
ucf/Bowling/samples/00327.png 16
ucf/Bowling/samples/00328.png 16
ucf/Bowling/samples/00329.png 16
ucf/Bowling/samples/00330.png 16
ucf/Bowling/samples/00331.png 16
ucf/Bowling/samples/00332.png 16
ucf/Bowling/samples/00333.png 16
ucf/Bowling/samples/00334.png 16
ucf/Bowling/samples/00335.png 16
ucf/Bowling/samples/00336.png 16
ucf/Bowling/samples/00337.png 16
ucf/Bowling/samples/00338.png 16
ucf/Bowling/samples/00339.png 16
ucf/Bowling/samples/00340.png 16
ucf/Bowling/samples/00341.png 16
ucf/Bowling/samples/00342.png 16
ucf/Bowling/samples/00343.png 16
ucf/Bowling/samples/00344.png 16
ucf/Bowling/samples/00345.png 16
ucf/Bowling/samples/00346.png 16
ucf/Bowling/samples/00347.png 16
ucf/Bowling/samples/00348.png 16
ucf/Bowling/samples/00349.png 16
ucf/Bowling/samples/00350.png 16
ucf/Bowling/samples/00351.png 16
ucf/Bowling/samples/00352.png 16
ucf/Bowling/samples/00353.png 16
ucf/Bowling/samples/00354.png 16
ucf/Bowling/samples/00355.png 16
ucf/Bowling/samples/00356.png 16
ucf/Bowling/samples/00357.png 16
ucf/Bowling/samples/00358.png 16
ucf/Bowling/samples/00359.png 16
ucf/Bowling/samples/00360.png 16
ucf/Bowling/samples/00361.png 16
ucf/Bowling/samples/00362.png 16
ucf/Bowling/samples/00363.png 16
ucf/Bowling/samples/00364.png 16
ucf/Bowling/samples/00365.png 16
ucf/Bowling/samples/00366.png 16
ucf/Bowling/samples/00367.png 16
ucf/Bowling/samples/00368.png 16
ucf/Bowling/samples/00369.png 16
ucf/Bowling/samples/00370.png 16
ucf/Bowling/samples/00371.png 16
ucf/Bowling/samples/00372.png 16
ucf/Bowling/samples/00373.png 16
ucf/Bowling/samples/00374.png 16
ucf/Bowling/samples/00375.png 16
ucf/Bowling/samples/00376.png 16
ucf/Bowling/samples/00377.png 16
ucf/Bowling/samples/00378.png 16
ucf/Bowling/samples/00379.png 16
ucf/Bowling/samples/00380.png 16
ucf/Bowling/samples/00381.png 16
ucf/Bowling/samples/00382.png 16
ucf/Bowling/samples/00383.png 16
ucf/Bowling/samples/00384.png 16
ucf/Bowling/samples/00385.png 16
ucf/Bowling/samples/00386.png 16
ucf/Bowling/samples/00387.png 16
ucf/Bowling/samples/00388.png 16
ucf/Bowling/samples/00389.png 16
ucf/Bowling/samples/00390.png 16
ucf/Bowling/samples/00391.png 16
ucf/Bowling/samples/00392.png 16
ucf/Bowling/samples/00393.png 16
ucf/Bowling/samples/00394.png 16
ucf/Bowling/samples/00395.png 16
ucf/Bowling/samples/00396.png 16
ucf/Bowling/samples/00397.png 16
ucf/Bowling/samples/00398.png 16
ucf/Bowling/samples/00399.png 16
ucf/Bowling/samples/00400.png 16
ucf/Bowling/samples/00401.png 16
ucf/Bowling/samples/00402.png 16
ucf/Bowling/samples/00403.png 16
ucf/Bowling/samples/00404.png 16
ucf/Bowling/samples/00405.png 16
ucf/Bowling/samples/00406.png 16
ucf/Bowling/samples/00407.png 16
ucf/Bowling/samples/00408.png 16
ucf/Bowling/samples/00409.png 16
ucf/Bowling/samples/00410.png 16
ucf/Bowling/samples/00411.png 16
ucf/Bowling/samples/00412.png 16
ucf/Bowling/samples/00413.png 16
ucf/Bowling/samples/00414.png 16
ucf/Bowling/samples/00415.png 16
ucf/Bowling/samples/00416.png 16
ucf/Bowling/samples/00417.png 16
ucf/Bowling/samples/00418.png 16
ucf/Bowling/samples/00419.png 16
ucf/Bowling/samples/00420.png 16
ucf/Bowling/samples/00421.png 16
ucf/Bowling/samples/00422.png 16
ucf/Bowling/samples/00423.png 16
ucf/Bowling/samples/00424.png 16
ucf/Bowling/samples/00425.png 16
ucf/Bowling/samples/00426.png 16
ucf/Bowling/samples/00427.png 16
ucf/Bowling/samples/00428.png 16
ucf/Bowling/samples/00429.png 16
ucf/Bowling/samples/00430.png 16
ucf/Bowling/samples/00431.png 16
ucf/Bowling/samples/00432.png 16
ucf/Bowling/samples/00433.png 16
ucf/Bowling/samples/00434.png 16
ucf/Bowling/samples/00435.png 16
ucf/Bowling/samples/00436.png 16
ucf/Bowling/samples/00437.png 16
ucf/Bowling/samples/00438.png 16
ucf/Bowling/samples/00439.png 16
ucf/Bowling/samples/00440.png 16
ucf/Bowling/samples/00441.png 16
ucf/Bowling/samples/00442.png 16
ucf/Bowling/samples/00443.png 16
ucf/Bowling/samples/00444.png 16
ucf/Bowling/samples/00445.png 16
ucf/Bowling/samples/00446.png 16
ucf/Bowling/samples/00447.png 16
ucf/Bowling/samples/00448.png 16
ucf/Bowling/samples/00449.png 16
ucf/Bowling/samples/00450.png 16
ucf/Bowling/samples/00451.png 16
ucf/Bowling/samples/00452.png 16
ucf/Bowling/samples/00453.png 16
ucf/Bowling/samples/00454.png 16
ucf/Bowling/samples/00455.png 16
ucf/Bowling/samples/00456.png 16
ucf/Bowling/samples/00457.png 16
ucf/Bowling/samples/00458.png 16
ucf/Bowling/samples/00459.png 16
ucf/Bowling/samples/00460.png 16
ucf/Bowling/samples/00461.png 16
ucf/Bowling/samples/00462.png 16
ucf/Bowling/samples/00463.png 16
ucf/Bowling/samples/00464.png 16
ucf/Bowling/samples/00465.png 16
ucf/Bowling/samples/00466.png 16
ucf/Bowling/samples/00467.png 16
ucf/Bowling/samples/00468.png 16
ucf/Bowling/samples/00469.png 16
ucf/Bowling/samples/00470.png 16
ucf/Bowling/samples/00471.png 16
ucf/Bowling/samples/00472.png 16
ucf/Bowling/samples/00473.png 16
ucf/Bowling/samples/00474.png 16
ucf/Bowling/samples/00475.png 16
ucf/Bowling/samples/00476.png 16
ucf/Bowling/samples/00477.png 16
ucf/Bowling/samples/00478.png 16
ucf/Bowling/samples/00479.png 16
ucf/Bowling/samples/00480.png 16
ucf/Bowling/samples/00481.png 16
ucf/Bowling/samples/00482.png 16
ucf/Bowling/samples/00483.png 16
ucf/Bowling/samples/00484.png 16
ucf/Bowling/samples/00485.png 16
ucf/Bowling/samples/00486.png 16
ucf/Bowling/samples/00487.png 16
ucf/Bowling/samples/00488.png 16
ucf/Bowling/samples/00489.png 16
ucf/Bowling/samples/00490.png 16
ucf/Bowling/samples/00491.png 16
ucf/Bowling/samples/00492.png 16
ucf/Bowling/samples/00493.png 16
ucf/Bowling/samples/00494.png 16
ucf/Bowling/samples/00495.png 16
ucf/Bowling/samples/00496.png 16
ucf/Bowling/samples/00497.png 16
ucf/Bowling/samples/00498.png 16
ucf/Bowling/samples/00499.png 16
ucf/Bowling/samples/00500.png 16
ucf/Bowling/samples/00501.png 16
ucf/Bowling/samples/00502.png 16
ucf/Bowling/samples/00503.png 16
ucf/Bowling/samples/00504.png 16
ucf/Bowling/samples/00505.png 16
ucf/Bowling/samples/00506.png 16
ucf/Bowling/samples/00507.png 16
ucf/Bowling/samples/00508.png 16
ucf/Bowling/samples/00509.png 16
ucf/Bowling/samples/00510.png 16
ucf/Bowling/samples/00511.png 16
ucf/Bowling/samples/00512.png 16
ucf/Bowling/samples/00513.png 16
ucf/Bowling/samples/00514.png 16
ucf/Bowling/samples/00515.png 16
ucf/Bowling/samples/00516.png 16
ucf/Bowling/samples/00517.png 16
ucf/Bowling/samples/00518.png 16
ucf/Bowling/samples/00519.png 16
ucf/Bowling/samples/00520.png 16
ucf/Bowling/samples/00521.png 16
ucf/Bowling/samples/00522.png 16
ucf/Bowling/samples/00523.png 16
ucf/Bowling/samples/00524.png 16
ucf/Bowling/samples/00525.png 16
ucf/Bowling/samples/00526.png 16
ucf/Bowling/samples/00527.png 16
ucf/Bowling/samples/00528.png 16
ucf/Bowling/samples/00529.png 16
ucf/Bowling/samples/00530.png 16
ucf/Bowling/samples/00531.png 16
ucf/Bowling/samples/00532.png 16
ucf/Bowling/samples/00533.png 16
ucf/Bowling/samples/00534.png 16
ucf/Bowling/samples/00535.png 16
ucf/Bowling/samples/00536.png 16
ucf/Bowling/samples/00537.png 16
ucf/Bowling/samples/00538.png 16
ucf/Bowling/samples/00539.png 16
ucf/Bowling/samples/00540.png 16
ucf/Bowling/samples/00541.png 16
ucf/Bowling/samples/00542.png 16
ucf/Bowling/samples/00543.png 16
ucf/Bowling/samples/00544.png 16
ucf/Bowling/samples/00545.png 16
ucf/Bowling/samples/00546.png 16
ucf/Bowling/samples/00547.png 16
ucf/Bowling/samples/00548.png 16
ucf/Bowling/samples/00549.png 16
ucf/Bowling/samples/00550.png 16
ucf/Bowling/samples/00551.png 16
ucf/Bowling/samples/00552.png 16
ucf/Bowling/samples/00553.png 16
ucf/Bowling/samples/00554.png 16
ucf/Bowling/samples/00555.png 16
ucf/Bowling/samples/00556.png 16
ucf/Bowling/samples/00557.png 16
ucf/Bowling/samples/00558.png 16
ucf/Bowling/samples/00559.png 16
ucf/Bowling/samples/00560.png 16
ucf/Bowling/samples/00561.png 16
ucf/Bowling/samples/00562.png 16
ucf/Bowling/samples/00563.png 16
ucf/Bowling/samples/00564.png 16
ucf/Bowling/samples/00565.png 16
ucf/Bowling/samples/00566.png 16
ucf/Bowling/samples/00567.png 16
ucf/Bowling/samples/00568.png 16
ucf/Bowling/samples/00569.png 16
ucf/Bowling/samples/00570.png 16
ucf/Bowling/samples/00571.png 16
ucf/Bowling/samples/00572.png 16
ucf/Bowling/samples/00573.png 16
ucf/Bowling/samples/00574.png 16
ucf/Bowling/samples/00575.png 16
ucf/Bowling/samples/00576.png 16
ucf/Bowling/samples/00577.png 16
ucf/Bowling/samples/00578.png 16
ucf/Bowling/samples/00579.png 16
ucf/Bowling/samples/00580.png 16
ucf/Bowling/samples/00581.png 16
ucf/Bowling/samples/00582.png 16
ucf/Bowling/samples/00583.png 16
ucf/Bowling/samples/00584.png 16
ucf/Bowling/samples/00585.png 16
ucf/Bowling/samples/00586.png 16
ucf/Bowling/samples/00587.png 16
ucf/Bowling/samples/00588.png 16
ucf/Bowling/samples/00589.png 16
ucf/Bowling/samples/00590.png 16
ucf/Bowling/samples/00591.png 16
ucf/Bowling/samples/00592.png 16
ucf/Bowling/samples/00593.png 16
ucf/Bowling/samples/00594.png 16
ucf/Bowling/samples/00595.png 16
ucf/Bowling/samples/00596.png 16
ucf/Bowling/samples/00597.png 16
ucf/Bowling/samples/00598.png 16
ucf/Bowling/samples/00599.png 16
ucf/Bowling/samples/00600.png 16
ucf/Bowling/samples/00601.png 16
ucf/Bowling/samples/00602.png 16
ucf/Bowling/samples/00603.png 16
ucf/Bowling/samples/00604.png 16
ucf/Bowling/samples/00605.png 16
ucf/Bowling/samples/00606.png 16
ucf/Bowling/samples/00607.png 16
ucf/Bowling/samples/00608.png 16
ucf/Bowling/samples/00609.png 16
ucf/Bowling/samples/00610.png 16
ucf/Bowling/samples/00611.png 16
ucf/Bowling/samples/00612.png 16
ucf/Bowling/samples/00613.png 16
ucf/Bowling/samples/00614.png 16
ucf/Bowling/samples/00615.png 16
ucf/Bowling/samples/00616.png 16
ucf/Bowling/samples/00617.png 16
ucf/Bowling/samples/00618.png 16
ucf/Bowling/samples/00619.png 16
ucf/Bowling/samples/00620.png 16
ucf/Bowling/samples/00621.png 16
ucf/Bowling/samples/00622.png 16
ucf/Bowling/samples/00623.png 16
ucf/Bowling/samples/00624.png 16
ucf/Bowling/samples/00625.png 16
ucf/Bowling/samples/00626.png 16
ucf/Bowling/samples/00627.png 16
ucf/Bowling/samples/00628.png 16
ucf/Bowling/samples/00629.png 16
ucf/Bowling/samples/00630.png 16
ucf/Bowling/samples/00631.png 16
ucf/Bowling/samples/00632.png 16
ucf/Bowling/samples/00633.png 16
ucf/Bowling/samples/00634.png 16
ucf/Bowling/samples/00635.png 16
ucf/Bowling/samples/00636.png 16
ucf/Bowling/samples/00637.png 16
ucf/Bowling/samples/00638.png 16
ucf/Bowling/samples/00639.png 16
ucf/Bowling/samples/00640.png 16
ucf/Bowling/samples/00641.png 16
ucf/Bowling/samples/00642.png 16
ucf/Bowling/samples/00643.png 16
ucf/Bowling/samples/00644.png 16
ucf/Bowling/samples/00645.png 16
ucf/Bowling/samples/00646.png 16
ucf/Bowling/samples/00647.png 16
ucf/Bowling/samples/00648.png 16
ucf/Bowling/samples/00649.png 16
ucf/Bowling/samples/00650.png 16
ucf/Bowling/samples/00651.png 16
ucf/Bowling/samples/00652.png 16
ucf/Bowling/samples/00653.png 16
ucf/Bowling/samples/00654.png 16
ucf/Bowling/samples/00655.png 16
ucf/Bowling/samples/00656.png 16
ucf/Bowling/samples/00657.png 16
ucf/Bowling/samples/00658.png 16
ucf/Bowling/samples/00659.png 16
ucf/Bowling/samples/00660.png 16
ucf/Bowling/samples/00661.png 16
ucf/Bowling/samples/00662.png 16
ucf/Bowling/samples/00663.png 16
ucf/Bowling/samples/00664.png 16
ucf/Bowling/samples/00665.png 16
ucf/Bowling/samples/00666.png 16
ucf/Bowling/samples/00667.png 16
ucf/Bowling/samples/00668.png 16
ucf/Bowling/samples/00669.png 16
ucf/Bowling/samples/00670.png 16
ucf/Bowling/samples/00671.png 16
ucf/Bowling/samples/00672.png 16
ucf/Bowling/samples/00673.png 16
ucf/Bowling/samples/00674.png 16
ucf/Bowling/samples/00675.png 16
ucf/Bowling/samples/00676.png 16
ucf/Bowling/samples/00677.png 16
ucf/Bowling/samples/00678.png 16
ucf/Bowling/samples/00679.png 16
ucf/Bowling/samples/00680.png 16
ucf/Bowling/samples/00681.png 16
ucf/Bowling/samples/00682.png 16
ucf/Bowling/samples/00683.png 16
ucf/Bowling/samples/00684.png 16
ucf/Bowling/samples/00685.png 16
ucf/Bowling/samples/00686.png 16
ucf/Bowling/samples/00687.png 16
ucf/Bowling/samples/00688.png 16
ucf/Bowling/samples/00689.png 16
ucf/Bowling/samples/00690.png 16
ucf/Bowling/samples/00691.png 16
ucf/Bowling/samples/00692.png 16
ucf/Bowling/samples/00693.png 16
ucf/Bowling/samples/00694.png 16
ucf/Bowling/samples/00695.png 16
ucf/Bowling/samples/00696.png 16
ucf/Bowling/samples/00697.png 16
ucf/Bowling/samples/00698.png 16
ucf/Bowling/samples/00699.png 16
ucf/Bowling/samples/00700.png 16
ucf/Bowling/samples/00701.png 16
ucf/Bowling/samples/00702.png 16
ucf/Bowling/samples/00703.png 16
ucf/Bowling/samples/00704.png 16
ucf/Bowling/samples/00705.png 16
ucf/Bowling/samples/00706.png 16
ucf/Bowling/samples/00707.png 16
ucf/Bowling/samples/00708.png 16
ucf/Bowling/samples/00709.png 16
ucf/Bowling/samples/00710.png 16
ucf/Bowling/samples/00711.png 16
ucf/Bowling/samples/00712.png 16
ucf/Bowling/samples/00713.png 16
ucf/Bowling/samples/00714.png 16
ucf/Bowling/samples/00715.png 16
ucf/Bowling/samples/00716.png 16
ucf/Bowling/samples/00717.png 16
ucf/Bowling/samples/00718.png 16
ucf/Bowling/samples/00719.png 16
ucf/Bowling/samples/00720.png 16
ucf/Bowling/samples/00721.png 16
ucf/Bowling/samples/00722.png 16
ucf/Bowling/samples/00723.png 16
ucf/Bowling/samples/00724.png 16
ucf/Bowling/samples/00725.png 16
ucf/Bowling/samples/00726.png 16
ucf/Bowling/samples/00727.png 16
ucf/Bowling/samples/00728.png 16
ucf/Bowling/samples/00729.png 16
ucf/Bowling/samples/00730.png 16
ucf/Bowling/samples/00731.png 16
ucf/Bowling/samples/00732.png 16
ucf/Bowling/samples/00733.png 16
ucf/Bowling/samples/00734.png 16
ucf/Bowling/samples/00735.png 16
ucf/Bowling/samples/00736.png 16
ucf/Bowling/samples/00737.png 16
ucf/Bowling/samples/00738.png 16
ucf/Bowling/samples/00739.png 16
ucf/Bowling/samples/00740.png 16
ucf/Bowling/samples/00741.png 16
ucf/Bowling/samples/00742.png 16
ucf/Bowling/samples/00743.png 16
ucf/Bowling/samples/00744.png 16
ucf/Bowling/samples/00745.png 16
ucf/Bowling/samples/00746.png 16
ucf/Bowling/samples/00747.png 16
ucf/Bowling/samples/00748.png 16
ucf/Bowling/samples/00749.png 16
ucf/Bowling/samples/00750.png 16
ucf/Bowling/samples/00751.png 16
ucf/Bowling/samples/00752.png 16
ucf/Bowling/samples/00753.png 16
ucf/Bowling/samples/00754.png 16
ucf/Bowling/samples/00755.png 16
ucf/Bowling/samples/00756.png 16
ucf/Bowling/samples/00757.png 16
ucf/Bowling/samples/00758.png 16
ucf/Bowling/samples/00759.png 16
ucf/Bowling/samples/00760.png 16
ucf/Bowling/samples/00761.png 16
ucf/Bowling/samples/00762.png 16
ucf/Bowling/samples/00763.png 16
ucf/Bowling/samples/00764.png 16
ucf/Bowling/samples/00765.png 16
ucf/Bowling/samples/00766.png 16
ucf/Bowling/samples/00767.png 16
ucf/Bowling/samples/00768.png 16
ucf/Bowling/samples/00769.png 16
ucf/Bowling/samples/00770.png 16
ucf/Bowling/samples/00771.png 16
ucf/Bowling/samples/00772.png 16
ucf/Bowling/samples/00773.png 16
ucf/Bowling/samples/00774.png 16
ucf/Bowling/samples/00775.png 16
ucf/Bowling/samples/00776.png 16
ucf/Bowling/samples/00777.png 16
ucf/Bowling/samples/00778.png 16
ucf/Bowling/samples/00779.png 16
ucf/Bowling/samples/00780.png 16
ucf/Bowling/samples/00781.png 16
ucf/Bowling/samples/00782.png 16
ucf/Bowling/samples/00783.png 16
ucf/Bowling/samples/00784.png 16
ucf/Bowling/samples/00785.png 16
ucf/Bowling/samples/00786.png 16
ucf/Bowling/samples/00787.png 16
ucf/Bowling/samples/00788.png 16
ucf/Bowling/samples/00789.png 16
ucf/Bowling/samples/00790.png 16
ucf/Bowling/samples/00791.png 16
ucf/Bowling/samples/00792.png 16
ucf/Bowling/samples/00793.png 16
ucf/Bowling/samples/00794.png 16
ucf/Bowling/samples/00795.png 16
ucf/Bowling/samples/00796.png 16
ucf/Bowling/samples/00797.png 16
ucf/Bowling/samples/00798.png 16
ucf/Bowling/samples/00799.png 16
ucf/Bowling/samples/00800.png 16
ucf/Bowling/samples/00801.png 16
ucf/Bowling/samples/00802.png 16
ucf/Bowling/samples/00803.png 16
ucf/Bowling/samples/00804.png 16
ucf/Bowling/samples/00805.png 16
ucf/Bowling/samples/00806.png 16
ucf/Bowling/samples/00807.png 16
ucf/Bowling/samples/00808.png 16
ucf/Bowling/samples/00809.png 16
ucf/Bowling/samples/00810.png 16
ucf/Bowling/samples/00811.png 16
ucf/Bowling/samples/00812.png 16
ucf/Bowling/samples/00813.png 16
ucf/Bowling/samples/00814.png 16
ucf/Bowling/samples/00815.png 16
ucf/Bowling/samples/00816.png 16
ucf/Bowling/samples/00817.png 16
ucf/Bowling/samples/00818.png 16
ucf/Bowling/samples/00819.png 16
ucf/Bowling/samples/00820.png 16
ucf/Bowling/samples/00821.png 16
ucf/Bowling/samples/00822.png 16
ucf/Bowling/samples/00823.png 16
ucf/Bowling/samples/00824.png 16
ucf/Bowling/samples/00825.png 16
ucf/Bowling/samples/00826.png 16
ucf/Bowling/samples/00827.png 16
ucf/Bowling/samples/00828.png 16
ucf/Bowling/samples/00829.png 16
ucf/Bowling/samples/00830.png 16
ucf/Bowling/samples/00831.png 16
ucf/Bowling/samples/00832.png 16
ucf/Bowling/samples/00833.png 16
ucf/Bowling/samples/00834.png 16
ucf/Bowling/samples/00835.png 16
ucf/Bowling/samples/00836.png 16
ucf/Bowling/samples/00837.png 16
ucf/Bowling/samples/00838.png 16
ucf/Bowling/samples/00839.png 16
ucf/Bowling/samples/00840.png 16
ucf/Bowling/samples/00841.png 16
ucf/Bowling/samples/00842.png 16
ucf/Bowling/samples/00843.png 16
ucf/Bowling/samples/00844.png 16
ucf/Bowling/samples/00845.png 16
ucf/Bowling/samples/00846.png 16
ucf/Bowling/samples/00847.png 16
ucf/Bowling/samples/00848.png 16
ucf/Bowling/samples/00849.png 16
ucf/Bowling/samples/00850.png 16
ucf/Bowling/samples/00851.png 16
ucf/Bowling/samples/00852.png 16
ucf/Bowling/samples/00853.png 16
ucf/Bowling/samples/00854.png 16
ucf/Bowling/samples/00855.png 16
ucf/Bowling/samples/00856.png 16
ucf/Bowling/samples/00857.png 16
ucf/Bowling/samples/00858.png 16
ucf/Bowling/samples/00859.png 16
ucf/Bowling/samples/00860.png 16
ucf/Bowling/samples/00861.png 16
ucf/Bowling/samples/00862.png 16
ucf/Bowling/samples/00863.png 16
ucf/Bowling/samples/00864.png 16
ucf/Bowling/samples/00865.png 16
ucf/Bowling/samples/00866.png 16
ucf/Bowling/samples/00867.png 16
ucf/Bowling/samples/00868.png 16
ucf/Bowling/samples/00869.png 16
ucf/Bowling/samples/00870.png 16
ucf/Bowling/samples/00871.png 16
ucf/Bowling/samples/00872.png 16
ucf/Bowling/samples/00873.png 16
ucf/Bowling/samples/00874.png 16
ucf/Bowling/samples/00875.png 16
ucf/Bowling/samples/00876.png 16
ucf/Bowling/samples/00877.png 16
ucf/Bowling/samples/00878.png 16
ucf/Bowling/samples/00879.png 16
ucf/Bowling/samples/00880.png 16
ucf/Bowling/samples/00881.png 16
ucf/Bowling/samples/00882.png 16
ucf/Bowling/samples/00883.png 16
ucf/Bowling/samples/00884.png 16
ucf/Bowling/samples/00885.png 16
ucf/Bowling/samples/00886.png 16
ucf/Bowling/samples/00887.png 16
ucf/Bowling/samples/00888.png 16
ucf/Bowling/samples/00889.png 16
ucf/Bowling/samples/00890.png 16
ucf/Bowling/samples/00891.png 16
ucf/Bowling/samples/00892.png 16
ucf/Bowling/samples/00893.png 16
ucf/Bowling/samples/00894.png 16
ucf/Bowling/samples/00895.png 16
ucf/Bowling/samples/00896.png 16
ucf/Bowling/samples/00897.png 16
ucf/Bowling/samples/00898.png 16
ucf/Bowling/samples/00899.png 16
ucf/Bowling/samples/00900.png 16
ucf/Bowling/samples/00901.png 16
ucf/Bowling/samples/00902.png 16
ucf/Bowling/samples/00903.png 16
ucf/Bowling/samples/00904.png 16
ucf/Bowling/samples/00905.png 16
ucf/Bowling/samples/00906.png 16
ucf/Bowling/samples/00907.png 16
ucf/Bowling/samples/00908.png 16
ucf/Bowling/samples/00909.png 16
ucf/Bowling/samples/00910.png 16
ucf/Bowling/samples/00911.png 16
ucf/Bowling/samples/00912.png 16
ucf/Bowling/samples/00913.png 16
ucf/Bowling/samples/00914.png 16
ucf/Bowling/samples/00915.png 16
ucf/Bowling/samples/00916.png 16
ucf/Bowling/samples/00917.png 16
ucf/Bowling/samples/00918.png 16
ucf/Bowling/samples/00919.png 16
ucf/Bowling/samples/00920.png 16
ucf/Bowling/samples/00921.png 16
ucf/Bowling/samples/00922.png 16
ucf/Bowling/samples/00923.png 16
ucf/Bowling/samples/00924.png 16
ucf/Bowling/samples/00925.png 16
ucf/Bowling/samples/00926.png 16
ucf/Bowling/samples/00927.png 16
ucf/Bowling/samples/00928.png 16
ucf/Bowling/samples/00929.png 16
ucf/Bowling/samples/00930.png 16
ucf/Bowling/samples/00931.png 16
ucf/Bowling/samples/00932.png 16
ucf/Bowling/samples/00933.png 16
ucf/Bowling/samples/00934.png 16
ucf/Bowling/samples/00935.png 16
ucf/Bowling/samples/00936.png 16
ucf/Bowling/samples/00937.png 16
ucf/Bowling/samples/00938.png 16
ucf/Bowling/samples/00939.png 16
ucf/Bowling/samples/00940.png 16
ucf/Bowling/samples/00941.png 16
ucf/Bowling/samples/00942.png 16
ucf/Bowling/samples/00943.png 16
ucf/Bowling/samples/00944.png 16
ucf/Bowling/samples/00945.png 16
ucf/Bowling/samples/00946.png 16
ucf/Bowling/samples/00947.png 16
ucf/Bowling/samples/00948.png 16
ucf/Bowling/samples/00949.png 16
ucf/Bowling/samples/00950.png 16
ucf/Bowling/samples/00951.png 16
ucf/Bowling/samples/00952.png 16
ucf/Bowling/samples/00953.png 16
ucf/Bowling/samples/00954.png 16
ucf/Bowling/samples/00955.png 16
ucf/Bowling/samples/00956.png 16
ucf/Bowling/samples/00957.png 16
ucf/Bowling/samples/00958.png 16
ucf/Bowling/samples/00959.png 16
ucf/Bowling/samples/00960.png 16
ucf/Bowling/samples/00961.png 16
ucf/Bowling/samples/00962.png 16
ucf/Bowling/samples/00963.png 16
ucf/Bowling/samples/00964.png 16
ucf/Bowling/samples/00965.png 16
ucf/Bowling/samples/00966.png 16
ucf/Bowling/samples/00967.png 16
ucf/Bowling/samples/00968.png 16
ucf/Bowling/samples/00969.png 16
ucf/Bowling/samples/00970.png 16
ucf/Bowling/samples/00971.png 16
ucf/Bowling/samples/00972.png 16
ucf/Bowling/samples/00973.png 16
ucf/Bowling/samples/00974.png 16
ucf/Bowling/samples/00975.png 16
ucf/Bowling/samples/00976.png 16
ucf/Bowling/samples/00977.png 16
ucf/Bowling/samples/00978.png 16
ucf/Bowling/samples/00979.png 16
ucf/Bowling/samples/00980.png 16
ucf/Bowling/samples/00981.png 16
ucf/Bowling/samples/00982.png 16
ucf/Bowling/samples/00983.png 16
ucf/Bowling/samples/00984.png 16
ucf/Bowling/samples/00985.png 16
ucf/Bowling/samples/00986.png 16
ucf/Bowling/samples/00987.png 16
ucf/Bowling/samples/00988.png 16
ucf/Bowling/samples/00989.png 16
ucf/Bowling/samples/00990.png 16
ucf/Bowling/samples/00991.png 16
ucf/Bowling/samples/00992.png 16
ucf/Bowling/samples/00993.png 16
ucf/Bowling/samples/00994.png 16
ucf/Bowling/samples/00995.png 16
ucf/Bowling/samples/00996.png 16
ucf/Bowling/samples/00997.png 16
ucf/Bowling/samples/00998.png 16
ucf/Bowling/samples/00999.png 16
ucf/BodyWeightSquats/samples/00000.png 15
ucf/BodyWeightSquats/samples/00001.png 15
ucf/BodyWeightSquats/samples/00002.png 15
ucf/BodyWeightSquats/samples/00003.png 15
ucf/BodyWeightSquats/samples/00004.png 15
ucf/BodyWeightSquats/samples/00005.png 15
ucf/BodyWeightSquats/samples/00006.png 15
ucf/BodyWeightSquats/samples/00007.png 15
ucf/BodyWeightSquats/samples/00008.png 15
ucf/BodyWeightSquats/samples/00009.png 15
ucf/BodyWeightSquats/samples/00010.png 15
ucf/BodyWeightSquats/samples/00011.png 15
ucf/BodyWeightSquats/samples/00012.png 15
ucf/BodyWeightSquats/samples/00013.png 15
ucf/BodyWeightSquats/samples/00014.png 15
ucf/BodyWeightSquats/samples/00015.png 15
ucf/BodyWeightSquats/samples/00016.png 15
ucf/BodyWeightSquats/samples/00017.png 15
ucf/BodyWeightSquats/samples/00018.png 15
ucf/BodyWeightSquats/samples/00019.png 15
ucf/BodyWeightSquats/samples/00020.png 15
ucf/BodyWeightSquats/samples/00021.png 15
ucf/BodyWeightSquats/samples/00022.png 15
ucf/BodyWeightSquats/samples/00023.png 15
ucf/BodyWeightSquats/samples/00024.png 15
ucf/BodyWeightSquats/samples/00025.png 15
ucf/BodyWeightSquats/samples/00026.png 15
ucf/BodyWeightSquats/samples/00027.png 15
ucf/BodyWeightSquats/samples/00028.png 15
ucf/BodyWeightSquats/samples/00029.png 15
ucf/BodyWeightSquats/samples/00030.png 15
ucf/BodyWeightSquats/samples/00031.png 15
ucf/BodyWeightSquats/samples/00032.png 15
ucf/BodyWeightSquats/samples/00033.png 15
ucf/BodyWeightSquats/samples/00034.png 15
ucf/BodyWeightSquats/samples/00035.png 15
ucf/BodyWeightSquats/samples/00036.png 15
ucf/BodyWeightSquats/samples/00037.png 15
ucf/BodyWeightSquats/samples/00038.png 15
ucf/BodyWeightSquats/samples/00039.png 15
ucf/BodyWeightSquats/samples/00040.png 15
ucf/BodyWeightSquats/samples/00041.png 15
ucf/BodyWeightSquats/samples/00042.png 15
ucf/BodyWeightSquats/samples/00043.png 15
ucf/BodyWeightSquats/samples/00044.png 15
ucf/BodyWeightSquats/samples/00045.png 15
ucf/BodyWeightSquats/samples/00046.png 15
ucf/BodyWeightSquats/samples/00047.png 15
ucf/BodyWeightSquats/samples/00048.png 15
ucf/BodyWeightSquats/samples/00049.png 15
ucf/BodyWeightSquats/samples/00050.png 15
ucf/BodyWeightSquats/samples/00051.png 15
ucf/BodyWeightSquats/samples/00052.png 15
ucf/BodyWeightSquats/samples/00053.png 15
ucf/BodyWeightSquats/samples/00054.png 15
ucf/BodyWeightSquats/samples/00055.png 15
ucf/BodyWeightSquats/samples/00056.png 15
ucf/BodyWeightSquats/samples/00057.png 15
ucf/BodyWeightSquats/samples/00058.png 15
ucf/BodyWeightSquats/samples/00059.png 15
ucf/BodyWeightSquats/samples/00060.png 15
ucf/BodyWeightSquats/samples/00061.png 15
ucf/BodyWeightSquats/samples/00062.png 15
ucf/BodyWeightSquats/samples/00063.png 15
ucf/BodyWeightSquats/samples/00064.png 15
ucf/BodyWeightSquats/samples/00065.png 15
ucf/BodyWeightSquats/samples/00066.png 15
ucf/BodyWeightSquats/samples/00067.png 15
ucf/BodyWeightSquats/samples/00068.png 15
ucf/BodyWeightSquats/samples/00069.png 15
ucf/BodyWeightSquats/samples/00070.png 15
ucf/BodyWeightSquats/samples/00071.png 15
ucf/BodyWeightSquats/samples/00072.png 15
ucf/BodyWeightSquats/samples/00073.png 15
ucf/BodyWeightSquats/samples/00074.png 15
ucf/BodyWeightSquats/samples/00075.png 15
ucf/BodyWeightSquats/samples/00076.png 15
ucf/BodyWeightSquats/samples/00077.png 15
ucf/BodyWeightSquats/samples/00078.png 15
ucf/BodyWeightSquats/samples/00079.png 15
ucf/BodyWeightSquats/samples/00080.png 15
ucf/BodyWeightSquats/samples/00081.png 15
ucf/BodyWeightSquats/samples/00082.png 15
ucf/BodyWeightSquats/samples/00083.png 15
ucf/BodyWeightSquats/samples/00084.png 15
ucf/BodyWeightSquats/samples/00085.png 15
ucf/BodyWeightSquats/samples/00086.png 15
ucf/BodyWeightSquats/samples/00087.png 15
ucf/BodyWeightSquats/samples/00088.png 15
ucf/BodyWeightSquats/samples/00089.png 15
ucf/BodyWeightSquats/samples/00090.png 15
ucf/BodyWeightSquats/samples/00091.png 15
ucf/BodyWeightSquats/samples/00092.png 15
ucf/BodyWeightSquats/samples/00093.png 15
ucf/BodyWeightSquats/samples/00094.png 15
ucf/BodyWeightSquats/samples/00095.png 15
ucf/BodyWeightSquats/samples/00096.png 15
ucf/BodyWeightSquats/samples/00097.png 15
ucf/BodyWeightSquats/samples/00098.png 15
ucf/BodyWeightSquats/samples/00099.png 15
ucf/BodyWeightSquats/samples/00100.png 15
ucf/BodyWeightSquats/samples/00101.png 15
ucf/BodyWeightSquats/samples/00102.png 15
ucf/BodyWeightSquats/samples/00103.png 15
ucf/BodyWeightSquats/samples/00104.png 15
ucf/BodyWeightSquats/samples/00105.png 15
ucf/BodyWeightSquats/samples/00106.png 15
ucf/BodyWeightSquats/samples/00107.png 15
ucf/BodyWeightSquats/samples/00108.png 15
ucf/BodyWeightSquats/samples/00109.png 15
ucf/BodyWeightSquats/samples/00110.png 15
ucf/BodyWeightSquats/samples/00111.png 15
ucf/BodyWeightSquats/samples/00112.png 15
ucf/BodyWeightSquats/samples/00113.png 15
ucf/BodyWeightSquats/samples/00114.png 15
ucf/BodyWeightSquats/samples/00115.png 15
ucf/BodyWeightSquats/samples/00116.png 15
ucf/BodyWeightSquats/samples/00117.png 15
ucf/BodyWeightSquats/samples/00118.png 15
ucf/BodyWeightSquats/samples/00119.png 15
ucf/BodyWeightSquats/samples/00120.png 15
ucf/BodyWeightSquats/samples/00121.png 15
ucf/BodyWeightSquats/samples/00122.png 15
ucf/BodyWeightSquats/samples/00123.png 15
ucf/BodyWeightSquats/samples/00124.png 15
ucf/BodyWeightSquats/samples/00125.png 15
ucf/BodyWeightSquats/samples/00126.png 15
ucf/BodyWeightSquats/samples/00127.png 15
ucf/BodyWeightSquats/samples/00128.png 15
ucf/BodyWeightSquats/samples/00129.png 15
ucf/BodyWeightSquats/samples/00130.png 15
ucf/BodyWeightSquats/samples/00131.png 15
ucf/BodyWeightSquats/samples/00132.png 15
ucf/BodyWeightSquats/samples/00133.png 15
ucf/BodyWeightSquats/samples/00134.png 15
ucf/BodyWeightSquats/samples/00135.png 15
ucf/BodyWeightSquats/samples/00136.png 15
ucf/BodyWeightSquats/samples/00137.png 15
ucf/BodyWeightSquats/samples/00138.png 15
ucf/BodyWeightSquats/samples/00139.png 15
ucf/BodyWeightSquats/samples/00140.png 15
ucf/BodyWeightSquats/samples/00141.png 15
ucf/BodyWeightSquats/samples/00142.png 15
ucf/BodyWeightSquats/samples/00143.png 15
ucf/BodyWeightSquats/samples/00144.png 15
ucf/BodyWeightSquats/samples/00145.png 15
ucf/BodyWeightSquats/samples/00146.png 15
ucf/BodyWeightSquats/samples/00147.png 15
ucf/BodyWeightSquats/samples/00148.png 15
ucf/BodyWeightSquats/samples/00149.png 15
ucf/BodyWeightSquats/samples/00150.png 15
ucf/BodyWeightSquats/samples/00151.png 15
ucf/BodyWeightSquats/samples/00152.png 15
ucf/BodyWeightSquats/samples/00153.png 15
ucf/BodyWeightSquats/samples/00154.png 15
ucf/BodyWeightSquats/samples/00155.png 15
ucf/BodyWeightSquats/samples/00156.png 15
ucf/BodyWeightSquats/samples/00157.png 15
ucf/BodyWeightSquats/samples/00158.png 15
ucf/BodyWeightSquats/samples/00159.png 15
ucf/BodyWeightSquats/samples/00160.png 15
ucf/BodyWeightSquats/samples/00161.png 15
ucf/BodyWeightSquats/samples/00162.png 15
ucf/BodyWeightSquats/samples/00163.png 15
ucf/BodyWeightSquats/samples/00164.png 15
ucf/BodyWeightSquats/samples/00165.png 15
ucf/BodyWeightSquats/samples/00166.png 15
ucf/BodyWeightSquats/samples/00167.png 15
ucf/BodyWeightSquats/samples/00168.png 15
ucf/BodyWeightSquats/samples/00169.png 15
ucf/BodyWeightSquats/samples/00170.png 15
ucf/BodyWeightSquats/samples/00171.png 15
ucf/BodyWeightSquats/samples/00172.png 15
ucf/BodyWeightSquats/samples/00173.png 15
ucf/BodyWeightSquats/samples/00174.png 15
ucf/BodyWeightSquats/samples/00175.png 15
ucf/BodyWeightSquats/samples/00176.png 15
ucf/BodyWeightSquats/samples/00177.png 15
ucf/BodyWeightSquats/samples/00178.png 15
ucf/BodyWeightSquats/samples/00179.png 15
ucf/BodyWeightSquats/samples/00180.png 15
ucf/BodyWeightSquats/samples/00181.png 15
ucf/BodyWeightSquats/samples/00182.png 15
ucf/BodyWeightSquats/samples/00183.png 15
ucf/BodyWeightSquats/samples/00184.png 15
ucf/BodyWeightSquats/samples/00185.png 15
ucf/BodyWeightSquats/samples/00186.png 15
ucf/BodyWeightSquats/samples/00187.png 15
ucf/BodyWeightSquats/samples/00188.png 15
ucf/BodyWeightSquats/samples/00189.png 15
ucf/BodyWeightSquats/samples/00190.png 15
ucf/BodyWeightSquats/samples/00191.png 15
ucf/BodyWeightSquats/samples/00192.png 15
ucf/BodyWeightSquats/samples/00193.png 15
ucf/BodyWeightSquats/samples/00194.png 15
ucf/BodyWeightSquats/samples/00195.png 15
ucf/BodyWeightSquats/samples/00196.png 15
ucf/BodyWeightSquats/samples/00197.png 15
ucf/BodyWeightSquats/samples/00198.png 15
ucf/BodyWeightSquats/samples/00199.png 15
ucf/BodyWeightSquats/samples/00200.png 15
ucf/BodyWeightSquats/samples/00201.png 15
ucf/BodyWeightSquats/samples/00202.png 15
ucf/BodyWeightSquats/samples/00203.png 15
ucf/BodyWeightSquats/samples/00204.png 15
ucf/BodyWeightSquats/samples/00205.png 15
ucf/BodyWeightSquats/samples/00206.png 15
ucf/BodyWeightSquats/samples/00207.png 15
ucf/BodyWeightSquats/samples/00208.png 15
ucf/BodyWeightSquats/samples/00209.png 15
ucf/BodyWeightSquats/samples/00210.png 15
ucf/BodyWeightSquats/samples/00211.png 15
ucf/BodyWeightSquats/samples/00212.png 15
ucf/BodyWeightSquats/samples/00213.png 15
ucf/BodyWeightSquats/samples/00214.png 15
ucf/BodyWeightSquats/samples/00215.png 15
ucf/BodyWeightSquats/samples/00216.png 15
ucf/BodyWeightSquats/samples/00217.png 15
ucf/BodyWeightSquats/samples/00218.png 15
ucf/BodyWeightSquats/samples/00219.png 15
ucf/BodyWeightSquats/samples/00220.png 15
ucf/BodyWeightSquats/samples/00221.png 15
ucf/BodyWeightSquats/samples/00222.png 15
ucf/BodyWeightSquats/samples/00223.png 15
ucf/BodyWeightSquats/samples/00224.png 15
ucf/BodyWeightSquats/samples/00225.png 15
ucf/BodyWeightSquats/samples/00226.png 15
ucf/BodyWeightSquats/samples/00227.png 15
ucf/BodyWeightSquats/samples/00228.png 15
ucf/BodyWeightSquats/samples/00229.png 15
ucf/BodyWeightSquats/samples/00230.png 15
ucf/BodyWeightSquats/samples/00231.png 15
ucf/BodyWeightSquats/samples/00232.png 15
ucf/BodyWeightSquats/samples/00233.png 15
ucf/BodyWeightSquats/samples/00234.png 15
ucf/BodyWeightSquats/samples/00235.png 15
ucf/BodyWeightSquats/samples/00236.png 15
ucf/BodyWeightSquats/samples/00237.png 15
ucf/BodyWeightSquats/samples/00238.png 15
ucf/BodyWeightSquats/samples/00239.png 15
ucf/BodyWeightSquats/samples/00240.png 15
ucf/BodyWeightSquats/samples/00241.png 15
ucf/BodyWeightSquats/samples/00242.png 15
ucf/BodyWeightSquats/samples/00243.png 15
ucf/BodyWeightSquats/samples/00244.png 15
ucf/BodyWeightSquats/samples/00245.png 15
ucf/BodyWeightSquats/samples/00246.png 15
ucf/BodyWeightSquats/samples/00247.png 15
ucf/BodyWeightSquats/samples/00248.png 15
ucf/BodyWeightSquats/samples/00249.png 15
ucf/BodyWeightSquats/samples/00250.png 15
ucf/BodyWeightSquats/samples/00251.png 15
ucf/BodyWeightSquats/samples/00252.png 15
ucf/BodyWeightSquats/samples/00253.png 15
ucf/BodyWeightSquats/samples/00254.png 15
ucf/BodyWeightSquats/samples/00255.png 15
ucf/BodyWeightSquats/samples/00256.png 15
ucf/BodyWeightSquats/samples/00257.png 15
ucf/BodyWeightSquats/samples/00258.png 15
ucf/BodyWeightSquats/samples/00259.png 15
ucf/BodyWeightSquats/samples/00260.png 15
ucf/BodyWeightSquats/samples/00261.png 15
ucf/BodyWeightSquats/samples/00262.png 15
ucf/BodyWeightSquats/samples/00263.png 15
ucf/BodyWeightSquats/samples/00264.png 15
ucf/BodyWeightSquats/samples/00265.png 15
ucf/BodyWeightSquats/samples/00266.png 15
ucf/BodyWeightSquats/samples/00267.png 15
ucf/BodyWeightSquats/samples/00268.png 15
ucf/BodyWeightSquats/samples/00269.png 15
ucf/BodyWeightSquats/samples/00270.png 15
ucf/BodyWeightSquats/samples/00271.png 15
ucf/BodyWeightSquats/samples/00272.png 15
ucf/BodyWeightSquats/samples/00273.png 15
ucf/BodyWeightSquats/samples/00274.png 15
ucf/BodyWeightSquats/samples/00275.png 15
ucf/BodyWeightSquats/samples/00276.png 15
ucf/BodyWeightSquats/samples/00277.png 15
ucf/BodyWeightSquats/samples/00278.png 15
ucf/BodyWeightSquats/samples/00279.png 15
ucf/BodyWeightSquats/samples/00280.png 15
ucf/BodyWeightSquats/samples/00281.png 15
ucf/BodyWeightSquats/samples/00282.png 15
ucf/BodyWeightSquats/samples/00283.png 15
ucf/BodyWeightSquats/samples/00284.png 15
ucf/BodyWeightSquats/samples/00285.png 15
ucf/BodyWeightSquats/samples/00286.png 15
ucf/BodyWeightSquats/samples/00287.png 15
ucf/BodyWeightSquats/samples/00288.png 15
ucf/BodyWeightSquats/samples/00289.png 15
ucf/BodyWeightSquats/samples/00290.png 15
ucf/BodyWeightSquats/samples/00291.png 15
ucf/BodyWeightSquats/samples/00292.png 15
ucf/BodyWeightSquats/samples/00293.png 15
ucf/BodyWeightSquats/samples/00294.png 15
ucf/BodyWeightSquats/samples/00295.png 15
ucf/BodyWeightSquats/samples/00296.png 15
ucf/BodyWeightSquats/samples/00297.png 15
ucf/BodyWeightSquats/samples/00298.png 15
ucf/BodyWeightSquats/samples/00299.png 15
ucf/BodyWeightSquats/samples/00300.png 15
ucf/BodyWeightSquats/samples/00301.png 15
ucf/BodyWeightSquats/samples/00302.png 15
ucf/BodyWeightSquats/samples/00303.png 15
ucf/BodyWeightSquats/samples/00304.png 15
ucf/BodyWeightSquats/samples/00305.png 15
ucf/BodyWeightSquats/samples/00306.png 15
ucf/BodyWeightSquats/samples/00307.png 15
ucf/BodyWeightSquats/samples/00308.png 15
ucf/BodyWeightSquats/samples/00309.png 15
ucf/BodyWeightSquats/samples/00310.png 15
ucf/BodyWeightSquats/samples/00311.png 15
ucf/BodyWeightSquats/samples/00312.png 15
ucf/BodyWeightSquats/samples/00313.png 15
ucf/BodyWeightSquats/samples/00314.png 15
ucf/BodyWeightSquats/samples/00315.png 15
ucf/BodyWeightSquats/samples/00316.png 15
ucf/BodyWeightSquats/samples/00317.png 15
ucf/BodyWeightSquats/samples/00318.png 15
ucf/BodyWeightSquats/samples/00319.png 15
ucf/BodyWeightSquats/samples/00320.png 15
ucf/BodyWeightSquats/samples/00321.png 15
ucf/BodyWeightSquats/samples/00322.png 15
ucf/BodyWeightSquats/samples/00323.png 15
ucf/BodyWeightSquats/samples/00324.png 15
ucf/BodyWeightSquats/samples/00325.png 15
ucf/BodyWeightSquats/samples/00326.png 15
ucf/BodyWeightSquats/samples/00327.png 15
ucf/BodyWeightSquats/samples/00328.png 15
ucf/BodyWeightSquats/samples/00329.png 15
ucf/BodyWeightSquats/samples/00330.png 15
ucf/BodyWeightSquats/samples/00331.png 15
ucf/BodyWeightSquats/samples/00332.png 15
ucf/BodyWeightSquats/samples/00333.png 15
ucf/BodyWeightSquats/samples/00334.png 15
ucf/BodyWeightSquats/samples/00335.png 15
ucf/BodyWeightSquats/samples/00336.png 15
ucf/BodyWeightSquats/samples/00337.png 15
ucf/BodyWeightSquats/samples/00338.png 15
ucf/BodyWeightSquats/samples/00339.png 15
ucf/BodyWeightSquats/samples/00340.png 15
ucf/BodyWeightSquats/samples/00341.png 15
ucf/BodyWeightSquats/samples/00342.png 15
ucf/BodyWeightSquats/samples/00343.png 15
ucf/BodyWeightSquats/samples/00344.png 15
ucf/BodyWeightSquats/samples/00345.png 15
ucf/BodyWeightSquats/samples/00346.png 15
ucf/BodyWeightSquats/samples/00347.png 15
ucf/BodyWeightSquats/samples/00348.png 15
ucf/BodyWeightSquats/samples/00349.png 15
ucf/BodyWeightSquats/samples/00350.png 15
ucf/BodyWeightSquats/samples/00351.png 15
ucf/BodyWeightSquats/samples/00352.png 15
ucf/BodyWeightSquats/samples/00353.png 15
ucf/BodyWeightSquats/samples/00354.png 15
ucf/BodyWeightSquats/samples/00355.png 15
ucf/BodyWeightSquats/samples/00356.png 15
ucf/BodyWeightSquats/samples/00357.png 15
ucf/BodyWeightSquats/samples/00358.png 15
ucf/BodyWeightSquats/samples/00359.png 15
ucf/BodyWeightSquats/samples/00360.png 15
ucf/BodyWeightSquats/samples/00361.png 15
ucf/BodyWeightSquats/samples/00362.png 15
ucf/BodyWeightSquats/samples/00363.png 15
ucf/BodyWeightSquats/samples/00364.png 15
ucf/BodyWeightSquats/samples/00365.png 15
ucf/BodyWeightSquats/samples/00366.png 15
ucf/BodyWeightSquats/samples/00367.png 15
ucf/BodyWeightSquats/samples/00368.png 15
ucf/BodyWeightSquats/samples/00369.png 15
ucf/BodyWeightSquats/samples/00370.png 15
ucf/BodyWeightSquats/samples/00371.png 15
ucf/BodyWeightSquats/samples/00372.png 15
ucf/BodyWeightSquats/samples/00373.png 15
ucf/BodyWeightSquats/samples/00374.png 15
ucf/BodyWeightSquats/samples/00375.png 15
ucf/BodyWeightSquats/samples/00376.png 15
ucf/BodyWeightSquats/samples/00377.png 15
ucf/BodyWeightSquats/samples/00378.png 15
ucf/BodyWeightSquats/samples/00379.png 15
ucf/BodyWeightSquats/samples/00380.png 15
ucf/BodyWeightSquats/samples/00381.png 15
ucf/BodyWeightSquats/samples/00382.png 15
ucf/BodyWeightSquats/samples/00383.png 15
ucf/BodyWeightSquats/samples/00384.png 15
ucf/BodyWeightSquats/samples/00385.png 15
ucf/BodyWeightSquats/samples/00386.png 15
ucf/BodyWeightSquats/samples/00387.png 15
ucf/BodyWeightSquats/samples/00388.png 15
ucf/BodyWeightSquats/samples/00389.png 15
ucf/BodyWeightSquats/samples/00390.png 15
ucf/BodyWeightSquats/samples/00391.png 15
ucf/BodyWeightSquats/samples/00392.png 15
ucf/BodyWeightSquats/samples/00393.png 15
ucf/BodyWeightSquats/samples/00394.png 15
ucf/BodyWeightSquats/samples/00395.png 15
ucf/BodyWeightSquats/samples/00396.png 15
ucf/BodyWeightSquats/samples/00397.png 15
ucf/BodyWeightSquats/samples/00398.png 15
ucf/BodyWeightSquats/samples/00399.png 15
ucf/BodyWeightSquats/samples/00400.png 15
ucf/BodyWeightSquats/samples/00401.png 15
ucf/BodyWeightSquats/samples/00402.png 15
ucf/BodyWeightSquats/samples/00403.png 15
ucf/BodyWeightSquats/samples/00404.png 15
ucf/BodyWeightSquats/samples/00405.png 15
ucf/BodyWeightSquats/samples/00406.png 15
ucf/BodyWeightSquats/samples/00407.png 15
ucf/BodyWeightSquats/samples/00408.png 15
ucf/BodyWeightSquats/samples/00409.png 15
ucf/BodyWeightSquats/samples/00410.png 15
ucf/BodyWeightSquats/samples/00411.png 15
ucf/BodyWeightSquats/samples/00412.png 15
ucf/BodyWeightSquats/samples/00413.png 15
ucf/BodyWeightSquats/samples/00414.png 15
ucf/BodyWeightSquats/samples/00415.png 15
ucf/BodyWeightSquats/samples/00416.png 15
ucf/BodyWeightSquats/samples/00417.png 15
ucf/BodyWeightSquats/samples/00418.png 15
ucf/BodyWeightSquats/samples/00419.png 15
ucf/BodyWeightSquats/samples/00420.png 15
ucf/BodyWeightSquats/samples/00421.png 15
ucf/BodyWeightSquats/samples/00422.png 15
ucf/BodyWeightSquats/samples/00423.png 15
ucf/BodyWeightSquats/samples/00424.png 15
ucf/BodyWeightSquats/samples/00425.png 15
ucf/BodyWeightSquats/samples/00426.png 15
ucf/BodyWeightSquats/samples/00427.png 15
ucf/BodyWeightSquats/samples/00428.png 15
ucf/BodyWeightSquats/samples/00429.png 15
ucf/BodyWeightSquats/samples/00430.png 15
ucf/BodyWeightSquats/samples/00431.png 15
ucf/BodyWeightSquats/samples/00432.png 15
ucf/BodyWeightSquats/samples/00433.png 15
ucf/BodyWeightSquats/samples/00434.png 15
ucf/BodyWeightSquats/samples/00435.png 15
ucf/BodyWeightSquats/samples/00436.png 15
ucf/BodyWeightSquats/samples/00437.png 15
ucf/BodyWeightSquats/samples/00438.png 15
ucf/BodyWeightSquats/samples/00439.png 15
ucf/BodyWeightSquats/samples/00440.png 15
ucf/BodyWeightSquats/samples/00441.png 15
ucf/BodyWeightSquats/samples/00442.png 15
ucf/BodyWeightSquats/samples/00443.png 15
ucf/BodyWeightSquats/samples/00444.png 15
ucf/BodyWeightSquats/samples/00445.png 15
ucf/BodyWeightSquats/samples/00446.png 15
ucf/BodyWeightSquats/samples/00447.png 15
ucf/BodyWeightSquats/samples/00448.png 15
ucf/BodyWeightSquats/samples/00449.png 15
ucf/BodyWeightSquats/samples/00450.png 15
ucf/BodyWeightSquats/samples/00451.png 15
ucf/BodyWeightSquats/samples/00452.png 15
ucf/BodyWeightSquats/samples/00453.png 15
ucf/BodyWeightSquats/samples/00454.png 15
ucf/BodyWeightSquats/samples/00455.png 15
ucf/BodyWeightSquats/samples/00456.png 15
ucf/BodyWeightSquats/samples/00457.png 15
ucf/BodyWeightSquats/samples/00458.png 15
ucf/BodyWeightSquats/samples/00459.png 15
ucf/BodyWeightSquats/samples/00460.png 15
ucf/BodyWeightSquats/samples/00461.png 15
ucf/BodyWeightSquats/samples/00462.png 15
ucf/BodyWeightSquats/samples/00463.png 15
ucf/BodyWeightSquats/samples/00464.png 15
ucf/BodyWeightSquats/samples/00465.png 15
ucf/BodyWeightSquats/samples/00466.png 15
ucf/BodyWeightSquats/samples/00467.png 15
ucf/BodyWeightSquats/samples/00468.png 15
ucf/BodyWeightSquats/samples/00469.png 15
ucf/BodyWeightSquats/samples/00470.png 15
ucf/BodyWeightSquats/samples/00471.png 15
ucf/BodyWeightSquats/samples/00472.png 15
ucf/BodyWeightSquats/samples/00473.png 15
ucf/BodyWeightSquats/samples/00474.png 15
ucf/BodyWeightSquats/samples/00475.png 15
ucf/BodyWeightSquats/samples/00476.png 15
ucf/BodyWeightSquats/samples/00477.png 15
ucf/BodyWeightSquats/samples/00478.png 15
ucf/BodyWeightSquats/samples/00479.png 15
ucf/BodyWeightSquats/samples/00480.png 15
ucf/BodyWeightSquats/samples/00481.png 15
ucf/BodyWeightSquats/samples/00482.png 15
ucf/BodyWeightSquats/samples/00483.png 15
ucf/BodyWeightSquats/samples/00484.png 15
ucf/BodyWeightSquats/samples/00485.png 15
ucf/BodyWeightSquats/samples/00486.png 15
ucf/BodyWeightSquats/samples/00487.png 15
ucf/BodyWeightSquats/samples/00488.png 15
ucf/BodyWeightSquats/samples/00489.png 15
ucf/BodyWeightSquats/samples/00490.png 15
ucf/BodyWeightSquats/samples/00491.png 15
ucf/BodyWeightSquats/samples/00492.png 15
ucf/BodyWeightSquats/samples/00493.png 15
ucf/BodyWeightSquats/samples/00494.png 15
ucf/BodyWeightSquats/samples/00495.png 15
ucf/BodyWeightSquats/samples/00496.png 15
ucf/BodyWeightSquats/samples/00497.png 15
ucf/BodyWeightSquats/samples/00498.png 15
ucf/BodyWeightSquats/samples/00499.png 15
ucf/BodyWeightSquats/samples/00500.png 15
ucf/BodyWeightSquats/samples/00501.png 15
ucf/BodyWeightSquats/samples/00502.png 15
ucf/BodyWeightSquats/samples/00503.png 15
ucf/BodyWeightSquats/samples/00504.png 15
ucf/BodyWeightSquats/samples/00505.png 15
ucf/BodyWeightSquats/samples/00506.png 15
ucf/BodyWeightSquats/samples/00507.png 15
ucf/BodyWeightSquats/samples/00508.png 15
ucf/BodyWeightSquats/samples/00509.png 15
ucf/BodyWeightSquats/samples/00510.png 15
ucf/BodyWeightSquats/samples/00511.png 15
ucf/BodyWeightSquats/samples/00512.png 15
ucf/BodyWeightSquats/samples/00513.png 15
ucf/BodyWeightSquats/samples/00514.png 15
ucf/BodyWeightSquats/samples/00515.png 15
ucf/BodyWeightSquats/samples/00516.png 15
ucf/BodyWeightSquats/samples/00517.png 15
ucf/BodyWeightSquats/samples/00518.png 15
ucf/BodyWeightSquats/samples/00519.png 15
ucf/BodyWeightSquats/samples/00520.png 15
ucf/BodyWeightSquats/samples/00521.png 15
ucf/BodyWeightSquats/samples/00522.png 15
ucf/BodyWeightSquats/samples/00523.png 15
ucf/BodyWeightSquats/samples/00524.png 15
ucf/BodyWeightSquats/samples/00525.png 15
ucf/BodyWeightSquats/samples/00526.png 15
ucf/BodyWeightSquats/samples/00527.png 15
ucf/BodyWeightSquats/samples/00528.png 15
ucf/BodyWeightSquats/samples/00529.png 15
ucf/BodyWeightSquats/samples/00530.png 15
ucf/BodyWeightSquats/samples/00531.png 15
ucf/BodyWeightSquats/samples/00532.png 15
ucf/BodyWeightSquats/samples/00533.png 15
ucf/BodyWeightSquats/samples/00534.png 15
ucf/BodyWeightSquats/samples/00535.png 15
ucf/BodyWeightSquats/samples/00536.png 15
ucf/BodyWeightSquats/samples/00537.png 15
ucf/BodyWeightSquats/samples/00538.png 15
ucf/BodyWeightSquats/samples/00539.png 15
ucf/BodyWeightSquats/samples/00540.png 15
ucf/BodyWeightSquats/samples/00541.png 15
ucf/BodyWeightSquats/samples/00542.png 15
ucf/BodyWeightSquats/samples/00543.png 15
ucf/BodyWeightSquats/samples/00544.png 15
ucf/BodyWeightSquats/samples/00545.png 15
ucf/BodyWeightSquats/samples/00546.png 15
ucf/BodyWeightSquats/samples/00547.png 15
ucf/BodyWeightSquats/samples/00548.png 15
ucf/BodyWeightSquats/samples/00549.png 15
ucf/BodyWeightSquats/samples/00550.png 15
ucf/BodyWeightSquats/samples/00551.png 15
ucf/BodyWeightSquats/samples/00552.png 15
ucf/BodyWeightSquats/samples/00553.png 15
ucf/BodyWeightSquats/samples/00554.png 15
ucf/BodyWeightSquats/samples/00555.png 15
ucf/BodyWeightSquats/samples/00556.png 15
ucf/BodyWeightSquats/samples/00557.png 15
ucf/BodyWeightSquats/samples/00558.png 15
ucf/BodyWeightSquats/samples/00559.png 15
ucf/BodyWeightSquats/samples/00560.png 15
ucf/BodyWeightSquats/samples/00561.png 15
ucf/BodyWeightSquats/samples/00562.png 15
ucf/BodyWeightSquats/samples/00563.png 15
ucf/BodyWeightSquats/samples/00564.png 15
ucf/BodyWeightSquats/samples/00565.png 15
ucf/BodyWeightSquats/samples/00566.png 15
ucf/BodyWeightSquats/samples/00567.png 15
ucf/BodyWeightSquats/samples/00568.png 15
ucf/BodyWeightSquats/samples/00569.png 15
ucf/BodyWeightSquats/samples/00570.png 15
ucf/BodyWeightSquats/samples/00571.png 15
ucf/BodyWeightSquats/samples/00572.png 15
ucf/BodyWeightSquats/samples/00573.png 15
ucf/BodyWeightSquats/samples/00574.png 15
ucf/BodyWeightSquats/samples/00575.png 15
ucf/BodyWeightSquats/samples/00576.png 15
ucf/BodyWeightSquats/samples/00577.png 15
ucf/BodyWeightSquats/samples/00578.png 15
ucf/BodyWeightSquats/samples/00579.png 15
ucf/BodyWeightSquats/samples/00580.png 15
ucf/BodyWeightSquats/samples/00581.png 15
ucf/BodyWeightSquats/samples/00582.png 15
ucf/BodyWeightSquats/samples/00583.png 15
ucf/BodyWeightSquats/samples/00584.png 15
ucf/BodyWeightSquats/samples/00585.png 15
ucf/BodyWeightSquats/samples/00586.png 15
ucf/BodyWeightSquats/samples/00587.png 15
ucf/BodyWeightSquats/samples/00588.png 15
ucf/BodyWeightSquats/samples/00589.png 15
ucf/BodyWeightSquats/samples/00590.png 15
ucf/BodyWeightSquats/samples/00591.png 15
ucf/BodyWeightSquats/samples/00592.png 15
ucf/BodyWeightSquats/samples/00593.png 15
ucf/BodyWeightSquats/samples/00594.png 15
ucf/BodyWeightSquats/samples/00595.png 15
ucf/BodyWeightSquats/samples/00596.png 15
ucf/BodyWeightSquats/samples/00597.png 15
ucf/BodyWeightSquats/samples/00598.png 15
ucf/BodyWeightSquats/samples/00599.png 15
ucf/BodyWeightSquats/samples/00600.png 15
ucf/BodyWeightSquats/samples/00601.png 15
ucf/BodyWeightSquats/samples/00602.png 15
ucf/BodyWeightSquats/samples/00603.png 15
ucf/BodyWeightSquats/samples/00604.png 15
ucf/BodyWeightSquats/samples/00605.png 15
ucf/BodyWeightSquats/samples/00606.png 15
ucf/BodyWeightSquats/samples/00607.png 15
ucf/BodyWeightSquats/samples/00608.png 15
ucf/BodyWeightSquats/samples/00609.png 15
ucf/BodyWeightSquats/samples/00610.png 15
ucf/BodyWeightSquats/samples/00611.png 15
ucf/BodyWeightSquats/samples/00612.png 15
ucf/BodyWeightSquats/samples/00613.png 15
ucf/BodyWeightSquats/samples/00614.png 15
ucf/BodyWeightSquats/samples/00615.png 15
ucf/BodyWeightSquats/samples/00616.png 15
ucf/BodyWeightSquats/samples/00617.png 15
ucf/BodyWeightSquats/samples/00618.png 15
ucf/BodyWeightSquats/samples/00619.png 15
ucf/BodyWeightSquats/samples/00620.png 15
ucf/BodyWeightSquats/samples/00621.png 15
ucf/BodyWeightSquats/samples/00622.png 15
ucf/BodyWeightSquats/samples/00623.png 15
ucf/BodyWeightSquats/samples/00624.png 15
ucf/BodyWeightSquats/samples/00625.png 15
ucf/BodyWeightSquats/samples/00626.png 15
ucf/BodyWeightSquats/samples/00627.png 15
ucf/BodyWeightSquats/samples/00628.png 15
ucf/BodyWeightSquats/samples/00629.png 15
ucf/BodyWeightSquats/samples/00630.png 15
ucf/BodyWeightSquats/samples/00631.png 15
ucf/BodyWeightSquats/samples/00632.png 15
ucf/BodyWeightSquats/samples/00633.png 15
ucf/BodyWeightSquats/samples/00634.png 15
ucf/BodyWeightSquats/samples/00635.png 15
ucf/BodyWeightSquats/samples/00636.png 15
ucf/BodyWeightSquats/samples/00637.png 15
ucf/BodyWeightSquats/samples/00638.png 15
ucf/BodyWeightSquats/samples/00639.png 15
ucf/BodyWeightSquats/samples/00640.png 15
ucf/BodyWeightSquats/samples/00641.png 15
ucf/BodyWeightSquats/samples/00642.png 15
ucf/BodyWeightSquats/samples/00643.png 15
ucf/BodyWeightSquats/samples/00644.png 15
ucf/BodyWeightSquats/samples/00645.png 15
ucf/BodyWeightSquats/samples/00646.png 15
ucf/BodyWeightSquats/samples/00647.png 15
ucf/BodyWeightSquats/samples/00648.png 15
ucf/BodyWeightSquats/samples/00649.png 15
ucf/BodyWeightSquats/samples/00650.png 15
ucf/BodyWeightSquats/samples/00651.png 15
ucf/BodyWeightSquats/samples/00652.png 15
ucf/BodyWeightSquats/samples/00653.png 15
ucf/BodyWeightSquats/samples/00654.png 15
ucf/BodyWeightSquats/samples/00655.png 15
ucf/BodyWeightSquats/samples/00656.png 15
ucf/BodyWeightSquats/samples/00657.png 15
ucf/BodyWeightSquats/samples/00658.png 15
ucf/BodyWeightSquats/samples/00659.png 15
ucf/BodyWeightSquats/samples/00660.png 15
ucf/BodyWeightSquats/samples/00661.png 15
ucf/BodyWeightSquats/samples/00662.png 15
ucf/BodyWeightSquats/samples/00663.png 15
ucf/BodyWeightSquats/samples/00664.png 15
ucf/BodyWeightSquats/samples/00665.png 15
ucf/BodyWeightSquats/samples/00666.png 15
ucf/BodyWeightSquats/samples/00667.png 15
ucf/BodyWeightSquats/samples/00668.png 15
ucf/BodyWeightSquats/samples/00669.png 15
ucf/BodyWeightSquats/samples/00670.png 15
ucf/BodyWeightSquats/samples/00671.png 15
ucf/BodyWeightSquats/samples/00672.png 15
ucf/BodyWeightSquats/samples/00673.png 15
ucf/BodyWeightSquats/samples/00674.png 15
ucf/BodyWeightSquats/samples/00675.png 15
ucf/BodyWeightSquats/samples/00676.png 15
ucf/BodyWeightSquats/samples/00677.png 15
ucf/BodyWeightSquats/samples/00678.png 15
ucf/BodyWeightSquats/samples/00679.png 15
ucf/BodyWeightSquats/samples/00680.png 15
ucf/BodyWeightSquats/samples/00681.png 15
ucf/BodyWeightSquats/samples/00682.png 15
ucf/BodyWeightSquats/samples/00683.png 15
ucf/BodyWeightSquats/samples/00684.png 15
ucf/BodyWeightSquats/samples/00685.png 15
ucf/BodyWeightSquats/samples/00686.png 15
ucf/BodyWeightSquats/samples/00687.png 15
ucf/BodyWeightSquats/samples/00688.png 15
ucf/BodyWeightSquats/samples/00689.png 15
ucf/BodyWeightSquats/samples/00690.png 15
ucf/BodyWeightSquats/samples/00691.png 15
ucf/BodyWeightSquats/samples/00692.png 15
ucf/BodyWeightSquats/samples/00693.png 15
ucf/BodyWeightSquats/samples/00694.png 15
ucf/BodyWeightSquats/samples/00695.png 15
ucf/BodyWeightSquats/samples/00696.png 15
ucf/BodyWeightSquats/samples/00697.png 15
ucf/BodyWeightSquats/samples/00698.png 15
ucf/BodyWeightSquats/samples/00699.png 15
ucf/BodyWeightSquats/samples/00700.png 15
ucf/BodyWeightSquats/samples/00701.png 15
ucf/BodyWeightSquats/samples/00702.png 15
ucf/BodyWeightSquats/samples/00703.png 15
ucf/BodyWeightSquats/samples/00704.png 15
ucf/BodyWeightSquats/samples/00705.png 15
ucf/BodyWeightSquats/samples/00706.png 15
ucf/BodyWeightSquats/samples/00707.png 15
ucf/BodyWeightSquats/samples/00708.png 15
ucf/BodyWeightSquats/samples/00709.png 15
ucf/BodyWeightSquats/samples/00710.png 15
ucf/BodyWeightSquats/samples/00711.png 15
ucf/BodyWeightSquats/samples/00712.png 15
ucf/BodyWeightSquats/samples/00713.png 15
ucf/BodyWeightSquats/samples/00714.png 15
ucf/BodyWeightSquats/samples/00715.png 15
ucf/BodyWeightSquats/samples/00716.png 15
ucf/BodyWeightSquats/samples/00717.png 15
ucf/BodyWeightSquats/samples/00718.png 15
ucf/BodyWeightSquats/samples/00719.png 15
ucf/BodyWeightSquats/samples/00720.png 15
ucf/BodyWeightSquats/samples/00721.png 15
ucf/BodyWeightSquats/samples/00722.png 15
ucf/BodyWeightSquats/samples/00723.png 15
ucf/BodyWeightSquats/samples/00724.png 15
ucf/BodyWeightSquats/samples/00725.png 15
ucf/BodyWeightSquats/samples/00726.png 15
ucf/BodyWeightSquats/samples/00727.png 15
ucf/BodyWeightSquats/samples/00728.png 15
ucf/BodyWeightSquats/samples/00729.png 15
ucf/BodyWeightSquats/samples/00730.png 15
ucf/BodyWeightSquats/samples/00731.png 15
ucf/BodyWeightSquats/samples/00732.png 15
ucf/BodyWeightSquats/samples/00733.png 15
ucf/BodyWeightSquats/samples/00734.png 15
ucf/BodyWeightSquats/samples/00735.png 15
ucf/BodyWeightSquats/samples/00736.png 15
ucf/BodyWeightSquats/samples/00737.png 15
ucf/BodyWeightSquats/samples/00738.png 15
ucf/BodyWeightSquats/samples/00739.png 15
ucf/BodyWeightSquats/samples/00740.png 15
ucf/BodyWeightSquats/samples/00741.png 15
ucf/BodyWeightSquats/samples/00742.png 15
ucf/BodyWeightSquats/samples/00743.png 15
ucf/BodyWeightSquats/samples/00744.png 15
ucf/BodyWeightSquats/samples/00745.png 15
ucf/BodyWeightSquats/samples/00746.png 15
ucf/BodyWeightSquats/samples/00747.png 15
ucf/BodyWeightSquats/samples/00748.png 15
ucf/BodyWeightSquats/samples/00749.png 15
ucf/BodyWeightSquats/samples/00750.png 15
ucf/BodyWeightSquats/samples/00751.png 15
ucf/BodyWeightSquats/samples/00752.png 15
ucf/BodyWeightSquats/samples/00753.png 15
ucf/BodyWeightSquats/samples/00754.png 15
ucf/BodyWeightSquats/samples/00755.png 15
ucf/BodyWeightSquats/samples/00756.png 15
ucf/BodyWeightSquats/samples/00757.png 15
ucf/BodyWeightSquats/samples/00758.png 15
ucf/BodyWeightSquats/samples/00759.png 15
ucf/BodyWeightSquats/samples/00760.png 15
ucf/BodyWeightSquats/samples/00761.png 15
ucf/BodyWeightSquats/samples/00762.png 15
ucf/BodyWeightSquats/samples/00763.png 15
ucf/BodyWeightSquats/samples/00764.png 15
ucf/BodyWeightSquats/samples/00765.png 15
ucf/BodyWeightSquats/samples/00766.png 15
ucf/BodyWeightSquats/samples/00767.png 15
ucf/BodyWeightSquats/samples/00768.png 15
ucf/BodyWeightSquats/samples/00769.png 15
ucf/BodyWeightSquats/samples/00770.png 15
ucf/BodyWeightSquats/samples/00771.png 15
ucf/BodyWeightSquats/samples/00772.png 15
ucf/BodyWeightSquats/samples/00773.png 15
ucf/BodyWeightSquats/samples/00774.png 15
ucf/BodyWeightSquats/samples/00775.png 15
ucf/BodyWeightSquats/samples/00776.png 15
ucf/BodyWeightSquats/samples/00777.png 15
ucf/BodyWeightSquats/samples/00778.png 15
ucf/BodyWeightSquats/samples/00779.png 15
ucf/BodyWeightSquats/samples/00780.png 15
ucf/BodyWeightSquats/samples/00781.png 15
ucf/BodyWeightSquats/samples/00782.png 15
ucf/BodyWeightSquats/samples/00783.png 15
ucf/BodyWeightSquats/samples/00784.png 15
ucf/BodyWeightSquats/samples/00785.png 15
ucf/BodyWeightSquats/samples/00786.png 15
ucf/BodyWeightSquats/samples/00787.png 15
ucf/BodyWeightSquats/samples/00788.png 15
ucf/BodyWeightSquats/samples/00789.png 15
ucf/BodyWeightSquats/samples/00790.png 15
ucf/BodyWeightSquats/samples/00791.png 15
ucf/BodyWeightSquats/samples/00792.png 15
ucf/BodyWeightSquats/samples/00793.png 15
ucf/BodyWeightSquats/samples/00794.png 15
ucf/BodyWeightSquats/samples/00795.png 15
ucf/BodyWeightSquats/samples/00796.png 15
ucf/BodyWeightSquats/samples/00797.png 15
ucf/BodyWeightSquats/samples/00798.png 15
ucf/BodyWeightSquats/samples/00799.png 15
ucf/BodyWeightSquats/samples/00800.png 15
ucf/BodyWeightSquats/samples/00801.png 15
ucf/BodyWeightSquats/samples/00802.png 15
ucf/BodyWeightSquats/samples/00803.png 15
ucf/BodyWeightSquats/samples/00804.png 15
ucf/BodyWeightSquats/samples/00805.png 15
ucf/BodyWeightSquats/samples/00806.png 15
ucf/BodyWeightSquats/samples/00807.png 15
ucf/BodyWeightSquats/samples/00808.png 15
ucf/BodyWeightSquats/samples/00809.png 15
ucf/BodyWeightSquats/samples/00810.png 15
ucf/BodyWeightSquats/samples/00811.png 15
ucf/BodyWeightSquats/samples/00812.png 15
ucf/BodyWeightSquats/samples/00813.png 15
ucf/BodyWeightSquats/samples/00814.png 15
ucf/BodyWeightSquats/samples/00815.png 15
ucf/BodyWeightSquats/samples/00816.png 15
ucf/BodyWeightSquats/samples/00817.png 15
ucf/BodyWeightSquats/samples/00818.png 15
ucf/BodyWeightSquats/samples/00819.png 15
ucf/BodyWeightSquats/samples/00820.png 15
ucf/BodyWeightSquats/samples/00821.png 15
ucf/BodyWeightSquats/samples/00822.png 15
ucf/BodyWeightSquats/samples/00823.png 15
ucf/BodyWeightSquats/samples/00824.png 15
ucf/BodyWeightSquats/samples/00825.png 15
ucf/BodyWeightSquats/samples/00826.png 15
ucf/BodyWeightSquats/samples/00827.png 15
ucf/BodyWeightSquats/samples/00828.png 15
ucf/BodyWeightSquats/samples/00829.png 15
ucf/BodyWeightSquats/samples/00830.png 15
ucf/BodyWeightSquats/samples/00831.png 15
ucf/BodyWeightSquats/samples/00832.png 15
ucf/BodyWeightSquats/samples/00833.png 15
ucf/BodyWeightSquats/samples/00834.png 15
ucf/BodyWeightSquats/samples/00835.png 15
ucf/BodyWeightSquats/samples/00836.png 15
ucf/BodyWeightSquats/samples/00837.png 15
ucf/BodyWeightSquats/samples/00838.png 15
ucf/BodyWeightSquats/samples/00839.png 15
ucf/BodyWeightSquats/samples/00840.png 15
ucf/BodyWeightSquats/samples/00841.png 15
ucf/BodyWeightSquats/samples/00842.png 15
ucf/BodyWeightSquats/samples/00843.png 15
ucf/BodyWeightSquats/samples/00844.png 15
ucf/BodyWeightSquats/samples/00845.png 15
ucf/BodyWeightSquats/samples/00846.png 15
ucf/BodyWeightSquats/samples/00847.png 15
ucf/BodyWeightSquats/samples/00848.png 15
ucf/BodyWeightSquats/samples/00849.png 15
ucf/BodyWeightSquats/samples/00850.png 15
ucf/BodyWeightSquats/samples/00851.png 15
ucf/BodyWeightSquats/samples/00852.png 15
ucf/BodyWeightSquats/samples/00853.png 15
ucf/BodyWeightSquats/samples/00854.png 15
ucf/BodyWeightSquats/samples/00855.png 15
ucf/BodyWeightSquats/samples/00856.png 15
ucf/BodyWeightSquats/samples/00857.png 15
ucf/BodyWeightSquats/samples/00858.png 15
ucf/BodyWeightSquats/samples/00859.png 15
ucf/BodyWeightSquats/samples/00860.png 15
ucf/BodyWeightSquats/samples/00861.png 15
ucf/BodyWeightSquats/samples/00862.png 15
ucf/BodyWeightSquats/samples/00863.png 15
ucf/BodyWeightSquats/samples/00864.png 15
ucf/BodyWeightSquats/samples/00865.png 15
ucf/BodyWeightSquats/samples/00866.png 15
ucf/BodyWeightSquats/samples/00867.png 15
ucf/BodyWeightSquats/samples/00868.png 15
ucf/BodyWeightSquats/samples/00869.png 15
ucf/BodyWeightSquats/samples/00870.png 15
ucf/BodyWeightSquats/samples/00871.png 15
ucf/BodyWeightSquats/samples/00872.png 15
ucf/BodyWeightSquats/samples/00873.png 15
ucf/BodyWeightSquats/samples/00874.png 15
ucf/BodyWeightSquats/samples/00875.png 15
ucf/BodyWeightSquats/samples/00876.png 15
ucf/BodyWeightSquats/samples/00877.png 15
ucf/BodyWeightSquats/samples/00878.png 15
ucf/BodyWeightSquats/samples/00879.png 15
ucf/BodyWeightSquats/samples/00880.png 15
ucf/BodyWeightSquats/samples/00881.png 15
ucf/BodyWeightSquats/samples/00882.png 15
ucf/BodyWeightSquats/samples/00883.png 15
ucf/BodyWeightSquats/samples/00884.png 15
ucf/BodyWeightSquats/samples/00885.png 15
ucf/BodyWeightSquats/samples/00886.png 15
ucf/BodyWeightSquats/samples/00887.png 15
ucf/BodyWeightSquats/samples/00888.png 15
ucf/BodyWeightSquats/samples/00889.png 15
ucf/BodyWeightSquats/samples/00890.png 15
ucf/BodyWeightSquats/samples/00891.png 15
ucf/BodyWeightSquats/samples/00892.png 15
ucf/BodyWeightSquats/samples/00893.png 15
ucf/BodyWeightSquats/samples/00894.png 15
ucf/BodyWeightSquats/samples/00895.png 15
ucf/BodyWeightSquats/samples/00896.png 15
ucf/BodyWeightSquats/samples/00897.png 15
ucf/BodyWeightSquats/samples/00898.png 15
ucf/BodyWeightSquats/samples/00899.png 15
ucf/BodyWeightSquats/samples/00900.png 15
ucf/BodyWeightSquats/samples/00901.png 15
ucf/BodyWeightSquats/samples/00902.png 15
ucf/BodyWeightSquats/samples/00903.png 15
ucf/BodyWeightSquats/samples/00904.png 15
ucf/BodyWeightSquats/samples/00905.png 15
ucf/BodyWeightSquats/samples/00906.png 15
ucf/BodyWeightSquats/samples/00907.png 15
ucf/BodyWeightSquats/samples/00908.png 15
ucf/BodyWeightSquats/samples/00909.png 15
ucf/BodyWeightSquats/samples/00910.png 15
ucf/BodyWeightSquats/samples/00911.png 15
ucf/BodyWeightSquats/samples/00912.png 15
ucf/BodyWeightSquats/samples/00913.png 15
ucf/BodyWeightSquats/samples/00914.png 15
ucf/BodyWeightSquats/samples/00915.png 15
ucf/BodyWeightSquats/samples/00916.png 15
ucf/BodyWeightSquats/samples/00917.png 15
ucf/BodyWeightSquats/samples/00918.png 15
ucf/BodyWeightSquats/samples/00919.png 15
ucf/BodyWeightSquats/samples/00920.png 15
ucf/BodyWeightSquats/samples/00921.png 15
ucf/BodyWeightSquats/samples/00922.png 15
ucf/BodyWeightSquats/samples/00923.png 15
ucf/BodyWeightSquats/samples/00924.png 15
ucf/BodyWeightSquats/samples/00925.png 15
ucf/BodyWeightSquats/samples/00926.png 15
ucf/BodyWeightSquats/samples/00927.png 15
ucf/BodyWeightSquats/samples/00928.png 15
ucf/BodyWeightSquats/samples/00929.png 15
ucf/BodyWeightSquats/samples/00930.png 15
ucf/BodyWeightSquats/samples/00931.png 15
ucf/BodyWeightSquats/samples/00932.png 15
ucf/BodyWeightSquats/samples/00933.png 15
ucf/BodyWeightSquats/samples/00934.png 15
ucf/BodyWeightSquats/samples/00935.png 15
ucf/BodyWeightSquats/samples/00936.png 15
ucf/BodyWeightSquats/samples/00937.png 15
ucf/BodyWeightSquats/samples/00938.png 15
ucf/BodyWeightSquats/samples/00939.png 15
ucf/BodyWeightSquats/samples/00940.png 15
ucf/BodyWeightSquats/samples/00941.png 15
ucf/BodyWeightSquats/samples/00942.png 15
ucf/BodyWeightSquats/samples/00943.png 15
ucf/BodyWeightSquats/samples/00944.png 15
ucf/BodyWeightSquats/samples/00945.png 15
ucf/BodyWeightSquats/samples/00946.png 15
ucf/BodyWeightSquats/samples/00947.png 15
ucf/BodyWeightSquats/samples/00948.png 15
ucf/BodyWeightSquats/samples/00949.png 15
ucf/BodyWeightSquats/samples/00950.png 15
ucf/BodyWeightSquats/samples/00951.png 15
ucf/BodyWeightSquats/samples/00952.png 15
ucf/BodyWeightSquats/samples/00953.png 15
ucf/BodyWeightSquats/samples/00954.png 15
ucf/BodyWeightSquats/samples/00955.png 15
ucf/BodyWeightSquats/samples/00956.png 15
ucf/BodyWeightSquats/samples/00957.png 15
ucf/BodyWeightSquats/samples/00958.png 15
ucf/BodyWeightSquats/samples/00959.png 15
ucf/BodyWeightSquats/samples/00960.png 15
ucf/BodyWeightSquats/samples/00961.png 15
ucf/BodyWeightSquats/samples/00962.png 15
ucf/BodyWeightSquats/samples/00963.png 15
ucf/BodyWeightSquats/samples/00964.png 15
ucf/BodyWeightSquats/samples/00965.png 15
ucf/BodyWeightSquats/samples/00966.png 15
ucf/BodyWeightSquats/samples/00967.png 15
ucf/BodyWeightSquats/samples/00968.png 15
ucf/BodyWeightSquats/samples/00969.png 15
ucf/BodyWeightSquats/samples/00970.png 15
ucf/BodyWeightSquats/samples/00971.png 15
ucf/BodyWeightSquats/samples/00972.png 15
ucf/BodyWeightSquats/samples/00973.png 15
ucf/BodyWeightSquats/samples/00974.png 15
ucf/BodyWeightSquats/samples/00975.png 15
ucf/BodyWeightSquats/samples/00976.png 15
ucf/BodyWeightSquats/samples/00977.png 15
ucf/BodyWeightSquats/samples/00978.png 15
ucf/BodyWeightSquats/samples/00979.png 15
ucf/BodyWeightSquats/samples/00980.png 15
ucf/BodyWeightSquats/samples/00981.png 15
ucf/BodyWeightSquats/samples/00982.png 15
ucf/BodyWeightSquats/samples/00983.png 15
ucf/BodyWeightSquats/samples/00984.png 15
ucf/BodyWeightSquats/samples/00985.png 15
ucf/BodyWeightSquats/samples/00986.png 15
ucf/BodyWeightSquats/samples/00987.png 15
ucf/BodyWeightSquats/samples/00988.png 15
ucf/BodyWeightSquats/samples/00989.png 15
ucf/BodyWeightSquats/samples/00990.png 15
ucf/BodyWeightSquats/samples/00991.png 15
ucf/BodyWeightSquats/samples/00992.png 15
ucf/BodyWeightSquats/samples/00993.png 15
ucf/BodyWeightSquats/samples/00994.png 15
ucf/BodyWeightSquats/samples/00995.png 15
ucf/BodyWeightSquats/samples/00996.png 15
ucf/BodyWeightSquats/samples/00997.png 15
ucf/BodyWeightSquats/samples/00998.png 15
ucf/BodyWeightSquats/samples/00999.png 15
ucf/TaiChi/samples/00000.png 91
ucf/TaiChi/samples/00001.png 91
ucf/TaiChi/samples/00002.png 91
ucf/TaiChi/samples/00003.png 91
ucf/TaiChi/samples/00004.png 91
ucf/TaiChi/samples/00005.png 91
ucf/TaiChi/samples/00006.png 91
ucf/TaiChi/samples/00007.png 91
ucf/TaiChi/samples/00008.png 91
ucf/TaiChi/samples/00009.png 91
ucf/TaiChi/samples/00010.png 91
ucf/TaiChi/samples/00011.png 91
ucf/TaiChi/samples/00012.png 91
ucf/TaiChi/samples/00013.png 91
ucf/TaiChi/samples/00014.png 91
ucf/TaiChi/samples/00015.png 91
ucf/TaiChi/samples/00016.png 91
ucf/TaiChi/samples/00017.png 91
ucf/TaiChi/samples/00018.png 91
ucf/TaiChi/samples/00019.png 91
ucf/TaiChi/samples/00020.png 91
ucf/TaiChi/samples/00021.png 91
ucf/TaiChi/samples/00022.png 91
ucf/TaiChi/samples/00023.png 91
ucf/TaiChi/samples/00024.png 91
ucf/TaiChi/samples/00025.png 91
ucf/TaiChi/samples/00026.png 91
ucf/TaiChi/samples/00027.png 91
ucf/TaiChi/samples/00028.png 91
ucf/TaiChi/samples/00029.png 91
ucf/TaiChi/samples/00030.png 91
ucf/TaiChi/samples/00031.png 91
ucf/TaiChi/samples/00032.png 91
ucf/TaiChi/samples/00033.png 91
ucf/TaiChi/samples/00034.png 91
ucf/TaiChi/samples/00035.png 91
ucf/TaiChi/samples/00036.png 91
ucf/TaiChi/samples/00037.png 91
ucf/TaiChi/samples/00038.png 91
ucf/TaiChi/samples/00039.png 91
ucf/TaiChi/samples/00040.png 91
ucf/TaiChi/samples/00041.png 91
ucf/TaiChi/samples/00042.png 91
ucf/TaiChi/samples/00043.png 91
ucf/TaiChi/samples/00044.png 91
ucf/TaiChi/samples/00045.png 91
ucf/TaiChi/samples/00046.png 91
ucf/TaiChi/samples/00047.png 91
ucf/TaiChi/samples/00048.png 91
ucf/TaiChi/samples/00049.png 91
ucf/TaiChi/samples/00050.png 91
ucf/TaiChi/samples/00051.png 91
ucf/TaiChi/samples/00052.png 91
ucf/TaiChi/samples/00053.png 91
ucf/TaiChi/samples/00054.png 91
ucf/TaiChi/samples/00055.png 91
ucf/TaiChi/samples/00056.png 91
ucf/TaiChi/samples/00057.png 91
ucf/TaiChi/samples/00058.png 91
ucf/TaiChi/samples/00059.png 91
ucf/TaiChi/samples/00060.png 91
ucf/TaiChi/samples/00061.png 91
ucf/TaiChi/samples/00062.png 91
ucf/TaiChi/samples/00063.png 91
ucf/TaiChi/samples/00064.png 91
ucf/TaiChi/samples/00065.png 91
ucf/TaiChi/samples/00066.png 91
ucf/TaiChi/samples/00067.png 91
ucf/TaiChi/samples/00068.png 91
ucf/TaiChi/samples/00069.png 91
ucf/TaiChi/samples/00070.png 91
ucf/TaiChi/samples/00071.png 91
ucf/TaiChi/samples/00072.png 91
ucf/TaiChi/samples/00073.png 91
ucf/TaiChi/samples/00074.png 91
ucf/TaiChi/samples/00075.png 91
ucf/TaiChi/samples/00076.png 91
ucf/TaiChi/samples/00077.png 91
ucf/TaiChi/samples/00078.png 91
ucf/TaiChi/samples/00079.png 91
ucf/TaiChi/samples/00080.png 91
ucf/TaiChi/samples/00081.png 91
ucf/TaiChi/samples/00082.png 91
ucf/TaiChi/samples/00083.png 91
ucf/TaiChi/samples/00084.png 91
ucf/TaiChi/samples/00085.png 91
ucf/TaiChi/samples/00086.png 91
ucf/TaiChi/samples/00087.png 91
ucf/TaiChi/samples/00088.png 91
ucf/TaiChi/samples/00089.png 91
ucf/TaiChi/samples/00090.png 91
ucf/TaiChi/samples/00091.png 91
ucf/TaiChi/samples/00092.png 91
ucf/TaiChi/samples/00093.png 91
ucf/TaiChi/samples/00094.png 91
ucf/TaiChi/samples/00095.png 91
ucf/TaiChi/samples/00096.png 91
ucf/TaiChi/samples/00097.png 91
ucf/TaiChi/samples/00098.png 91
ucf/TaiChi/samples/00099.png 91
ucf/TaiChi/samples/00100.png 91
ucf/TaiChi/samples/00101.png 91
ucf/TaiChi/samples/00102.png 91
ucf/TaiChi/samples/00103.png 91
ucf/TaiChi/samples/00104.png 91
ucf/TaiChi/samples/00105.png 91
ucf/TaiChi/samples/00106.png 91
ucf/TaiChi/samples/00107.png 91
ucf/TaiChi/samples/00108.png 91
ucf/TaiChi/samples/00109.png 91
ucf/TaiChi/samples/00110.png 91
ucf/TaiChi/samples/00111.png 91
ucf/TaiChi/samples/00112.png 91
ucf/TaiChi/samples/00113.png 91
ucf/TaiChi/samples/00114.png 91
ucf/TaiChi/samples/00115.png 91
ucf/TaiChi/samples/00116.png 91
ucf/TaiChi/samples/00117.png 91
ucf/TaiChi/samples/00118.png 91
ucf/TaiChi/samples/00119.png 91
ucf/TaiChi/samples/00120.png 91
ucf/TaiChi/samples/00121.png 91
ucf/TaiChi/samples/00122.png 91
ucf/TaiChi/samples/00123.png 91
ucf/TaiChi/samples/00124.png 91
ucf/TaiChi/samples/00125.png 91
ucf/TaiChi/samples/00126.png 91
ucf/TaiChi/samples/00127.png 91
ucf/TaiChi/samples/00128.png 91
ucf/TaiChi/samples/00129.png 91
ucf/TaiChi/samples/00130.png 91
ucf/TaiChi/samples/00131.png 91
ucf/TaiChi/samples/00132.png 91
ucf/TaiChi/samples/00133.png 91
ucf/TaiChi/samples/00134.png 91
ucf/TaiChi/samples/00135.png 91
ucf/TaiChi/samples/00136.png 91
ucf/TaiChi/samples/00137.png 91
ucf/TaiChi/samples/00138.png 91
ucf/TaiChi/samples/00139.png 91
ucf/TaiChi/samples/00140.png 91
ucf/TaiChi/samples/00141.png 91
ucf/TaiChi/samples/00142.png 91
ucf/TaiChi/samples/00143.png 91
ucf/TaiChi/samples/00144.png 91
ucf/TaiChi/samples/00145.png 91
ucf/TaiChi/samples/00146.png 91
ucf/TaiChi/samples/00147.png 91
ucf/TaiChi/samples/00148.png 91
ucf/TaiChi/samples/00149.png 91
ucf/TaiChi/samples/00150.png 91
ucf/TaiChi/samples/00151.png 91
ucf/TaiChi/samples/00152.png 91
ucf/TaiChi/samples/00153.png 91
ucf/TaiChi/samples/00154.png 91
ucf/TaiChi/samples/00155.png 91
ucf/TaiChi/samples/00156.png 91
ucf/TaiChi/samples/00157.png 91
ucf/TaiChi/samples/00158.png 91
ucf/TaiChi/samples/00159.png 91
ucf/TaiChi/samples/00160.png 91
ucf/TaiChi/samples/00161.png 91
ucf/TaiChi/samples/00162.png 91
ucf/TaiChi/samples/00163.png 91
ucf/TaiChi/samples/00164.png 91
ucf/TaiChi/samples/00165.png 91
ucf/TaiChi/samples/00166.png 91
ucf/TaiChi/samples/00167.png 91
ucf/TaiChi/samples/00168.png 91
ucf/TaiChi/samples/00169.png 91
ucf/TaiChi/samples/00170.png 91
ucf/TaiChi/samples/00171.png 91
ucf/TaiChi/samples/00172.png 91
ucf/TaiChi/samples/00173.png 91
ucf/TaiChi/samples/00174.png 91
ucf/TaiChi/samples/00175.png 91
ucf/TaiChi/samples/00176.png 91
ucf/TaiChi/samples/00177.png 91
ucf/TaiChi/samples/00178.png 91
ucf/TaiChi/samples/00179.png 91
ucf/TaiChi/samples/00180.png 91
ucf/TaiChi/samples/00181.png 91
ucf/TaiChi/samples/00182.png 91
ucf/TaiChi/samples/00183.png 91
ucf/TaiChi/samples/00184.png 91
ucf/TaiChi/samples/00185.png 91
ucf/TaiChi/samples/00186.png 91
ucf/TaiChi/samples/00187.png 91
ucf/TaiChi/samples/00188.png 91
ucf/TaiChi/samples/00189.png 91
ucf/TaiChi/samples/00190.png 91
ucf/TaiChi/samples/00191.png 91
ucf/TaiChi/samples/00192.png 91
ucf/TaiChi/samples/00193.png 91
ucf/TaiChi/samples/00194.png 91
ucf/TaiChi/samples/00195.png 91
ucf/TaiChi/samples/00196.png 91
ucf/TaiChi/samples/00197.png 91
ucf/TaiChi/samples/00198.png 91
ucf/TaiChi/samples/00199.png 91
ucf/TaiChi/samples/00200.png 91
ucf/TaiChi/samples/00201.png 91
ucf/TaiChi/samples/00202.png 91
ucf/TaiChi/samples/00203.png 91
ucf/TaiChi/samples/00204.png 91
ucf/TaiChi/samples/00205.png 91
ucf/TaiChi/samples/00206.png 91
ucf/TaiChi/samples/00207.png 91
ucf/TaiChi/samples/00208.png 91
ucf/TaiChi/samples/00209.png 91
ucf/TaiChi/samples/00210.png 91
ucf/TaiChi/samples/00211.png 91
ucf/TaiChi/samples/00212.png 91
ucf/TaiChi/samples/00213.png 91
ucf/TaiChi/samples/00214.png 91
ucf/TaiChi/samples/00215.png 91
ucf/TaiChi/samples/00216.png 91
ucf/TaiChi/samples/00217.png 91
ucf/TaiChi/samples/00218.png 91
ucf/TaiChi/samples/00219.png 91
ucf/TaiChi/samples/00220.png 91
ucf/TaiChi/samples/00221.png 91
ucf/TaiChi/samples/00222.png 91
ucf/TaiChi/samples/00223.png 91
ucf/TaiChi/samples/00224.png 91
ucf/TaiChi/samples/00225.png 91
ucf/TaiChi/samples/00226.png 91
ucf/TaiChi/samples/00227.png 91
ucf/TaiChi/samples/00228.png 91
ucf/TaiChi/samples/00229.png 91
ucf/TaiChi/samples/00230.png 91
ucf/TaiChi/samples/00231.png 91
ucf/TaiChi/samples/00232.png 91
ucf/TaiChi/samples/00233.png 91
ucf/TaiChi/samples/00234.png 91
ucf/TaiChi/samples/00235.png 91
ucf/TaiChi/samples/00236.png 91
ucf/TaiChi/samples/00237.png 91
ucf/TaiChi/samples/00238.png 91
ucf/TaiChi/samples/00239.png 91
ucf/TaiChi/samples/00240.png 91
ucf/TaiChi/samples/00241.png 91
ucf/TaiChi/samples/00242.png 91
ucf/TaiChi/samples/00243.png 91
ucf/TaiChi/samples/00244.png 91
ucf/TaiChi/samples/00245.png 91
ucf/TaiChi/samples/00246.png 91
ucf/TaiChi/samples/00247.png 91
ucf/TaiChi/samples/00248.png 91
ucf/TaiChi/samples/00249.png 91
ucf/TaiChi/samples/00250.png 91
ucf/TaiChi/samples/00251.png 91
ucf/TaiChi/samples/00252.png 91
ucf/TaiChi/samples/00253.png 91
ucf/TaiChi/samples/00254.png 91
ucf/TaiChi/samples/00255.png 91
ucf/TaiChi/samples/00256.png 91
ucf/TaiChi/samples/00257.png 91
ucf/TaiChi/samples/00258.png 91
ucf/TaiChi/samples/00259.png 91
ucf/TaiChi/samples/00260.png 91
ucf/TaiChi/samples/00261.png 91
ucf/TaiChi/samples/00262.png 91
ucf/TaiChi/samples/00263.png 91
ucf/TaiChi/samples/00264.png 91
ucf/TaiChi/samples/00265.png 91
ucf/TaiChi/samples/00266.png 91
ucf/TaiChi/samples/00267.png 91
ucf/TaiChi/samples/00268.png 91
ucf/TaiChi/samples/00269.png 91
ucf/TaiChi/samples/00270.png 91
ucf/TaiChi/samples/00271.png 91
ucf/TaiChi/samples/00272.png 91
ucf/TaiChi/samples/00273.png 91
ucf/TaiChi/samples/00274.png 91
ucf/TaiChi/samples/00275.png 91
ucf/TaiChi/samples/00276.png 91
ucf/TaiChi/samples/00277.png 91
ucf/TaiChi/samples/00278.png 91
ucf/TaiChi/samples/00279.png 91
ucf/TaiChi/samples/00280.png 91
ucf/TaiChi/samples/00281.png 91
ucf/TaiChi/samples/00282.png 91
ucf/TaiChi/samples/00283.png 91
ucf/TaiChi/samples/00284.png 91
ucf/TaiChi/samples/00285.png 91
ucf/TaiChi/samples/00286.png 91
ucf/TaiChi/samples/00287.png 91
ucf/TaiChi/samples/00288.png 91
ucf/TaiChi/samples/00289.png 91
ucf/TaiChi/samples/00290.png 91
ucf/TaiChi/samples/00291.png 91
ucf/TaiChi/samples/00292.png 91
ucf/TaiChi/samples/00293.png 91
ucf/TaiChi/samples/00294.png 91
ucf/TaiChi/samples/00295.png 91
ucf/TaiChi/samples/00296.png 91
ucf/TaiChi/samples/00297.png 91
ucf/TaiChi/samples/00298.png 91
ucf/TaiChi/samples/00299.png 91
ucf/TaiChi/samples/00300.png 91
ucf/TaiChi/samples/00301.png 91
ucf/TaiChi/samples/00302.png 91
ucf/TaiChi/samples/00303.png 91
ucf/TaiChi/samples/00304.png 91
ucf/TaiChi/samples/00305.png 91
ucf/TaiChi/samples/00306.png 91
ucf/TaiChi/samples/00307.png 91
ucf/TaiChi/samples/00308.png 91
ucf/TaiChi/samples/00309.png 91
ucf/TaiChi/samples/00310.png 91
ucf/TaiChi/samples/00311.png 91
ucf/TaiChi/samples/00312.png 91
ucf/TaiChi/samples/00313.png 91
ucf/TaiChi/samples/00314.png 91
ucf/TaiChi/samples/00315.png 91
ucf/TaiChi/samples/00316.png 91
ucf/TaiChi/samples/00317.png 91
ucf/TaiChi/samples/00318.png 91
ucf/TaiChi/samples/00319.png 91
ucf/TaiChi/samples/00320.png 91
ucf/TaiChi/samples/00321.png 91
ucf/TaiChi/samples/00322.png 91
ucf/TaiChi/samples/00323.png 91
ucf/TaiChi/samples/00324.png 91
ucf/TaiChi/samples/00325.png 91
ucf/TaiChi/samples/00326.png 91
ucf/TaiChi/samples/00327.png 91
ucf/TaiChi/samples/00328.png 91
ucf/TaiChi/samples/00329.png 91
ucf/TaiChi/samples/00330.png 91
ucf/TaiChi/samples/00331.png 91
ucf/TaiChi/samples/00332.png 91
ucf/TaiChi/samples/00333.png 91
ucf/TaiChi/samples/00334.png 91
ucf/TaiChi/samples/00335.png 91
ucf/TaiChi/samples/00336.png 91
ucf/TaiChi/samples/00337.png 91
ucf/TaiChi/samples/00338.png 91
ucf/TaiChi/samples/00339.png 91
ucf/TaiChi/samples/00340.png 91
ucf/TaiChi/samples/00341.png 91
ucf/TaiChi/samples/00342.png 91
ucf/TaiChi/samples/00343.png 91
ucf/TaiChi/samples/00344.png 91
ucf/TaiChi/samples/00345.png 91
ucf/TaiChi/samples/00346.png 91
ucf/TaiChi/samples/00347.png 91
ucf/TaiChi/samples/00348.png 91
ucf/TaiChi/samples/00349.png 91
ucf/TaiChi/samples/00350.png 91
ucf/TaiChi/samples/00351.png 91
ucf/TaiChi/samples/00352.png 91
ucf/TaiChi/samples/00353.png 91
ucf/TaiChi/samples/00354.png 91
ucf/TaiChi/samples/00355.png 91
ucf/TaiChi/samples/00356.png 91
ucf/TaiChi/samples/00357.png 91
ucf/TaiChi/samples/00358.png 91
ucf/TaiChi/samples/00359.png 91
ucf/TaiChi/samples/00360.png 91
ucf/TaiChi/samples/00361.png 91
ucf/TaiChi/samples/00362.png 91
ucf/TaiChi/samples/00363.png 91
ucf/TaiChi/samples/00364.png 91
ucf/TaiChi/samples/00365.png 91
ucf/TaiChi/samples/00366.png 91
ucf/TaiChi/samples/00367.png 91
ucf/TaiChi/samples/00368.png 91
ucf/TaiChi/samples/00369.png 91
ucf/TaiChi/samples/00370.png 91
ucf/TaiChi/samples/00371.png 91
ucf/TaiChi/samples/00372.png 91
ucf/TaiChi/samples/00373.png 91
ucf/TaiChi/samples/00374.png 91
ucf/TaiChi/samples/00375.png 91
ucf/TaiChi/samples/00376.png 91
ucf/TaiChi/samples/00377.png 91
ucf/TaiChi/samples/00378.png 91
ucf/TaiChi/samples/00379.png 91
ucf/TaiChi/samples/00380.png 91
ucf/TaiChi/samples/00381.png 91
ucf/TaiChi/samples/00382.png 91
ucf/TaiChi/samples/00383.png 91
ucf/TaiChi/samples/00384.png 91
ucf/TaiChi/samples/00385.png 91
ucf/TaiChi/samples/00386.png 91
ucf/TaiChi/samples/00387.png 91
ucf/TaiChi/samples/00388.png 91
ucf/TaiChi/samples/00389.png 91
ucf/TaiChi/samples/00390.png 91
ucf/TaiChi/samples/00391.png 91
ucf/TaiChi/samples/00392.png 91
ucf/TaiChi/samples/00393.png 91
ucf/TaiChi/samples/00394.png 91
ucf/TaiChi/samples/00395.png 91
ucf/TaiChi/samples/00396.png 91
ucf/TaiChi/samples/00397.png 91
ucf/TaiChi/samples/00398.png 91
ucf/TaiChi/samples/00399.png 91
ucf/TaiChi/samples/00400.png 91
ucf/TaiChi/samples/00401.png 91
ucf/TaiChi/samples/00402.png 91
ucf/TaiChi/samples/00403.png 91
ucf/TaiChi/samples/00404.png 91
ucf/TaiChi/samples/00405.png 91
ucf/TaiChi/samples/00406.png 91
ucf/TaiChi/samples/00407.png 91
ucf/TaiChi/samples/00408.png 91
ucf/TaiChi/samples/00409.png 91
ucf/TaiChi/samples/00410.png 91
ucf/TaiChi/samples/00411.png 91
ucf/TaiChi/samples/00412.png 91
ucf/TaiChi/samples/00413.png 91
ucf/TaiChi/samples/00414.png 91
ucf/TaiChi/samples/00415.png 91
ucf/TaiChi/samples/00416.png 91
ucf/TaiChi/samples/00417.png 91
ucf/TaiChi/samples/00418.png 91
ucf/TaiChi/samples/00419.png 91
ucf/TaiChi/samples/00420.png 91
ucf/TaiChi/samples/00421.png 91
ucf/TaiChi/samples/00422.png 91
ucf/TaiChi/samples/00423.png 91
ucf/TaiChi/samples/00424.png 91
ucf/TaiChi/samples/00425.png 91
ucf/TaiChi/samples/00426.png 91
ucf/TaiChi/samples/00427.png 91
ucf/TaiChi/samples/00428.png 91
ucf/TaiChi/samples/00429.png 91
ucf/TaiChi/samples/00430.png 91
ucf/TaiChi/samples/00431.png 91
ucf/TaiChi/samples/00432.png 91
ucf/TaiChi/samples/00433.png 91
ucf/TaiChi/samples/00434.png 91
ucf/TaiChi/samples/00435.png 91
ucf/TaiChi/samples/00436.png 91
ucf/TaiChi/samples/00437.png 91
ucf/TaiChi/samples/00438.png 91
ucf/TaiChi/samples/00439.png 91
ucf/TaiChi/samples/00440.png 91
ucf/TaiChi/samples/00441.png 91
ucf/TaiChi/samples/00442.png 91
ucf/TaiChi/samples/00443.png 91
ucf/TaiChi/samples/00444.png 91
ucf/TaiChi/samples/00445.png 91
ucf/TaiChi/samples/00446.png 91
ucf/TaiChi/samples/00447.png 91
ucf/TaiChi/samples/00448.png 91
ucf/TaiChi/samples/00449.png 91
ucf/TaiChi/samples/00450.png 91
ucf/TaiChi/samples/00451.png 91
ucf/TaiChi/samples/00452.png 91
ucf/TaiChi/samples/00453.png 91
ucf/TaiChi/samples/00454.png 91
ucf/TaiChi/samples/00455.png 91
ucf/TaiChi/samples/00456.png 91
ucf/TaiChi/samples/00457.png 91
ucf/TaiChi/samples/00458.png 91
ucf/TaiChi/samples/00459.png 91
ucf/TaiChi/samples/00460.png 91
ucf/TaiChi/samples/00461.png 91
ucf/TaiChi/samples/00462.png 91
ucf/TaiChi/samples/00463.png 91
ucf/TaiChi/samples/00464.png 91
ucf/TaiChi/samples/00465.png 91
ucf/TaiChi/samples/00466.png 91
ucf/TaiChi/samples/00467.png 91
ucf/TaiChi/samples/00468.png 91
ucf/TaiChi/samples/00469.png 91
ucf/TaiChi/samples/00470.png 91
ucf/TaiChi/samples/00471.png 91
ucf/TaiChi/samples/00472.png 91
ucf/TaiChi/samples/00473.png 91
ucf/TaiChi/samples/00474.png 91
ucf/TaiChi/samples/00475.png 91
ucf/TaiChi/samples/00476.png 91
ucf/TaiChi/samples/00477.png 91
ucf/TaiChi/samples/00478.png 91
ucf/TaiChi/samples/00479.png 91
ucf/TaiChi/samples/00480.png 91
ucf/TaiChi/samples/00481.png 91
ucf/TaiChi/samples/00482.png 91
ucf/TaiChi/samples/00483.png 91
ucf/TaiChi/samples/00484.png 91
ucf/TaiChi/samples/00485.png 91
ucf/TaiChi/samples/00486.png 91
ucf/TaiChi/samples/00487.png 91
ucf/TaiChi/samples/00488.png 91
ucf/TaiChi/samples/00489.png 91
ucf/TaiChi/samples/00490.png 91
ucf/TaiChi/samples/00491.png 91
ucf/TaiChi/samples/00492.png 91
ucf/TaiChi/samples/00493.png 91
ucf/TaiChi/samples/00494.png 91
ucf/TaiChi/samples/00495.png 91
ucf/TaiChi/samples/00496.png 91
ucf/TaiChi/samples/00497.png 91
ucf/TaiChi/samples/00498.png 91
ucf/TaiChi/samples/00499.png 91
ucf/TaiChi/samples/00500.png 91
ucf/TaiChi/samples/00501.png 91
ucf/TaiChi/samples/00502.png 91
ucf/TaiChi/samples/00503.png 91
ucf/TaiChi/samples/00504.png 91
ucf/TaiChi/samples/00505.png 91
ucf/TaiChi/samples/00506.png 91
ucf/TaiChi/samples/00507.png 91
ucf/TaiChi/samples/00508.png 91
ucf/TaiChi/samples/00509.png 91
ucf/TaiChi/samples/00510.png 91
ucf/TaiChi/samples/00511.png 91
ucf/TaiChi/samples/00512.png 91
ucf/TaiChi/samples/00513.png 91
ucf/TaiChi/samples/00514.png 91
ucf/TaiChi/samples/00515.png 91
ucf/TaiChi/samples/00516.png 91
ucf/TaiChi/samples/00517.png 91
ucf/TaiChi/samples/00518.png 91
ucf/TaiChi/samples/00519.png 91
ucf/TaiChi/samples/00520.png 91
ucf/TaiChi/samples/00521.png 91
ucf/TaiChi/samples/00522.png 91
ucf/TaiChi/samples/00523.png 91
ucf/TaiChi/samples/00524.png 91
ucf/TaiChi/samples/00525.png 91
ucf/TaiChi/samples/00526.png 91
ucf/TaiChi/samples/00527.png 91
ucf/TaiChi/samples/00528.png 91
ucf/TaiChi/samples/00529.png 91
ucf/TaiChi/samples/00530.png 91
ucf/TaiChi/samples/00531.png 91
ucf/TaiChi/samples/00532.png 91
ucf/TaiChi/samples/00533.png 91
ucf/TaiChi/samples/00534.png 91
ucf/TaiChi/samples/00535.png 91
ucf/TaiChi/samples/00536.png 91
ucf/TaiChi/samples/00537.png 91
ucf/TaiChi/samples/00538.png 91
ucf/TaiChi/samples/00539.png 91
ucf/TaiChi/samples/00540.png 91
ucf/TaiChi/samples/00541.png 91
ucf/TaiChi/samples/00542.png 91
ucf/TaiChi/samples/00543.png 91
ucf/TaiChi/samples/00544.png 91
ucf/TaiChi/samples/00545.png 91
ucf/TaiChi/samples/00546.png 91
ucf/TaiChi/samples/00547.png 91
ucf/TaiChi/samples/00548.png 91
ucf/TaiChi/samples/00549.png 91
ucf/TaiChi/samples/00550.png 91
ucf/TaiChi/samples/00551.png 91
ucf/TaiChi/samples/00552.png 91
ucf/TaiChi/samples/00553.png 91
ucf/TaiChi/samples/00554.png 91
ucf/TaiChi/samples/00555.png 91
ucf/TaiChi/samples/00556.png 91
ucf/TaiChi/samples/00557.png 91
ucf/TaiChi/samples/00558.png 91
ucf/TaiChi/samples/00559.png 91
ucf/TaiChi/samples/00560.png 91
ucf/TaiChi/samples/00561.png 91
ucf/TaiChi/samples/00562.png 91
ucf/TaiChi/samples/00563.png 91
ucf/TaiChi/samples/00564.png 91
ucf/TaiChi/samples/00565.png 91
ucf/TaiChi/samples/00566.png 91
ucf/TaiChi/samples/00567.png 91
ucf/TaiChi/samples/00568.png 91
ucf/TaiChi/samples/00569.png 91
ucf/TaiChi/samples/00570.png 91
ucf/TaiChi/samples/00571.png 91
ucf/TaiChi/samples/00572.png 91
ucf/TaiChi/samples/00573.png 91
ucf/TaiChi/samples/00574.png 91
ucf/TaiChi/samples/00575.png 91
ucf/TaiChi/samples/00576.png 91
ucf/TaiChi/samples/00577.png 91
ucf/TaiChi/samples/00578.png 91
ucf/TaiChi/samples/00579.png 91
ucf/TaiChi/samples/00580.png 91
ucf/TaiChi/samples/00581.png 91
ucf/TaiChi/samples/00582.png 91
ucf/TaiChi/samples/00583.png 91
ucf/TaiChi/samples/00584.png 91
ucf/TaiChi/samples/00585.png 91
ucf/TaiChi/samples/00586.png 91
ucf/TaiChi/samples/00587.png 91
ucf/TaiChi/samples/00588.png 91
ucf/TaiChi/samples/00589.png 91
ucf/TaiChi/samples/00590.png 91
ucf/TaiChi/samples/00591.png 91
ucf/TaiChi/samples/00592.png 91
ucf/TaiChi/samples/00593.png 91
ucf/TaiChi/samples/00594.png 91
ucf/TaiChi/samples/00595.png 91
ucf/TaiChi/samples/00596.png 91
ucf/TaiChi/samples/00597.png 91
ucf/TaiChi/samples/00598.png 91
ucf/TaiChi/samples/00599.png 91
ucf/TaiChi/samples/00600.png 91
ucf/TaiChi/samples/00601.png 91
ucf/TaiChi/samples/00602.png 91
ucf/TaiChi/samples/00603.png 91
ucf/TaiChi/samples/00604.png 91
ucf/TaiChi/samples/00605.png 91
ucf/TaiChi/samples/00606.png 91
ucf/TaiChi/samples/00607.png 91
ucf/TaiChi/samples/00608.png 91
ucf/TaiChi/samples/00609.png 91
ucf/TaiChi/samples/00610.png 91
ucf/TaiChi/samples/00611.png 91
ucf/TaiChi/samples/00612.png 91
ucf/TaiChi/samples/00613.png 91
ucf/TaiChi/samples/00614.png 91
ucf/TaiChi/samples/00615.png 91
ucf/TaiChi/samples/00616.png 91
ucf/TaiChi/samples/00617.png 91
ucf/TaiChi/samples/00618.png 91
ucf/TaiChi/samples/00619.png 91
ucf/TaiChi/samples/00620.png 91
ucf/TaiChi/samples/00621.png 91
ucf/TaiChi/samples/00622.png 91
ucf/TaiChi/samples/00623.png 91
ucf/TaiChi/samples/00624.png 91
ucf/TaiChi/samples/00625.png 91
ucf/TaiChi/samples/00626.png 91
ucf/TaiChi/samples/00627.png 91
ucf/TaiChi/samples/00628.png 91
ucf/TaiChi/samples/00629.png 91
ucf/TaiChi/samples/00630.png 91
ucf/TaiChi/samples/00631.png 91
ucf/TaiChi/samples/00632.png 91
ucf/TaiChi/samples/00633.png 91
ucf/TaiChi/samples/00634.png 91
ucf/TaiChi/samples/00635.png 91
ucf/TaiChi/samples/00636.png 91
ucf/TaiChi/samples/00637.png 91
ucf/TaiChi/samples/00638.png 91
ucf/TaiChi/samples/00639.png 91
ucf/TaiChi/samples/00640.png 91
ucf/TaiChi/samples/00641.png 91
ucf/TaiChi/samples/00642.png 91
ucf/TaiChi/samples/00643.png 91
ucf/TaiChi/samples/00644.png 91
ucf/TaiChi/samples/00645.png 91
ucf/TaiChi/samples/00646.png 91
ucf/TaiChi/samples/00647.png 91
ucf/TaiChi/samples/00648.png 91
ucf/TaiChi/samples/00649.png 91
ucf/TaiChi/samples/00650.png 91
ucf/TaiChi/samples/00651.png 91
ucf/TaiChi/samples/00652.png 91
ucf/TaiChi/samples/00653.png 91
ucf/TaiChi/samples/00654.png 91
ucf/TaiChi/samples/00655.png 91
ucf/TaiChi/samples/00656.png 91
ucf/TaiChi/samples/00657.png 91
ucf/TaiChi/samples/00658.png 91
ucf/TaiChi/samples/00659.png 91
ucf/TaiChi/samples/00660.png 91
ucf/TaiChi/samples/00661.png 91
ucf/TaiChi/samples/00662.png 91
ucf/TaiChi/samples/00663.png 91
ucf/TaiChi/samples/00664.png 91
ucf/TaiChi/samples/00665.png 91
ucf/TaiChi/samples/00666.png 91
ucf/TaiChi/samples/00667.png 91
ucf/TaiChi/samples/00668.png 91
ucf/TaiChi/samples/00669.png 91
ucf/TaiChi/samples/00670.png 91
ucf/TaiChi/samples/00671.png 91
ucf/TaiChi/samples/00672.png 91
ucf/TaiChi/samples/00673.png 91
ucf/TaiChi/samples/00674.png 91
ucf/TaiChi/samples/00675.png 91
ucf/TaiChi/samples/00676.png 91
ucf/TaiChi/samples/00677.png 91
ucf/TaiChi/samples/00678.png 91
ucf/TaiChi/samples/00679.png 91
ucf/TaiChi/samples/00680.png 91
ucf/TaiChi/samples/00681.png 91
ucf/TaiChi/samples/00682.png 91
ucf/TaiChi/samples/00683.png 91
ucf/TaiChi/samples/00684.png 91
ucf/TaiChi/samples/00685.png 91
ucf/TaiChi/samples/00686.png 91
ucf/TaiChi/samples/00687.png 91
ucf/TaiChi/samples/00688.png 91
ucf/TaiChi/samples/00689.png 91
ucf/TaiChi/samples/00690.png 91
ucf/TaiChi/samples/00691.png 91
ucf/TaiChi/samples/00692.png 91
ucf/TaiChi/samples/00693.png 91
ucf/TaiChi/samples/00694.png 91
ucf/TaiChi/samples/00695.png 91
ucf/TaiChi/samples/00696.png 91
ucf/TaiChi/samples/00697.png 91
ucf/TaiChi/samples/00698.png 91
ucf/TaiChi/samples/00699.png 91
ucf/TaiChi/samples/00700.png 91
ucf/TaiChi/samples/00701.png 91
ucf/TaiChi/samples/00702.png 91
ucf/TaiChi/samples/00703.png 91
ucf/TaiChi/samples/00704.png 91
ucf/TaiChi/samples/00705.png 91
ucf/TaiChi/samples/00706.png 91
ucf/TaiChi/samples/00707.png 91
ucf/TaiChi/samples/00708.png 91
ucf/TaiChi/samples/00709.png 91
ucf/TaiChi/samples/00710.png 91
ucf/TaiChi/samples/00711.png 91
ucf/TaiChi/samples/00712.png 91
ucf/TaiChi/samples/00713.png 91
ucf/TaiChi/samples/00714.png 91
ucf/TaiChi/samples/00715.png 91
ucf/TaiChi/samples/00716.png 91
ucf/TaiChi/samples/00717.png 91
ucf/TaiChi/samples/00718.png 91
ucf/TaiChi/samples/00719.png 91
ucf/TaiChi/samples/00720.png 91
ucf/TaiChi/samples/00721.png 91
ucf/TaiChi/samples/00722.png 91
ucf/TaiChi/samples/00723.png 91
ucf/TaiChi/samples/00724.png 91
ucf/TaiChi/samples/00725.png 91
ucf/TaiChi/samples/00726.png 91
ucf/TaiChi/samples/00727.png 91
ucf/TaiChi/samples/00728.png 91
ucf/TaiChi/samples/00729.png 91
ucf/TaiChi/samples/00730.png 91
ucf/TaiChi/samples/00731.png 91
ucf/TaiChi/samples/00732.png 91
ucf/TaiChi/samples/00733.png 91
ucf/TaiChi/samples/00734.png 91
ucf/TaiChi/samples/00735.png 91
ucf/TaiChi/samples/00736.png 91
ucf/TaiChi/samples/00737.png 91
ucf/TaiChi/samples/00738.png 91
ucf/TaiChi/samples/00739.png 91
ucf/TaiChi/samples/00740.png 91
ucf/TaiChi/samples/00741.png 91
ucf/TaiChi/samples/00742.png 91
ucf/TaiChi/samples/00743.png 91
ucf/TaiChi/samples/00744.png 91
ucf/TaiChi/samples/00745.png 91
ucf/TaiChi/samples/00746.png 91
ucf/TaiChi/samples/00747.png 91
ucf/TaiChi/samples/00748.png 91
ucf/TaiChi/samples/00749.png 91
ucf/TaiChi/samples/00750.png 91
ucf/TaiChi/samples/00751.png 91
ucf/TaiChi/samples/00752.png 91
ucf/TaiChi/samples/00753.png 91
ucf/TaiChi/samples/00754.png 91
ucf/TaiChi/samples/00755.png 91
ucf/TaiChi/samples/00756.png 91
ucf/TaiChi/samples/00757.png 91
ucf/TaiChi/samples/00758.png 91
ucf/TaiChi/samples/00759.png 91
ucf/TaiChi/samples/00760.png 91
ucf/TaiChi/samples/00761.png 91
ucf/TaiChi/samples/00762.png 91
ucf/TaiChi/samples/00763.png 91
ucf/TaiChi/samples/00764.png 91
ucf/TaiChi/samples/00765.png 91
ucf/TaiChi/samples/00766.png 91
ucf/TaiChi/samples/00767.png 91
ucf/TaiChi/samples/00768.png 91
ucf/TaiChi/samples/00769.png 91
ucf/TaiChi/samples/00770.png 91
ucf/TaiChi/samples/00771.png 91
ucf/TaiChi/samples/00772.png 91
ucf/TaiChi/samples/00773.png 91
ucf/TaiChi/samples/00774.png 91
ucf/TaiChi/samples/00775.png 91
ucf/TaiChi/samples/00776.png 91
ucf/TaiChi/samples/00777.png 91
ucf/TaiChi/samples/00778.png 91
ucf/TaiChi/samples/00779.png 91
ucf/TaiChi/samples/00780.png 91
ucf/TaiChi/samples/00781.png 91
ucf/TaiChi/samples/00782.png 91
ucf/TaiChi/samples/00783.png 91
ucf/TaiChi/samples/00784.png 91
ucf/TaiChi/samples/00785.png 91
ucf/TaiChi/samples/00786.png 91
ucf/TaiChi/samples/00787.png 91
ucf/TaiChi/samples/00788.png 91
ucf/TaiChi/samples/00789.png 91
ucf/TaiChi/samples/00790.png 91
ucf/TaiChi/samples/00791.png 91
ucf/TaiChi/samples/00792.png 91
ucf/TaiChi/samples/00793.png 91
ucf/TaiChi/samples/00794.png 91
ucf/TaiChi/samples/00795.png 91
ucf/TaiChi/samples/00796.png 91
ucf/TaiChi/samples/00797.png 91
ucf/TaiChi/samples/00798.png 91
ucf/TaiChi/samples/00799.png 91
ucf/TaiChi/samples/00800.png 91
ucf/TaiChi/samples/00801.png 91
ucf/TaiChi/samples/00802.png 91
ucf/TaiChi/samples/00803.png 91
ucf/TaiChi/samples/00804.png 91
ucf/TaiChi/samples/00805.png 91
ucf/TaiChi/samples/00806.png 91
ucf/TaiChi/samples/00807.png 91
ucf/TaiChi/samples/00808.png 91
ucf/TaiChi/samples/00809.png 91
ucf/TaiChi/samples/00810.png 91
ucf/TaiChi/samples/00811.png 91
ucf/TaiChi/samples/00812.png 91
ucf/TaiChi/samples/00813.png 91
ucf/TaiChi/samples/00814.png 91
ucf/TaiChi/samples/00815.png 91
ucf/TaiChi/samples/00816.png 91
ucf/TaiChi/samples/00817.png 91
ucf/TaiChi/samples/00818.png 91
ucf/TaiChi/samples/00819.png 91
ucf/TaiChi/samples/00820.png 91
ucf/TaiChi/samples/00821.png 91
ucf/TaiChi/samples/00822.png 91
ucf/TaiChi/samples/00823.png 91
ucf/TaiChi/samples/00824.png 91
ucf/TaiChi/samples/00825.png 91
ucf/TaiChi/samples/00826.png 91
ucf/TaiChi/samples/00827.png 91
ucf/TaiChi/samples/00828.png 91
ucf/TaiChi/samples/00829.png 91
ucf/TaiChi/samples/00830.png 91
ucf/TaiChi/samples/00831.png 91
ucf/TaiChi/samples/00832.png 91
ucf/TaiChi/samples/00833.png 91
ucf/TaiChi/samples/00834.png 91
ucf/TaiChi/samples/00835.png 91
ucf/TaiChi/samples/00836.png 91
ucf/TaiChi/samples/00837.png 91
ucf/TaiChi/samples/00838.png 91
ucf/TaiChi/samples/00839.png 91
ucf/TaiChi/samples/00840.png 91
ucf/TaiChi/samples/00841.png 91
ucf/TaiChi/samples/00842.png 91
ucf/TaiChi/samples/00843.png 91
ucf/TaiChi/samples/00844.png 91
ucf/TaiChi/samples/00845.png 91
ucf/TaiChi/samples/00846.png 91
ucf/TaiChi/samples/00847.png 91
ucf/TaiChi/samples/00848.png 91
ucf/TaiChi/samples/00849.png 91
ucf/TaiChi/samples/00850.png 91
ucf/TaiChi/samples/00851.png 91
ucf/TaiChi/samples/00852.png 91
ucf/TaiChi/samples/00853.png 91
ucf/TaiChi/samples/00854.png 91
ucf/TaiChi/samples/00855.png 91
ucf/TaiChi/samples/00856.png 91
ucf/TaiChi/samples/00857.png 91
ucf/TaiChi/samples/00858.png 91
ucf/TaiChi/samples/00859.png 91
ucf/TaiChi/samples/00860.png 91
ucf/TaiChi/samples/00861.png 91
ucf/TaiChi/samples/00862.png 91
ucf/TaiChi/samples/00863.png 91
ucf/TaiChi/samples/00864.png 91
ucf/TaiChi/samples/00865.png 91
ucf/TaiChi/samples/00866.png 91
ucf/TaiChi/samples/00867.png 91
ucf/TaiChi/samples/00868.png 91
ucf/TaiChi/samples/00869.png 91
ucf/TaiChi/samples/00870.png 91
ucf/TaiChi/samples/00871.png 91
ucf/TaiChi/samples/00872.png 91
ucf/TaiChi/samples/00873.png 91
ucf/TaiChi/samples/00874.png 91
ucf/TaiChi/samples/00875.png 91
ucf/TaiChi/samples/00876.png 91
ucf/TaiChi/samples/00877.png 91
ucf/TaiChi/samples/00878.png 91
ucf/TaiChi/samples/00879.png 91
ucf/TaiChi/samples/00880.png 91
ucf/TaiChi/samples/00881.png 91
ucf/TaiChi/samples/00882.png 91
ucf/TaiChi/samples/00883.png 91
ucf/TaiChi/samples/00884.png 91
ucf/TaiChi/samples/00885.png 91
ucf/TaiChi/samples/00886.png 91
ucf/TaiChi/samples/00887.png 91
ucf/TaiChi/samples/00888.png 91
ucf/TaiChi/samples/00889.png 91
ucf/TaiChi/samples/00890.png 91
ucf/TaiChi/samples/00891.png 91
ucf/TaiChi/samples/00892.png 91
ucf/TaiChi/samples/00893.png 91
ucf/TaiChi/samples/00894.png 91
ucf/TaiChi/samples/00895.png 91
ucf/TaiChi/samples/00896.png 91
ucf/TaiChi/samples/00897.png 91
ucf/TaiChi/samples/00898.png 91
ucf/TaiChi/samples/00899.png 91
ucf/TaiChi/samples/00900.png 91
ucf/TaiChi/samples/00901.png 91
ucf/TaiChi/samples/00902.png 91
ucf/TaiChi/samples/00903.png 91
ucf/TaiChi/samples/00904.png 91
ucf/TaiChi/samples/00905.png 91
ucf/TaiChi/samples/00906.png 91
ucf/TaiChi/samples/00907.png 91
ucf/TaiChi/samples/00908.png 91
ucf/TaiChi/samples/00909.png 91
ucf/TaiChi/samples/00910.png 91
ucf/TaiChi/samples/00911.png 91
ucf/TaiChi/samples/00912.png 91
ucf/TaiChi/samples/00913.png 91
ucf/TaiChi/samples/00914.png 91
ucf/TaiChi/samples/00915.png 91
ucf/TaiChi/samples/00916.png 91
ucf/TaiChi/samples/00917.png 91
ucf/TaiChi/samples/00918.png 91
ucf/TaiChi/samples/00919.png 91
ucf/TaiChi/samples/00920.png 91
ucf/TaiChi/samples/00921.png 91
ucf/TaiChi/samples/00922.png 91
ucf/TaiChi/samples/00923.png 91
ucf/TaiChi/samples/00924.png 91
ucf/TaiChi/samples/00925.png 91
ucf/TaiChi/samples/00926.png 91
ucf/TaiChi/samples/00927.png 91
ucf/TaiChi/samples/00928.png 91
ucf/TaiChi/samples/00929.png 91
ucf/TaiChi/samples/00930.png 91
ucf/TaiChi/samples/00931.png 91
ucf/TaiChi/samples/00932.png 91
ucf/TaiChi/samples/00933.png 91
ucf/TaiChi/samples/00934.png 91
ucf/TaiChi/samples/00935.png 91
ucf/TaiChi/samples/00936.png 91
ucf/TaiChi/samples/00937.png 91
ucf/TaiChi/samples/00938.png 91
ucf/TaiChi/samples/00939.png 91
ucf/TaiChi/samples/00940.png 91
ucf/TaiChi/samples/00941.png 91
ucf/TaiChi/samples/00942.png 91
ucf/TaiChi/samples/00943.png 91
ucf/TaiChi/samples/00944.png 91
ucf/TaiChi/samples/00945.png 91
ucf/TaiChi/samples/00946.png 91
ucf/TaiChi/samples/00947.png 91
ucf/TaiChi/samples/00948.png 91
ucf/TaiChi/samples/00949.png 91
ucf/TaiChi/samples/00950.png 91
ucf/TaiChi/samples/00951.png 91
ucf/TaiChi/samples/00952.png 91
ucf/TaiChi/samples/00953.png 91
ucf/TaiChi/samples/00954.png 91
ucf/TaiChi/samples/00955.png 91
ucf/TaiChi/samples/00956.png 91
ucf/TaiChi/samples/00957.png 91
ucf/TaiChi/samples/00958.png 91
ucf/TaiChi/samples/00959.png 91
ucf/TaiChi/samples/00960.png 91
ucf/TaiChi/samples/00961.png 91
ucf/TaiChi/samples/00962.png 91
ucf/TaiChi/samples/00963.png 91
ucf/TaiChi/samples/00964.png 91
ucf/TaiChi/samples/00965.png 91
ucf/TaiChi/samples/00966.png 91
ucf/TaiChi/samples/00967.png 91
ucf/TaiChi/samples/00968.png 91
ucf/TaiChi/samples/00969.png 91
ucf/TaiChi/samples/00970.png 91
ucf/TaiChi/samples/00971.png 91
ucf/TaiChi/samples/00972.png 91
ucf/TaiChi/samples/00973.png 91
ucf/TaiChi/samples/00974.png 91
ucf/TaiChi/samples/00975.png 91
ucf/TaiChi/samples/00976.png 91
ucf/TaiChi/samples/00977.png 91
ucf/TaiChi/samples/00978.png 91
ucf/TaiChi/samples/00979.png 91
ucf/TaiChi/samples/00980.png 91
ucf/TaiChi/samples/00981.png 91
ucf/TaiChi/samples/00982.png 91
ucf/TaiChi/samples/00983.png 91
ucf/TaiChi/samples/00984.png 91
ucf/TaiChi/samples/00985.png 91
ucf/TaiChi/samples/00986.png 91
ucf/TaiChi/samples/00987.png 91
ucf/TaiChi/samples/00988.png 91
ucf/TaiChi/samples/00989.png 91
ucf/TaiChi/samples/00990.png 91
ucf/TaiChi/samples/00991.png 91
ucf/TaiChi/samples/00992.png 91
ucf/TaiChi/samples/00993.png 91
ucf/TaiChi/samples/00994.png 91
ucf/TaiChi/samples/00995.png 91
ucf/TaiChi/samples/00996.png 91
ucf/TaiChi/samples/00997.png 91
ucf/TaiChi/samples/00998.png 91
ucf/TaiChi/samples/00999.png 91
ucf/BreastStroke/samples/00000.png 19
ucf/BreastStroke/samples/00001.png 19
ucf/BreastStroke/samples/00002.png 19
ucf/BreastStroke/samples/00003.png 19
ucf/BreastStroke/samples/00004.png 19
ucf/BreastStroke/samples/00005.png 19
ucf/BreastStroke/samples/00006.png 19
ucf/BreastStroke/samples/00007.png 19
ucf/BreastStroke/samples/00008.png 19
ucf/BreastStroke/samples/00009.png 19
ucf/BreastStroke/samples/00010.png 19
ucf/BreastStroke/samples/00011.png 19
ucf/BreastStroke/samples/00012.png 19
ucf/BreastStroke/samples/00013.png 19
ucf/BreastStroke/samples/00014.png 19
ucf/BreastStroke/samples/00015.png 19
ucf/BreastStroke/samples/00016.png 19
ucf/BreastStroke/samples/00017.png 19
ucf/BreastStroke/samples/00018.png 19
ucf/BreastStroke/samples/00019.png 19
ucf/BreastStroke/samples/00020.png 19
ucf/BreastStroke/samples/00021.png 19
ucf/BreastStroke/samples/00022.png 19
ucf/BreastStroke/samples/00023.png 19
ucf/BreastStroke/samples/00024.png 19
ucf/BreastStroke/samples/00025.png 19
ucf/BreastStroke/samples/00026.png 19
ucf/BreastStroke/samples/00027.png 19
ucf/BreastStroke/samples/00028.png 19
ucf/BreastStroke/samples/00029.png 19
ucf/BreastStroke/samples/00030.png 19
ucf/BreastStroke/samples/00031.png 19
ucf/BreastStroke/samples/00032.png 19
ucf/BreastStroke/samples/00033.png 19
ucf/BreastStroke/samples/00034.png 19
ucf/BreastStroke/samples/00035.png 19
ucf/BreastStroke/samples/00036.png 19
ucf/BreastStroke/samples/00037.png 19
ucf/BreastStroke/samples/00038.png 19
ucf/BreastStroke/samples/00039.png 19
ucf/BreastStroke/samples/00040.png 19
ucf/BreastStroke/samples/00041.png 19
ucf/BreastStroke/samples/00042.png 19
ucf/BreastStroke/samples/00043.png 19
ucf/BreastStroke/samples/00044.png 19
ucf/BreastStroke/samples/00045.png 19
ucf/BreastStroke/samples/00046.png 19
ucf/BreastStroke/samples/00047.png 19
ucf/BreastStroke/samples/00048.png 19
ucf/BreastStroke/samples/00049.png 19
ucf/BreastStroke/samples/00050.png 19
ucf/BreastStroke/samples/00051.png 19
ucf/BreastStroke/samples/00052.png 19
ucf/BreastStroke/samples/00053.png 19
ucf/BreastStroke/samples/00054.png 19
ucf/BreastStroke/samples/00055.png 19
ucf/BreastStroke/samples/00056.png 19
ucf/BreastStroke/samples/00057.png 19
ucf/BreastStroke/samples/00058.png 19
ucf/BreastStroke/samples/00059.png 19
ucf/BreastStroke/samples/00060.png 19
ucf/BreastStroke/samples/00061.png 19
ucf/BreastStroke/samples/00062.png 19
ucf/BreastStroke/samples/00063.png 19
ucf/BreastStroke/samples/00064.png 19
ucf/BreastStroke/samples/00065.png 19
ucf/BreastStroke/samples/00066.png 19
ucf/BreastStroke/samples/00067.png 19
ucf/BreastStroke/samples/00068.png 19
ucf/BreastStroke/samples/00069.png 19
ucf/BreastStroke/samples/00070.png 19
ucf/BreastStroke/samples/00071.png 19
ucf/BreastStroke/samples/00072.png 19
ucf/BreastStroke/samples/00073.png 19
ucf/BreastStroke/samples/00074.png 19
ucf/BreastStroke/samples/00075.png 19
ucf/BreastStroke/samples/00076.png 19
ucf/BreastStroke/samples/00077.png 19
ucf/BreastStroke/samples/00078.png 19
ucf/BreastStroke/samples/00079.png 19
ucf/BreastStroke/samples/00080.png 19
ucf/BreastStroke/samples/00081.png 19
ucf/BreastStroke/samples/00082.png 19
ucf/BreastStroke/samples/00083.png 19
ucf/BreastStroke/samples/00084.png 19
ucf/BreastStroke/samples/00085.png 19
ucf/BreastStroke/samples/00086.png 19
ucf/BreastStroke/samples/00087.png 19
ucf/BreastStroke/samples/00088.png 19
ucf/BreastStroke/samples/00089.png 19
ucf/BreastStroke/samples/00090.png 19
ucf/BreastStroke/samples/00091.png 19
ucf/BreastStroke/samples/00092.png 19
ucf/BreastStroke/samples/00093.png 19
ucf/BreastStroke/samples/00094.png 19
ucf/BreastStroke/samples/00095.png 19
ucf/BreastStroke/samples/00096.png 19
ucf/BreastStroke/samples/00097.png 19
ucf/BreastStroke/samples/00098.png 19
ucf/BreastStroke/samples/00099.png 19
ucf/BreastStroke/samples/00100.png 19
ucf/BreastStroke/samples/00101.png 19
ucf/BreastStroke/samples/00102.png 19
ucf/BreastStroke/samples/00103.png 19
ucf/BreastStroke/samples/00104.png 19
ucf/BreastStroke/samples/00105.png 19
ucf/BreastStroke/samples/00106.png 19
ucf/BreastStroke/samples/00107.png 19
ucf/BreastStroke/samples/00108.png 19
ucf/BreastStroke/samples/00109.png 19
ucf/BreastStroke/samples/00110.png 19
ucf/BreastStroke/samples/00111.png 19
ucf/BreastStroke/samples/00112.png 19
ucf/BreastStroke/samples/00113.png 19
ucf/BreastStroke/samples/00114.png 19
ucf/BreastStroke/samples/00115.png 19
ucf/BreastStroke/samples/00116.png 19
ucf/BreastStroke/samples/00117.png 19
ucf/BreastStroke/samples/00118.png 19
ucf/BreastStroke/samples/00119.png 19
ucf/BreastStroke/samples/00120.png 19
ucf/BreastStroke/samples/00121.png 19
ucf/BreastStroke/samples/00122.png 19
ucf/BreastStroke/samples/00123.png 19
ucf/BreastStroke/samples/00124.png 19
ucf/BreastStroke/samples/00125.png 19
ucf/BreastStroke/samples/00126.png 19
ucf/BreastStroke/samples/00127.png 19
ucf/BreastStroke/samples/00128.png 19
ucf/BreastStroke/samples/00129.png 19
ucf/BreastStroke/samples/00130.png 19
ucf/BreastStroke/samples/00131.png 19
ucf/BreastStroke/samples/00132.png 19
ucf/BreastStroke/samples/00133.png 19
ucf/BreastStroke/samples/00134.png 19
ucf/BreastStroke/samples/00135.png 19
ucf/BreastStroke/samples/00136.png 19
ucf/BreastStroke/samples/00137.png 19
ucf/BreastStroke/samples/00138.png 19
ucf/BreastStroke/samples/00139.png 19
ucf/BreastStroke/samples/00140.png 19
ucf/BreastStroke/samples/00141.png 19
ucf/BreastStroke/samples/00142.png 19
ucf/BreastStroke/samples/00143.png 19
ucf/BreastStroke/samples/00144.png 19
ucf/BreastStroke/samples/00145.png 19
ucf/BreastStroke/samples/00146.png 19
ucf/BreastStroke/samples/00147.png 19
ucf/BreastStroke/samples/00148.png 19
ucf/BreastStroke/samples/00149.png 19
ucf/BreastStroke/samples/00150.png 19
ucf/BreastStroke/samples/00151.png 19
ucf/BreastStroke/samples/00152.png 19
ucf/BreastStroke/samples/00153.png 19
ucf/BreastStroke/samples/00154.png 19
ucf/BreastStroke/samples/00155.png 19
ucf/BreastStroke/samples/00156.png 19
ucf/BreastStroke/samples/00157.png 19
ucf/BreastStroke/samples/00158.png 19
ucf/BreastStroke/samples/00159.png 19
ucf/BreastStroke/samples/00160.png 19
ucf/BreastStroke/samples/00161.png 19
ucf/BreastStroke/samples/00162.png 19
ucf/BreastStroke/samples/00163.png 19
ucf/BreastStroke/samples/00164.png 19
ucf/BreastStroke/samples/00165.png 19
ucf/BreastStroke/samples/00166.png 19
ucf/BreastStroke/samples/00167.png 19
ucf/BreastStroke/samples/00168.png 19
ucf/BreastStroke/samples/00169.png 19
ucf/BreastStroke/samples/00170.png 19
ucf/BreastStroke/samples/00171.png 19
ucf/BreastStroke/samples/00172.png 19
ucf/BreastStroke/samples/00173.png 19
ucf/BreastStroke/samples/00174.png 19
ucf/BreastStroke/samples/00175.png 19
ucf/BreastStroke/samples/00176.png 19
ucf/BreastStroke/samples/00177.png 19
ucf/BreastStroke/samples/00178.png 19
ucf/BreastStroke/samples/00179.png 19
ucf/BreastStroke/samples/00180.png 19
ucf/BreastStroke/samples/00181.png 19
ucf/BreastStroke/samples/00182.png 19
ucf/BreastStroke/samples/00183.png 19
ucf/BreastStroke/samples/00184.png 19
ucf/BreastStroke/samples/00185.png 19
ucf/BreastStroke/samples/00186.png 19
ucf/BreastStroke/samples/00187.png 19
ucf/BreastStroke/samples/00188.png 19
ucf/BreastStroke/samples/00189.png 19
ucf/BreastStroke/samples/00190.png 19
ucf/BreastStroke/samples/00191.png 19
ucf/BreastStroke/samples/00192.png 19
ucf/BreastStroke/samples/00193.png 19
ucf/BreastStroke/samples/00194.png 19
ucf/BreastStroke/samples/00195.png 19
ucf/BreastStroke/samples/00196.png 19
ucf/BreastStroke/samples/00197.png 19
ucf/BreastStroke/samples/00198.png 19
ucf/BreastStroke/samples/00199.png 19
ucf/BreastStroke/samples/00200.png 19
ucf/BreastStroke/samples/00201.png 19
ucf/BreastStroke/samples/00202.png 19
ucf/BreastStroke/samples/00203.png 19
ucf/BreastStroke/samples/00204.png 19
ucf/BreastStroke/samples/00205.png 19
ucf/BreastStroke/samples/00206.png 19
ucf/BreastStroke/samples/00207.png 19
ucf/BreastStroke/samples/00208.png 19
ucf/BreastStroke/samples/00209.png 19
ucf/BreastStroke/samples/00210.png 19
ucf/BreastStroke/samples/00211.png 19
ucf/BreastStroke/samples/00212.png 19
ucf/BreastStroke/samples/00213.png 19
ucf/BreastStroke/samples/00214.png 19
ucf/BreastStroke/samples/00215.png 19
ucf/BreastStroke/samples/00216.png 19
ucf/BreastStroke/samples/00217.png 19
ucf/BreastStroke/samples/00218.png 19
ucf/BreastStroke/samples/00219.png 19
ucf/BreastStroke/samples/00220.png 19
ucf/BreastStroke/samples/00221.png 19
ucf/BreastStroke/samples/00222.png 19
ucf/BreastStroke/samples/00223.png 19
ucf/BreastStroke/samples/00224.png 19
ucf/BreastStroke/samples/00225.png 19
ucf/BreastStroke/samples/00226.png 19
ucf/BreastStroke/samples/00227.png 19
ucf/BreastStroke/samples/00228.png 19
ucf/BreastStroke/samples/00229.png 19
ucf/BreastStroke/samples/00230.png 19
ucf/BreastStroke/samples/00231.png 19
ucf/BreastStroke/samples/00232.png 19
ucf/BreastStroke/samples/00233.png 19
ucf/BreastStroke/samples/00234.png 19
ucf/BreastStroke/samples/00235.png 19
ucf/BreastStroke/samples/00236.png 19
ucf/BreastStroke/samples/00237.png 19
ucf/BreastStroke/samples/00238.png 19
ucf/BreastStroke/samples/00239.png 19
ucf/BreastStroke/samples/00240.png 19
ucf/BreastStroke/samples/00241.png 19
ucf/BreastStroke/samples/00242.png 19
ucf/BreastStroke/samples/00243.png 19
ucf/BreastStroke/samples/00244.png 19
ucf/BreastStroke/samples/00245.png 19
ucf/BreastStroke/samples/00246.png 19
ucf/BreastStroke/samples/00247.png 19
ucf/BreastStroke/samples/00248.png 19
ucf/BreastStroke/samples/00249.png 19
ucf/BreastStroke/samples/00250.png 19
ucf/BreastStroke/samples/00251.png 19
ucf/BreastStroke/samples/00252.png 19
ucf/BreastStroke/samples/00253.png 19
ucf/BreastStroke/samples/00254.png 19
ucf/BreastStroke/samples/00255.png 19
ucf/BreastStroke/samples/00256.png 19
ucf/BreastStroke/samples/00257.png 19
ucf/BreastStroke/samples/00258.png 19
ucf/BreastStroke/samples/00259.png 19
ucf/BreastStroke/samples/00260.png 19
ucf/BreastStroke/samples/00261.png 19
ucf/BreastStroke/samples/00262.png 19
ucf/BreastStroke/samples/00263.png 19
ucf/BreastStroke/samples/00264.png 19
ucf/BreastStroke/samples/00265.png 19
ucf/BreastStroke/samples/00266.png 19
ucf/BreastStroke/samples/00267.png 19
ucf/BreastStroke/samples/00268.png 19
ucf/BreastStroke/samples/00269.png 19
ucf/BreastStroke/samples/00270.png 19
ucf/BreastStroke/samples/00271.png 19
ucf/BreastStroke/samples/00272.png 19
ucf/BreastStroke/samples/00273.png 19
ucf/BreastStroke/samples/00274.png 19
ucf/BreastStroke/samples/00275.png 19
ucf/BreastStroke/samples/00276.png 19
ucf/BreastStroke/samples/00277.png 19
ucf/BreastStroke/samples/00278.png 19
ucf/BreastStroke/samples/00279.png 19
ucf/BreastStroke/samples/00280.png 19
ucf/BreastStroke/samples/00281.png 19
ucf/BreastStroke/samples/00282.png 19
ucf/BreastStroke/samples/00283.png 19
ucf/BreastStroke/samples/00284.png 19
ucf/BreastStroke/samples/00285.png 19
ucf/BreastStroke/samples/00286.png 19
ucf/BreastStroke/samples/00287.png 19
ucf/BreastStroke/samples/00288.png 19
ucf/BreastStroke/samples/00289.png 19
ucf/BreastStroke/samples/00290.png 19
ucf/BreastStroke/samples/00291.png 19
ucf/BreastStroke/samples/00292.png 19
ucf/BreastStroke/samples/00293.png 19
ucf/BreastStroke/samples/00294.png 19
ucf/BreastStroke/samples/00295.png 19
ucf/BreastStroke/samples/00296.png 19
ucf/BreastStroke/samples/00297.png 19
ucf/BreastStroke/samples/00298.png 19
ucf/BreastStroke/samples/00299.png 19
ucf/BreastStroke/samples/00300.png 19
ucf/BreastStroke/samples/00301.png 19
ucf/BreastStroke/samples/00302.png 19
ucf/BreastStroke/samples/00303.png 19
ucf/BreastStroke/samples/00304.png 19
ucf/BreastStroke/samples/00305.png 19
ucf/BreastStroke/samples/00306.png 19
ucf/BreastStroke/samples/00307.png 19
ucf/BreastStroke/samples/00308.png 19
ucf/BreastStroke/samples/00309.png 19
ucf/BreastStroke/samples/00310.png 19
ucf/BreastStroke/samples/00311.png 19
ucf/BreastStroke/samples/00312.png 19
ucf/BreastStroke/samples/00313.png 19
ucf/BreastStroke/samples/00314.png 19
ucf/BreastStroke/samples/00315.png 19
ucf/BreastStroke/samples/00316.png 19
ucf/BreastStroke/samples/00317.png 19
ucf/BreastStroke/samples/00318.png 19
ucf/BreastStroke/samples/00319.png 19
ucf/BreastStroke/samples/00320.png 19
ucf/BreastStroke/samples/00321.png 19
ucf/BreastStroke/samples/00322.png 19
ucf/BreastStroke/samples/00323.png 19
ucf/BreastStroke/samples/00324.png 19
ucf/BreastStroke/samples/00325.png 19
ucf/BreastStroke/samples/00326.png 19
ucf/BreastStroke/samples/00327.png 19
ucf/BreastStroke/samples/00328.png 19
ucf/BreastStroke/samples/00329.png 19
ucf/BreastStroke/samples/00330.png 19
ucf/BreastStroke/samples/00331.png 19
ucf/BreastStroke/samples/00332.png 19
ucf/BreastStroke/samples/00333.png 19
ucf/BreastStroke/samples/00334.png 19
ucf/BreastStroke/samples/00335.png 19
ucf/BreastStroke/samples/00336.png 19
ucf/BreastStroke/samples/00337.png 19
ucf/BreastStroke/samples/00338.png 19
ucf/BreastStroke/samples/00339.png 19
ucf/BreastStroke/samples/00340.png 19
ucf/BreastStroke/samples/00341.png 19
ucf/BreastStroke/samples/00342.png 19
ucf/BreastStroke/samples/00343.png 19
ucf/BreastStroke/samples/00344.png 19
ucf/BreastStroke/samples/00345.png 19
ucf/BreastStroke/samples/00346.png 19
ucf/BreastStroke/samples/00347.png 19
ucf/BreastStroke/samples/00348.png 19
ucf/BreastStroke/samples/00349.png 19
ucf/BreastStroke/samples/00350.png 19
ucf/BreastStroke/samples/00351.png 19
ucf/BreastStroke/samples/00352.png 19
ucf/BreastStroke/samples/00353.png 19
ucf/BreastStroke/samples/00354.png 19
ucf/BreastStroke/samples/00355.png 19
ucf/BreastStroke/samples/00356.png 19
ucf/BreastStroke/samples/00357.png 19
ucf/BreastStroke/samples/00358.png 19
ucf/BreastStroke/samples/00359.png 19
ucf/BreastStroke/samples/00360.png 19
ucf/BreastStroke/samples/00361.png 19
ucf/BreastStroke/samples/00362.png 19
ucf/BreastStroke/samples/00363.png 19
ucf/BreastStroke/samples/00364.png 19
ucf/BreastStroke/samples/00365.png 19
ucf/BreastStroke/samples/00366.png 19
ucf/BreastStroke/samples/00367.png 19
ucf/BreastStroke/samples/00368.png 19
ucf/BreastStroke/samples/00369.png 19
ucf/BreastStroke/samples/00370.png 19
ucf/BreastStroke/samples/00371.png 19
ucf/BreastStroke/samples/00372.png 19
ucf/BreastStroke/samples/00373.png 19
ucf/BreastStroke/samples/00374.png 19
ucf/BreastStroke/samples/00375.png 19
ucf/BreastStroke/samples/00376.png 19
ucf/BreastStroke/samples/00377.png 19
ucf/BreastStroke/samples/00378.png 19
ucf/BreastStroke/samples/00379.png 19
ucf/BreastStroke/samples/00380.png 19
ucf/BreastStroke/samples/00381.png 19
ucf/BreastStroke/samples/00382.png 19
ucf/BreastStroke/samples/00383.png 19
ucf/BreastStroke/samples/00384.png 19
ucf/BreastStroke/samples/00385.png 19
ucf/BreastStroke/samples/00386.png 19
ucf/BreastStroke/samples/00387.png 19
ucf/BreastStroke/samples/00388.png 19
ucf/BreastStroke/samples/00389.png 19
ucf/BreastStroke/samples/00390.png 19
ucf/BreastStroke/samples/00391.png 19
ucf/BreastStroke/samples/00392.png 19
ucf/BreastStroke/samples/00393.png 19
ucf/BreastStroke/samples/00394.png 19
ucf/BreastStroke/samples/00395.png 19
ucf/BreastStroke/samples/00396.png 19
ucf/BreastStroke/samples/00397.png 19
ucf/BreastStroke/samples/00398.png 19
ucf/BreastStroke/samples/00399.png 19
ucf/BreastStroke/samples/00400.png 19
ucf/BreastStroke/samples/00401.png 19
ucf/BreastStroke/samples/00402.png 19
ucf/BreastStroke/samples/00403.png 19
ucf/BreastStroke/samples/00404.png 19
ucf/BreastStroke/samples/00405.png 19
ucf/BreastStroke/samples/00406.png 19
ucf/BreastStroke/samples/00407.png 19
ucf/BreastStroke/samples/00408.png 19
ucf/BreastStroke/samples/00409.png 19
ucf/BreastStroke/samples/00410.png 19
ucf/BreastStroke/samples/00411.png 19
ucf/BreastStroke/samples/00412.png 19
ucf/BreastStroke/samples/00413.png 19
ucf/BreastStroke/samples/00414.png 19
ucf/BreastStroke/samples/00415.png 19
ucf/BreastStroke/samples/00416.png 19
ucf/BreastStroke/samples/00417.png 19
ucf/BreastStroke/samples/00418.png 19
ucf/BreastStroke/samples/00419.png 19
ucf/BreastStroke/samples/00420.png 19
ucf/BreastStroke/samples/00421.png 19
ucf/BreastStroke/samples/00422.png 19
ucf/BreastStroke/samples/00423.png 19
ucf/BreastStroke/samples/00424.png 19
ucf/BreastStroke/samples/00425.png 19
ucf/BreastStroke/samples/00426.png 19
ucf/BreastStroke/samples/00427.png 19
ucf/BreastStroke/samples/00428.png 19
ucf/BreastStroke/samples/00429.png 19
ucf/BreastStroke/samples/00430.png 19
ucf/BreastStroke/samples/00431.png 19
ucf/BreastStroke/samples/00432.png 19
ucf/BreastStroke/samples/00433.png 19
ucf/BreastStroke/samples/00434.png 19
ucf/BreastStroke/samples/00435.png 19
ucf/BreastStroke/samples/00436.png 19
ucf/BreastStroke/samples/00437.png 19
ucf/BreastStroke/samples/00438.png 19
ucf/BreastStroke/samples/00439.png 19
ucf/BreastStroke/samples/00440.png 19
ucf/BreastStroke/samples/00441.png 19
ucf/BreastStroke/samples/00442.png 19
ucf/BreastStroke/samples/00443.png 19
ucf/BreastStroke/samples/00444.png 19
ucf/BreastStroke/samples/00445.png 19
ucf/BreastStroke/samples/00446.png 19
ucf/BreastStroke/samples/00447.png 19
ucf/BreastStroke/samples/00448.png 19
ucf/BreastStroke/samples/00449.png 19
ucf/BreastStroke/samples/00450.png 19
ucf/BreastStroke/samples/00451.png 19
ucf/BreastStroke/samples/00452.png 19
ucf/BreastStroke/samples/00453.png 19
ucf/BreastStroke/samples/00454.png 19
ucf/BreastStroke/samples/00455.png 19
ucf/BreastStroke/samples/00456.png 19
ucf/BreastStroke/samples/00457.png 19
ucf/BreastStroke/samples/00458.png 19
ucf/BreastStroke/samples/00459.png 19
ucf/BreastStroke/samples/00460.png 19
ucf/BreastStroke/samples/00461.png 19
ucf/BreastStroke/samples/00462.png 19
ucf/BreastStroke/samples/00463.png 19
ucf/BreastStroke/samples/00464.png 19
ucf/BreastStroke/samples/00465.png 19
ucf/BreastStroke/samples/00466.png 19
ucf/BreastStroke/samples/00467.png 19
ucf/BreastStroke/samples/00468.png 19
ucf/BreastStroke/samples/00469.png 19
ucf/BreastStroke/samples/00470.png 19
ucf/BreastStroke/samples/00471.png 19
ucf/BreastStroke/samples/00472.png 19
ucf/BreastStroke/samples/00473.png 19
ucf/BreastStroke/samples/00474.png 19
ucf/BreastStroke/samples/00475.png 19
ucf/BreastStroke/samples/00476.png 19
ucf/BreastStroke/samples/00477.png 19
ucf/BreastStroke/samples/00478.png 19
ucf/BreastStroke/samples/00479.png 19
ucf/BreastStroke/samples/00480.png 19
ucf/BreastStroke/samples/00481.png 19
ucf/BreastStroke/samples/00482.png 19
ucf/BreastStroke/samples/00483.png 19
ucf/BreastStroke/samples/00484.png 19
ucf/BreastStroke/samples/00485.png 19
ucf/BreastStroke/samples/00486.png 19
ucf/BreastStroke/samples/00487.png 19
ucf/BreastStroke/samples/00488.png 19
ucf/BreastStroke/samples/00489.png 19
ucf/BreastStroke/samples/00490.png 19
ucf/BreastStroke/samples/00491.png 19
ucf/BreastStroke/samples/00492.png 19
ucf/BreastStroke/samples/00493.png 19
ucf/BreastStroke/samples/00494.png 19
ucf/BreastStroke/samples/00495.png 19
ucf/BreastStroke/samples/00496.png 19
ucf/BreastStroke/samples/00497.png 19
ucf/BreastStroke/samples/00498.png 19
ucf/BreastStroke/samples/00499.png 19
ucf/BreastStroke/samples/00500.png 19
ucf/BreastStroke/samples/00501.png 19
ucf/BreastStroke/samples/00502.png 19
ucf/BreastStroke/samples/00503.png 19
ucf/BreastStroke/samples/00504.png 19
ucf/BreastStroke/samples/00505.png 19
ucf/BreastStroke/samples/00506.png 19
ucf/BreastStroke/samples/00507.png 19
ucf/BreastStroke/samples/00508.png 19
ucf/BreastStroke/samples/00509.png 19
ucf/BreastStroke/samples/00510.png 19
ucf/BreastStroke/samples/00511.png 19
ucf/BreastStroke/samples/00512.png 19
ucf/BreastStroke/samples/00513.png 19
ucf/BreastStroke/samples/00514.png 19
ucf/BreastStroke/samples/00515.png 19
ucf/BreastStroke/samples/00516.png 19
ucf/BreastStroke/samples/00517.png 19
ucf/BreastStroke/samples/00518.png 19
ucf/BreastStroke/samples/00519.png 19
ucf/BreastStroke/samples/00520.png 19
ucf/BreastStroke/samples/00521.png 19
ucf/BreastStroke/samples/00522.png 19
ucf/BreastStroke/samples/00523.png 19
ucf/BreastStroke/samples/00524.png 19
ucf/BreastStroke/samples/00525.png 19
ucf/BreastStroke/samples/00526.png 19
ucf/BreastStroke/samples/00527.png 19
ucf/BreastStroke/samples/00528.png 19
ucf/BreastStroke/samples/00529.png 19
ucf/BreastStroke/samples/00530.png 19
ucf/BreastStroke/samples/00531.png 19
ucf/BreastStroke/samples/00532.png 19
ucf/BreastStroke/samples/00533.png 19
ucf/BreastStroke/samples/00534.png 19
ucf/BreastStroke/samples/00535.png 19
ucf/BreastStroke/samples/00536.png 19
ucf/BreastStroke/samples/00537.png 19
ucf/BreastStroke/samples/00538.png 19
ucf/BreastStroke/samples/00539.png 19
ucf/BreastStroke/samples/00540.png 19
ucf/BreastStroke/samples/00541.png 19
ucf/BreastStroke/samples/00542.png 19
ucf/BreastStroke/samples/00543.png 19
ucf/BreastStroke/samples/00544.png 19
ucf/BreastStroke/samples/00545.png 19
ucf/BreastStroke/samples/00546.png 19
ucf/BreastStroke/samples/00547.png 19
ucf/BreastStroke/samples/00548.png 19
ucf/BreastStroke/samples/00549.png 19
ucf/BreastStroke/samples/00550.png 19
ucf/BreastStroke/samples/00551.png 19
ucf/BreastStroke/samples/00552.png 19
ucf/BreastStroke/samples/00553.png 19
ucf/BreastStroke/samples/00554.png 19
ucf/BreastStroke/samples/00555.png 19
ucf/BreastStroke/samples/00556.png 19
ucf/BreastStroke/samples/00557.png 19
ucf/BreastStroke/samples/00558.png 19
ucf/BreastStroke/samples/00559.png 19
ucf/BreastStroke/samples/00560.png 19
ucf/BreastStroke/samples/00561.png 19
ucf/BreastStroke/samples/00562.png 19
ucf/BreastStroke/samples/00563.png 19
ucf/BreastStroke/samples/00564.png 19
ucf/BreastStroke/samples/00565.png 19
ucf/BreastStroke/samples/00566.png 19
ucf/BreastStroke/samples/00567.png 19
ucf/BreastStroke/samples/00568.png 19
ucf/BreastStroke/samples/00569.png 19
ucf/BreastStroke/samples/00570.png 19
ucf/BreastStroke/samples/00571.png 19
ucf/BreastStroke/samples/00572.png 19
ucf/BreastStroke/samples/00573.png 19
ucf/BreastStroke/samples/00574.png 19
ucf/BreastStroke/samples/00575.png 19
ucf/BreastStroke/samples/00576.png 19
ucf/BreastStroke/samples/00577.png 19
ucf/BreastStroke/samples/00578.png 19
ucf/BreastStroke/samples/00579.png 19
ucf/BreastStroke/samples/00580.png 19
ucf/BreastStroke/samples/00581.png 19
ucf/BreastStroke/samples/00582.png 19
ucf/BreastStroke/samples/00583.png 19
ucf/BreastStroke/samples/00584.png 19
ucf/BreastStroke/samples/00585.png 19
ucf/BreastStroke/samples/00586.png 19
ucf/BreastStroke/samples/00587.png 19
ucf/BreastStroke/samples/00588.png 19
ucf/BreastStroke/samples/00589.png 19
ucf/BreastStroke/samples/00590.png 19
ucf/BreastStroke/samples/00591.png 19
ucf/BreastStroke/samples/00592.png 19
ucf/BreastStroke/samples/00593.png 19
ucf/BreastStroke/samples/00594.png 19
ucf/BreastStroke/samples/00595.png 19
ucf/BreastStroke/samples/00596.png 19
ucf/BreastStroke/samples/00597.png 19
ucf/BreastStroke/samples/00598.png 19
ucf/BreastStroke/samples/00599.png 19
ucf/BreastStroke/samples/00600.png 19
ucf/BreastStroke/samples/00601.png 19
ucf/BreastStroke/samples/00602.png 19
ucf/BreastStroke/samples/00603.png 19
ucf/BreastStroke/samples/00604.png 19
ucf/BreastStroke/samples/00605.png 19
ucf/BreastStroke/samples/00606.png 19
ucf/BreastStroke/samples/00607.png 19
ucf/BreastStroke/samples/00608.png 19
ucf/BreastStroke/samples/00609.png 19
ucf/BreastStroke/samples/00610.png 19
ucf/BreastStroke/samples/00611.png 19
ucf/BreastStroke/samples/00612.png 19
ucf/BreastStroke/samples/00613.png 19
ucf/BreastStroke/samples/00614.png 19
ucf/BreastStroke/samples/00615.png 19
ucf/BreastStroke/samples/00616.png 19
ucf/BreastStroke/samples/00617.png 19
ucf/BreastStroke/samples/00618.png 19
ucf/BreastStroke/samples/00619.png 19
ucf/BreastStroke/samples/00620.png 19
ucf/BreastStroke/samples/00621.png 19
ucf/BreastStroke/samples/00622.png 19
ucf/BreastStroke/samples/00623.png 19
ucf/BreastStroke/samples/00624.png 19
ucf/BreastStroke/samples/00625.png 19
ucf/BreastStroke/samples/00626.png 19
ucf/BreastStroke/samples/00627.png 19
ucf/BreastStroke/samples/00628.png 19
ucf/BreastStroke/samples/00629.png 19
ucf/BreastStroke/samples/00630.png 19
ucf/BreastStroke/samples/00631.png 19
ucf/BreastStroke/samples/00632.png 19
ucf/BreastStroke/samples/00633.png 19
ucf/BreastStroke/samples/00634.png 19
ucf/BreastStroke/samples/00635.png 19
ucf/BreastStroke/samples/00636.png 19
ucf/BreastStroke/samples/00637.png 19
ucf/BreastStroke/samples/00638.png 19
ucf/BreastStroke/samples/00639.png 19
ucf/BreastStroke/samples/00640.png 19
ucf/BreastStroke/samples/00641.png 19
ucf/BreastStroke/samples/00642.png 19
ucf/BreastStroke/samples/00643.png 19
ucf/BreastStroke/samples/00644.png 19
ucf/BreastStroke/samples/00645.png 19
ucf/BreastStroke/samples/00646.png 19
ucf/BreastStroke/samples/00647.png 19
ucf/BreastStroke/samples/00648.png 19
ucf/BreastStroke/samples/00649.png 19
ucf/BreastStroke/samples/00650.png 19
ucf/BreastStroke/samples/00651.png 19
ucf/BreastStroke/samples/00652.png 19
ucf/BreastStroke/samples/00653.png 19
ucf/BreastStroke/samples/00654.png 19
ucf/BreastStroke/samples/00655.png 19
ucf/BreastStroke/samples/00656.png 19
ucf/BreastStroke/samples/00657.png 19
ucf/BreastStroke/samples/00658.png 19
ucf/BreastStroke/samples/00659.png 19
ucf/BreastStroke/samples/00660.png 19
ucf/BreastStroke/samples/00661.png 19
ucf/BreastStroke/samples/00662.png 19
ucf/BreastStroke/samples/00663.png 19
ucf/BreastStroke/samples/00664.png 19
ucf/BreastStroke/samples/00665.png 19
ucf/BreastStroke/samples/00666.png 19
ucf/BreastStroke/samples/00667.png 19
ucf/BreastStroke/samples/00668.png 19
ucf/BreastStroke/samples/00669.png 19
ucf/BreastStroke/samples/00670.png 19
ucf/BreastStroke/samples/00671.png 19
ucf/BreastStroke/samples/00672.png 19
ucf/BreastStroke/samples/00673.png 19
ucf/BreastStroke/samples/00674.png 19
ucf/BreastStroke/samples/00675.png 19
ucf/BreastStroke/samples/00676.png 19
ucf/BreastStroke/samples/00677.png 19
ucf/BreastStroke/samples/00678.png 19
ucf/BreastStroke/samples/00679.png 19
ucf/BreastStroke/samples/00680.png 19
ucf/BreastStroke/samples/00681.png 19
ucf/BreastStroke/samples/00682.png 19
ucf/BreastStroke/samples/00683.png 19
ucf/BreastStroke/samples/00684.png 19
ucf/BreastStroke/samples/00685.png 19
ucf/BreastStroke/samples/00686.png 19
ucf/BreastStroke/samples/00687.png 19
ucf/BreastStroke/samples/00688.png 19
ucf/BreastStroke/samples/00689.png 19
ucf/BreastStroke/samples/00690.png 19
ucf/BreastStroke/samples/00691.png 19
ucf/BreastStroke/samples/00692.png 19
ucf/BreastStroke/samples/00693.png 19
ucf/BreastStroke/samples/00694.png 19
ucf/BreastStroke/samples/00695.png 19
ucf/BreastStroke/samples/00696.png 19
ucf/BreastStroke/samples/00697.png 19
ucf/BreastStroke/samples/00698.png 19
ucf/BreastStroke/samples/00699.png 19
ucf/BreastStroke/samples/00700.png 19
ucf/BreastStroke/samples/00701.png 19
ucf/BreastStroke/samples/00702.png 19
ucf/BreastStroke/samples/00703.png 19
ucf/BreastStroke/samples/00704.png 19
ucf/BreastStroke/samples/00705.png 19
ucf/BreastStroke/samples/00706.png 19
ucf/BreastStroke/samples/00707.png 19
ucf/BreastStroke/samples/00708.png 19
ucf/BreastStroke/samples/00709.png 19
ucf/BreastStroke/samples/00710.png 19
ucf/BreastStroke/samples/00711.png 19
ucf/BreastStroke/samples/00712.png 19
ucf/BreastStroke/samples/00713.png 19
ucf/BreastStroke/samples/00714.png 19
ucf/BreastStroke/samples/00715.png 19
ucf/BreastStroke/samples/00716.png 19
ucf/BreastStroke/samples/00717.png 19
ucf/BreastStroke/samples/00718.png 19
ucf/BreastStroke/samples/00719.png 19
ucf/BreastStroke/samples/00720.png 19
ucf/BreastStroke/samples/00721.png 19
ucf/BreastStroke/samples/00722.png 19
ucf/BreastStroke/samples/00723.png 19
ucf/BreastStroke/samples/00724.png 19
ucf/BreastStroke/samples/00725.png 19
ucf/BreastStroke/samples/00726.png 19
ucf/BreastStroke/samples/00727.png 19
ucf/BreastStroke/samples/00728.png 19
ucf/BreastStroke/samples/00729.png 19
ucf/BreastStroke/samples/00730.png 19
ucf/BreastStroke/samples/00731.png 19
ucf/BreastStroke/samples/00732.png 19
ucf/BreastStroke/samples/00733.png 19
ucf/BreastStroke/samples/00734.png 19
ucf/BreastStroke/samples/00735.png 19
ucf/BreastStroke/samples/00736.png 19
ucf/BreastStroke/samples/00737.png 19
ucf/BreastStroke/samples/00738.png 19
ucf/BreastStroke/samples/00739.png 19
ucf/BreastStroke/samples/00740.png 19
ucf/BreastStroke/samples/00741.png 19
ucf/BreastStroke/samples/00742.png 19
ucf/BreastStroke/samples/00743.png 19
ucf/BreastStroke/samples/00744.png 19
ucf/BreastStroke/samples/00745.png 19
ucf/BreastStroke/samples/00746.png 19
ucf/BreastStroke/samples/00747.png 19
ucf/BreastStroke/samples/00748.png 19
ucf/BreastStroke/samples/00749.png 19
ucf/BreastStroke/samples/00750.png 19
ucf/BreastStroke/samples/00751.png 19
ucf/BreastStroke/samples/00752.png 19
ucf/BreastStroke/samples/00753.png 19
ucf/BreastStroke/samples/00754.png 19
ucf/BreastStroke/samples/00755.png 19
ucf/BreastStroke/samples/00756.png 19
ucf/BreastStroke/samples/00757.png 19
ucf/BreastStroke/samples/00758.png 19
ucf/BreastStroke/samples/00759.png 19
ucf/BreastStroke/samples/00760.png 19
ucf/BreastStroke/samples/00761.png 19
ucf/BreastStroke/samples/00762.png 19
ucf/BreastStroke/samples/00763.png 19
ucf/BreastStroke/samples/00764.png 19
ucf/BreastStroke/samples/00765.png 19
ucf/BreastStroke/samples/00766.png 19
ucf/BreastStroke/samples/00767.png 19
ucf/BreastStroke/samples/00768.png 19
ucf/BreastStroke/samples/00769.png 19
ucf/BreastStroke/samples/00770.png 19
ucf/BreastStroke/samples/00771.png 19
ucf/BreastStroke/samples/00772.png 19
ucf/BreastStroke/samples/00773.png 19
ucf/BreastStroke/samples/00774.png 19
ucf/BreastStroke/samples/00775.png 19
ucf/BreastStroke/samples/00776.png 19
ucf/BreastStroke/samples/00777.png 19
ucf/BreastStroke/samples/00778.png 19
ucf/BreastStroke/samples/00779.png 19
ucf/BreastStroke/samples/00780.png 19
ucf/BreastStroke/samples/00781.png 19
ucf/BreastStroke/samples/00782.png 19
ucf/BreastStroke/samples/00783.png 19
ucf/BreastStroke/samples/00784.png 19
ucf/BreastStroke/samples/00785.png 19
ucf/BreastStroke/samples/00786.png 19
ucf/BreastStroke/samples/00787.png 19
ucf/BreastStroke/samples/00788.png 19
ucf/BreastStroke/samples/00789.png 19
ucf/BreastStroke/samples/00790.png 19
ucf/BreastStroke/samples/00791.png 19
ucf/BreastStroke/samples/00792.png 19
ucf/BreastStroke/samples/00793.png 19
ucf/BreastStroke/samples/00794.png 19
ucf/BreastStroke/samples/00795.png 19
ucf/BreastStroke/samples/00796.png 19
ucf/BreastStroke/samples/00797.png 19
ucf/BreastStroke/samples/00798.png 19
ucf/BreastStroke/samples/00799.png 19
ucf/BreastStroke/samples/00800.png 19
ucf/BreastStroke/samples/00801.png 19
ucf/BreastStroke/samples/00802.png 19
ucf/BreastStroke/samples/00803.png 19
ucf/BreastStroke/samples/00804.png 19
ucf/BreastStroke/samples/00805.png 19
ucf/BreastStroke/samples/00806.png 19
ucf/BreastStroke/samples/00807.png 19
ucf/BreastStroke/samples/00808.png 19
ucf/BreastStroke/samples/00809.png 19
ucf/BreastStroke/samples/00810.png 19
ucf/BreastStroke/samples/00811.png 19
ucf/BreastStroke/samples/00812.png 19
ucf/BreastStroke/samples/00813.png 19
ucf/BreastStroke/samples/00814.png 19
ucf/BreastStroke/samples/00815.png 19
ucf/BreastStroke/samples/00816.png 19
ucf/BreastStroke/samples/00817.png 19
ucf/BreastStroke/samples/00818.png 19
ucf/BreastStroke/samples/00819.png 19
ucf/BreastStroke/samples/00820.png 19
ucf/BreastStroke/samples/00821.png 19
ucf/BreastStroke/samples/00822.png 19
ucf/BreastStroke/samples/00823.png 19
ucf/BreastStroke/samples/00824.png 19
ucf/BreastStroke/samples/00825.png 19
ucf/BreastStroke/samples/00826.png 19
ucf/BreastStroke/samples/00827.png 19
ucf/BreastStroke/samples/00828.png 19
ucf/BreastStroke/samples/00829.png 19
ucf/BreastStroke/samples/00830.png 19
ucf/BreastStroke/samples/00831.png 19
ucf/BreastStroke/samples/00832.png 19
ucf/BreastStroke/samples/00833.png 19
ucf/BreastStroke/samples/00834.png 19
ucf/BreastStroke/samples/00835.png 19
ucf/BreastStroke/samples/00836.png 19
ucf/BreastStroke/samples/00837.png 19
ucf/BreastStroke/samples/00838.png 19
ucf/BreastStroke/samples/00839.png 19
ucf/BreastStroke/samples/00840.png 19
ucf/BreastStroke/samples/00841.png 19
ucf/BreastStroke/samples/00842.png 19
ucf/BreastStroke/samples/00843.png 19
ucf/BreastStroke/samples/00844.png 19
ucf/BreastStroke/samples/00845.png 19
ucf/BreastStroke/samples/00846.png 19
ucf/BreastStroke/samples/00847.png 19
ucf/BreastStroke/samples/00848.png 19
ucf/BreastStroke/samples/00849.png 19
ucf/BreastStroke/samples/00850.png 19
ucf/BreastStroke/samples/00851.png 19
ucf/BreastStroke/samples/00852.png 19
ucf/BreastStroke/samples/00853.png 19
ucf/BreastStroke/samples/00854.png 19
ucf/BreastStroke/samples/00855.png 19
ucf/BreastStroke/samples/00856.png 19
ucf/BreastStroke/samples/00857.png 19
ucf/BreastStroke/samples/00858.png 19
ucf/BreastStroke/samples/00859.png 19
ucf/BreastStroke/samples/00860.png 19
ucf/BreastStroke/samples/00861.png 19
ucf/BreastStroke/samples/00862.png 19
ucf/BreastStroke/samples/00863.png 19
ucf/BreastStroke/samples/00864.png 19
ucf/BreastStroke/samples/00865.png 19
ucf/BreastStroke/samples/00866.png 19
ucf/BreastStroke/samples/00867.png 19
ucf/BreastStroke/samples/00868.png 19
ucf/BreastStroke/samples/00869.png 19
ucf/BreastStroke/samples/00870.png 19
ucf/BreastStroke/samples/00871.png 19
ucf/BreastStroke/samples/00872.png 19
ucf/BreastStroke/samples/00873.png 19
ucf/BreastStroke/samples/00874.png 19
ucf/BreastStroke/samples/00875.png 19
ucf/BreastStroke/samples/00876.png 19
ucf/BreastStroke/samples/00877.png 19
ucf/BreastStroke/samples/00878.png 19
ucf/BreastStroke/samples/00879.png 19
ucf/BreastStroke/samples/00880.png 19
ucf/BreastStroke/samples/00881.png 19
ucf/BreastStroke/samples/00882.png 19
ucf/BreastStroke/samples/00883.png 19
ucf/BreastStroke/samples/00884.png 19
ucf/BreastStroke/samples/00885.png 19
ucf/BreastStroke/samples/00886.png 19
ucf/BreastStroke/samples/00887.png 19
ucf/BreastStroke/samples/00888.png 19
ucf/BreastStroke/samples/00889.png 19
ucf/BreastStroke/samples/00890.png 19
ucf/BreastStroke/samples/00891.png 19
ucf/BreastStroke/samples/00892.png 19
ucf/BreastStroke/samples/00893.png 19
ucf/BreastStroke/samples/00894.png 19
ucf/BreastStroke/samples/00895.png 19
ucf/BreastStroke/samples/00896.png 19
ucf/BreastStroke/samples/00897.png 19
ucf/BreastStroke/samples/00898.png 19
ucf/BreastStroke/samples/00899.png 19
ucf/BreastStroke/samples/00900.png 19
ucf/BreastStroke/samples/00901.png 19
ucf/BreastStroke/samples/00902.png 19
ucf/BreastStroke/samples/00903.png 19
ucf/BreastStroke/samples/00904.png 19
ucf/BreastStroke/samples/00905.png 19
ucf/BreastStroke/samples/00906.png 19
ucf/BreastStroke/samples/00907.png 19
ucf/BreastStroke/samples/00908.png 19
ucf/BreastStroke/samples/00909.png 19
ucf/BreastStroke/samples/00910.png 19
ucf/BreastStroke/samples/00911.png 19
ucf/BreastStroke/samples/00912.png 19
ucf/BreastStroke/samples/00913.png 19
ucf/BreastStroke/samples/00914.png 19
ucf/BreastStroke/samples/00915.png 19
ucf/BreastStroke/samples/00916.png 19
ucf/BreastStroke/samples/00917.png 19
ucf/BreastStroke/samples/00918.png 19
ucf/BreastStroke/samples/00919.png 19
ucf/BreastStroke/samples/00920.png 19
ucf/BreastStroke/samples/00921.png 19
ucf/BreastStroke/samples/00922.png 19
ucf/BreastStroke/samples/00923.png 19
ucf/BreastStroke/samples/00924.png 19
ucf/BreastStroke/samples/00925.png 19
ucf/BreastStroke/samples/00926.png 19
ucf/BreastStroke/samples/00927.png 19
ucf/BreastStroke/samples/00928.png 19
ucf/BreastStroke/samples/00929.png 19
ucf/BreastStroke/samples/00930.png 19
ucf/BreastStroke/samples/00931.png 19
ucf/BreastStroke/samples/00932.png 19
ucf/BreastStroke/samples/00933.png 19
ucf/BreastStroke/samples/00934.png 19
ucf/BreastStroke/samples/00935.png 19
ucf/BreastStroke/samples/00936.png 19
ucf/BreastStroke/samples/00937.png 19
ucf/BreastStroke/samples/00938.png 19
ucf/BreastStroke/samples/00939.png 19
ucf/BreastStroke/samples/00940.png 19
ucf/BreastStroke/samples/00941.png 19
ucf/BreastStroke/samples/00942.png 19
ucf/BreastStroke/samples/00943.png 19
ucf/BreastStroke/samples/00944.png 19
ucf/BreastStroke/samples/00945.png 19
ucf/BreastStroke/samples/00946.png 19
ucf/BreastStroke/samples/00947.png 19
ucf/BreastStroke/samples/00948.png 19
ucf/BreastStroke/samples/00949.png 19
ucf/BreastStroke/samples/00950.png 19
ucf/BreastStroke/samples/00951.png 19
ucf/BreastStroke/samples/00952.png 19
ucf/BreastStroke/samples/00953.png 19
ucf/BreastStroke/samples/00954.png 19
ucf/BreastStroke/samples/00955.png 19
ucf/BreastStroke/samples/00956.png 19
ucf/BreastStroke/samples/00957.png 19
ucf/BreastStroke/samples/00958.png 19
ucf/BreastStroke/samples/00959.png 19
ucf/BreastStroke/samples/00960.png 19
ucf/BreastStroke/samples/00961.png 19
ucf/BreastStroke/samples/00962.png 19
ucf/BreastStroke/samples/00963.png 19
ucf/BreastStroke/samples/00964.png 19
ucf/BreastStroke/samples/00965.png 19
ucf/BreastStroke/samples/00966.png 19
ucf/BreastStroke/samples/00967.png 19
ucf/BreastStroke/samples/00968.png 19
ucf/BreastStroke/samples/00969.png 19
ucf/BreastStroke/samples/00970.png 19
ucf/BreastStroke/samples/00971.png 19
ucf/BreastStroke/samples/00972.png 19
ucf/BreastStroke/samples/00973.png 19
ucf/BreastStroke/samples/00974.png 19
ucf/BreastStroke/samples/00975.png 19
ucf/BreastStroke/samples/00976.png 19
ucf/BreastStroke/samples/00977.png 19
ucf/BreastStroke/samples/00978.png 19
ucf/BreastStroke/samples/00979.png 19
ucf/BreastStroke/samples/00980.png 19
ucf/BreastStroke/samples/00981.png 19
ucf/BreastStroke/samples/00982.png 19
ucf/BreastStroke/samples/00983.png 19
ucf/BreastStroke/samples/00984.png 19
ucf/BreastStroke/samples/00985.png 19
ucf/BreastStroke/samples/00986.png 19
ucf/BreastStroke/samples/00987.png 19
ucf/BreastStroke/samples/00988.png 19
ucf/BreastStroke/samples/00989.png 19
ucf/BreastStroke/samples/00990.png 19
ucf/BreastStroke/samples/00991.png 19
ucf/BreastStroke/samples/00992.png 19
ucf/BreastStroke/samples/00993.png 19
ucf/BreastStroke/samples/00994.png 19
ucf/BreastStroke/samples/00995.png 19
ucf/BreastStroke/samples/00996.png 19
ucf/BreastStroke/samples/00997.png 19
ucf/BreastStroke/samples/00998.png 19
ucf/BreastStroke/samples/00999.png 19
ucf/CricketBowling/samples/00000.png 23
ucf/CricketBowling/samples/00001.png 23
ucf/CricketBowling/samples/00002.png 23
ucf/CricketBowling/samples/00003.png 23
ucf/CricketBowling/samples/00004.png 23
ucf/CricketBowling/samples/00005.png 23
ucf/CricketBowling/samples/00006.png 23
ucf/CricketBowling/samples/00007.png 23
ucf/CricketBowling/samples/00008.png 23
ucf/CricketBowling/samples/00009.png 23
ucf/CricketBowling/samples/00010.png 23
ucf/CricketBowling/samples/00011.png 23
ucf/CricketBowling/samples/00012.png 23
ucf/CricketBowling/samples/00013.png 23
ucf/CricketBowling/samples/00014.png 23
ucf/CricketBowling/samples/00015.png 23
ucf/CricketBowling/samples/00016.png 23
ucf/CricketBowling/samples/00017.png 23
ucf/CricketBowling/samples/00018.png 23
ucf/CricketBowling/samples/00019.png 23
ucf/CricketBowling/samples/00020.png 23
ucf/CricketBowling/samples/00021.png 23
ucf/CricketBowling/samples/00022.png 23
ucf/CricketBowling/samples/00023.png 23
ucf/CricketBowling/samples/00024.png 23
ucf/CricketBowling/samples/00025.png 23
ucf/CricketBowling/samples/00026.png 23
ucf/CricketBowling/samples/00027.png 23
ucf/CricketBowling/samples/00028.png 23
ucf/CricketBowling/samples/00029.png 23
ucf/CricketBowling/samples/00030.png 23
ucf/CricketBowling/samples/00031.png 23
ucf/CricketBowling/samples/00032.png 23
ucf/CricketBowling/samples/00033.png 23
ucf/CricketBowling/samples/00034.png 23
ucf/CricketBowling/samples/00035.png 23
ucf/CricketBowling/samples/00036.png 23
ucf/CricketBowling/samples/00037.png 23
ucf/CricketBowling/samples/00038.png 23
ucf/CricketBowling/samples/00039.png 23
ucf/CricketBowling/samples/00040.png 23
ucf/CricketBowling/samples/00041.png 23
ucf/CricketBowling/samples/00042.png 23
ucf/CricketBowling/samples/00043.png 23
ucf/CricketBowling/samples/00044.png 23
ucf/CricketBowling/samples/00045.png 23
ucf/CricketBowling/samples/00046.png 23
ucf/CricketBowling/samples/00047.png 23
ucf/CricketBowling/samples/00048.png 23
ucf/CricketBowling/samples/00049.png 23
ucf/CricketBowling/samples/00050.png 23
ucf/CricketBowling/samples/00051.png 23
ucf/CricketBowling/samples/00052.png 23
ucf/CricketBowling/samples/00053.png 23
ucf/CricketBowling/samples/00054.png 23
ucf/CricketBowling/samples/00055.png 23
ucf/CricketBowling/samples/00056.png 23
ucf/CricketBowling/samples/00057.png 23
ucf/CricketBowling/samples/00058.png 23
ucf/CricketBowling/samples/00059.png 23
ucf/CricketBowling/samples/00060.png 23
ucf/CricketBowling/samples/00061.png 23
ucf/CricketBowling/samples/00062.png 23
ucf/CricketBowling/samples/00063.png 23
ucf/CricketBowling/samples/00064.png 23
ucf/CricketBowling/samples/00065.png 23
ucf/CricketBowling/samples/00066.png 23
ucf/CricketBowling/samples/00067.png 23
ucf/CricketBowling/samples/00068.png 23
ucf/CricketBowling/samples/00069.png 23
ucf/CricketBowling/samples/00070.png 23
ucf/CricketBowling/samples/00071.png 23
ucf/CricketBowling/samples/00072.png 23
ucf/CricketBowling/samples/00073.png 23
ucf/CricketBowling/samples/00074.png 23
ucf/CricketBowling/samples/00075.png 23
ucf/CricketBowling/samples/00076.png 23
ucf/CricketBowling/samples/00077.png 23
ucf/CricketBowling/samples/00078.png 23
ucf/CricketBowling/samples/00079.png 23
ucf/CricketBowling/samples/00080.png 23
ucf/CricketBowling/samples/00081.png 23
ucf/CricketBowling/samples/00082.png 23
ucf/CricketBowling/samples/00083.png 23
ucf/CricketBowling/samples/00084.png 23
ucf/CricketBowling/samples/00085.png 23
ucf/CricketBowling/samples/00086.png 23
ucf/CricketBowling/samples/00087.png 23
ucf/CricketBowling/samples/00088.png 23
ucf/CricketBowling/samples/00089.png 23
ucf/CricketBowling/samples/00090.png 23
ucf/CricketBowling/samples/00091.png 23
ucf/CricketBowling/samples/00092.png 23
ucf/CricketBowling/samples/00093.png 23
ucf/CricketBowling/samples/00094.png 23
ucf/CricketBowling/samples/00095.png 23
ucf/CricketBowling/samples/00096.png 23
ucf/CricketBowling/samples/00097.png 23
ucf/CricketBowling/samples/00098.png 23
ucf/CricketBowling/samples/00099.png 23
ucf/CricketBowling/samples/00100.png 23
ucf/CricketBowling/samples/00101.png 23
ucf/CricketBowling/samples/00102.png 23
ucf/CricketBowling/samples/00103.png 23
ucf/CricketBowling/samples/00104.png 23
ucf/CricketBowling/samples/00105.png 23
ucf/CricketBowling/samples/00106.png 23
ucf/CricketBowling/samples/00107.png 23
ucf/CricketBowling/samples/00108.png 23
ucf/CricketBowling/samples/00109.png 23
ucf/CricketBowling/samples/00110.png 23
ucf/CricketBowling/samples/00111.png 23
ucf/CricketBowling/samples/00112.png 23
ucf/CricketBowling/samples/00113.png 23
ucf/CricketBowling/samples/00114.png 23
ucf/CricketBowling/samples/00115.png 23
ucf/CricketBowling/samples/00116.png 23
ucf/CricketBowling/samples/00117.png 23
ucf/CricketBowling/samples/00118.png 23
ucf/CricketBowling/samples/00119.png 23
ucf/CricketBowling/samples/00120.png 23
ucf/CricketBowling/samples/00121.png 23
ucf/CricketBowling/samples/00122.png 23
ucf/CricketBowling/samples/00123.png 23
ucf/CricketBowling/samples/00124.png 23
ucf/CricketBowling/samples/00125.png 23
ucf/CricketBowling/samples/00126.png 23
ucf/CricketBowling/samples/00127.png 23
ucf/CricketBowling/samples/00128.png 23
ucf/CricketBowling/samples/00129.png 23
ucf/CricketBowling/samples/00130.png 23
ucf/CricketBowling/samples/00131.png 23
ucf/CricketBowling/samples/00132.png 23
ucf/CricketBowling/samples/00133.png 23
ucf/CricketBowling/samples/00134.png 23
ucf/CricketBowling/samples/00135.png 23
ucf/CricketBowling/samples/00136.png 23
ucf/CricketBowling/samples/00137.png 23
ucf/CricketBowling/samples/00138.png 23
ucf/CricketBowling/samples/00139.png 23
ucf/CricketBowling/samples/00140.png 23
ucf/CricketBowling/samples/00141.png 23
ucf/CricketBowling/samples/00142.png 23
ucf/CricketBowling/samples/00143.png 23
ucf/CricketBowling/samples/00144.png 23
ucf/CricketBowling/samples/00145.png 23
ucf/CricketBowling/samples/00146.png 23
ucf/CricketBowling/samples/00147.png 23
ucf/CricketBowling/samples/00148.png 23
ucf/CricketBowling/samples/00149.png 23
ucf/CricketBowling/samples/00150.png 23
ucf/CricketBowling/samples/00151.png 23
ucf/CricketBowling/samples/00152.png 23
ucf/CricketBowling/samples/00153.png 23
ucf/CricketBowling/samples/00154.png 23
ucf/CricketBowling/samples/00155.png 23
ucf/CricketBowling/samples/00156.png 23
ucf/CricketBowling/samples/00157.png 23
ucf/CricketBowling/samples/00158.png 23
ucf/CricketBowling/samples/00159.png 23
ucf/CricketBowling/samples/00160.png 23
ucf/CricketBowling/samples/00161.png 23
ucf/CricketBowling/samples/00162.png 23
ucf/CricketBowling/samples/00163.png 23
ucf/CricketBowling/samples/00164.png 23
ucf/CricketBowling/samples/00165.png 23
ucf/CricketBowling/samples/00166.png 23
ucf/CricketBowling/samples/00167.png 23
ucf/CricketBowling/samples/00168.png 23
ucf/CricketBowling/samples/00169.png 23
ucf/CricketBowling/samples/00170.png 23
ucf/CricketBowling/samples/00171.png 23
ucf/CricketBowling/samples/00172.png 23
ucf/CricketBowling/samples/00173.png 23
ucf/CricketBowling/samples/00174.png 23
ucf/CricketBowling/samples/00175.png 23
ucf/CricketBowling/samples/00176.png 23
ucf/CricketBowling/samples/00177.png 23
ucf/CricketBowling/samples/00178.png 23
ucf/CricketBowling/samples/00179.png 23
ucf/CricketBowling/samples/00180.png 23
ucf/CricketBowling/samples/00181.png 23
ucf/CricketBowling/samples/00182.png 23
ucf/CricketBowling/samples/00183.png 23
ucf/CricketBowling/samples/00184.png 23
ucf/CricketBowling/samples/00185.png 23
ucf/CricketBowling/samples/00186.png 23
ucf/CricketBowling/samples/00187.png 23
ucf/CricketBowling/samples/00188.png 23
ucf/CricketBowling/samples/00189.png 23
ucf/CricketBowling/samples/00190.png 23
ucf/CricketBowling/samples/00191.png 23
ucf/CricketBowling/samples/00192.png 23
ucf/CricketBowling/samples/00193.png 23
ucf/CricketBowling/samples/00194.png 23
ucf/CricketBowling/samples/00195.png 23
ucf/CricketBowling/samples/00196.png 23
ucf/CricketBowling/samples/00197.png 23
ucf/CricketBowling/samples/00198.png 23
ucf/CricketBowling/samples/00199.png 23
ucf/CricketBowling/samples/00200.png 23
ucf/CricketBowling/samples/00201.png 23
ucf/CricketBowling/samples/00202.png 23
ucf/CricketBowling/samples/00203.png 23
ucf/CricketBowling/samples/00204.png 23
ucf/CricketBowling/samples/00205.png 23
ucf/CricketBowling/samples/00206.png 23
ucf/CricketBowling/samples/00207.png 23
ucf/CricketBowling/samples/00208.png 23
ucf/CricketBowling/samples/00209.png 23
ucf/CricketBowling/samples/00210.png 23
ucf/CricketBowling/samples/00211.png 23
ucf/CricketBowling/samples/00212.png 23
ucf/CricketBowling/samples/00213.png 23
ucf/CricketBowling/samples/00214.png 23
ucf/CricketBowling/samples/00215.png 23
ucf/CricketBowling/samples/00216.png 23
ucf/CricketBowling/samples/00217.png 23
ucf/CricketBowling/samples/00218.png 23
ucf/CricketBowling/samples/00219.png 23
ucf/CricketBowling/samples/00220.png 23
ucf/CricketBowling/samples/00221.png 23
ucf/CricketBowling/samples/00222.png 23
ucf/CricketBowling/samples/00223.png 23
ucf/CricketBowling/samples/00224.png 23
ucf/CricketBowling/samples/00225.png 23
ucf/CricketBowling/samples/00226.png 23
ucf/CricketBowling/samples/00227.png 23
ucf/CricketBowling/samples/00228.png 23
ucf/CricketBowling/samples/00229.png 23
ucf/CricketBowling/samples/00230.png 23
ucf/CricketBowling/samples/00231.png 23
ucf/CricketBowling/samples/00232.png 23
ucf/CricketBowling/samples/00233.png 23
ucf/CricketBowling/samples/00234.png 23
ucf/CricketBowling/samples/00235.png 23
ucf/CricketBowling/samples/00236.png 23
ucf/CricketBowling/samples/00237.png 23
ucf/CricketBowling/samples/00238.png 23
ucf/CricketBowling/samples/00239.png 23
ucf/CricketBowling/samples/00240.png 23
ucf/CricketBowling/samples/00241.png 23
ucf/CricketBowling/samples/00242.png 23
ucf/CricketBowling/samples/00243.png 23
ucf/CricketBowling/samples/00244.png 23
ucf/CricketBowling/samples/00245.png 23
ucf/CricketBowling/samples/00246.png 23
ucf/CricketBowling/samples/00247.png 23
ucf/CricketBowling/samples/00248.png 23
ucf/CricketBowling/samples/00249.png 23
ucf/CricketBowling/samples/00250.png 23
ucf/CricketBowling/samples/00251.png 23
ucf/CricketBowling/samples/00252.png 23
ucf/CricketBowling/samples/00253.png 23
ucf/CricketBowling/samples/00254.png 23
ucf/CricketBowling/samples/00255.png 23
ucf/CricketBowling/samples/00256.png 23
ucf/CricketBowling/samples/00257.png 23
ucf/CricketBowling/samples/00258.png 23
ucf/CricketBowling/samples/00259.png 23
ucf/CricketBowling/samples/00260.png 23
ucf/CricketBowling/samples/00261.png 23
ucf/CricketBowling/samples/00262.png 23
ucf/CricketBowling/samples/00263.png 23
ucf/CricketBowling/samples/00264.png 23
ucf/CricketBowling/samples/00265.png 23
ucf/CricketBowling/samples/00266.png 23
ucf/CricketBowling/samples/00267.png 23
ucf/CricketBowling/samples/00268.png 23
ucf/CricketBowling/samples/00269.png 23
ucf/CricketBowling/samples/00270.png 23
ucf/CricketBowling/samples/00271.png 23
ucf/CricketBowling/samples/00272.png 23
ucf/CricketBowling/samples/00273.png 23
ucf/CricketBowling/samples/00274.png 23
ucf/CricketBowling/samples/00275.png 23
ucf/CricketBowling/samples/00276.png 23
ucf/CricketBowling/samples/00277.png 23
ucf/CricketBowling/samples/00278.png 23
ucf/CricketBowling/samples/00279.png 23
ucf/CricketBowling/samples/00280.png 23
ucf/CricketBowling/samples/00281.png 23
ucf/CricketBowling/samples/00282.png 23
ucf/CricketBowling/samples/00283.png 23
ucf/CricketBowling/samples/00284.png 23
ucf/CricketBowling/samples/00285.png 23
ucf/CricketBowling/samples/00286.png 23
ucf/CricketBowling/samples/00287.png 23
ucf/CricketBowling/samples/00288.png 23
ucf/CricketBowling/samples/00289.png 23
ucf/CricketBowling/samples/00290.png 23
ucf/CricketBowling/samples/00291.png 23
ucf/CricketBowling/samples/00292.png 23
ucf/CricketBowling/samples/00293.png 23
ucf/CricketBowling/samples/00294.png 23
ucf/CricketBowling/samples/00295.png 23
ucf/CricketBowling/samples/00296.png 23
ucf/CricketBowling/samples/00297.png 23
ucf/CricketBowling/samples/00298.png 23
ucf/CricketBowling/samples/00299.png 23
ucf/CricketBowling/samples/00300.png 23
ucf/CricketBowling/samples/00301.png 23
ucf/CricketBowling/samples/00302.png 23
ucf/CricketBowling/samples/00303.png 23
ucf/CricketBowling/samples/00304.png 23
ucf/CricketBowling/samples/00305.png 23
ucf/CricketBowling/samples/00306.png 23
ucf/CricketBowling/samples/00307.png 23
ucf/CricketBowling/samples/00308.png 23
ucf/CricketBowling/samples/00309.png 23
ucf/CricketBowling/samples/00310.png 23
ucf/CricketBowling/samples/00311.png 23
ucf/CricketBowling/samples/00312.png 23
ucf/CricketBowling/samples/00313.png 23
ucf/CricketBowling/samples/00314.png 23
ucf/CricketBowling/samples/00315.png 23
ucf/CricketBowling/samples/00316.png 23
ucf/CricketBowling/samples/00317.png 23
ucf/CricketBowling/samples/00318.png 23
ucf/CricketBowling/samples/00319.png 23
ucf/CricketBowling/samples/00320.png 23
ucf/CricketBowling/samples/00321.png 23
ucf/CricketBowling/samples/00322.png 23
ucf/CricketBowling/samples/00323.png 23
ucf/CricketBowling/samples/00324.png 23
ucf/CricketBowling/samples/00325.png 23
ucf/CricketBowling/samples/00326.png 23
ucf/CricketBowling/samples/00327.png 23
ucf/CricketBowling/samples/00328.png 23
ucf/CricketBowling/samples/00329.png 23
ucf/CricketBowling/samples/00330.png 23
ucf/CricketBowling/samples/00331.png 23
ucf/CricketBowling/samples/00332.png 23
ucf/CricketBowling/samples/00333.png 23
ucf/CricketBowling/samples/00334.png 23
ucf/CricketBowling/samples/00335.png 23
ucf/CricketBowling/samples/00336.png 23
ucf/CricketBowling/samples/00337.png 23
ucf/CricketBowling/samples/00338.png 23
ucf/CricketBowling/samples/00339.png 23
ucf/CricketBowling/samples/00340.png 23
ucf/CricketBowling/samples/00341.png 23
ucf/CricketBowling/samples/00342.png 23
ucf/CricketBowling/samples/00343.png 23
ucf/CricketBowling/samples/00344.png 23
ucf/CricketBowling/samples/00345.png 23
ucf/CricketBowling/samples/00346.png 23
ucf/CricketBowling/samples/00347.png 23
ucf/CricketBowling/samples/00348.png 23
ucf/CricketBowling/samples/00349.png 23
ucf/CricketBowling/samples/00350.png 23
ucf/CricketBowling/samples/00351.png 23
ucf/CricketBowling/samples/00352.png 23
ucf/CricketBowling/samples/00353.png 23
ucf/CricketBowling/samples/00354.png 23
ucf/CricketBowling/samples/00355.png 23
ucf/CricketBowling/samples/00356.png 23
ucf/CricketBowling/samples/00357.png 23
ucf/CricketBowling/samples/00358.png 23
ucf/CricketBowling/samples/00359.png 23
ucf/CricketBowling/samples/00360.png 23
ucf/CricketBowling/samples/00361.png 23
ucf/CricketBowling/samples/00362.png 23
ucf/CricketBowling/samples/00363.png 23
ucf/CricketBowling/samples/00364.png 23
ucf/CricketBowling/samples/00365.png 23
ucf/CricketBowling/samples/00366.png 23
ucf/CricketBowling/samples/00367.png 23
ucf/CricketBowling/samples/00368.png 23
ucf/CricketBowling/samples/00369.png 23
ucf/CricketBowling/samples/00370.png 23
ucf/CricketBowling/samples/00371.png 23
ucf/CricketBowling/samples/00372.png 23
ucf/CricketBowling/samples/00373.png 23
ucf/CricketBowling/samples/00374.png 23
ucf/CricketBowling/samples/00375.png 23
ucf/CricketBowling/samples/00376.png 23
ucf/CricketBowling/samples/00377.png 23
ucf/CricketBowling/samples/00378.png 23
ucf/CricketBowling/samples/00379.png 23
ucf/CricketBowling/samples/00380.png 23
ucf/CricketBowling/samples/00381.png 23
ucf/CricketBowling/samples/00382.png 23
ucf/CricketBowling/samples/00383.png 23
ucf/CricketBowling/samples/00384.png 23
ucf/CricketBowling/samples/00385.png 23
ucf/CricketBowling/samples/00386.png 23
ucf/CricketBowling/samples/00387.png 23
ucf/CricketBowling/samples/00388.png 23
ucf/CricketBowling/samples/00389.png 23
ucf/CricketBowling/samples/00390.png 23
ucf/CricketBowling/samples/00391.png 23
ucf/CricketBowling/samples/00392.png 23
ucf/CricketBowling/samples/00393.png 23
ucf/CricketBowling/samples/00394.png 23
ucf/CricketBowling/samples/00395.png 23
ucf/CricketBowling/samples/00396.png 23
ucf/CricketBowling/samples/00397.png 23
ucf/CricketBowling/samples/00398.png 23
ucf/CricketBowling/samples/00399.png 23
ucf/CricketBowling/samples/00400.png 23
ucf/CricketBowling/samples/00401.png 23
ucf/CricketBowling/samples/00402.png 23
ucf/CricketBowling/samples/00403.png 23
ucf/CricketBowling/samples/00404.png 23
ucf/CricketBowling/samples/00405.png 23
ucf/CricketBowling/samples/00406.png 23
ucf/CricketBowling/samples/00407.png 23
ucf/CricketBowling/samples/00408.png 23
ucf/CricketBowling/samples/00409.png 23
ucf/CricketBowling/samples/00410.png 23
ucf/CricketBowling/samples/00411.png 23
ucf/CricketBowling/samples/00412.png 23
ucf/CricketBowling/samples/00413.png 23
ucf/CricketBowling/samples/00414.png 23
ucf/CricketBowling/samples/00415.png 23
ucf/CricketBowling/samples/00416.png 23
ucf/CricketBowling/samples/00417.png 23
ucf/CricketBowling/samples/00418.png 23
ucf/CricketBowling/samples/00419.png 23
ucf/CricketBowling/samples/00420.png 23
ucf/CricketBowling/samples/00421.png 23
ucf/CricketBowling/samples/00422.png 23
ucf/CricketBowling/samples/00423.png 23
ucf/CricketBowling/samples/00424.png 23
ucf/CricketBowling/samples/00425.png 23
ucf/CricketBowling/samples/00426.png 23
ucf/CricketBowling/samples/00427.png 23
ucf/CricketBowling/samples/00428.png 23
ucf/CricketBowling/samples/00429.png 23
ucf/CricketBowling/samples/00430.png 23
ucf/CricketBowling/samples/00431.png 23
ucf/CricketBowling/samples/00432.png 23
ucf/CricketBowling/samples/00433.png 23
ucf/CricketBowling/samples/00434.png 23
ucf/CricketBowling/samples/00435.png 23
ucf/CricketBowling/samples/00436.png 23
ucf/CricketBowling/samples/00437.png 23
ucf/CricketBowling/samples/00438.png 23
ucf/CricketBowling/samples/00439.png 23
ucf/CricketBowling/samples/00440.png 23
ucf/CricketBowling/samples/00441.png 23
ucf/CricketBowling/samples/00442.png 23
ucf/CricketBowling/samples/00443.png 23
ucf/CricketBowling/samples/00444.png 23
ucf/CricketBowling/samples/00445.png 23
ucf/CricketBowling/samples/00446.png 23
ucf/CricketBowling/samples/00447.png 23
ucf/CricketBowling/samples/00448.png 23
ucf/CricketBowling/samples/00449.png 23
ucf/CricketBowling/samples/00450.png 23
ucf/CricketBowling/samples/00451.png 23
ucf/CricketBowling/samples/00452.png 23
ucf/CricketBowling/samples/00453.png 23
ucf/CricketBowling/samples/00454.png 23
ucf/CricketBowling/samples/00455.png 23
ucf/CricketBowling/samples/00456.png 23
ucf/CricketBowling/samples/00457.png 23
ucf/CricketBowling/samples/00458.png 23
ucf/CricketBowling/samples/00459.png 23
ucf/CricketBowling/samples/00460.png 23
ucf/CricketBowling/samples/00461.png 23
ucf/CricketBowling/samples/00462.png 23
ucf/CricketBowling/samples/00463.png 23
ucf/CricketBowling/samples/00464.png 23
ucf/CricketBowling/samples/00465.png 23
ucf/CricketBowling/samples/00466.png 23
ucf/CricketBowling/samples/00467.png 23
ucf/CricketBowling/samples/00468.png 23
ucf/CricketBowling/samples/00469.png 23
ucf/CricketBowling/samples/00470.png 23
ucf/CricketBowling/samples/00471.png 23
ucf/CricketBowling/samples/00472.png 23
ucf/CricketBowling/samples/00473.png 23
ucf/CricketBowling/samples/00474.png 23
ucf/CricketBowling/samples/00475.png 23
ucf/CricketBowling/samples/00476.png 23
ucf/CricketBowling/samples/00477.png 23
ucf/CricketBowling/samples/00478.png 23
ucf/CricketBowling/samples/00479.png 23
ucf/CricketBowling/samples/00480.png 23
ucf/CricketBowling/samples/00481.png 23
ucf/CricketBowling/samples/00482.png 23
ucf/CricketBowling/samples/00483.png 23
ucf/CricketBowling/samples/00484.png 23
ucf/CricketBowling/samples/00485.png 23
ucf/CricketBowling/samples/00486.png 23
ucf/CricketBowling/samples/00487.png 23
ucf/CricketBowling/samples/00488.png 23
ucf/CricketBowling/samples/00489.png 23
ucf/CricketBowling/samples/00490.png 23
ucf/CricketBowling/samples/00491.png 23
ucf/CricketBowling/samples/00492.png 23
ucf/CricketBowling/samples/00493.png 23
ucf/CricketBowling/samples/00494.png 23
ucf/CricketBowling/samples/00495.png 23
ucf/CricketBowling/samples/00496.png 23
ucf/CricketBowling/samples/00497.png 23
ucf/CricketBowling/samples/00498.png 23
ucf/CricketBowling/samples/00499.png 23
ucf/CricketBowling/samples/00500.png 23
ucf/CricketBowling/samples/00501.png 23
ucf/CricketBowling/samples/00502.png 23
ucf/CricketBowling/samples/00503.png 23
ucf/CricketBowling/samples/00504.png 23
ucf/CricketBowling/samples/00505.png 23
ucf/CricketBowling/samples/00506.png 23
ucf/CricketBowling/samples/00507.png 23
ucf/CricketBowling/samples/00508.png 23
ucf/CricketBowling/samples/00509.png 23
ucf/CricketBowling/samples/00510.png 23
ucf/CricketBowling/samples/00511.png 23
ucf/CricketBowling/samples/00512.png 23
ucf/CricketBowling/samples/00513.png 23
ucf/CricketBowling/samples/00514.png 23
ucf/CricketBowling/samples/00515.png 23
ucf/CricketBowling/samples/00516.png 23
ucf/CricketBowling/samples/00517.png 23
ucf/CricketBowling/samples/00518.png 23
ucf/CricketBowling/samples/00519.png 23
ucf/CricketBowling/samples/00520.png 23
ucf/CricketBowling/samples/00521.png 23
ucf/CricketBowling/samples/00522.png 23
ucf/CricketBowling/samples/00523.png 23
ucf/CricketBowling/samples/00524.png 23
ucf/CricketBowling/samples/00525.png 23
ucf/CricketBowling/samples/00526.png 23
ucf/CricketBowling/samples/00527.png 23
ucf/CricketBowling/samples/00528.png 23
ucf/CricketBowling/samples/00529.png 23
ucf/CricketBowling/samples/00530.png 23
ucf/CricketBowling/samples/00531.png 23
ucf/CricketBowling/samples/00532.png 23
ucf/CricketBowling/samples/00533.png 23
ucf/CricketBowling/samples/00534.png 23
ucf/CricketBowling/samples/00535.png 23
ucf/CricketBowling/samples/00536.png 23
ucf/CricketBowling/samples/00537.png 23
ucf/CricketBowling/samples/00538.png 23
ucf/CricketBowling/samples/00539.png 23
ucf/CricketBowling/samples/00540.png 23
ucf/CricketBowling/samples/00541.png 23
ucf/CricketBowling/samples/00542.png 23
ucf/CricketBowling/samples/00543.png 23
ucf/CricketBowling/samples/00544.png 23
ucf/CricketBowling/samples/00545.png 23
ucf/CricketBowling/samples/00546.png 23
ucf/CricketBowling/samples/00547.png 23
ucf/CricketBowling/samples/00548.png 23
ucf/CricketBowling/samples/00549.png 23
ucf/CricketBowling/samples/00550.png 23
ucf/CricketBowling/samples/00551.png 23
ucf/CricketBowling/samples/00552.png 23
ucf/CricketBowling/samples/00553.png 23
ucf/CricketBowling/samples/00554.png 23
ucf/CricketBowling/samples/00555.png 23
ucf/CricketBowling/samples/00556.png 23
ucf/CricketBowling/samples/00557.png 23
ucf/CricketBowling/samples/00558.png 23
ucf/CricketBowling/samples/00559.png 23
ucf/CricketBowling/samples/00560.png 23
ucf/CricketBowling/samples/00561.png 23
ucf/CricketBowling/samples/00562.png 23
ucf/CricketBowling/samples/00563.png 23
ucf/CricketBowling/samples/00564.png 23
ucf/CricketBowling/samples/00565.png 23
ucf/CricketBowling/samples/00566.png 23
ucf/CricketBowling/samples/00567.png 23
ucf/CricketBowling/samples/00568.png 23
ucf/CricketBowling/samples/00569.png 23
ucf/CricketBowling/samples/00570.png 23
ucf/CricketBowling/samples/00571.png 23
ucf/CricketBowling/samples/00572.png 23
ucf/CricketBowling/samples/00573.png 23
ucf/CricketBowling/samples/00574.png 23
ucf/CricketBowling/samples/00575.png 23
ucf/CricketBowling/samples/00576.png 23
ucf/CricketBowling/samples/00577.png 23
ucf/CricketBowling/samples/00578.png 23
ucf/CricketBowling/samples/00579.png 23
ucf/CricketBowling/samples/00580.png 23
ucf/CricketBowling/samples/00581.png 23
ucf/CricketBowling/samples/00582.png 23
ucf/CricketBowling/samples/00583.png 23
ucf/CricketBowling/samples/00584.png 23
ucf/CricketBowling/samples/00585.png 23
ucf/CricketBowling/samples/00586.png 23
ucf/CricketBowling/samples/00587.png 23
ucf/CricketBowling/samples/00588.png 23
ucf/CricketBowling/samples/00589.png 23
ucf/CricketBowling/samples/00590.png 23
ucf/CricketBowling/samples/00591.png 23
ucf/CricketBowling/samples/00592.png 23
ucf/CricketBowling/samples/00593.png 23
ucf/CricketBowling/samples/00594.png 23
ucf/CricketBowling/samples/00595.png 23
ucf/CricketBowling/samples/00596.png 23
ucf/CricketBowling/samples/00597.png 23
ucf/CricketBowling/samples/00598.png 23
ucf/CricketBowling/samples/00599.png 23
ucf/CricketBowling/samples/00600.png 23
ucf/CricketBowling/samples/00601.png 23
ucf/CricketBowling/samples/00602.png 23
ucf/CricketBowling/samples/00603.png 23
ucf/CricketBowling/samples/00604.png 23
ucf/CricketBowling/samples/00605.png 23
ucf/CricketBowling/samples/00606.png 23
ucf/CricketBowling/samples/00607.png 23
ucf/CricketBowling/samples/00608.png 23
ucf/CricketBowling/samples/00609.png 23
ucf/CricketBowling/samples/00610.png 23
ucf/CricketBowling/samples/00611.png 23
ucf/CricketBowling/samples/00612.png 23
ucf/CricketBowling/samples/00613.png 23
ucf/CricketBowling/samples/00614.png 23
ucf/CricketBowling/samples/00615.png 23
ucf/CricketBowling/samples/00616.png 23
ucf/CricketBowling/samples/00617.png 23
ucf/CricketBowling/samples/00618.png 23
ucf/CricketBowling/samples/00619.png 23
ucf/CricketBowling/samples/00620.png 23
ucf/CricketBowling/samples/00621.png 23
ucf/CricketBowling/samples/00622.png 23
ucf/CricketBowling/samples/00623.png 23
ucf/CricketBowling/samples/00624.png 23
ucf/CricketBowling/samples/00625.png 23
ucf/CricketBowling/samples/00626.png 23
ucf/CricketBowling/samples/00627.png 23
ucf/CricketBowling/samples/00628.png 23
ucf/CricketBowling/samples/00629.png 23
ucf/CricketBowling/samples/00630.png 23
ucf/CricketBowling/samples/00631.png 23
ucf/CricketBowling/samples/00632.png 23
ucf/CricketBowling/samples/00633.png 23
ucf/CricketBowling/samples/00634.png 23
ucf/CricketBowling/samples/00635.png 23
ucf/CricketBowling/samples/00636.png 23
ucf/CricketBowling/samples/00637.png 23
ucf/CricketBowling/samples/00638.png 23
ucf/CricketBowling/samples/00639.png 23
ucf/CricketBowling/samples/00640.png 23
ucf/CricketBowling/samples/00641.png 23
ucf/CricketBowling/samples/00642.png 23
ucf/CricketBowling/samples/00643.png 23
ucf/CricketBowling/samples/00644.png 23
ucf/CricketBowling/samples/00645.png 23
ucf/CricketBowling/samples/00646.png 23
ucf/CricketBowling/samples/00647.png 23
ucf/CricketBowling/samples/00648.png 23
ucf/CricketBowling/samples/00649.png 23
ucf/CricketBowling/samples/00650.png 23
ucf/CricketBowling/samples/00651.png 23
ucf/CricketBowling/samples/00652.png 23
ucf/CricketBowling/samples/00653.png 23
ucf/CricketBowling/samples/00654.png 23
ucf/CricketBowling/samples/00655.png 23
ucf/CricketBowling/samples/00656.png 23
ucf/CricketBowling/samples/00657.png 23
ucf/CricketBowling/samples/00658.png 23
ucf/CricketBowling/samples/00659.png 23
ucf/CricketBowling/samples/00660.png 23
ucf/CricketBowling/samples/00661.png 23
ucf/CricketBowling/samples/00662.png 23
ucf/CricketBowling/samples/00663.png 23
ucf/CricketBowling/samples/00664.png 23
ucf/CricketBowling/samples/00665.png 23
ucf/CricketBowling/samples/00666.png 23
ucf/CricketBowling/samples/00667.png 23
ucf/CricketBowling/samples/00668.png 23
ucf/CricketBowling/samples/00669.png 23
ucf/CricketBowling/samples/00670.png 23
ucf/CricketBowling/samples/00671.png 23
ucf/CricketBowling/samples/00672.png 23
ucf/CricketBowling/samples/00673.png 23
ucf/CricketBowling/samples/00674.png 23
ucf/CricketBowling/samples/00675.png 23
ucf/CricketBowling/samples/00676.png 23
ucf/CricketBowling/samples/00677.png 23
ucf/CricketBowling/samples/00678.png 23
ucf/CricketBowling/samples/00679.png 23
ucf/CricketBowling/samples/00680.png 23
ucf/CricketBowling/samples/00681.png 23
ucf/CricketBowling/samples/00682.png 23
ucf/CricketBowling/samples/00683.png 23
ucf/CricketBowling/samples/00684.png 23
ucf/CricketBowling/samples/00685.png 23
ucf/CricketBowling/samples/00686.png 23
ucf/CricketBowling/samples/00687.png 23
ucf/CricketBowling/samples/00688.png 23
ucf/CricketBowling/samples/00689.png 23
ucf/CricketBowling/samples/00690.png 23
ucf/CricketBowling/samples/00691.png 23
ucf/CricketBowling/samples/00692.png 23
ucf/CricketBowling/samples/00693.png 23
ucf/CricketBowling/samples/00694.png 23
ucf/CricketBowling/samples/00695.png 23
ucf/CricketBowling/samples/00696.png 23
ucf/CricketBowling/samples/00697.png 23
ucf/CricketBowling/samples/00698.png 23
ucf/CricketBowling/samples/00699.png 23
ucf/CricketBowling/samples/00700.png 23
ucf/CricketBowling/samples/00701.png 23
ucf/CricketBowling/samples/00702.png 23
ucf/CricketBowling/samples/00703.png 23
ucf/CricketBowling/samples/00704.png 23
ucf/CricketBowling/samples/00705.png 23
ucf/CricketBowling/samples/00706.png 23
ucf/CricketBowling/samples/00707.png 23
ucf/CricketBowling/samples/00708.png 23
ucf/CricketBowling/samples/00709.png 23
ucf/CricketBowling/samples/00710.png 23
ucf/CricketBowling/samples/00711.png 23
ucf/CricketBowling/samples/00712.png 23
ucf/CricketBowling/samples/00713.png 23
ucf/CricketBowling/samples/00714.png 23
ucf/CricketBowling/samples/00715.png 23
ucf/CricketBowling/samples/00716.png 23
ucf/CricketBowling/samples/00717.png 23
ucf/CricketBowling/samples/00718.png 23
ucf/CricketBowling/samples/00719.png 23
ucf/CricketBowling/samples/00720.png 23
ucf/CricketBowling/samples/00721.png 23
ucf/CricketBowling/samples/00722.png 23
ucf/CricketBowling/samples/00723.png 23
ucf/CricketBowling/samples/00724.png 23
ucf/CricketBowling/samples/00725.png 23
ucf/CricketBowling/samples/00726.png 23
ucf/CricketBowling/samples/00727.png 23
ucf/CricketBowling/samples/00728.png 23
ucf/CricketBowling/samples/00729.png 23
ucf/CricketBowling/samples/00730.png 23
ucf/CricketBowling/samples/00731.png 23
ucf/CricketBowling/samples/00732.png 23
ucf/CricketBowling/samples/00733.png 23
ucf/CricketBowling/samples/00734.png 23
ucf/CricketBowling/samples/00735.png 23
ucf/CricketBowling/samples/00736.png 23
ucf/CricketBowling/samples/00737.png 23
ucf/CricketBowling/samples/00738.png 23
ucf/CricketBowling/samples/00739.png 23
ucf/CricketBowling/samples/00740.png 23
ucf/CricketBowling/samples/00741.png 23
ucf/CricketBowling/samples/00742.png 23
ucf/CricketBowling/samples/00743.png 23
ucf/CricketBowling/samples/00744.png 23
ucf/CricketBowling/samples/00745.png 23
ucf/CricketBowling/samples/00746.png 23
ucf/CricketBowling/samples/00747.png 23
ucf/CricketBowling/samples/00748.png 23
ucf/CricketBowling/samples/00749.png 23
ucf/CricketBowling/samples/00750.png 23
ucf/CricketBowling/samples/00751.png 23
ucf/CricketBowling/samples/00752.png 23
ucf/CricketBowling/samples/00753.png 23
ucf/CricketBowling/samples/00754.png 23
ucf/CricketBowling/samples/00755.png 23
ucf/CricketBowling/samples/00756.png 23
ucf/CricketBowling/samples/00757.png 23
ucf/CricketBowling/samples/00758.png 23
ucf/CricketBowling/samples/00759.png 23
ucf/CricketBowling/samples/00760.png 23
ucf/CricketBowling/samples/00761.png 23
ucf/CricketBowling/samples/00762.png 23
ucf/CricketBowling/samples/00763.png 23
ucf/CricketBowling/samples/00764.png 23
ucf/CricketBowling/samples/00765.png 23
ucf/CricketBowling/samples/00766.png 23
ucf/CricketBowling/samples/00767.png 23
ucf/CricketBowling/samples/00768.png 23
ucf/CricketBowling/samples/00769.png 23
ucf/CricketBowling/samples/00770.png 23
ucf/CricketBowling/samples/00771.png 23
ucf/CricketBowling/samples/00772.png 23
ucf/CricketBowling/samples/00773.png 23
ucf/CricketBowling/samples/00774.png 23
ucf/CricketBowling/samples/00775.png 23
ucf/CricketBowling/samples/00776.png 23
ucf/CricketBowling/samples/00777.png 23
ucf/CricketBowling/samples/00778.png 23
ucf/CricketBowling/samples/00779.png 23
ucf/CricketBowling/samples/00780.png 23
ucf/CricketBowling/samples/00781.png 23
ucf/CricketBowling/samples/00782.png 23
ucf/CricketBowling/samples/00783.png 23
ucf/CricketBowling/samples/00784.png 23
ucf/CricketBowling/samples/00785.png 23
ucf/CricketBowling/samples/00786.png 23
ucf/CricketBowling/samples/00787.png 23
ucf/CricketBowling/samples/00788.png 23
ucf/CricketBowling/samples/00789.png 23
ucf/CricketBowling/samples/00790.png 23
ucf/CricketBowling/samples/00791.png 23
ucf/CricketBowling/samples/00792.png 23
ucf/CricketBowling/samples/00793.png 23
ucf/CricketBowling/samples/00794.png 23
ucf/CricketBowling/samples/00795.png 23
ucf/CricketBowling/samples/00796.png 23
ucf/CricketBowling/samples/00797.png 23
ucf/CricketBowling/samples/00798.png 23
ucf/CricketBowling/samples/00799.png 23
ucf/CricketBowling/samples/00800.png 23
ucf/CricketBowling/samples/00801.png 23
ucf/CricketBowling/samples/00802.png 23
ucf/CricketBowling/samples/00803.png 23
ucf/CricketBowling/samples/00804.png 23
ucf/CricketBowling/samples/00805.png 23
ucf/CricketBowling/samples/00806.png 23
ucf/CricketBowling/samples/00807.png 23
ucf/CricketBowling/samples/00808.png 23
ucf/CricketBowling/samples/00809.png 23
ucf/CricketBowling/samples/00810.png 23
ucf/CricketBowling/samples/00811.png 23
ucf/CricketBowling/samples/00812.png 23
ucf/CricketBowling/samples/00813.png 23
ucf/CricketBowling/samples/00814.png 23
ucf/CricketBowling/samples/00815.png 23
ucf/CricketBowling/samples/00816.png 23
ucf/CricketBowling/samples/00817.png 23
ucf/CricketBowling/samples/00818.png 23
ucf/CricketBowling/samples/00819.png 23
ucf/CricketBowling/samples/00820.png 23
ucf/CricketBowling/samples/00821.png 23
ucf/CricketBowling/samples/00822.png 23
ucf/CricketBowling/samples/00823.png 23
ucf/CricketBowling/samples/00824.png 23
ucf/CricketBowling/samples/00825.png 23
ucf/CricketBowling/samples/00826.png 23
ucf/CricketBowling/samples/00827.png 23
ucf/CricketBowling/samples/00828.png 23
ucf/CricketBowling/samples/00829.png 23
ucf/CricketBowling/samples/00830.png 23
ucf/CricketBowling/samples/00831.png 23
ucf/CricketBowling/samples/00832.png 23
ucf/CricketBowling/samples/00833.png 23
ucf/CricketBowling/samples/00834.png 23
ucf/CricketBowling/samples/00835.png 23
ucf/CricketBowling/samples/00836.png 23
ucf/CricketBowling/samples/00837.png 23
ucf/CricketBowling/samples/00838.png 23
ucf/CricketBowling/samples/00839.png 23
ucf/CricketBowling/samples/00840.png 23
ucf/CricketBowling/samples/00841.png 23
ucf/CricketBowling/samples/00842.png 23
ucf/CricketBowling/samples/00843.png 23
ucf/CricketBowling/samples/00844.png 23
ucf/CricketBowling/samples/00845.png 23
ucf/CricketBowling/samples/00846.png 23
ucf/CricketBowling/samples/00847.png 23
ucf/CricketBowling/samples/00848.png 23
ucf/CricketBowling/samples/00849.png 23
ucf/CricketBowling/samples/00850.png 23
ucf/CricketBowling/samples/00851.png 23
ucf/CricketBowling/samples/00852.png 23
ucf/CricketBowling/samples/00853.png 23
ucf/CricketBowling/samples/00854.png 23
ucf/CricketBowling/samples/00855.png 23
ucf/CricketBowling/samples/00856.png 23
ucf/CricketBowling/samples/00857.png 23
ucf/CricketBowling/samples/00858.png 23
ucf/CricketBowling/samples/00859.png 23
ucf/CricketBowling/samples/00860.png 23
ucf/CricketBowling/samples/00861.png 23
ucf/CricketBowling/samples/00862.png 23
ucf/CricketBowling/samples/00863.png 23
ucf/CricketBowling/samples/00864.png 23
ucf/CricketBowling/samples/00865.png 23
ucf/CricketBowling/samples/00866.png 23
ucf/CricketBowling/samples/00867.png 23
ucf/CricketBowling/samples/00868.png 23
ucf/CricketBowling/samples/00869.png 23
ucf/CricketBowling/samples/00870.png 23
ucf/CricketBowling/samples/00871.png 23
ucf/CricketBowling/samples/00872.png 23
ucf/CricketBowling/samples/00873.png 23
ucf/CricketBowling/samples/00874.png 23
ucf/CricketBowling/samples/00875.png 23
ucf/CricketBowling/samples/00876.png 23
ucf/CricketBowling/samples/00877.png 23
ucf/CricketBowling/samples/00878.png 23
ucf/CricketBowling/samples/00879.png 23
ucf/CricketBowling/samples/00880.png 23
ucf/CricketBowling/samples/00881.png 23
ucf/CricketBowling/samples/00882.png 23
ucf/CricketBowling/samples/00883.png 23
ucf/CricketBowling/samples/00884.png 23
ucf/CricketBowling/samples/00885.png 23
ucf/CricketBowling/samples/00886.png 23
ucf/CricketBowling/samples/00887.png 23
ucf/CricketBowling/samples/00888.png 23
ucf/CricketBowling/samples/00889.png 23
ucf/CricketBowling/samples/00890.png 23
ucf/CricketBowling/samples/00891.png 23
ucf/CricketBowling/samples/00892.png 23
ucf/CricketBowling/samples/00893.png 23
ucf/CricketBowling/samples/00894.png 23
ucf/CricketBowling/samples/00895.png 23
ucf/CricketBowling/samples/00896.png 23
ucf/CricketBowling/samples/00897.png 23
ucf/CricketBowling/samples/00898.png 23
ucf/CricketBowling/samples/00899.png 23
ucf/CricketBowling/samples/00900.png 23
ucf/CricketBowling/samples/00901.png 23
ucf/CricketBowling/samples/00902.png 23
ucf/CricketBowling/samples/00903.png 23
ucf/CricketBowling/samples/00904.png 23
ucf/CricketBowling/samples/00905.png 23
ucf/CricketBowling/samples/00906.png 23
ucf/CricketBowling/samples/00907.png 23
ucf/CricketBowling/samples/00908.png 23
ucf/CricketBowling/samples/00909.png 23
ucf/CricketBowling/samples/00910.png 23
ucf/CricketBowling/samples/00911.png 23
ucf/CricketBowling/samples/00912.png 23
ucf/CricketBowling/samples/00913.png 23
ucf/CricketBowling/samples/00914.png 23
ucf/CricketBowling/samples/00915.png 23
ucf/CricketBowling/samples/00916.png 23
ucf/CricketBowling/samples/00917.png 23
ucf/CricketBowling/samples/00918.png 23
ucf/CricketBowling/samples/00919.png 23
ucf/CricketBowling/samples/00920.png 23
ucf/CricketBowling/samples/00921.png 23
ucf/CricketBowling/samples/00922.png 23
ucf/CricketBowling/samples/00923.png 23
ucf/CricketBowling/samples/00924.png 23
ucf/CricketBowling/samples/00925.png 23
ucf/CricketBowling/samples/00926.png 23
ucf/CricketBowling/samples/00927.png 23
ucf/CricketBowling/samples/00928.png 23
ucf/CricketBowling/samples/00929.png 23
ucf/CricketBowling/samples/00930.png 23
ucf/CricketBowling/samples/00931.png 23
ucf/CricketBowling/samples/00932.png 23
ucf/CricketBowling/samples/00933.png 23
ucf/CricketBowling/samples/00934.png 23
ucf/CricketBowling/samples/00935.png 23
ucf/CricketBowling/samples/00936.png 23
ucf/CricketBowling/samples/00937.png 23
ucf/CricketBowling/samples/00938.png 23
ucf/CricketBowling/samples/00939.png 23
ucf/CricketBowling/samples/00940.png 23
ucf/CricketBowling/samples/00941.png 23
ucf/CricketBowling/samples/00942.png 23
ucf/CricketBowling/samples/00943.png 23
ucf/CricketBowling/samples/00944.png 23
ucf/CricketBowling/samples/00945.png 23
ucf/CricketBowling/samples/00946.png 23
ucf/CricketBowling/samples/00947.png 23
ucf/CricketBowling/samples/00948.png 23
ucf/CricketBowling/samples/00949.png 23
ucf/CricketBowling/samples/00950.png 23
ucf/CricketBowling/samples/00951.png 23
ucf/CricketBowling/samples/00952.png 23
ucf/CricketBowling/samples/00953.png 23
ucf/CricketBowling/samples/00954.png 23
ucf/CricketBowling/samples/00955.png 23
ucf/CricketBowling/samples/00956.png 23
ucf/CricketBowling/samples/00957.png 23
ucf/CricketBowling/samples/00958.png 23
ucf/CricketBowling/samples/00959.png 23
ucf/CricketBowling/samples/00960.png 23
ucf/CricketBowling/samples/00961.png 23
ucf/CricketBowling/samples/00962.png 23
ucf/CricketBowling/samples/00963.png 23
ucf/CricketBowling/samples/00964.png 23
ucf/CricketBowling/samples/00965.png 23
ucf/CricketBowling/samples/00966.png 23
ucf/CricketBowling/samples/00967.png 23
ucf/CricketBowling/samples/00968.png 23
ucf/CricketBowling/samples/00969.png 23
ucf/CricketBowling/samples/00970.png 23
ucf/CricketBowling/samples/00971.png 23
ucf/CricketBowling/samples/00972.png 23
ucf/CricketBowling/samples/00973.png 23
ucf/CricketBowling/samples/00974.png 23
ucf/CricketBowling/samples/00975.png 23
ucf/CricketBowling/samples/00976.png 23
ucf/CricketBowling/samples/00977.png 23
ucf/CricketBowling/samples/00978.png 23
ucf/CricketBowling/samples/00979.png 23
ucf/CricketBowling/samples/00980.png 23
ucf/CricketBowling/samples/00981.png 23
ucf/CricketBowling/samples/00982.png 23
ucf/CricketBowling/samples/00983.png 23
ucf/CricketBowling/samples/00984.png 23
ucf/CricketBowling/samples/00985.png 23
ucf/CricketBowling/samples/00986.png 23
ucf/CricketBowling/samples/00987.png 23
ucf/CricketBowling/samples/00988.png 23
ucf/CricketBowling/samples/00989.png 23
ucf/CricketBowling/samples/00990.png 23
ucf/CricketBowling/samples/00991.png 23
ucf/CricketBowling/samples/00992.png 23
ucf/CricketBowling/samples/00993.png 23
ucf/CricketBowling/samples/00994.png 23
ucf/CricketBowling/samples/00995.png 23
ucf/CricketBowling/samples/00996.png 23
ucf/CricketBowling/samples/00997.png 23
ucf/CricketBowling/samples/00998.png 23
ucf/CricketBowling/samples/00999.png 23
ucf/BalanceBeam/samples/00000.png 5
ucf/BalanceBeam/samples/00001.png 5
ucf/BalanceBeam/samples/00002.png 5
ucf/BalanceBeam/samples/00003.png 5
ucf/BalanceBeam/samples/00004.png 5
ucf/BalanceBeam/samples/00005.png 5
ucf/BalanceBeam/samples/00006.png 5
ucf/BalanceBeam/samples/00007.png 5
ucf/BalanceBeam/samples/00008.png 5
ucf/BalanceBeam/samples/00009.png 5
ucf/BalanceBeam/samples/00010.png 5
ucf/BalanceBeam/samples/00011.png 5
ucf/BalanceBeam/samples/00012.png 5
ucf/BalanceBeam/samples/00013.png 5
ucf/BalanceBeam/samples/00014.png 5
ucf/BalanceBeam/samples/00015.png 5
ucf/BalanceBeam/samples/00016.png 5
ucf/BalanceBeam/samples/00017.png 5
ucf/BalanceBeam/samples/00018.png 5
ucf/BalanceBeam/samples/00019.png 5
ucf/BalanceBeam/samples/00020.png 5
ucf/BalanceBeam/samples/00021.png 5
ucf/BalanceBeam/samples/00022.png 5
ucf/BalanceBeam/samples/00023.png 5
ucf/BalanceBeam/samples/00024.png 5
ucf/BalanceBeam/samples/00025.png 5
ucf/BalanceBeam/samples/00026.png 5
ucf/BalanceBeam/samples/00027.png 5
ucf/BalanceBeam/samples/00028.png 5
ucf/BalanceBeam/samples/00029.png 5
ucf/BalanceBeam/samples/00030.png 5
ucf/BalanceBeam/samples/00031.png 5
ucf/BalanceBeam/samples/00032.png 5
ucf/BalanceBeam/samples/00033.png 5
ucf/BalanceBeam/samples/00034.png 5
ucf/BalanceBeam/samples/00035.png 5
ucf/BalanceBeam/samples/00036.png 5
ucf/BalanceBeam/samples/00037.png 5
ucf/BalanceBeam/samples/00038.png 5
ucf/BalanceBeam/samples/00039.png 5
ucf/BalanceBeam/samples/00040.png 5
ucf/BalanceBeam/samples/00041.png 5
ucf/BalanceBeam/samples/00042.png 5
ucf/BalanceBeam/samples/00043.png 5
ucf/BalanceBeam/samples/00044.png 5
ucf/BalanceBeam/samples/00045.png 5
ucf/BalanceBeam/samples/00046.png 5
ucf/BalanceBeam/samples/00047.png 5
ucf/BalanceBeam/samples/00048.png 5
ucf/BalanceBeam/samples/00049.png 5
ucf/BalanceBeam/samples/00050.png 5
ucf/BalanceBeam/samples/00051.png 5
ucf/BalanceBeam/samples/00052.png 5
ucf/BalanceBeam/samples/00053.png 5
ucf/BalanceBeam/samples/00054.png 5
ucf/BalanceBeam/samples/00055.png 5
ucf/BalanceBeam/samples/00056.png 5
ucf/BalanceBeam/samples/00057.png 5
ucf/BalanceBeam/samples/00058.png 5
ucf/BalanceBeam/samples/00059.png 5
ucf/BalanceBeam/samples/00060.png 5
ucf/BalanceBeam/samples/00061.png 5
ucf/BalanceBeam/samples/00062.png 5
ucf/BalanceBeam/samples/00063.png 5
ucf/BalanceBeam/samples/00064.png 5
ucf/BalanceBeam/samples/00065.png 5
ucf/BalanceBeam/samples/00066.png 5
ucf/BalanceBeam/samples/00067.png 5
ucf/BalanceBeam/samples/00068.png 5
ucf/BalanceBeam/samples/00069.png 5
ucf/BalanceBeam/samples/00070.png 5
ucf/BalanceBeam/samples/00071.png 5
ucf/BalanceBeam/samples/00072.png 5
ucf/BalanceBeam/samples/00073.png 5
ucf/BalanceBeam/samples/00074.png 5
ucf/BalanceBeam/samples/00075.png 5
ucf/BalanceBeam/samples/00076.png 5
ucf/BalanceBeam/samples/00077.png 5
ucf/BalanceBeam/samples/00078.png 5
ucf/BalanceBeam/samples/00079.png 5
ucf/BalanceBeam/samples/00080.png 5
ucf/BalanceBeam/samples/00081.png 5
ucf/BalanceBeam/samples/00082.png 5
ucf/BalanceBeam/samples/00083.png 5
ucf/BalanceBeam/samples/00084.png 5
ucf/BalanceBeam/samples/00085.png 5
ucf/BalanceBeam/samples/00086.png 5
ucf/BalanceBeam/samples/00087.png 5
ucf/BalanceBeam/samples/00088.png 5
ucf/BalanceBeam/samples/00089.png 5
ucf/BalanceBeam/samples/00090.png 5
ucf/BalanceBeam/samples/00091.png 5
ucf/BalanceBeam/samples/00092.png 5
ucf/BalanceBeam/samples/00093.png 5
ucf/BalanceBeam/samples/00094.png 5
ucf/BalanceBeam/samples/00095.png 5
ucf/BalanceBeam/samples/00096.png 5
ucf/BalanceBeam/samples/00097.png 5
ucf/BalanceBeam/samples/00098.png 5
ucf/BalanceBeam/samples/00099.png 5
ucf/BalanceBeam/samples/00100.png 5
ucf/BalanceBeam/samples/00101.png 5
ucf/BalanceBeam/samples/00102.png 5
ucf/BalanceBeam/samples/00103.png 5
ucf/BalanceBeam/samples/00104.png 5
ucf/BalanceBeam/samples/00105.png 5
ucf/BalanceBeam/samples/00106.png 5
ucf/BalanceBeam/samples/00107.png 5
ucf/BalanceBeam/samples/00108.png 5
ucf/BalanceBeam/samples/00109.png 5
ucf/BalanceBeam/samples/00110.png 5
ucf/BalanceBeam/samples/00111.png 5
ucf/BalanceBeam/samples/00112.png 5
ucf/BalanceBeam/samples/00113.png 5
ucf/BalanceBeam/samples/00114.png 5
ucf/BalanceBeam/samples/00115.png 5
ucf/BalanceBeam/samples/00116.png 5
ucf/BalanceBeam/samples/00117.png 5
ucf/BalanceBeam/samples/00118.png 5
ucf/BalanceBeam/samples/00119.png 5
ucf/BalanceBeam/samples/00120.png 5
ucf/BalanceBeam/samples/00121.png 5
ucf/BalanceBeam/samples/00122.png 5
ucf/BalanceBeam/samples/00123.png 5
ucf/BalanceBeam/samples/00124.png 5
ucf/BalanceBeam/samples/00125.png 5
ucf/BalanceBeam/samples/00126.png 5
ucf/BalanceBeam/samples/00127.png 5
ucf/BalanceBeam/samples/00128.png 5
ucf/BalanceBeam/samples/00129.png 5
ucf/BalanceBeam/samples/00130.png 5
ucf/BalanceBeam/samples/00131.png 5
ucf/BalanceBeam/samples/00132.png 5
ucf/BalanceBeam/samples/00133.png 5
ucf/BalanceBeam/samples/00134.png 5
ucf/BalanceBeam/samples/00135.png 5
ucf/BalanceBeam/samples/00136.png 5
ucf/BalanceBeam/samples/00137.png 5
ucf/BalanceBeam/samples/00138.png 5
ucf/BalanceBeam/samples/00139.png 5
ucf/BalanceBeam/samples/00140.png 5
ucf/BalanceBeam/samples/00141.png 5
ucf/BalanceBeam/samples/00142.png 5
ucf/BalanceBeam/samples/00143.png 5
ucf/BalanceBeam/samples/00144.png 5
ucf/BalanceBeam/samples/00145.png 5
ucf/BalanceBeam/samples/00146.png 5
ucf/BalanceBeam/samples/00147.png 5
ucf/BalanceBeam/samples/00148.png 5
ucf/BalanceBeam/samples/00149.png 5
ucf/BalanceBeam/samples/00150.png 5
ucf/BalanceBeam/samples/00151.png 5
ucf/BalanceBeam/samples/00152.png 5
ucf/BalanceBeam/samples/00153.png 5
ucf/BalanceBeam/samples/00154.png 5
ucf/BalanceBeam/samples/00155.png 5
ucf/BalanceBeam/samples/00156.png 5
ucf/BalanceBeam/samples/00157.png 5
ucf/BalanceBeam/samples/00158.png 5
ucf/BalanceBeam/samples/00159.png 5
ucf/BalanceBeam/samples/00160.png 5
ucf/BalanceBeam/samples/00161.png 5
ucf/BalanceBeam/samples/00162.png 5
ucf/BalanceBeam/samples/00163.png 5
ucf/BalanceBeam/samples/00164.png 5
ucf/BalanceBeam/samples/00165.png 5
ucf/BalanceBeam/samples/00166.png 5
ucf/BalanceBeam/samples/00167.png 5
ucf/BalanceBeam/samples/00168.png 5
ucf/BalanceBeam/samples/00169.png 5
ucf/BalanceBeam/samples/00170.png 5
ucf/BalanceBeam/samples/00171.png 5
ucf/BalanceBeam/samples/00172.png 5
ucf/BalanceBeam/samples/00173.png 5
ucf/BalanceBeam/samples/00174.png 5
ucf/BalanceBeam/samples/00175.png 5
ucf/BalanceBeam/samples/00176.png 5
ucf/BalanceBeam/samples/00177.png 5
ucf/BalanceBeam/samples/00178.png 5
ucf/BalanceBeam/samples/00179.png 5
ucf/BalanceBeam/samples/00180.png 5
ucf/BalanceBeam/samples/00181.png 5
ucf/BalanceBeam/samples/00182.png 5
ucf/BalanceBeam/samples/00183.png 5
ucf/BalanceBeam/samples/00184.png 5
ucf/BalanceBeam/samples/00185.png 5
ucf/BalanceBeam/samples/00186.png 5
ucf/BalanceBeam/samples/00187.png 5
ucf/BalanceBeam/samples/00188.png 5
ucf/BalanceBeam/samples/00189.png 5
ucf/BalanceBeam/samples/00190.png 5
ucf/BalanceBeam/samples/00191.png 5
ucf/BalanceBeam/samples/00192.png 5
ucf/BalanceBeam/samples/00193.png 5
ucf/BalanceBeam/samples/00194.png 5
ucf/BalanceBeam/samples/00195.png 5
ucf/BalanceBeam/samples/00196.png 5
ucf/BalanceBeam/samples/00197.png 5
ucf/BalanceBeam/samples/00198.png 5
ucf/BalanceBeam/samples/00199.png 5
ucf/BalanceBeam/samples/00200.png 5
ucf/BalanceBeam/samples/00201.png 5
ucf/BalanceBeam/samples/00202.png 5
ucf/BalanceBeam/samples/00203.png 5
ucf/BalanceBeam/samples/00204.png 5
ucf/BalanceBeam/samples/00205.png 5
ucf/BalanceBeam/samples/00206.png 5
ucf/BalanceBeam/samples/00207.png 5
ucf/BalanceBeam/samples/00208.png 5
ucf/BalanceBeam/samples/00209.png 5
ucf/BalanceBeam/samples/00210.png 5
ucf/BalanceBeam/samples/00211.png 5
ucf/BalanceBeam/samples/00212.png 5
ucf/BalanceBeam/samples/00213.png 5
ucf/BalanceBeam/samples/00214.png 5
ucf/BalanceBeam/samples/00215.png 5
ucf/BalanceBeam/samples/00216.png 5
ucf/BalanceBeam/samples/00217.png 5
ucf/BalanceBeam/samples/00218.png 5
ucf/BalanceBeam/samples/00219.png 5
ucf/BalanceBeam/samples/00220.png 5
ucf/BalanceBeam/samples/00221.png 5
ucf/BalanceBeam/samples/00222.png 5
ucf/BalanceBeam/samples/00223.png 5
ucf/BalanceBeam/samples/00224.png 5
ucf/BalanceBeam/samples/00225.png 5
ucf/BalanceBeam/samples/00226.png 5
ucf/BalanceBeam/samples/00227.png 5
ucf/BalanceBeam/samples/00228.png 5
ucf/BalanceBeam/samples/00229.png 5
ucf/BalanceBeam/samples/00230.png 5
ucf/BalanceBeam/samples/00231.png 5
ucf/BalanceBeam/samples/00232.png 5
ucf/BalanceBeam/samples/00233.png 5
ucf/BalanceBeam/samples/00234.png 5
ucf/BalanceBeam/samples/00235.png 5
ucf/BalanceBeam/samples/00236.png 5
ucf/BalanceBeam/samples/00237.png 5
ucf/BalanceBeam/samples/00238.png 5
ucf/BalanceBeam/samples/00239.png 5
ucf/BalanceBeam/samples/00240.png 5
ucf/BalanceBeam/samples/00241.png 5
ucf/BalanceBeam/samples/00242.png 5
ucf/BalanceBeam/samples/00243.png 5
ucf/BalanceBeam/samples/00244.png 5
ucf/BalanceBeam/samples/00245.png 5
ucf/BalanceBeam/samples/00246.png 5
ucf/BalanceBeam/samples/00247.png 5
ucf/BalanceBeam/samples/00248.png 5
ucf/BalanceBeam/samples/00249.png 5
ucf/BalanceBeam/samples/00250.png 5
ucf/BalanceBeam/samples/00251.png 5
ucf/BalanceBeam/samples/00252.png 5
ucf/BalanceBeam/samples/00253.png 5
ucf/BalanceBeam/samples/00254.png 5
ucf/BalanceBeam/samples/00255.png 5
ucf/BalanceBeam/samples/00256.png 5
ucf/BalanceBeam/samples/00257.png 5
ucf/BalanceBeam/samples/00258.png 5
ucf/BalanceBeam/samples/00259.png 5
ucf/BalanceBeam/samples/00260.png 5
ucf/BalanceBeam/samples/00261.png 5
ucf/BalanceBeam/samples/00262.png 5
ucf/BalanceBeam/samples/00263.png 5
ucf/BalanceBeam/samples/00264.png 5
ucf/BalanceBeam/samples/00265.png 5
ucf/BalanceBeam/samples/00266.png 5
ucf/BalanceBeam/samples/00267.png 5
ucf/BalanceBeam/samples/00268.png 5
ucf/BalanceBeam/samples/00269.png 5
ucf/BalanceBeam/samples/00270.png 5
ucf/BalanceBeam/samples/00271.png 5
ucf/BalanceBeam/samples/00272.png 5
ucf/BalanceBeam/samples/00273.png 5
ucf/BalanceBeam/samples/00274.png 5
ucf/BalanceBeam/samples/00275.png 5
ucf/BalanceBeam/samples/00276.png 5
ucf/BalanceBeam/samples/00277.png 5
ucf/BalanceBeam/samples/00278.png 5
ucf/BalanceBeam/samples/00279.png 5
ucf/BalanceBeam/samples/00280.png 5
ucf/BalanceBeam/samples/00281.png 5
ucf/BalanceBeam/samples/00282.png 5
ucf/BalanceBeam/samples/00283.png 5
ucf/BalanceBeam/samples/00284.png 5
ucf/BalanceBeam/samples/00285.png 5
ucf/BalanceBeam/samples/00286.png 5
ucf/BalanceBeam/samples/00287.png 5
ucf/BalanceBeam/samples/00288.png 5
ucf/BalanceBeam/samples/00289.png 5
ucf/BalanceBeam/samples/00290.png 5
ucf/BalanceBeam/samples/00291.png 5
ucf/BalanceBeam/samples/00292.png 5
ucf/BalanceBeam/samples/00293.png 5
ucf/BalanceBeam/samples/00294.png 5
ucf/BalanceBeam/samples/00295.png 5
ucf/BalanceBeam/samples/00296.png 5
ucf/BalanceBeam/samples/00297.png 5
ucf/BalanceBeam/samples/00298.png 5
ucf/BalanceBeam/samples/00299.png 5
ucf/BalanceBeam/samples/00300.png 5
ucf/BalanceBeam/samples/00301.png 5
ucf/BalanceBeam/samples/00302.png 5
ucf/BalanceBeam/samples/00303.png 5
ucf/BalanceBeam/samples/00304.png 5
ucf/BalanceBeam/samples/00305.png 5
ucf/BalanceBeam/samples/00306.png 5
ucf/BalanceBeam/samples/00307.png 5
ucf/BalanceBeam/samples/00308.png 5
ucf/BalanceBeam/samples/00309.png 5
ucf/BalanceBeam/samples/00310.png 5
ucf/BalanceBeam/samples/00311.png 5
ucf/BalanceBeam/samples/00312.png 5
ucf/BalanceBeam/samples/00313.png 5
ucf/BalanceBeam/samples/00314.png 5
ucf/BalanceBeam/samples/00315.png 5
ucf/BalanceBeam/samples/00316.png 5
ucf/BalanceBeam/samples/00317.png 5
ucf/BalanceBeam/samples/00318.png 5
ucf/BalanceBeam/samples/00319.png 5
ucf/BalanceBeam/samples/00320.png 5
ucf/BalanceBeam/samples/00321.png 5
ucf/BalanceBeam/samples/00322.png 5
ucf/BalanceBeam/samples/00323.png 5
ucf/BalanceBeam/samples/00324.png 5
ucf/BalanceBeam/samples/00325.png 5
ucf/BalanceBeam/samples/00326.png 5
ucf/BalanceBeam/samples/00327.png 5
ucf/BalanceBeam/samples/00328.png 5
ucf/BalanceBeam/samples/00329.png 5
ucf/BalanceBeam/samples/00330.png 5
ucf/BalanceBeam/samples/00331.png 5
ucf/BalanceBeam/samples/00332.png 5
ucf/BalanceBeam/samples/00333.png 5
ucf/BalanceBeam/samples/00334.png 5
ucf/BalanceBeam/samples/00335.png 5
ucf/BalanceBeam/samples/00336.png 5
ucf/BalanceBeam/samples/00337.png 5
ucf/BalanceBeam/samples/00338.png 5
ucf/BalanceBeam/samples/00339.png 5
ucf/BalanceBeam/samples/00340.png 5
ucf/BalanceBeam/samples/00341.png 5
ucf/BalanceBeam/samples/00342.png 5
ucf/BalanceBeam/samples/00343.png 5
ucf/BalanceBeam/samples/00344.png 5
ucf/BalanceBeam/samples/00345.png 5
ucf/BalanceBeam/samples/00346.png 5
ucf/BalanceBeam/samples/00347.png 5
ucf/BalanceBeam/samples/00348.png 5
ucf/BalanceBeam/samples/00349.png 5
ucf/BalanceBeam/samples/00350.png 5
ucf/BalanceBeam/samples/00351.png 5
ucf/BalanceBeam/samples/00352.png 5
ucf/BalanceBeam/samples/00353.png 5
ucf/BalanceBeam/samples/00354.png 5
ucf/BalanceBeam/samples/00355.png 5
ucf/BalanceBeam/samples/00356.png 5
ucf/BalanceBeam/samples/00357.png 5
ucf/BalanceBeam/samples/00358.png 5
ucf/BalanceBeam/samples/00359.png 5
ucf/BalanceBeam/samples/00360.png 5
ucf/BalanceBeam/samples/00361.png 5
ucf/BalanceBeam/samples/00362.png 5
ucf/BalanceBeam/samples/00363.png 5
ucf/BalanceBeam/samples/00364.png 5
ucf/BalanceBeam/samples/00365.png 5
ucf/BalanceBeam/samples/00366.png 5
ucf/BalanceBeam/samples/00367.png 5
ucf/BalanceBeam/samples/00368.png 5
ucf/BalanceBeam/samples/00369.png 5
ucf/BalanceBeam/samples/00370.png 5
ucf/BalanceBeam/samples/00371.png 5
ucf/BalanceBeam/samples/00372.png 5
ucf/BalanceBeam/samples/00373.png 5
ucf/BalanceBeam/samples/00374.png 5
ucf/BalanceBeam/samples/00375.png 5
ucf/BalanceBeam/samples/00376.png 5
ucf/BalanceBeam/samples/00377.png 5
ucf/BalanceBeam/samples/00378.png 5
ucf/BalanceBeam/samples/00379.png 5
ucf/BalanceBeam/samples/00380.png 5
ucf/BalanceBeam/samples/00381.png 5
ucf/BalanceBeam/samples/00382.png 5
ucf/BalanceBeam/samples/00383.png 5
ucf/BalanceBeam/samples/00384.png 5
ucf/BalanceBeam/samples/00385.png 5
ucf/BalanceBeam/samples/00386.png 5
ucf/BalanceBeam/samples/00387.png 5
ucf/BalanceBeam/samples/00388.png 5
ucf/BalanceBeam/samples/00389.png 5
ucf/BalanceBeam/samples/00390.png 5
ucf/BalanceBeam/samples/00391.png 5
ucf/BalanceBeam/samples/00392.png 5
ucf/BalanceBeam/samples/00393.png 5
ucf/BalanceBeam/samples/00394.png 5
ucf/BalanceBeam/samples/00395.png 5
ucf/BalanceBeam/samples/00396.png 5
ucf/BalanceBeam/samples/00397.png 5
ucf/BalanceBeam/samples/00398.png 5
ucf/BalanceBeam/samples/00399.png 5
ucf/BalanceBeam/samples/00400.png 5
ucf/BalanceBeam/samples/00401.png 5
ucf/BalanceBeam/samples/00402.png 5
ucf/BalanceBeam/samples/00403.png 5
ucf/BalanceBeam/samples/00404.png 5
ucf/BalanceBeam/samples/00405.png 5
ucf/BalanceBeam/samples/00406.png 5
ucf/BalanceBeam/samples/00407.png 5
ucf/BalanceBeam/samples/00408.png 5
ucf/BalanceBeam/samples/00409.png 5
ucf/BalanceBeam/samples/00410.png 5
ucf/BalanceBeam/samples/00411.png 5
ucf/BalanceBeam/samples/00412.png 5
ucf/BalanceBeam/samples/00413.png 5
ucf/BalanceBeam/samples/00414.png 5
ucf/BalanceBeam/samples/00415.png 5
ucf/BalanceBeam/samples/00416.png 5
ucf/BalanceBeam/samples/00417.png 5
ucf/BalanceBeam/samples/00418.png 5
ucf/BalanceBeam/samples/00419.png 5
ucf/BalanceBeam/samples/00420.png 5
ucf/BalanceBeam/samples/00421.png 5
ucf/BalanceBeam/samples/00422.png 5
ucf/BalanceBeam/samples/00423.png 5
ucf/BalanceBeam/samples/00424.png 5
ucf/BalanceBeam/samples/00425.png 5
ucf/BalanceBeam/samples/00426.png 5
ucf/BalanceBeam/samples/00427.png 5
ucf/BalanceBeam/samples/00428.png 5
ucf/BalanceBeam/samples/00429.png 5
ucf/BalanceBeam/samples/00430.png 5
ucf/BalanceBeam/samples/00431.png 5
ucf/BalanceBeam/samples/00432.png 5
ucf/BalanceBeam/samples/00433.png 5
ucf/BalanceBeam/samples/00434.png 5
ucf/BalanceBeam/samples/00435.png 5
ucf/BalanceBeam/samples/00436.png 5
ucf/BalanceBeam/samples/00437.png 5
ucf/BalanceBeam/samples/00438.png 5
ucf/BalanceBeam/samples/00439.png 5
ucf/BalanceBeam/samples/00440.png 5
ucf/BalanceBeam/samples/00441.png 5
ucf/BalanceBeam/samples/00442.png 5
ucf/BalanceBeam/samples/00443.png 5
ucf/BalanceBeam/samples/00444.png 5
ucf/BalanceBeam/samples/00445.png 5
ucf/BalanceBeam/samples/00446.png 5
ucf/BalanceBeam/samples/00447.png 5
ucf/BalanceBeam/samples/00448.png 5
ucf/BalanceBeam/samples/00449.png 5
ucf/BalanceBeam/samples/00450.png 5
ucf/BalanceBeam/samples/00451.png 5
ucf/BalanceBeam/samples/00452.png 5
ucf/BalanceBeam/samples/00453.png 5
ucf/BalanceBeam/samples/00454.png 5
ucf/BalanceBeam/samples/00455.png 5
ucf/BalanceBeam/samples/00456.png 5
ucf/BalanceBeam/samples/00457.png 5
ucf/BalanceBeam/samples/00458.png 5
ucf/BalanceBeam/samples/00459.png 5
ucf/BalanceBeam/samples/00460.png 5
ucf/BalanceBeam/samples/00461.png 5
ucf/BalanceBeam/samples/00462.png 5
ucf/BalanceBeam/samples/00463.png 5
ucf/BalanceBeam/samples/00464.png 5
ucf/BalanceBeam/samples/00465.png 5
ucf/BalanceBeam/samples/00466.png 5
ucf/BalanceBeam/samples/00467.png 5
ucf/BalanceBeam/samples/00468.png 5
ucf/BalanceBeam/samples/00469.png 5
ucf/BalanceBeam/samples/00470.png 5
ucf/BalanceBeam/samples/00471.png 5
ucf/BalanceBeam/samples/00472.png 5
ucf/BalanceBeam/samples/00473.png 5
ucf/BalanceBeam/samples/00474.png 5
ucf/BalanceBeam/samples/00475.png 5
ucf/BalanceBeam/samples/00476.png 5
ucf/BalanceBeam/samples/00477.png 5
ucf/BalanceBeam/samples/00478.png 5
ucf/BalanceBeam/samples/00479.png 5
ucf/BalanceBeam/samples/00480.png 5
ucf/BalanceBeam/samples/00481.png 5
ucf/BalanceBeam/samples/00482.png 5
ucf/BalanceBeam/samples/00483.png 5
ucf/BalanceBeam/samples/00484.png 5
ucf/BalanceBeam/samples/00485.png 5
ucf/BalanceBeam/samples/00486.png 5
ucf/BalanceBeam/samples/00487.png 5
ucf/BalanceBeam/samples/00488.png 5
ucf/BalanceBeam/samples/00489.png 5
ucf/BalanceBeam/samples/00490.png 5
ucf/BalanceBeam/samples/00491.png 5
ucf/BalanceBeam/samples/00492.png 5
ucf/BalanceBeam/samples/00493.png 5
ucf/BalanceBeam/samples/00494.png 5
ucf/BalanceBeam/samples/00495.png 5
ucf/BalanceBeam/samples/00496.png 5
ucf/BalanceBeam/samples/00497.png 5
ucf/BalanceBeam/samples/00498.png 5
ucf/BalanceBeam/samples/00499.png 5
ucf/BalanceBeam/samples/00500.png 5
ucf/BalanceBeam/samples/00501.png 5
ucf/BalanceBeam/samples/00502.png 5
ucf/BalanceBeam/samples/00503.png 5
ucf/BalanceBeam/samples/00504.png 5
ucf/BalanceBeam/samples/00505.png 5
ucf/BalanceBeam/samples/00506.png 5
ucf/BalanceBeam/samples/00507.png 5
ucf/BalanceBeam/samples/00508.png 5
ucf/BalanceBeam/samples/00509.png 5
ucf/BalanceBeam/samples/00510.png 5
ucf/BalanceBeam/samples/00511.png 5
ucf/BalanceBeam/samples/00512.png 5
ucf/BalanceBeam/samples/00513.png 5
ucf/BalanceBeam/samples/00514.png 5
ucf/BalanceBeam/samples/00515.png 5
ucf/BalanceBeam/samples/00516.png 5
ucf/BalanceBeam/samples/00517.png 5
ucf/BalanceBeam/samples/00518.png 5
ucf/BalanceBeam/samples/00519.png 5
ucf/BalanceBeam/samples/00520.png 5
ucf/BalanceBeam/samples/00521.png 5
ucf/BalanceBeam/samples/00522.png 5
ucf/BalanceBeam/samples/00523.png 5
ucf/BalanceBeam/samples/00524.png 5
ucf/BalanceBeam/samples/00525.png 5
ucf/BalanceBeam/samples/00526.png 5
ucf/BalanceBeam/samples/00527.png 5
ucf/BalanceBeam/samples/00528.png 5
ucf/BalanceBeam/samples/00529.png 5
ucf/BalanceBeam/samples/00530.png 5
ucf/BalanceBeam/samples/00531.png 5
ucf/BalanceBeam/samples/00532.png 5
ucf/BalanceBeam/samples/00533.png 5
ucf/BalanceBeam/samples/00534.png 5
ucf/BalanceBeam/samples/00535.png 5
ucf/BalanceBeam/samples/00536.png 5
ucf/BalanceBeam/samples/00537.png 5
ucf/BalanceBeam/samples/00538.png 5
ucf/BalanceBeam/samples/00539.png 5
ucf/BalanceBeam/samples/00540.png 5
ucf/BalanceBeam/samples/00541.png 5
ucf/BalanceBeam/samples/00542.png 5
ucf/BalanceBeam/samples/00543.png 5
ucf/BalanceBeam/samples/00544.png 5
ucf/BalanceBeam/samples/00545.png 5
ucf/BalanceBeam/samples/00546.png 5
ucf/BalanceBeam/samples/00547.png 5
ucf/BalanceBeam/samples/00548.png 5
ucf/BalanceBeam/samples/00549.png 5
ucf/BalanceBeam/samples/00550.png 5
ucf/BalanceBeam/samples/00551.png 5
ucf/BalanceBeam/samples/00552.png 5
ucf/BalanceBeam/samples/00553.png 5
ucf/BalanceBeam/samples/00554.png 5
ucf/BalanceBeam/samples/00555.png 5
ucf/BalanceBeam/samples/00556.png 5
ucf/BalanceBeam/samples/00557.png 5
ucf/BalanceBeam/samples/00558.png 5
ucf/BalanceBeam/samples/00559.png 5
ucf/BalanceBeam/samples/00560.png 5
ucf/BalanceBeam/samples/00561.png 5
ucf/BalanceBeam/samples/00562.png 5
ucf/BalanceBeam/samples/00563.png 5
ucf/BalanceBeam/samples/00564.png 5
ucf/BalanceBeam/samples/00565.png 5
ucf/BalanceBeam/samples/00566.png 5
ucf/BalanceBeam/samples/00567.png 5
ucf/BalanceBeam/samples/00568.png 5
ucf/BalanceBeam/samples/00569.png 5
ucf/BalanceBeam/samples/00570.png 5
ucf/BalanceBeam/samples/00571.png 5
ucf/BalanceBeam/samples/00572.png 5
ucf/BalanceBeam/samples/00573.png 5
ucf/BalanceBeam/samples/00574.png 5
ucf/BalanceBeam/samples/00575.png 5
ucf/BalanceBeam/samples/00576.png 5
ucf/BalanceBeam/samples/00577.png 5
ucf/BalanceBeam/samples/00578.png 5
ucf/BalanceBeam/samples/00579.png 5
ucf/BalanceBeam/samples/00580.png 5
ucf/BalanceBeam/samples/00581.png 5
ucf/BalanceBeam/samples/00582.png 5
ucf/BalanceBeam/samples/00583.png 5
ucf/BalanceBeam/samples/00584.png 5
ucf/BalanceBeam/samples/00585.png 5
ucf/BalanceBeam/samples/00586.png 5
ucf/BalanceBeam/samples/00587.png 5
ucf/BalanceBeam/samples/00588.png 5
ucf/BalanceBeam/samples/00589.png 5
ucf/BalanceBeam/samples/00590.png 5
ucf/BalanceBeam/samples/00591.png 5
ucf/BalanceBeam/samples/00592.png 5
ucf/BalanceBeam/samples/00593.png 5
ucf/BalanceBeam/samples/00594.png 5
ucf/BalanceBeam/samples/00595.png 5
ucf/BalanceBeam/samples/00596.png 5
ucf/BalanceBeam/samples/00597.png 5
ucf/BalanceBeam/samples/00598.png 5
ucf/BalanceBeam/samples/00599.png 5
ucf/BalanceBeam/samples/00600.png 5
ucf/BalanceBeam/samples/00601.png 5
ucf/BalanceBeam/samples/00602.png 5
ucf/BalanceBeam/samples/00603.png 5
ucf/BalanceBeam/samples/00604.png 5
ucf/BalanceBeam/samples/00605.png 5
ucf/BalanceBeam/samples/00606.png 5
ucf/BalanceBeam/samples/00607.png 5
ucf/BalanceBeam/samples/00608.png 5
ucf/BalanceBeam/samples/00609.png 5
ucf/BalanceBeam/samples/00610.png 5
ucf/BalanceBeam/samples/00611.png 5
ucf/BalanceBeam/samples/00612.png 5
ucf/BalanceBeam/samples/00613.png 5
ucf/BalanceBeam/samples/00614.png 5
ucf/BalanceBeam/samples/00615.png 5
ucf/BalanceBeam/samples/00616.png 5
ucf/BalanceBeam/samples/00617.png 5
ucf/BalanceBeam/samples/00618.png 5
ucf/BalanceBeam/samples/00619.png 5
ucf/BalanceBeam/samples/00620.png 5
ucf/BalanceBeam/samples/00621.png 5
ucf/BalanceBeam/samples/00622.png 5
ucf/BalanceBeam/samples/00623.png 5
ucf/BalanceBeam/samples/00624.png 5
ucf/BalanceBeam/samples/00625.png 5
ucf/BalanceBeam/samples/00626.png 5
ucf/BalanceBeam/samples/00627.png 5
ucf/BalanceBeam/samples/00628.png 5
ucf/BalanceBeam/samples/00629.png 5
ucf/BalanceBeam/samples/00630.png 5
ucf/BalanceBeam/samples/00631.png 5
ucf/BalanceBeam/samples/00632.png 5
ucf/BalanceBeam/samples/00633.png 5
ucf/BalanceBeam/samples/00634.png 5
ucf/BalanceBeam/samples/00635.png 5
ucf/BalanceBeam/samples/00636.png 5
ucf/BalanceBeam/samples/00637.png 5
ucf/BalanceBeam/samples/00638.png 5
ucf/BalanceBeam/samples/00639.png 5
ucf/BalanceBeam/samples/00640.png 5
ucf/BalanceBeam/samples/00641.png 5
ucf/BalanceBeam/samples/00642.png 5
ucf/BalanceBeam/samples/00643.png 5
ucf/BalanceBeam/samples/00644.png 5
ucf/BalanceBeam/samples/00645.png 5
ucf/BalanceBeam/samples/00646.png 5
ucf/BalanceBeam/samples/00647.png 5
ucf/BalanceBeam/samples/00648.png 5
ucf/BalanceBeam/samples/00649.png 5
ucf/BalanceBeam/samples/00650.png 5
ucf/BalanceBeam/samples/00651.png 5
ucf/BalanceBeam/samples/00652.png 5
ucf/BalanceBeam/samples/00653.png 5
ucf/BalanceBeam/samples/00654.png 5
ucf/BalanceBeam/samples/00655.png 5
ucf/BalanceBeam/samples/00656.png 5
ucf/BalanceBeam/samples/00657.png 5
ucf/BalanceBeam/samples/00658.png 5
ucf/BalanceBeam/samples/00659.png 5
ucf/BalanceBeam/samples/00660.png 5
ucf/BalanceBeam/samples/00661.png 5
ucf/BalanceBeam/samples/00662.png 5
ucf/BalanceBeam/samples/00663.png 5
ucf/BalanceBeam/samples/00664.png 5
ucf/BalanceBeam/samples/00665.png 5
ucf/BalanceBeam/samples/00666.png 5
ucf/BalanceBeam/samples/00667.png 5
ucf/BalanceBeam/samples/00668.png 5
ucf/BalanceBeam/samples/00669.png 5
ucf/BalanceBeam/samples/00670.png 5
ucf/BalanceBeam/samples/00671.png 5
ucf/BalanceBeam/samples/00672.png 5
ucf/BalanceBeam/samples/00673.png 5
ucf/BalanceBeam/samples/00674.png 5
ucf/BalanceBeam/samples/00675.png 5
ucf/BalanceBeam/samples/00676.png 5
ucf/BalanceBeam/samples/00677.png 5
ucf/BalanceBeam/samples/00678.png 5
ucf/BalanceBeam/samples/00679.png 5
ucf/BalanceBeam/samples/00680.png 5
ucf/BalanceBeam/samples/00681.png 5
ucf/BalanceBeam/samples/00682.png 5
ucf/BalanceBeam/samples/00683.png 5
ucf/BalanceBeam/samples/00684.png 5
ucf/BalanceBeam/samples/00685.png 5
ucf/BalanceBeam/samples/00686.png 5
ucf/BalanceBeam/samples/00687.png 5
ucf/BalanceBeam/samples/00688.png 5
ucf/BalanceBeam/samples/00689.png 5
ucf/BalanceBeam/samples/00690.png 5
ucf/BalanceBeam/samples/00691.png 5
ucf/BalanceBeam/samples/00692.png 5
ucf/BalanceBeam/samples/00693.png 5
ucf/BalanceBeam/samples/00694.png 5
ucf/BalanceBeam/samples/00695.png 5
ucf/BalanceBeam/samples/00696.png 5
ucf/BalanceBeam/samples/00697.png 5
ucf/BalanceBeam/samples/00698.png 5
ucf/BalanceBeam/samples/00699.png 5
ucf/BalanceBeam/samples/00700.png 5
ucf/BalanceBeam/samples/00701.png 5
ucf/BalanceBeam/samples/00702.png 5
ucf/BalanceBeam/samples/00703.png 5
ucf/BalanceBeam/samples/00704.png 5
ucf/BalanceBeam/samples/00705.png 5
ucf/BalanceBeam/samples/00706.png 5
ucf/BalanceBeam/samples/00707.png 5
ucf/BalanceBeam/samples/00708.png 5
ucf/BalanceBeam/samples/00709.png 5
ucf/BalanceBeam/samples/00710.png 5
ucf/BalanceBeam/samples/00711.png 5
ucf/BalanceBeam/samples/00712.png 5
ucf/BalanceBeam/samples/00713.png 5
ucf/BalanceBeam/samples/00714.png 5
ucf/BalanceBeam/samples/00715.png 5
ucf/BalanceBeam/samples/00716.png 5
ucf/BalanceBeam/samples/00717.png 5
ucf/BalanceBeam/samples/00718.png 5
ucf/BalanceBeam/samples/00719.png 5
ucf/BalanceBeam/samples/00720.png 5
ucf/BalanceBeam/samples/00721.png 5
ucf/BalanceBeam/samples/00722.png 5
ucf/BalanceBeam/samples/00723.png 5
ucf/BalanceBeam/samples/00724.png 5
ucf/BalanceBeam/samples/00725.png 5
ucf/BalanceBeam/samples/00726.png 5
ucf/BalanceBeam/samples/00727.png 5
ucf/BalanceBeam/samples/00728.png 5
ucf/BalanceBeam/samples/00729.png 5
ucf/BalanceBeam/samples/00730.png 5
ucf/BalanceBeam/samples/00731.png 5
ucf/BalanceBeam/samples/00732.png 5
ucf/BalanceBeam/samples/00733.png 5
ucf/BalanceBeam/samples/00734.png 5
ucf/BalanceBeam/samples/00735.png 5
ucf/BalanceBeam/samples/00736.png 5
ucf/BalanceBeam/samples/00737.png 5
ucf/BalanceBeam/samples/00738.png 5
ucf/BalanceBeam/samples/00739.png 5
ucf/BalanceBeam/samples/00740.png 5
ucf/BalanceBeam/samples/00741.png 5
ucf/BalanceBeam/samples/00742.png 5
ucf/BalanceBeam/samples/00743.png 5
ucf/BalanceBeam/samples/00744.png 5
ucf/BalanceBeam/samples/00745.png 5
ucf/BalanceBeam/samples/00746.png 5
ucf/BalanceBeam/samples/00747.png 5
ucf/BalanceBeam/samples/00748.png 5
ucf/BalanceBeam/samples/00749.png 5
ucf/BalanceBeam/samples/00750.png 5
ucf/BalanceBeam/samples/00751.png 5
ucf/BalanceBeam/samples/00752.png 5
ucf/BalanceBeam/samples/00753.png 5
ucf/BalanceBeam/samples/00754.png 5
ucf/BalanceBeam/samples/00755.png 5
ucf/BalanceBeam/samples/00756.png 5
ucf/BalanceBeam/samples/00757.png 5
ucf/BalanceBeam/samples/00758.png 5
ucf/BalanceBeam/samples/00759.png 5
ucf/BalanceBeam/samples/00760.png 5
ucf/BalanceBeam/samples/00761.png 5
ucf/BalanceBeam/samples/00762.png 5
ucf/BalanceBeam/samples/00763.png 5
ucf/BalanceBeam/samples/00764.png 5
ucf/BalanceBeam/samples/00765.png 5
ucf/BalanceBeam/samples/00766.png 5
ucf/BalanceBeam/samples/00767.png 5
ucf/BalanceBeam/samples/00768.png 5
ucf/BalanceBeam/samples/00769.png 5
ucf/BalanceBeam/samples/00770.png 5
ucf/BalanceBeam/samples/00771.png 5
ucf/BalanceBeam/samples/00772.png 5
ucf/BalanceBeam/samples/00773.png 5
ucf/BalanceBeam/samples/00774.png 5
ucf/BalanceBeam/samples/00775.png 5
ucf/BalanceBeam/samples/00776.png 5
ucf/BalanceBeam/samples/00777.png 5
ucf/BalanceBeam/samples/00778.png 5
ucf/BalanceBeam/samples/00779.png 5
ucf/BalanceBeam/samples/00780.png 5
ucf/BalanceBeam/samples/00781.png 5
ucf/BalanceBeam/samples/00782.png 5
ucf/BalanceBeam/samples/00783.png 5
ucf/BalanceBeam/samples/00784.png 5
ucf/BalanceBeam/samples/00785.png 5
ucf/BalanceBeam/samples/00786.png 5
ucf/BalanceBeam/samples/00787.png 5
ucf/BalanceBeam/samples/00788.png 5
ucf/BalanceBeam/samples/00789.png 5
ucf/BalanceBeam/samples/00790.png 5
ucf/BalanceBeam/samples/00791.png 5
ucf/BalanceBeam/samples/00792.png 5
ucf/BalanceBeam/samples/00793.png 5
ucf/BalanceBeam/samples/00794.png 5
ucf/BalanceBeam/samples/00795.png 5
ucf/BalanceBeam/samples/00796.png 5
ucf/BalanceBeam/samples/00797.png 5
ucf/BalanceBeam/samples/00798.png 5
ucf/BalanceBeam/samples/00799.png 5
ucf/BalanceBeam/samples/00800.png 5
ucf/BalanceBeam/samples/00801.png 5
ucf/BalanceBeam/samples/00802.png 5
ucf/BalanceBeam/samples/00803.png 5
ucf/BalanceBeam/samples/00804.png 5
ucf/BalanceBeam/samples/00805.png 5
ucf/BalanceBeam/samples/00806.png 5
ucf/BalanceBeam/samples/00807.png 5
ucf/BalanceBeam/samples/00808.png 5
ucf/BalanceBeam/samples/00809.png 5
ucf/BalanceBeam/samples/00810.png 5
ucf/BalanceBeam/samples/00811.png 5
ucf/BalanceBeam/samples/00812.png 5
ucf/BalanceBeam/samples/00813.png 5
ucf/BalanceBeam/samples/00814.png 5
ucf/BalanceBeam/samples/00815.png 5
ucf/BalanceBeam/samples/00816.png 5
ucf/BalanceBeam/samples/00817.png 5
ucf/BalanceBeam/samples/00818.png 5
ucf/BalanceBeam/samples/00819.png 5
ucf/BalanceBeam/samples/00820.png 5
ucf/BalanceBeam/samples/00821.png 5
ucf/BalanceBeam/samples/00822.png 5
ucf/BalanceBeam/samples/00823.png 5
ucf/BalanceBeam/samples/00824.png 5
ucf/BalanceBeam/samples/00825.png 5
ucf/BalanceBeam/samples/00826.png 5
ucf/BalanceBeam/samples/00827.png 5
ucf/BalanceBeam/samples/00828.png 5
ucf/BalanceBeam/samples/00829.png 5
ucf/BalanceBeam/samples/00830.png 5
ucf/BalanceBeam/samples/00831.png 5
ucf/BalanceBeam/samples/00832.png 5
ucf/BalanceBeam/samples/00833.png 5
ucf/BalanceBeam/samples/00834.png 5
ucf/BalanceBeam/samples/00835.png 5
ucf/BalanceBeam/samples/00836.png 5
ucf/BalanceBeam/samples/00837.png 5
ucf/BalanceBeam/samples/00838.png 5
ucf/BalanceBeam/samples/00839.png 5
ucf/BalanceBeam/samples/00840.png 5
ucf/BalanceBeam/samples/00841.png 5
ucf/BalanceBeam/samples/00842.png 5
ucf/BalanceBeam/samples/00843.png 5
ucf/BalanceBeam/samples/00844.png 5
ucf/BalanceBeam/samples/00845.png 5
ucf/BalanceBeam/samples/00846.png 5
ucf/BalanceBeam/samples/00847.png 5
ucf/BalanceBeam/samples/00848.png 5
ucf/BalanceBeam/samples/00849.png 5
ucf/BalanceBeam/samples/00850.png 5
ucf/BalanceBeam/samples/00851.png 5
ucf/BalanceBeam/samples/00852.png 5
ucf/BalanceBeam/samples/00853.png 5
ucf/BalanceBeam/samples/00854.png 5
ucf/BalanceBeam/samples/00855.png 5
ucf/BalanceBeam/samples/00856.png 5
ucf/BalanceBeam/samples/00857.png 5
ucf/BalanceBeam/samples/00858.png 5
ucf/BalanceBeam/samples/00859.png 5
ucf/BalanceBeam/samples/00860.png 5
ucf/BalanceBeam/samples/00861.png 5
ucf/BalanceBeam/samples/00862.png 5
ucf/BalanceBeam/samples/00863.png 5
ucf/BalanceBeam/samples/00864.png 5
ucf/BalanceBeam/samples/00865.png 5
ucf/BalanceBeam/samples/00866.png 5
ucf/BalanceBeam/samples/00867.png 5
ucf/BalanceBeam/samples/00868.png 5
ucf/BalanceBeam/samples/00869.png 5
ucf/BalanceBeam/samples/00870.png 5
ucf/BalanceBeam/samples/00871.png 5
ucf/BalanceBeam/samples/00872.png 5
ucf/BalanceBeam/samples/00873.png 5
ucf/BalanceBeam/samples/00874.png 5
ucf/BalanceBeam/samples/00875.png 5
ucf/BalanceBeam/samples/00876.png 5
ucf/BalanceBeam/samples/00877.png 5
ucf/BalanceBeam/samples/00878.png 5
ucf/BalanceBeam/samples/00879.png 5
ucf/BalanceBeam/samples/00880.png 5
ucf/BalanceBeam/samples/00881.png 5
ucf/BalanceBeam/samples/00882.png 5
ucf/BalanceBeam/samples/00883.png 5
ucf/BalanceBeam/samples/00884.png 5
ucf/BalanceBeam/samples/00885.png 5
ucf/BalanceBeam/samples/00886.png 5
ucf/BalanceBeam/samples/00887.png 5
ucf/BalanceBeam/samples/00888.png 5
ucf/BalanceBeam/samples/00889.png 5
ucf/BalanceBeam/samples/00890.png 5
ucf/BalanceBeam/samples/00891.png 5
ucf/BalanceBeam/samples/00892.png 5
ucf/BalanceBeam/samples/00893.png 5
ucf/BalanceBeam/samples/00894.png 5
ucf/BalanceBeam/samples/00895.png 5
ucf/BalanceBeam/samples/00896.png 5
ucf/BalanceBeam/samples/00897.png 5
ucf/BalanceBeam/samples/00898.png 5
ucf/BalanceBeam/samples/00899.png 5
ucf/BalanceBeam/samples/00900.png 5
ucf/BalanceBeam/samples/00901.png 5
ucf/BalanceBeam/samples/00902.png 5
ucf/BalanceBeam/samples/00903.png 5
ucf/BalanceBeam/samples/00904.png 5
ucf/BalanceBeam/samples/00905.png 5
ucf/BalanceBeam/samples/00906.png 5
ucf/BalanceBeam/samples/00907.png 5
ucf/BalanceBeam/samples/00908.png 5
ucf/BalanceBeam/samples/00909.png 5
ucf/BalanceBeam/samples/00910.png 5
ucf/BalanceBeam/samples/00911.png 5
ucf/BalanceBeam/samples/00912.png 5
ucf/BalanceBeam/samples/00913.png 5
ucf/BalanceBeam/samples/00914.png 5
ucf/BalanceBeam/samples/00915.png 5
ucf/BalanceBeam/samples/00916.png 5
ucf/BalanceBeam/samples/00917.png 5
ucf/BalanceBeam/samples/00918.png 5
ucf/BalanceBeam/samples/00919.png 5
ucf/BalanceBeam/samples/00920.png 5
ucf/BalanceBeam/samples/00921.png 5
ucf/BalanceBeam/samples/00922.png 5
ucf/BalanceBeam/samples/00923.png 5
ucf/BalanceBeam/samples/00924.png 5
ucf/BalanceBeam/samples/00925.png 5
ucf/BalanceBeam/samples/00926.png 5
ucf/BalanceBeam/samples/00927.png 5
ucf/BalanceBeam/samples/00928.png 5
ucf/BalanceBeam/samples/00929.png 5
ucf/BalanceBeam/samples/00930.png 5
ucf/BalanceBeam/samples/00931.png 5
ucf/BalanceBeam/samples/00932.png 5
ucf/BalanceBeam/samples/00933.png 5
ucf/BalanceBeam/samples/00934.png 5
ucf/BalanceBeam/samples/00935.png 5
ucf/BalanceBeam/samples/00936.png 5
ucf/BalanceBeam/samples/00937.png 5
ucf/BalanceBeam/samples/00938.png 5
ucf/BalanceBeam/samples/00939.png 5
ucf/BalanceBeam/samples/00940.png 5
ucf/BalanceBeam/samples/00941.png 5
ucf/BalanceBeam/samples/00942.png 5
ucf/BalanceBeam/samples/00943.png 5
ucf/BalanceBeam/samples/00944.png 5
ucf/BalanceBeam/samples/00945.png 5
ucf/BalanceBeam/samples/00946.png 5
ucf/BalanceBeam/samples/00947.png 5
ucf/BalanceBeam/samples/00948.png 5
ucf/BalanceBeam/samples/00949.png 5
ucf/BalanceBeam/samples/00950.png 5
ucf/BalanceBeam/samples/00951.png 5
ucf/BalanceBeam/samples/00952.png 5
ucf/BalanceBeam/samples/00953.png 5
ucf/BalanceBeam/samples/00954.png 5
ucf/BalanceBeam/samples/00955.png 5
ucf/BalanceBeam/samples/00956.png 5
ucf/BalanceBeam/samples/00957.png 5
ucf/BalanceBeam/samples/00958.png 5
ucf/BalanceBeam/samples/00959.png 5
ucf/BalanceBeam/samples/00960.png 5
ucf/BalanceBeam/samples/00961.png 5
ucf/BalanceBeam/samples/00962.png 5
ucf/BalanceBeam/samples/00963.png 5
ucf/BalanceBeam/samples/00964.png 5
ucf/BalanceBeam/samples/00965.png 5
ucf/BalanceBeam/samples/00966.png 5
ucf/BalanceBeam/samples/00967.png 5
ucf/BalanceBeam/samples/00968.png 5
ucf/BalanceBeam/samples/00969.png 5
ucf/BalanceBeam/samples/00970.png 5
ucf/BalanceBeam/samples/00971.png 5
ucf/BalanceBeam/samples/00972.png 5
ucf/BalanceBeam/samples/00973.png 5
ucf/BalanceBeam/samples/00974.png 5
ucf/BalanceBeam/samples/00975.png 5
ucf/BalanceBeam/samples/00976.png 5
ucf/BalanceBeam/samples/00977.png 5
ucf/BalanceBeam/samples/00978.png 5
ucf/BalanceBeam/samples/00979.png 5
ucf/BalanceBeam/samples/00980.png 5
ucf/BalanceBeam/samples/00981.png 5
ucf/BalanceBeam/samples/00982.png 5
ucf/BalanceBeam/samples/00983.png 5
ucf/BalanceBeam/samples/00984.png 5
ucf/BalanceBeam/samples/00985.png 5
ucf/BalanceBeam/samples/00986.png 5
ucf/BalanceBeam/samples/00987.png 5
ucf/BalanceBeam/samples/00988.png 5
ucf/BalanceBeam/samples/00989.png 5
ucf/BalanceBeam/samples/00990.png 5
ucf/BalanceBeam/samples/00991.png 5
ucf/BalanceBeam/samples/00992.png 5
ucf/BalanceBeam/samples/00993.png 5
ucf/BalanceBeam/samples/00994.png 5
ucf/BalanceBeam/samples/00995.png 5
ucf/BalanceBeam/samples/00996.png 5
ucf/BalanceBeam/samples/00997.png 5
ucf/BalanceBeam/samples/00998.png 5
ucf/BalanceBeam/samples/00999.png 5
ucf/MilitaryParade/samples/00000.png 53
ucf/MilitaryParade/samples/00001.png 53
ucf/MilitaryParade/samples/00002.png 53
ucf/MilitaryParade/samples/00003.png 53
ucf/MilitaryParade/samples/00004.png 53
ucf/MilitaryParade/samples/00005.png 53
ucf/MilitaryParade/samples/00006.png 53
ucf/MilitaryParade/samples/00007.png 53
ucf/MilitaryParade/samples/00008.png 53
ucf/MilitaryParade/samples/00009.png 53
ucf/MilitaryParade/samples/00010.png 53
ucf/MilitaryParade/samples/00011.png 53
ucf/MilitaryParade/samples/00012.png 53
ucf/MilitaryParade/samples/00013.png 53
ucf/MilitaryParade/samples/00014.png 53
ucf/MilitaryParade/samples/00015.png 53
ucf/MilitaryParade/samples/00016.png 53
ucf/MilitaryParade/samples/00017.png 53
ucf/MilitaryParade/samples/00018.png 53
ucf/MilitaryParade/samples/00019.png 53
ucf/MilitaryParade/samples/00020.png 53
ucf/MilitaryParade/samples/00021.png 53
ucf/MilitaryParade/samples/00022.png 53
ucf/MilitaryParade/samples/00023.png 53
ucf/MilitaryParade/samples/00024.png 53
ucf/MilitaryParade/samples/00025.png 53
ucf/MilitaryParade/samples/00026.png 53
ucf/MilitaryParade/samples/00027.png 53
ucf/MilitaryParade/samples/00028.png 53
ucf/MilitaryParade/samples/00029.png 53
ucf/MilitaryParade/samples/00030.png 53
ucf/MilitaryParade/samples/00031.png 53
ucf/MilitaryParade/samples/00032.png 53
ucf/MilitaryParade/samples/00033.png 53
ucf/MilitaryParade/samples/00034.png 53
ucf/MilitaryParade/samples/00035.png 53
ucf/MilitaryParade/samples/00036.png 53
ucf/MilitaryParade/samples/00037.png 53
ucf/MilitaryParade/samples/00038.png 53
ucf/MilitaryParade/samples/00039.png 53
ucf/MilitaryParade/samples/00040.png 53
ucf/MilitaryParade/samples/00041.png 53
ucf/MilitaryParade/samples/00042.png 53
ucf/MilitaryParade/samples/00043.png 53
ucf/MilitaryParade/samples/00044.png 53
ucf/MilitaryParade/samples/00045.png 53
ucf/MilitaryParade/samples/00046.png 53
ucf/MilitaryParade/samples/00047.png 53
ucf/MilitaryParade/samples/00048.png 53
ucf/MilitaryParade/samples/00049.png 53
ucf/MilitaryParade/samples/00050.png 53
ucf/MilitaryParade/samples/00051.png 53
ucf/MilitaryParade/samples/00052.png 53
ucf/MilitaryParade/samples/00053.png 53
ucf/MilitaryParade/samples/00054.png 53
ucf/MilitaryParade/samples/00055.png 53
ucf/MilitaryParade/samples/00056.png 53
ucf/MilitaryParade/samples/00057.png 53
ucf/MilitaryParade/samples/00058.png 53
ucf/MilitaryParade/samples/00059.png 53
ucf/MilitaryParade/samples/00060.png 53
ucf/MilitaryParade/samples/00061.png 53
ucf/MilitaryParade/samples/00062.png 53
ucf/MilitaryParade/samples/00063.png 53
ucf/MilitaryParade/samples/00064.png 53
ucf/MilitaryParade/samples/00065.png 53
ucf/MilitaryParade/samples/00066.png 53
ucf/MilitaryParade/samples/00067.png 53
ucf/MilitaryParade/samples/00068.png 53
ucf/MilitaryParade/samples/00069.png 53
ucf/MilitaryParade/samples/00070.png 53
ucf/MilitaryParade/samples/00071.png 53
ucf/MilitaryParade/samples/00072.png 53
ucf/MilitaryParade/samples/00073.png 53
ucf/MilitaryParade/samples/00074.png 53
ucf/MilitaryParade/samples/00075.png 53
ucf/MilitaryParade/samples/00076.png 53
ucf/MilitaryParade/samples/00077.png 53
ucf/MilitaryParade/samples/00078.png 53
ucf/MilitaryParade/samples/00079.png 53
ucf/MilitaryParade/samples/00080.png 53
ucf/MilitaryParade/samples/00081.png 53
ucf/MilitaryParade/samples/00082.png 53
ucf/MilitaryParade/samples/00083.png 53
ucf/MilitaryParade/samples/00084.png 53
ucf/MilitaryParade/samples/00085.png 53
ucf/MilitaryParade/samples/00086.png 53
ucf/MilitaryParade/samples/00087.png 53
ucf/MilitaryParade/samples/00088.png 53
ucf/MilitaryParade/samples/00089.png 53
ucf/MilitaryParade/samples/00090.png 53
ucf/MilitaryParade/samples/00091.png 53
ucf/MilitaryParade/samples/00092.png 53
ucf/MilitaryParade/samples/00093.png 53
ucf/MilitaryParade/samples/00094.png 53
ucf/MilitaryParade/samples/00095.png 53
ucf/MilitaryParade/samples/00096.png 53
ucf/MilitaryParade/samples/00097.png 53
ucf/MilitaryParade/samples/00098.png 53
ucf/MilitaryParade/samples/00099.png 53
ucf/MilitaryParade/samples/00100.png 53
ucf/MilitaryParade/samples/00101.png 53
ucf/MilitaryParade/samples/00102.png 53
ucf/MilitaryParade/samples/00103.png 53
ucf/MilitaryParade/samples/00104.png 53
ucf/MilitaryParade/samples/00105.png 53
ucf/MilitaryParade/samples/00106.png 53
ucf/MilitaryParade/samples/00107.png 53
ucf/MilitaryParade/samples/00108.png 53
ucf/MilitaryParade/samples/00109.png 53
ucf/MilitaryParade/samples/00110.png 53
ucf/MilitaryParade/samples/00111.png 53
ucf/MilitaryParade/samples/00112.png 53
ucf/MilitaryParade/samples/00113.png 53
ucf/MilitaryParade/samples/00114.png 53
ucf/MilitaryParade/samples/00115.png 53
ucf/MilitaryParade/samples/00116.png 53
ucf/MilitaryParade/samples/00117.png 53
ucf/MilitaryParade/samples/00118.png 53
ucf/MilitaryParade/samples/00119.png 53
ucf/MilitaryParade/samples/00120.png 53
ucf/MilitaryParade/samples/00121.png 53
ucf/MilitaryParade/samples/00122.png 53
ucf/MilitaryParade/samples/00123.png 53
ucf/MilitaryParade/samples/00124.png 53
ucf/MilitaryParade/samples/00125.png 53
ucf/MilitaryParade/samples/00126.png 53
ucf/MilitaryParade/samples/00127.png 53
ucf/MilitaryParade/samples/00128.png 53
ucf/MilitaryParade/samples/00129.png 53
ucf/MilitaryParade/samples/00130.png 53
ucf/MilitaryParade/samples/00131.png 53
ucf/MilitaryParade/samples/00132.png 53
ucf/MilitaryParade/samples/00133.png 53
ucf/MilitaryParade/samples/00134.png 53
ucf/MilitaryParade/samples/00135.png 53
ucf/MilitaryParade/samples/00136.png 53
ucf/MilitaryParade/samples/00137.png 53
ucf/MilitaryParade/samples/00138.png 53
ucf/MilitaryParade/samples/00139.png 53
ucf/MilitaryParade/samples/00140.png 53
ucf/MilitaryParade/samples/00141.png 53
ucf/MilitaryParade/samples/00142.png 53
ucf/MilitaryParade/samples/00143.png 53
ucf/MilitaryParade/samples/00144.png 53
ucf/MilitaryParade/samples/00145.png 53
ucf/MilitaryParade/samples/00146.png 53
ucf/MilitaryParade/samples/00147.png 53
ucf/MilitaryParade/samples/00148.png 53
ucf/MilitaryParade/samples/00149.png 53
ucf/MilitaryParade/samples/00150.png 53
ucf/MilitaryParade/samples/00151.png 53
ucf/MilitaryParade/samples/00152.png 53
ucf/MilitaryParade/samples/00153.png 53
ucf/MilitaryParade/samples/00154.png 53
ucf/MilitaryParade/samples/00155.png 53
ucf/MilitaryParade/samples/00156.png 53
ucf/MilitaryParade/samples/00157.png 53
ucf/MilitaryParade/samples/00158.png 53
ucf/MilitaryParade/samples/00159.png 53
ucf/MilitaryParade/samples/00160.png 53
ucf/MilitaryParade/samples/00161.png 53
ucf/MilitaryParade/samples/00162.png 53
ucf/MilitaryParade/samples/00163.png 53
ucf/MilitaryParade/samples/00164.png 53
ucf/MilitaryParade/samples/00165.png 53
ucf/MilitaryParade/samples/00166.png 53
ucf/MilitaryParade/samples/00167.png 53
ucf/MilitaryParade/samples/00168.png 53
ucf/MilitaryParade/samples/00169.png 53
ucf/MilitaryParade/samples/00170.png 53
ucf/MilitaryParade/samples/00171.png 53
ucf/MilitaryParade/samples/00172.png 53
ucf/MilitaryParade/samples/00173.png 53
ucf/MilitaryParade/samples/00174.png 53
ucf/MilitaryParade/samples/00175.png 53
ucf/MilitaryParade/samples/00176.png 53
ucf/MilitaryParade/samples/00177.png 53
ucf/MilitaryParade/samples/00178.png 53
ucf/MilitaryParade/samples/00179.png 53
ucf/MilitaryParade/samples/00180.png 53
ucf/MilitaryParade/samples/00181.png 53
ucf/MilitaryParade/samples/00182.png 53
ucf/MilitaryParade/samples/00183.png 53
ucf/MilitaryParade/samples/00184.png 53
ucf/MilitaryParade/samples/00185.png 53
ucf/MilitaryParade/samples/00186.png 53
ucf/MilitaryParade/samples/00187.png 53
ucf/MilitaryParade/samples/00188.png 53
ucf/MilitaryParade/samples/00189.png 53
ucf/MilitaryParade/samples/00190.png 53
ucf/MilitaryParade/samples/00191.png 53
ucf/MilitaryParade/samples/00192.png 53
ucf/MilitaryParade/samples/00193.png 53
ucf/MilitaryParade/samples/00194.png 53
ucf/MilitaryParade/samples/00195.png 53
ucf/MilitaryParade/samples/00196.png 53
ucf/MilitaryParade/samples/00197.png 53
ucf/MilitaryParade/samples/00198.png 53
ucf/MilitaryParade/samples/00199.png 53
ucf/MilitaryParade/samples/00200.png 53
ucf/MilitaryParade/samples/00201.png 53
ucf/MilitaryParade/samples/00202.png 53
ucf/MilitaryParade/samples/00203.png 53
ucf/MilitaryParade/samples/00204.png 53
ucf/MilitaryParade/samples/00205.png 53
ucf/MilitaryParade/samples/00206.png 53
ucf/MilitaryParade/samples/00207.png 53
ucf/MilitaryParade/samples/00208.png 53
ucf/MilitaryParade/samples/00209.png 53
ucf/MilitaryParade/samples/00210.png 53
ucf/MilitaryParade/samples/00211.png 53
ucf/MilitaryParade/samples/00212.png 53
ucf/MilitaryParade/samples/00213.png 53
ucf/MilitaryParade/samples/00214.png 53
ucf/MilitaryParade/samples/00215.png 53
ucf/MilitaryParade/samples/00216.png 53
ucf/MilitaryParade/samples/00217.png 53
ucf/MilitaryParade/samples/00218.png 53
ucf/MilitaryParade/samples/00219.png 53
ucf/MilitaryParade/samples/00220.png 53
ucf/MilitaryParade/samples/00221.png 53
ucf/MilitaryParade/samples/00222.png 53
ucf/MilitaryParade/samples/00223.png 53
ucf/MilitaryParade/samples/00224.png 53
ucf/MilitaryParade/samples/00225.png 53
ucf/MilitaryParade/samples/00226.png 53
ucf/MilitaryParade/samples/00227.png 53
ucf/MilitaryParade/samples/00228.png 53
ucf/MilitaryParade/samples/00229.png 53
ucf/MilitaryParade/samples/00230.png 53
ucf/MilitaryParade/samples/00231.png 53
ucf/MilitaryParade/samples/00232.png 53
ucf/MilitaryParade/samples/00233.png 53
ucf/MilitaryParade/samples/00234.png 53
ucf/MilitaryParade/samples/00235.png 53
ucf/MilitaryParade/samples/00236.png 53
ucf/MilitaryParade/samples/00237.png 53
ucf/MilitaryParade/samples/00238.png 53
ucf/MilitaryParade/samples/00239.png 53
ucf/MilitaryParade/samples/00240.png 53
ucf/MilitaryParade/samples/00241.png 53
ucf/MilitaryParade/samples/00242.png 53
ucf/MilitaryParade/samples/00243.png 53
ucf/MilitaryParade/samples/00244.png 53
ucf/MilitaryParade/samples/00245.png 53
ucf/MilitaryParade/samples/00246.png 53
ucf/MilitaryParade/samples/00247.png 53
ucf/MilitaryParade/samples/00248.png 53
ucf/MilitaryParade/samples/00249.png 53
ucf/MilitaryParade/samples/00250.png 53
ucf/MilitaryParade/samples/00251.png 53
ucf/MilitaryParade/samples/00252.png 53
ucf/MilitaryParade/samples/00253.png 53
ucf/MilitaryParade/samples/00254.png 53
ucf/MilitaryParade/samples/00255.png 53
ucf/MilitaryParade/samples/00256.png 53
ucf/MilitaryParade/samples/00257.png 53
ucf/MilitaryParade/samples/00258.png 53
ucf/MilitaryParade/samples/00259.png 53
ucf/MilitaryParade/samples/00260.png 53
ucf/MilitaryParade/samples/00261.png 53
ucf/MilitaryParade/samples/00262.png 53
ucf/MilitaryParade/samples/00263.png 53
ucf/MilitaryParade/samples/00264.png 53
ucf/MilitaryParade/samples/00265.png 53
ucf/MilitaryParade/samples/00266.png 53
ucf/MilitaryParade/samples/00267.png 53
ucf/MilitaryParade/samples/00268.png 53
ucf/MilitaryParade/samples/00269.png 53
ucf/MilitaryParade/samples/00270.png 53
ucf/MilitaryParade/samples/00271.png 53
ucf/MilitaryParade/samples/00272.png 53
ucf/MilitaryParade/samples/00273.png 53
ucf/MilitaryParade/samples/00274.png 53
ucf/MilitaryParade/samples/00275.png 53
ucf/MilitaryParade/samples/00276.png 53
ucf/MilitaryParade/samples/00277.png 53
ucf/MilitaryParade/samples/00278.png 53
ucf/MilitaryParade/samples/00279.png 53
ucf/MilitaryParade/samples/00280.png 53
ucf/MilitaryParade/samples/00281.png 53
ucf/MilitaryParade/samples/00282.png 53
ucf/MilitaryParade/samples/00283.png 53
ucf/MilitaryParade/samples/00284.png 53
ucf/MilitaryParade/samples/00285.png 53
ucf/MilitaryParade/samples/00286.png 53
ucf/MilitaryParade/samples/00287.png 53
ucf/MilitaryParade/samples/00288.png 53
ucf/MilitaryParade/samples/00289.png 53
ucf/MilitaryParade/samples/00290.png 53
ucf/MilitaryParade/samples/00291.png 53
ucf/MilitaryParade/samples/00292.png 53
ucf/MilitaryParade/samples/00293.png 53
ucf/MilitaryParade/samples/00294.png 53
ucf/MilitaryParade/samples/00295.png 53
ucf/MilitaryParade/samples/00296.png 53
ucf/MilitaryParade/samples/00297.png 53
ucf/MilitaryParade/samples/00298.png 53
ucf/MilitaryParade/samples/00299.png 53
ucf/MilitaryParade/samples/00300.png 53
ucf/MilitaryParade/samples/00301.png 53
ucf/MilitaryParade/samples/00302.png 53
ucf/MilitaryParade/samples/00303.png 53
ucf/MilitaryParade/samples/00304.png 53
ucf/MilitaryParade/samples/00305.png 53
ucf/MilitaryParade/samples/00306.png 53
ucf/MilitaryParade/samples/00307.png 53
ucf/MilitaryParade/samples/00308.png 53
ucf/MilitaryParade/samples/00309.png 53
ucf/MilitaryParade/samples/00310.png 53
ucf/MilitaryParade/samples/00311.png 53
ucf/MilitaryParade/samples/00312.png 53
ucf/MilitaryParade/samples/00313.png 53
ucf/MilitaryParade/samples/00314.png 53
ucf/MilitaryParade/samples/00315.png 53
ucf/MilitaryParade/samples/00316.png 53
ucf/MilitaryParade/samples/00317.png 53
ucf/MilitaryParade/samples/00318.png 53
ucf/MilitaryParade/samples/00319.png 53
ucf/MilitaryParade/samples/00320.png 53
ucf/MilitaryParade/samples/00321.png 53
ucf/MilitaryParade/samples/00322.png 53
ucf/MilitaryParade/samples/00323.png 53
ucf/MilitaryParade/samples/00324.png 53
ucf/MilitaryParade/samples/00325.png 53
ucf/MilitaryParade/samples/00326.png 53
ucf/MilitaryParade/samples/00327.png 53
ucf/MilitaryParade/samples/00328.png 53
ucf/MilitaryParade/samples/00329.png 53
ucf/MilitaryParade/samples/00330.png 53
ucf/MilitaryParade/samples/00331.png 53
ucf/MilitaryParade/samples/00332.png 53
ucf/MilitaryParade/samples/00333.png 53
ucf/MilitaryParade/samples/00334.png 53
ucf/MilitaryParade/samples/00335.png 53
ucf/MilitaryParade/samples/00336.png 53
ucf/MilitaryParade/samples/00337.png 53
ucf/MilitaryParade/samples/00338.png 53
ucf/MilitaryParade/samples/00339.png 53
ucf/MilitaryParade/samples/00340.png 53
ucf/MilitaryParade/samples/00341.png 53
ucf/MilitaryParade/samples/00342.png 53
ucf/MilitaryParade/samples/00343.png 53
ucf/MilitaryParade/samples/00344.png 53
ucf/MilitaryParade/samples/00345.png 53
ucf/MilitaryParade/samples/00346.png 53
ucf/MilitaryParade/samples/00347.png 53
ucf/MilitaryParade/samples/00348.png 53
ucf/MilitaryParade/samples/00349.png 53
ucf/MilitaryParade/samples/00350.png 53
ucf/MilitaryParade/samples/00351.png 53
ucf/MilitaryParade/samples/00352.png 53
ucf/MilitaryParade/samples/00353.png 53
ucf/MilitaryParade/samples/00354.png 53
ucf/MilitaryParade/samples/00355.png 53
ucf/MilitaryParade/samples/00356.png 53
ucf/MilitaryParade/samples/00357.png 53
ucf/MilitaryParade/samples/00358.png 53
ucf/MilitaryParade/samples/00359.png 53
ucf/MilitaryParade/samples/00360.png 53
ucf/MilitaryParade/samples/00361.png 53
ucf/MilitaryParade/samples/00362.png 53
ucf/MilitaryParade/samples/00363.png 53
ucf/MilitaryParade/samples/00364.png 53
ucf/MilitaryParade/samples/00365.png 53
ucf/MilitaryParade/samples/00366.png 53
ucf/MilitaryParade/samples/00367.png 53
ucf/MilitaryParade/samples/00368.png 53
ucf/MilitaryParade/samples/00369.png 53
ucf/MilitaryParade/samples/00370.png 53
ucf/MilitaryParade/samples/00371.png 53
ucf/MilitaryParade/samples/00372.png 53
ucf/MilitaryParade/samples/00373.png 53
ucf/MilitaryParade/samples/00374.png 53
ucf/MilitaryParade/samples/00375.png 53
ucf/MilitaryParade/samples/00376.png 53
ucf/MilitaryParade/samples/00377.png 53
ucf/MilitaryParade/samples/00378.png 53
ucf/MilitaryParade/samples/00379.png 53
ucf/MilitaryParade/samples/00380.png 53
ucf/MilitaryParade/samples/00381.png 53
ucf/MilitaryParade/samples/00382.png 53
ucf/MilitaryParade/samples/00383.png 53
ucf/MilitaryParade/samples/00384.png 53
ucf/MilitaryParade/samples/00385.png 53
ucf/MilitaryParade/samples/00386.png 53
ucf/MilitaryParade/samples/00387.png 53
ucf/MilitaryParade/samples/00388.png 53
ucf/MilitaryParade/samples/00389.png 53
ucf/MilitaryParade/samples/00390.png 53
ucf/MilitaryParade/samples/00391.png 53
ucf/MilitaryParade/samples/00392.png 53
ucf/MilitaryParade/samples/00393.png 53
ucf/MilitaryParade/samples/00394.png 53
ucf/MilitaryParade/samples/00395.png 53
ucf/MilitaryParade/samples/00396.png 53
ucf/MilitaryParade/samples/00397.png 53
ucf/MilitaryParade/samples/00398.png 53
ucf/MilitaryParade/samples/00399.png 53
ucf/MilitaryParade/samples/00400.png 53
ucf/MilitaryParade/samples/00401.png 53
ucf/MilitaryParade/samples/00402.png 53
ucf/MilitaryParade/samples/00403.png 53
ucf/MilitaryParade/samples/00404.png 53
ucf/MilitaryParade/samples/00405.png 53
ucf/MilitaryParade/samples/00406.png 53
ucf/MilitaryParade/samples/00407.png 53
ucf/MilitaryParade/samples/00408.png 53
ucf/MilitaryParade/samples/00409.png 53
ucf/MilitaryParade/samples/00410.png 53
ucf/MilitaryParade/samples/00411.png 53
ucf/MilitaryParade/samples/00412.png 53
ucf/MilitaryParade/samples/00413.png 53
ucf/MilitaryParade/samples/00414.png 53
ucf/MilitaryParade/samples/00415.png 53
ucf/MilitaryParade/samples/00416.png 53
ucf/MilitaryParade/samples/00417.png 53
ucf/MilitaryParade/samples/00418.png 53
ucf/MilitaryParade/samples/00419.png 53
ucf/MilitaryParade/samples/00420.png 53
ucf/MilitaryParade/samples/00421.png 53
ucf/MilitaryParade/samples/00422.png 53
ucf/MilitaryParade/samples/00423.png 53
ucf/MilitaryParade/samples/00424.png 53
ucf/MilitaryParade/samples/00425.png 53
ucf/MilitaryParade/samples/00426.png 53
ucf/MilitaryParade/samples/00427.png 53
ucf/MilitaryParade/samples/00428.png 53
ucf/MilitaryParade/samples/00429.png 53
ucf/MilitaryParade/samples/00430.png 53
ucf/MilitaryParade/samples/00431.png 53
ucf/MilitaryParade/samples/00432.png 53
ucf/MilitaryParade/samples/00433.png 53
ucf/MilitaryParade/samples/00434.png 53
ucf/MilitaryParade/samples/00435.png 53
ucf/MilitaryParade/samples/00436.png 53
ucf/MilitaryParade/samples/00437.png 53
ucf/MilitaryParade/samples/00438.png 53
ucf/MilitaryParade/samples/00439.png 53
ucf/MilitaryParade/samples/00440.png 53
ucf/MilitaryParade/samples/00441.png 53
ucf/MilitaryParade/samples/00442.png 53
ucf/MilitaryParade/samples/00443.png 53
ucf/MilitaryParade/samples/00444.png 53
ucf/MilitaryParade/samples/00445.png 53
ucf/MilitaryParade/samples/00446.png 53
ucf/MilitaryParade/samples/00447.png 53
ucf/MilitaryParade/samples/00448.png 53
ucf/MilitaryParade/samples/00449.png 53
ucf/MilitaryParade/samples/00450.png 53
ucf/MilitaryParade/samples/00451.png 53
ucf/MilitaryParade/samples/00452.png 53
ucf/MilitaryParade/samples/00453.png 53
ucf/MilitaryParade/samples/00454.png 53
ucf/MilitaryParade/samples/00455.png 53
ucf/MilitaryParade/samples/00456.png 53
ucf/MilitaryParade/samples/00457.png 53
ucf/MilitaryParade/samples/00458.png 53
ucf/MilitaryParade/samples/00459.png 53
ucf/MilitaryParade/samples/00460.png 53
ucf/MilitaryParade/samples/00461.png 53
ucf/MilitaryParade/samples/00462.png 53
ucf/MilitaryParade/samples/00463.png 53
ucf/MilitaryParade/samples/00464.png 53
ucf/MilitaryParade/samples/00465.png 53
ucf/MilitaryParade/samples/00466.png 53
ucf/MilitaryParade/samples/00467.png 53
ucf/MilitaryParade/samples/00468.png 53
ucf/MilitaryParade/samples/00469.png 53
ucf/MilitaryParade/samples/00470.png 53
ucf/MilitaryParade/samples/00471.png 53
ucf/MilitaryParade/samples/00472.png 53
ucf/MilitaryParade/samples/00473.png 53
ucf/MilitaryParade/samples/00474.png 53
ucf/MilitaryParade/samples/00475.png 53
ucf/MilitaryParade/samples/00476.png 53
ucf/MilitaryParade/samples/00477.png 53
ucf/MilitaryParade/samples/00478.png 53
ucf/MilitaryParade/samples/00479.png 53
ucf/MilitaryParade/samples/00480.png 53
ucf/MilitaryParade/samples/00481.png 53
ucf/MilitaryParade/samples/00482.png 53
ucf/MilitaryParade/samples/00483.png 53
ucf/MilitaryParade/samples/00484.png 53
ucf/MilitaryParade/samples/00485.png 53
ucf/MilitaryParade/samples/00486.png 53
ucf/MilitaryParade/samples/00487.png 53
ucf/MilitaryParade/samples/00488.png 53
ucf/MilitaryParade/samples/00489.png 53
ucf/MilitaryParade/samples/00490.png 53
ucf/MilitaryParade/samples/00491.png 53
ucf/MilitaryParade/samples/00492.png 53
ucf/MilitaryParade/samples/00493.png 53
ucf/MilitaryParade/samples/00494.png 53
ucf/MilitaryParade/samples/00495.png 53
ucf/MilitaryParade/samples/00496.png 53
ucf/MilitaryParade/samples/00497.png 53
ucf/MilitaryParade/samples/00498.png 53
ucf/MilitaryParade/samples/00499.png 53
ucf/MilitaryParade/samples/00500.png 53
ucf/MilitaryParade/samples/00501.png 53
ucf/MilitaryParade/samples/00502.png 53
ucf/MilitaryParade/samples/00503.png 53
ucf/MilitaryParade/samples/00504.png 53
ucf/MilitaryParade/samples/00505.png 53
ucf/MilitaryParade/samples/00506.png 53
ucf/MilitaryParade/samples/00507.png 53
ucf/MilitaryParade/samples/00508.png 53
ucf/MilitaryParade/samples/00509.png 53
ucf/MilitaryParade/samples/00510.png 53
ucf/MilitaryParade/samples/00511.png 53
ucf/MilitaryParade/samples/00512.png 53
ucf/MilitaryParade/samples/00513.png 53
ucf/MilitaryParade/samples/00514.png 53
ucf/MilitaryParade/samples/00515.png 53
ucf/MilitaryParade/samples/00516.png 53
ucf/MilitaryParade/samples/00517.png 53
ucf/MilitaryParade/samples/00518.png 53
ucf/MilitaryParade/samples/00519.png 53
ucf/MilitaryParade/samples/00520.png 53
ucf/MilitaryParade/samples/00521.png 53
ucf/MilitaryParade/samples/00522.png 53
ucf/MilitaryParade/samples/00523.png 53
ucf/MilitaryParade/samples/00524.png 53
ucf/MilitaryParade/samples/00525.png 53
ucf/MilitaryParade/samples/00526.png 53
ucf/MilitaryParade/samples/00527.png 53
ucf/MilitaryParade/samples/00528.png 53
ucf/MilitaryParade/samples/00529.png 53
ucf/MilitaryParade/samples/00530.png 53
ucf/MilitaryParade/samples/00531.png 53
ucf/MilitaryParade/samples/00532.png 53
ucf/MilitaryParade/samples/00533.png 53
ucf/MilitaryParade/samples/00534.png 53
ucf/MilitaryParade/samples/00535.png 53
ucf/MilitaryParade/samples/00536.png 53
ucf/MilitaryParade/samples/00537.png 53
ucf/MilitaryParade/samples/00538.png 53
ucf/MilitaryParade/samples/00539.png 53
ucf/MilitaryParade/samples/00540.png 53
ucf/MilitaryParade/samples/00541.png 53
ucf/MilitaryParade/samples/00542.png 53
ucf/MilitaryParade/samples/00543.png 53
ucf/MilitaryParade/samples/00544.png 53
ucf/MilitaryParade/samples/00545.png 53
ucf/MilitaryParade/samples/00546.png 53
ucf/MilitaryParade/samples/00547.png 53
ucf/MilitaryParade/samples/00548.png 53
ucf/MilitaryParade/samples/00549.png 53
ucf/MilitaryParade/samples/00550.png 53
ucf/MilitaryParade/samples/00551.png 53
ucf/MilitaryParade/samples/00552.png 53
ucf/MilitaryParade/samples/00553.png 53
ucf/MilitaryParade/samples/00554.png 53
ucf/MilitaryParade/samples/00555.png 53
ucf/MilitaryParade/samples/00556.png 53
ucf/MilitaryParade/samples/00557.png 53
ucf/MilitaryParade/samples/00558.png 53
ucf/MilitaryParade/samples/00559.png 53
ucf/MilitaryParade/samples/00560.png 53
ucf/MilitaryParade/samples/00561.png 53
ucf/MilitaryParade/samples/00562.png 53
ucf/MilitaryParade/samples/00563.png 53
ucf/MilitaryParade/samples/00564.png 53
ucf/MilitaryParade/samples/00565.png 53
ucf/MilitaryParade/samples/00566.png 53
ucf/MilitaryParade/samples/00567.png 53
ucf/MilitaryParade/samples/00568.png 53
ucf/MilitaryParade/samples/00569.png 53
ucf/MilitaryParade/samples/00570.png 53
ucf/MilitaryParade/samples/00571.png 53
ucf/MilitaryParade/samples/00572.png 53
ucf/MilitaryParade/samples/00573.png 53
ucf/MilitaryParade/samples/00574.png 53
ucf/MilitaryParade/samples/00575.png 53
ucf/MilitaryParade/samples/00576.png 53
ucf/MilitaryParade/samples/00577.png 53
ucf/MilitaryParade/samples/00578.png 53
ucf/MilitaryParade/samples/00579.png 53
ucf/MilitaryParade/samples/00580.png 53
ucf/MilitaryParade/samples/00581.png 53
ucf/MilitaryParade/samples/00582.png 53
ucf/MilitaryParade/samples/00583.png 53
ucf/MilitaryParade/samples/00584.png 53
ucf/MilitaryParade/samples/00585.png 53
ucf/MilitaryParade/samples/00586.png 53
ucf/MilitaryParade/samples/00587.png 53
ucf/MilitaryParade/samples/00588.png 53
ucf/MilitaryParade/samples/00589.png 53
ucf/MilitaryParade/samples/00590.png 53
ucf/MilitaryParade/samples/00591.png 53
ucf/MilitaryParade/samples/00592.png 53
ucf/MilitaryParade/samples/00593.png 53
ucf/MilitaryParade/samples/00594.png 53
ucf/MilitaryParade/samples/00595.png 53
ucf/MilitaryParade/samples/00596.png 53
ucf/MilitaryParade/samples/00597.png 53
ucf/MilitaryParade/samples/00598.png 53
ucf/MilitaryParade/samples/00599.png 53
ucf/MilitaryParade/samples/00600.png 53
ucf/MilitaryParade/samples/00601.png 53
ucf/MilitaryParade/samples/00602.png 53
ucf/MilitaryParade/samples/00603.png 53
ucf/MilitaryParade/samples/00604.png 53
ucf/MilitaryParade/samples/00605.png 53
ucf/MilitaryParade/samples/00606.png 53
ucf/MilitaryParade/samples/00607.png 53
ucf/MilitaryParade/samples/00608.png 53
ucf/MilitaryParade/samples/00609.png 53
ucf/MilitaryParade/samples/00610.png 53
ucf/MilitaryParade/samples/00611.png 53
ucf/MilitaryParade/samples/00612.png 53
ucf/MilitaryParade/samples/00613.png 53
ucf/MilitaryParade/samples/00614.png 53
ucf/MilitaryParade/samples/00615.png 53
ucf/MilitaryParade/samples/00616.png 53
ucf/MilitaryParade/samples/00617.png 53
ucf/MilitaryParade/samples/00618.png 53
ucf/MilitaryParade/samples/00619.png 53
ucf/MilitaryParade/samples/00620.png 53
ucf/MilitaryParade/samples/00621.png 53
ucf/MilitaryParade/samples/00622.png 53
ucf/MilitaryParade/samples/00623.png 53
ucf/MilitaryParade/samples/00624.png 53
ucf/MilitaryParade/samples/00625.png 53
ucf/MilitaryParade/samples/00626.png 53
ucf/MilitaryParade/samples/00627.png 53
ucf/MilitaryParade/samples/00628.png 53
ucf/MilitaryParade/samples/00629.png 53
ucf/MilitaryParade/samples/00630.png 53
ucf/MilitaryParade/samples/00631.png 53
ucf/MilitaryParade/samples/00632.png 53
ucf/MilitaryParade/samples/00633.png 53
ucf/MilitaryParade/samples/00634.png 53
ucf/MilitaryParade/samples/00635.png 53
ucf/MilitaryParade/samples/00636.png 53
ucf/MilitaryParade/samples/00637.png 53
ucf/MilitaryParade/samples/00638.png 53
ucf/MilitaryParade/samples/00639.png 53
ucf/MilitaryParade/samples/00640.png 53
ucf/MilitaryParade/samples/00641.png 53
ucf/MilitaryParade/samples/00642.png 53
ucf/MilitaryParade/samples/00643.png 53
ucf/MilitaryParade/samples/00644.png 53
ucf/MilitaryParade/samples/00645.png 53
ucf/MilitaryParade/samples/00646.png 53
ucf/MilitaryParade/samples/00647.png 53
ucf/MilitaryParade/samples/00648.png 53
ucf/MilitaryParade/samples/00649.png 53
ucf/MilitaryParade/samples/00650.png 53
ucf/MilitaryParade/samples/00651.png 53
ucf/MilitaryParade/samples/00652.png 53
ucf/MilitaryParade/samples/00653.png 53
ucf/MilitaryParade/samples/00654.png 53
ucf/MilitaryParade/samples/00655.png 53
ucf/MilitaryParade/samples/00656.png 53
ucf/MilitaryParade/samples/00657.png 53
ucf/MilitaryParade/samples/00658.png 53
ucf/MilitaryParade/samples/00659.png 53
ucf/MilitaryParade/samples/00660.png 53
ucf/MilitaryParade/samples/00661.png 53
ucf/MilitaryParade/samples/00662.png 53
ucf/MilitaryParade/samples/00663.png 53
ucf/MilitaryParade/samples/00664.png 53
ucf/MilitaryParade/samples/00665.png 53
ucf/MilitaryParade/samples/00666.png 53
ucf/MilitaryParade/samples/00667.png 53
ucf/MilitaryParade/samples/00668.png 53
ucf/MilitaryParade/samples/00669.png 53
ucf/MilitaryParade/samples/00670.png 53
ucf/MilitaryParade/samples/00671.png 53
ucf/MilitaryParade/samples/00672.png 53
ucf/MilitaryParade/samples/00673.png 53
ucf/MilitaryParade/samples/00674.png 53
ucf/MilitaryParade/samples/00675.png 53
ucf/MilitaryParade/samples/00676.png 53
ucf/MilitaryParade/samples/00677.png 53
ucf/MilitaryParade/samples/00678.png 53
ucf/MilitaryParade/samples/00679.png 53
ucf/MilitaryParade/samples/00680.png 53
ucf/MilitaryParade/samples/00681.png 53
ucf/MilitaryParade/samples/00682.png 53
ucf/MilitaryParade/samples/00683.png 53
ucf/MilitaryParade/samples/00684.png 53
ucf/MilitaryParade/samples/00685.png 53
ucf/MilitaryParade/samples/00686.png 53
ucf/MilitaryParade/samples/00687.png 53
ucf/MilitaryParade/samples/00688.png 53
ucf/MilitaryParade/samples/00689.png 53
ucf/MilitaryParade/samples/00690.png 53
ucf/MilitaryParade/samples/00691.png 53
ucf/MilitaryParade/samples/00692.png 53
ucf/MilitaryParade/samples/00693.png 53
ucf/MilitaryParade/samples/00694.png 53
ucf/MilitaryParade/samples/00695.png 53
ucf/MilitaryParade/samples/00696.png 53
ucf/MilitaryParade/samples/00697.png 53
ucf/MilitaryParade/samples/00698.png 53
ucf/MilitaryParade/samples/00699.png 53
ucf/MilitaryParade/samples/00700.png 53
ucf/MilitaryParade/samples/00701.png 53
ucf/MilitaryParade/samples/00702.png 53
ucf/MilitaryParade/samples/00703.png 53
ucf/MilitaryParade/samples/00704.png 53
ucf/MilitaryParade/samples/00705.png 53
ucf/MilitaryParade/samples/00706.png 53
ucf/MilitaryParade/samples/00707.png 53
ucf/MilitaryParade/samples/00708.png 53
ucf/MilitaryParade/samples/00709.png 53
ucf/MilitaryParade/samples/00710.png 53
ucf/MilitaryParade/samples/00711.png 53
ucf/MilitaryParade/samples/00712.png 53
ucf/MilitaryParade/samples/00713.png 53
ucf/MilitaryParade/samples/00714.png 53
ucf/MilitaryParade/samples/00715.png 53
ucf/MilitaryParade/samples/00716.png 53
ucf/MilitaryParade/samples/00717.png 53
ucf/MilitaryParade/samples/00718.png 53
ucf/MilitaryParade/samples/00719.png 53
ucf/MilitaryParade/samples/00720.png 53
ucf/MilitaryParade/samples/00721.png 53
ucf/MilitaryParade/samples/00722.png 53
ucf/MilitaryParade/samples/00723.png 53
ucf/MilitaryParade/samples/00724.png 53
ucf/MilitaryParade/samples/00725.png 53
ucf/MilitaryParade/samples/00726.png 53
ucf/MilitaryParade/samples/00727.png 53
ucf/MilitaryParade/samples/00728.png 53
ucf/MilitaryParade/samples/00729.png 53
ucf/MilitaryParade/samples/00730.png 53
ucf/MilitaryParade/samples/00731.png 53
ucf/MilitaryParade/samples/00732.png 53
ucf/MilitaryParade/samples/00733.png 53
ucf/MilitaryParade/samples/00734.png 53
ucf/MilitaryParade/samples/00735.png 53
ucf/MilitaryParade/samples/00736.png 53
ucf/MilitaryParade/samples/00737.png 53
ucf/MilitaryParade/samples/00738.png 53
ucf/MilitaryParade/samples/00739.png 53
ucf/MilitaryParade/samples/00740.png 53
ucf/MilitaryParade/samples/00741.png 53
ucf/MilitaryParade/samples/00742.png 53
ucf/MilitaryParade/samples/00743.png 53
ucf/MilitaryParade/samples/00744.png 53
ucf/MilitaryParade/samples/00745.png 53
ucf/MilitaryParade/samples/00746.png 53
ucf/MilitaryParade/samples/00747.png 53
ucf/MilitaryParade/samples/00748.png 53
ucf/MilitaryParade/samples/00749.png 53
ucf/MilitaryParade/samples/00750.png 53
ucf/MilitaryParade/samples/00751.png 53
ucf/MilitaryParade/samples/00752.png 53
ucf/MilitaryParade/samples/00753.png 53
ucf/MilitaryParade/samples/00754.png 53
ucf/MilitaryParade/samples/00755.png 53
ucf/MilitaryParade/samples/00756.png 53
ucf/MilitaryParade/samples/00757.png 53
ucf/MilitaryParade/samples/00758.png 53
ucf/MilitaryParade/samples/00759.png 53
ucf/MilitaryParade/samples/00760.png 53
ucf/MilitaryParade/samples/00761.png 53
ucf/MilitaryParade/samples/00762.png 53
ucf/MilitaryParade/samples/00763.png 53
ucf/MilitaryParade/samples/00764.png 53
ucf/MilitaryParade/samples/00765.png 53
ucf/MilitaryParade/samples/00766.png 53
ucf/MilitaryParade/samples/00767.png 53
ucf/MilitaryParade/samples/00768.png 53
ucf/MilitaryParade/samples/00769.png 53
ucf/MilitaryParade/samples/00770.png 53
ucf/MilitaryParade/samples/00771.png 53
ucf/MilitaryParade/samples/00772.png 53
ucf/MilitaryParade/samples/00773.png 53
ucf/MilitaryParade/samples/00774.png 53
ucf/MilitaryParade/samples/00775.png 53
ucf/MilitaryParade/samples/00776.png 53
ucf/MilitaryParade/samples/00777.png 53
ucf/MilitaryParade/samples/00778.png 53
ucf/MilitaryParade/samples/00779.png 53
ucf/MilitaryParade/samples/00780.png 53
ucf/MilitaryParade/samples/00781.png 53
ucf/MilitaryParade/samples/00782.png 53
ucf/MilitaryParade/samples/00783.png 53
ucf/MilitaryParade/samples/00784.png 53
ucf/MilitaryParade/samples/00785.png 53
ucf/MilitaryParade/samples/00786.png 53
ucf/MilitaryParade/samples/00787.png 53
ucf/MilitaryParade/samples/00788.png 53
ucf/MilitaryParade/samples/00789.png 53
ucf/MilitaryParade/samples/00790.png 53
ucf/MilitaryParade/samples/00791.png 53
ucf/MilitaryParade/samples/00792.png 53
ucf/MilitaryParade/samples/00793.png 53
ucf/MilitaryParade/samples/00794.png 53
ucf/MilitaryParade/samples/00795.png 53
ucf/MilitaryParade/samples/00796.png 53
ucf/MilitaryParade/samples/00797.png 53
ucf/MilitaryParade/samples/00798.png 53
ucf/MilitaryParade/samples/00799.png 53
ucf/MilitaryParade/samples/00800.png 53
ucf/MilitaryParade/samples/00801.png 53
ucf/MilitaryParade/samples/00802.png 53
ucf/MilitaryParade/samples/00803.png 53
ucf/MilitaryParade/samples/00804.png 53
ucf/MilitaryParade/samples/00805.png 53
ucf/MilitaryParade/samples/00806.png 53
ucf/MilitaryParade/samples/00807.png 53
ucf/MilitaryParade/samples/00808.png 53
ucf/MilitaryParade/samples/00809.png 53
ucf/MilitaryParade/samples/00810.png 53
ucf/MilitaryParade/samples/00811.png 53
ucf/MilitaryParade/samples/00812.png 53
ucf/MilitaryParade/samples/00813.png 53
ucf/MilitaryParade/samples/00814.png 53
ucf/MilitaryParade/samples/00815.png 53
ucf/MilitaryParade/samples/00816.png 53
ucf/MilitaryParade/samples/00817.png 53
ucf/MilitaryParade/samples/00818.png 53
ucf/MilitaryParade/samples/00819.png 53
ucf/MilitaryParade/samples/00820.png 53
ucf/MilitaryParade/samples/00821.png 53
ucf/MilitaryParade/samples/00822.png 53
ucf/MilitaryParade/samples/00823.png 53
ucf/MilitaryParade/samples/00824.png 53
ucf/MilitaryParade/samples/00825.png 53
ucf/MilitaryParade/samples/00826.png 53
ucf/MilitaryParade/samples/00827.png 53
ucf/MilitaryParade/samples/00828.png 53
ucf/MilitaryParade/samples/00829.png 53
ucf/MilitaryParade/samples/00830.png 53
ucf/MilitaryParade/samples/00831.png 53
ucf/MilitaryParade/samples/00832.png 53
ucf/MilitaryParade/samples/00833.png 53
ucf/MilitaryParade/samples/00834.png 53
ucf/MilitaryParade/samples/00835.png 53
ucf/MilitaryParade/samples/00836.png 53
ucf/MilitaryParade/samples/00837.png 53
ucf/MilitaryParade/samples/00838.png 53
ucf/MilitaryParade/samples/00839.png 53
ucf/MilitaryParade/samples/00840.png 53
ucf/MilitaryParade/samples/00841.png 53
ucf/MilitaryParade/samples/00842.png 53
ucf/MilitaryParade/samples/00843.png 53
ucf/MilitaryParade/samples/00844.png 53
ucf/MilitaryParade/samples/00845.png 53
ucf/MilitaryParade/samples/00846.png 53
ucf/MilitaryParade/samples/00847.png 53
ucf/MilitaryParade/samples/00848.png 53
ucf/MilitaryParade/samples/00849.png 53
ucf/MilitaryParade/samples/00850.png 53
ucf/MilitaryParade/samples/00851.png 53
ucf/MilitaryParade/samples/00852.png 53
ucf/MilitaryParade/samples/00853.png 53
ucf/MilitaryParade/samples/00854.png 53
ucf/MilitaryParade/samples/00855.png 53
ucf/MilitaryParade/samples/00856.png 53
ucf/MilitaryParade/samples/00857.png 53
ucf/MilitaryParade/samples/00858.png 53
ucf/MilitaryParade/samples/00859.png 53
ucf/MilitaryParade/samples/00860.png 53
ucf/MilitaryParade/samples/00861.png 53
ucf/MilitaryParade/samples/00862.png 53
ucf/MilitaryParade/samples/00863.png 53
ucf/MilitaryParade/samples/00864.png 53
ucf/MilitaryParade/samples/00865.png 53
ucf/MilitaryParade/samples/00866.png 53
ucf/MilitaryParade/samples/00867.png 53
ucf/MilitaryParade/samples/00868.png 53
ucf/MilitaryParade/samples/00869.png 53
ucf/MilitaryParade/samples/00870.png 53
ucf/MilitaryParade/samples/00871.png 53
ucf/MilitaryParade/samples/00872.png 53
ucf/MilitaryParade/samples/00873.png 53
ucf/MilitaryParade/samples/00874.png 53
ucf/MilitaryParade/samples/00875.png 53
ucf/MilitaryParade/samples/00876.png 53
ucf/MilitaryParade/samples/00877.png 53
ucf/MilitaryParade/samples/00878.png 53
ucf/MilitaryParade/samples/00879.png 53
ucf/MilitaryParade/samples/00880.png 53
ucf/MilitaryParade/samples/00881.png 53
ucf/MilitaryParade/samples/00882.png 53
ucf/MilitaryParade/samples/00883.png 53
ucf/MilitaryParade/samples/00884.png 53
ucf/MilitaryParade/samples/00885.png 53
ucf/MilitaryParade/samples/00886.png 53
ucf/MilitaryParade/samples/00887.png 53
ucf/MilitaryParade/samples/00888.png 53
ucf/MilitaryParade/samples/00889.png 53
ucf/MilitaryParade/samples/00890.png 53
ucf/MilitaryParade/samples/00891.png 53
ucf/MilitaryParade/samples/00892.png 53
ucf/MilitaryParade/samples/00893.png 53
ucf/MilitaryParade/samples/00894.png 53
ucf/MilitaryParade/samples/00895.png 53
ucf/MilitaryParade/samples/00896.png 53
ucf/MilitaryParade/samples/00897.png 53
ucf/MilitaryParade/samples/00898.png 53
ucf/MilitaryParade/samples/00899.png 53
ucf/MilitaryParade/samples/00900.png 53
ucf/MilitaryParade/samples/00901.png 53
ucf/MilitaryParade/samples/00902.png 53
ucf/MilitaryParade/samples/00903.png 53
ucf/MilitaryParade/samples/00904.png 53
ucf/MilitaryParade/samples/00905.png 53
ucf/MilitaryParade/samples/00906.png 53
ucf/MilitaryParade/samples/00907.png 53
ucf/MilitaryParade/samples/00908.png 53
ucf/MilitaryParade/samples/00909.png 53
ucf/MilitaryParade/samples/00910.png 53
ucf/MilitaryParade/samples/00911.png 53
ucf/MilitaryParade/samples/00912.png 53
ucf/MilitaryParade/samples/00913.png 53
ucf/MilitaryParade/samples/00914.png 53
ucf/MilitaryParade/samples/00915.png 53
ucf/MilitaryParade/samples/00916.png 53
ucf/MilitaryParade/samples/00917.png 53
ucf/MilitaryParade/samples/00918.png 53
ucf/MilitaryParade/samples/00919.png 53
ucf/MilitaryParade/samples/00920.png 53
ucf/MilitaryParade/samples/00921.png 53
ucf/MilitaryParade/samples/00922.png 53
ucf/MilitaryParade/samples/00923.png 53
ucf/MilitaryParade/samples/00924.png 53
ucf/MilitaryParade/samples/00925.png 53
ucf/MilitaryParade/samples/00926.png 53
ucf/MilitaryParade/samples/00927.png 53
ucf/MilitaryParade/samples/00928.png 53
ucf/MilitaryParade/samples/00929.png 53
ucf/MilitaryParade/samples/00930.png 53
ucf/MilitaryParade/samples/00931.png 53
ucf/MilitaryParade/samples/00932.png 53
ucf/MilitaryParade/samples/00933.png 53
ucf/MilitaryParade/samples/00934.png 53
ucf/MilitaryParade/samples/00935.png 53
ucf/MilitaryParade/samples/00936.png 53
ucf/MilitaryParade/samples/00937.png 53
ucf/MilitaryParade/samples/00938.png 53
ucf/MilitaryParade/samples/00939.png 53
ucf/MilitaryParade/samples/00940.png 53
ucf/MilitaryParade/samples/00941.png 53
ucf/MilitaryParade/samples/00942.png 53
ucf/MilitaryParade/samples/00943.png 53
ucf/MilitaryParade/samples/00944.png 53
ucf/MilitaryParade/samples/00945.png 53
ucf/MilitaryParade/samples/00946.png 53
ucf/MilitaryParade/samples/00947.png 53
ucf/MilitaryParade/samples/00948.png 53
ucf/MilitaryParade/samples/00949.png 53
ucf/MilitaryParade/samples/00950.png 53
ucf/MilitaryParade/samples/00951.png 53
ucf/MilitaryParade/samples/00952.png 53
ucf/MilitaryParade/samples/00953.png 53
ucf/MilitaryParade/samples/00954.png 53
ucf/MilitaryParade/samples/00955.png 53
ucf/MilitaryParade/samples/00956.png 53
ucf/MilitaryParade/samples/00957.png 53
ucf/MilitaryParade/samples/00958.png 53
ucf/MilitaryParade/samples/00959.png 53
ucf/MilitaryParade/samples/00960.png 53
ucf/MilitaryParade/samples/00961.png 53
ucf/MilitaryParade/samples/00962.png 53
ucf/MilitaryParade/samples/00963.png 53
ucf/MilitaryParade/samples/00964.png 53
ucf/MilitaryParade/samples/00965.png 53
ucf/MilitaryParade/samples/00966.png 53
ucf/MilitaryParade/samples/00967.png 53
ucf/MilitaryParade/samples/00968.png 53
ucf/MilitaryParade/samples/00969.png 53
ucf/MilitaryParade/samples/00970.png 53
ucf/MilitaryParade/samples/00971.png 53
ucf/MilitaryParade/samples/00972.png 53
ucf/MilitaryParade/samples/00973.png 53
ucf/MilitaryParade/samples/00974.png 53
ucf/MilitaryParade/samples/00975.png 53
ucf/MilitaryParade/samples/00976.png 53
ucf/MilitaryParade/samples/00977.png 53
ucf/MilitaryParade/samples/00978.png 53
ucf/MilitaryParade/samples/00979.png 53
ucf/MilitaryParade/samples/00980.png 53
ucf/MilitaryParade/samples/00981.png 53
ucf/MilitaryParade/samples/00982.png 53
ucf/MilitaryParade/samples/00983.png 53
ucf/MilitaryParade/samples/00984.png 53
ucf/MilitaryParade/samples/00985.png 53
ucf/MilitaryParade/samples/00986.png 53
ucf/MilitaryParade/samples/00987.png 53
ucf/MilitaryParade/samples/00988.png 53
ucf/MilitaryParade/samples/00989.png 53
ucf/MilitaryParade/samples/00990.png 53
ucf/MilitaryParade/samples/00991.png 53
ucf/MilitaryParade/samples/00992.png 53
ucf/MilitaryParade/samples/00993.png 53
ucf/MilitaryParade/samples/00994.png 53
ucf/MilitaryParade/samples/00995.png 53
ucf/MilitaryParade/samples/00996.png 53
ucf/MilitaryParade/samples/00997.png 53
ucf/MilitaryParade/samples/00998.png 53
ucf/MilitaryParade/samples/00999.png 53
ucf/PlayingTabla/samples/00000.png 66
ucf/PlayingTabla/samples/00001.png 66
ucf/PlayingTabla/samples/00002.png 66
ucf/PlayingTabla/samples/00003.png 66
ucf/PlayingTabla/samples/00004.png 66
ucf/PlayingTabla/samples/00005.png 66
ucf/PlayingTabla/samples/00006.png 66
ucf/PlayingTabla/samples/00007.png 66
ucf/PlayingTabla/samples/00008.png 66
ucf/PlayingTabla/samples/00009.png 66
ucf/PlayingTabla/samples/00010.png 66
ucf/PlayingTabla/samples/00011.png 66
ucf/PlayingTabla/samples/00012.png 66
ucf/PlayingTabla/samples/00013.png 66
ucf/PlayingTabla/samples/00014.png 66
ucf/PlayingTabla/samples/00015.png 66
ucf/PlayingTabla/samples/00016.png 66
ucf/PlayingTabla/samples/00017.png 66
ucf/PlayingTabla/samples/00018.png 66
ucf/PlayingTabla/samples/00019.png 66
ucf/PlayingTabla/samples/00020.png 66
ucf/PlayingTabla/samples/00021.png 66
ucf/PlayingTabla/samples/00022.png 66
ucf/PlayingTabla/samples/00023.png 66
ucf/PlayingTabla/samples/00024.png 66
ucf/PlayingTabla/samples/00025.png 66
ucf/PlayingTabla/samples/00026.png 66
ucf/PlayingTabla/samples/00027.png 66
ucf/PlayingTabla/samples/00028.png 66
ucf/PlayingTabla/samples/00029.png 66
ucf/PlayingTabla/samples/00030.png 66
ucf/PlayingTabla/samples/00031.png 66
ucf/PlayingTabla/samples/00032.png 66
ucf/PlayingTabla/samples/00033.png 66
ucf/PlayingTabla/samples/00034.png 66
ucf/PlayingTabla/samples/00035.png 66
ucf/PlayingTabla/samples/00036.png 66
ucf/PlayingTabla/samples/00037.png 66
ucf/PlayingTabla/samples/00038.png 66
ucf/PlayingTabla/samples/00039.png 66
ucf/PlayingTabla/samples/00040.png 66
ucf/PlayingTabla/samples/00041.png 66
ucf/PlayingTabla/samples/00042.png 66
ucf/PlayingTabla/samples/00043.png 66
ucf/PlayingTabla/samples/00044.png 66
ucf/PlayingTabla/samples/00045.png 66
ucf/PlayingTabla/samples/00046.png 66
ucf/PlayingTabla/samples/00047.png 66
ucf/PlayingTabla/samples/00048.png 66
ucf/PlayingTabla/samples/00049.png 66
ucf/PlayingTabla/samples/00050.png 66
ucf/PlayingTabla/samples/00051.png 66
ucf/PlayingTabla/samples/00052.png 66
ucf/PlayingTabla/samples/00053.png 66
ucf/PlayingTabla/samples/00054.png 66
ucf/PlayingTabla/samples/00055.png 66
ucf/PlayingTabla/samples/00056.png 66
ucf/PlayingTabla/samples/00057.png 66
ucf/PlayingTabla/samples/00058.png 66
ucf/PlayingTabla/samples/00059.png 66
ucf/PlayingTabla/samples/00060.png 66
ucf/PlayingTabla/samples/00061.png 66
ucf/PlayingTabla/samples/00062.png 66
ucf/PlayingTabla/samples/00063.png 66
ucf/PlayingTabla/samples/00064.png 66
ucf/PlayingTabla/samples/00065.png 66
ucf/PlayingTabla/samples/00066.png 66
ucf/PlayingTabla/samples/00067.png 66
ucf/PlayingTabla/samples/00068.png 66
ucf/PlayingTabla/samples/00069.png 66
ucf/PlayingTabla/samples/00070.png 66
ucf/PlayingTabla/samples/00071.png 66
ucf/PlayingTabla/samples/00072.png 66
ucf/PlayingTabla/samples/00073.png 66
ucf/PlayingTabla/samples/00074.png 66
ucf/PlayingTabla/samples/00075.png 66
ucf/PlayingTabla/samples/00076.png 66
ucf/PlayingTabla/samples/00077.png 66
ucf/PlayingTabla/samples/00078.png 66
ucf/PlayingTabla/samples/00079.png 66
ucf/PlayingTabla/samples/00080.png 66
ucf/PlayingTabla/samples/00081.png 66
ucf/PlayingTabla/samples/00082.png 66
ucf/PlayingTabla/samples/00083.png 66
ucf/PlayingTabla/samples/00084.png 66
ucf/PlayingTabla/samples/00085.png 66
ucf/PlayingTabla/samples/00086.png 66
ucf/PlayingTabla/samples/00087.png 66
ucf/PlayingTabla/samples/00088.png 66
ucf/PlayingTabla/samples/00089.png 66
ucf/PlayingTabla/samples/00090.png 66
ucf/PlayingTabla/samples/00091.png 66
ucf/PlayingTabla/samples/00092.png 66
ucf/PlayingTabla/samples/00093.png 66
ucf/PlayingTabla/samples/00094.png 66
ucf/PlayingTabla/samples/00095.png 66
ucf/PlayingTabla/samples/00096.png 66
ucf/PlayingTabla/samples/00097.png 66
ucf/PlayingTabla/samples/00098.png 66
ucf/PlayingTabla/samples/00099.png 66
ucf/PlayingTabla/samples/00100.png 66
ucf/PlayingTabla/samples/00101.png 66
ucf/PlayingTabla/samples/00102.png 66
ucf/PlayingTabla/samples/00103.png 66
ucf/PlayingTabla/samples/00104.png 66
ucf/PlayingTabla/samples/00105.png 66
ucf/PlayingTabla/samples/00106.png 66
ucf/PlayingTabla/samples/00107.png 66
ucf/PlayingTabla/samples/00108.png 66
ucf/PlayingTabla/samples/00109.png 66
ucf/PlayingTabla/samples/00110.png 66
ucf/PlayingTabla/samples/00111.png 66
ucf/PlayingTabla/samples/00112.png 66
ucf/PlayingTabla/samples/00113.png 66
ucf/PlayingTabla/samples/00114.png 66
ucf/PlayingTabla/samples/00115.png 66
ucf/PlayingTabla/samples/00116.png 66
ucf/PlayingTabla/samples/00117.png 66
ucf/PlayingTabla/samples/00118.png 66
ucf/PlayingTabla/samples/00119.png 66
ucf/PlayingTabla/samples/00120.png 66
ucf/PlayingTabla/samples/00121.png 66
ucf/PlayingTabla/samples/00122.png 66
ucf/PlayingTabla/samples/00123.png 66
ucf/PlayingTabla/samples/00124.png 66
ucf/PlayingTabla/samples/00125.png 66
ucf/PlayingTabla/samples/00126.png 66
ucf/PlayingTabla/samples/00127.png 66
ucf/PlayingTabla/samples/00128.png 66
ucf/PlayingTabla/samples/00129.png 66
ucf/PlayingTabla/samples/00130.png 66
ucf/PlayingTabla/samples/00131.png 66
ucf/PlayingTabla/samples/00132.png 66
ucf/PlayingTabla/samples/00133.png 66
ucf/PlayingTabla/samples/00134.png 66
ucf/PlayingTabla/samples/00135.png 66
ucf/PlayingTabla/samples/00136.png 66
ucf/PlayingTabla/samples/00137.png 66
ucf/PlayingTabla/samples/00138.png 66
ucf/PlayingTabla/samples/00139.png 66
ucf/PlayingTabla/samples/00140.png 66
ucf/PlayingTabla/samples/00141.png 66
ucf/PlayingTabla/samples/00142.png 66
ucf/PlayingTabla/samples/00143.png 66
ucf/PlayingTabla/samples/00144.png 66
ucf/PlayingTabla/samples/00145.png 66
ucf/PlayingTabla/samples/00146.png 66
ucf/PlayingTabla/samples/00147.png 66
ucf/PlayingTabla/samples/00148.png 66
ucf/PlayingTabla/samples/00149.png 66
ucf/PlayingTabla/samples/00150.png 66
ucf/PlayingTabla/samples/00151.png 66
ucf/PlayingTabla/samples/00152.png 66
ucf/PlayingTabla/samples/00153.png 66
ucf/PlayingTabla/samples/00154.png 66
ucf/PlayingTabla/samples/00155.png 66
ucf/PlayingTabla/samples/00156.png 66
ucf/PlayingTabla/samples/00157.png 66
ucf/PlayingTabla/samples/00158.png 66
ucf/PlayingTabla/samples/00159.png 66
ucf/PlayingTabla/samples/00160.png 66
ucf/PlayingTabla/samples/00161.png 66
ucf/PlayingTabla/samples/00162.png 66
ucf/PlayingTabla/samples/00163.png 66
ucf/PlayingTabla/samples/00164.png 66
ucf/PlayingTabla/samples/00165.png 66
ucf/PlayingTabla/samples/00166.png 66
ucf/PlayingTabla/samples/00167.png 66
ucf/PlayingTabla/samples/00168.png 66
ucf/PlayingTabla/samples/00169.png 66
ucf/PlayingTabla/samples/00170.png 66
ucf/PlayingTabla/samples/00171.png 66
ucf/PlayingTabla/samples/00172.png 66
ucf/PlayingTabla/samples/00173.png 66
ucf/PlayingTabla/samples/00174.png 66
ucf/PlayingTabla/samples/00175.png 66
ucf/PlayingTabla/samples/00176.png 66
ucf/PlayingTabla/samples/00177.png 66
ucf/PlayingTabla/samples/00178.png 66
ucf/PlayingTabla/samples/00179.png 66
ucf/PlayingTabla/samples/00180.png 66
ucf/PlayingTabla/samples/00181.png 66
ucf/PlayingTabla/samples/00182.png 66
ucf/PlayingTabla/samples/00183.png 66
ucf/PlayingTabla/samples/00184.png 66
ucf/PlayingTabla/samples/00185.png 66
ucf/PlayingTabla/samples/00186.png 66
ucf/PlayingTabla/samples/00187.png 66
ucf/PlayingTabla/samples/00188.png 66
ucf/PlayingTabla/samples/00189.png 66
ucf/PlayingTabla/samples/00190.png 66
ucf/PlayingTabla/samples/00191.png 66
ucf/PlayingTabla/samples/00192.png 66
ucf/PlayingTabla/samples/00193.png 66
ucf/PlayingTabla/samples/00194.png 66
ucf/PlayingTabla/samples/00195.png 66
ucf/PlayingTabla/samples/00196.png 66
ucf/PlayingTabla/samples/00197.png 66
ucf/PlayingTabla/samples/00198.png 66
ucf/PlayingTabla/samples/00199.png 66
ucf/PlayingTabla/samples/00200.png 66
ucf/PlayingTabla/samples/00201.png 66
ucf/PlayingTabla/samples/00202.png 66
ucf/PlayingTabla/samples/00203.png 66
ucf/PlayingTabla/samples/00204.png 66
ucf/PlayingTabla/samples/00205.png 66
ucf/PlayingTabla/samples/00206.png 66
ucf/PlayingTabla/samples/00207.png 66
ucf/PlayingTabla/samples/00208.png 66
ucf/PlayingTabla/samples/00209.png 66
ucf/PlayingTabla/samples/00210.png 66
ucf/PlayingTabla/samples/00211.png 66
ucf/PlayingTabla/samples/00212.png 66
ucf/PlayingTabla/samples/00213.png 66
ucf/PlayingTabla/samples/00214.png 66
ucf/PlayingTabla/samples/00215.png 66
ucf/PlayingTabla/samples/00216.png 66
ucf/PlayingTabla/samples/00217.png 66
ucf/PlayingTabla/samples/00218.png 66
ucf/PlayingTabla/samples/00219.png 66
ucf/PlayingTabla/samples/00220.png 66
ucf/PlayingTabla/samples/00221.png 66
ucf/PlayingTabla/samples/00222.png 66
ucf/PlayingTabla/samples/00223.png 66
ucf/PlayingTabla/samples/00224.png 66
ucf/PlayingTabla/samples/00225.png 66
ucf/PlayingTabla/samples/00226.png 66
ucf/PlayingTabla/samples/00227.png 66
ucf/PlayingTabla/samples/00228.png 66
ucf/PlayingTabla/samples/00229.png 66
ucf/PlayingTabla/samples/00230.png 66
ucf/PlayingTabla/samples/00231.png 66
ucf/PlayingTabla/samples/00232.png 66
ucf/PlayingTabla/samples/00233.png 66
ucf/PlayingTabla/samples/00234.png 66
ucf/PlayingTabla/samples/00235.png 66
ucf/PlayingTabla/samples/00236.png 66
ucf/PlayingTabla/samples/00237.png 66
ucf/PlayingTabla/samples/00238.png 66
ucf/PlayingTabla/samples/00239.png 66
ucf/PlayingTabla/samples/00240.png 66
ucf/PlayingTabla/samples/00241.png 66
ucf/PlayingTabla/samples/00242.png 66
ucf/PlayingTabla/samples/00243.png 66
ucf/PlayingTabla/samples/00244.png 66
ucf/PlayingTabla/samples/00245.png 66
ucf/PlayingTabla/samples/00246.png 66
ucf/PlayingTabla/samples/00247.png 66
ucf/PlayingTabla/samples/00248.png 66
ucf/PlayingTabla/samples/00249.png 66
ucf/PlayingTabla/samples/00250.png 66
ucf/PlayingTabla/samples/00251.png 66
ucf/PlayingTabla/samples/00252.png 66
ucf/PlayingTabla/samples/00253.png 66
ucf/PlayingTabla/samples/00254.png 66
ucf/PlayingTabla/samples/00255.png 66
ucf/PlayingTabla/samples/00256.png 66
ucf/PlayingTabla/samples/00257.png 66
ucf/PlayingTabla/samples/00258.png 66
ucf/PlayingTabla/samples/00259.png 66
ucf/PlayingTabla/samples/00260.png 66
ucf/PlayingTabla/samples/00261.png 66
ucf/PlayingTabla/samples/00262.png 66
ucf/PlayingTabla/samples/00263.png 66
ucf/PlayingTabla/samples/00264.png 66
ucf/PlayingTabla/samples/00265.png 66
ucf/PlayingTabla/samples/00266.png 66
ucf/PlayingTabla/samples/00267.png 66
ucf/PlayingTabla/samples/00268.png 66
ucf/PlayingTabla/samples/00269.png 66
ucf/PlayingTabla/samples/00270.png 66
ucf/PlayingTabla/samples/00271.png 66
ucf/PlayingTabla/samples/00272.png 66
ucf/PlayingTabla/samples/00273.png 66
ucf/PlayingTabla/samples/00274.png 66
ucf/PlayingTabla/samples/00275.png 66
ucf/PlayingTabla/samples/00276.png 66
ucf/PlayingTabla/samples/00277.png 66
ucf/PlayingTabla/samples/00278.png 66
ucf/PlayingTabla/samples/00279.png 66
ucf/PlayingTabla/samples/00280.png 66
ucf/PlayingTabla/samples/00281.png 66
ucf/PlayingTabla/samples/00282.png 66
ucf/PlayingTabla/samples/00283.png 66
ucf/PlayingTabla/samples/00284.png 66
ucf/PlayingTabla/samples/00285.png 66
ucf/PlayingTabla/samples/00286.png 66
ucf/PlayingTabla/samples/00287.png 66
ucf/PlayingTabla/samples/00288.png 66
ucf/PlayingTabla/samples/00289.png 66
ucf/PlayingTabla/samples/00290.png 66
ucf/PlayingTabla/samples/00291.png 66
ucf/PlayingTabla/samples/00292.png 66
ucf/PlayingTabla/samples/00293.png 66
ucf/PlayingTabla/samples/00294.png 66
ucf/PlayingTabla/samples/00295.png 66
ucf/PlayingTabla/samples/00296.png 66
ucf/PlayingTabla/samples/00297.png 66
ucf/PlayingTabla/samples/00298.png 66
ucf/PlayingTabla/samples/00299.png 66
ucf/PlayingTabla/samples/00300.png 66
ucf/PlayingTabla/samples/00301.png 66
ucf/PlayingTabla/samples/00302.png 66
ucf/PlayingTabla/samples/00303.png 66
ucf/PlayingTabla/samples/00304.png 66
ucf/PlayingTabla/samples/00305.png 66
ucf/PlayingTabla/samples/00306.png 66
ucf/PlayingTabla/samples/00307.png 66
ucf/PlayingTabla/samples/00308.png 66
ucf/PlayingTabla/samples/00309.png 66
ucf/PlayingTabla/samples/00310.png 66
ucf/PlayingTabla/samples/00311.png 66
ucf/PlayingTabla/samples/00312.png 66
ucf/PlayingTabla/samples/00313.png 66
ucf/PlayingTabla/samples/00314.png 66
ucf/PlayingTabla/samples/00315.png 66
ucf/PlayingTabla/samples/00316.png 66
ucf/PlayingTabla/samples/00317.png 66
ucf/PlayingTabla/samples/00318.png 66
ucf/PlayingTabla/samples/00319.png 66
ucf/PlayingTabla/samples/00320.png 66
ucf/PlayingTabla/samples/00321.png 66
ucf/PlayingTabla/samples/00322.png 66
ucf/PlayingTabla/samples/00323.png 66
ucf/PlayingTabla/samples/00324.png 66
ucf/PlayingTabla/samples/00325.png 66
ucf/PlayingTabla/samples/00326.png 66
ucf/PlayingTabla/samples/00327.png 66
ucf/PlayingTabla/samples/00328.png 66
ucf/PlayingTabla/samples/00329.png 66
ucf/PlayingTabla/samples/00330.png 66
ucf/PlayingTabla/samples/00331.png 66
ucf/PlayingTabla/samples/00332.png 66
ucf/PlayingTabla/samples/00333.png 66
ucf/PlayingTabla/samples/00334.png 66
ucf/PlayingTabla/samples/00335.png 66
ucf/PlayingTabla/samples/00336.png 66
ucf/PlayingTabla/samples/00337.png 66
ucf/PlayingTabla/samples/00338.png 66
ucf/PlayingTabla/samples/00339.png 66
ucf/PlayingTabla/samples/00340.png 66
ucf/PlayingTabla/samples/00341.png 66
ucf/PlayingTabla/samples/00342.png 66
ucf/PlayingTabla/samples/00343.png 66
ucf/PlayingTabla/samples/00344.png 66
ucf/PlayingTabla/samples/00345.png 66
ucf/PlayingTabla/samples/00346.png 66
ucf/PlayingTabla/samples/00347.png 66
ucf/PlayingTabla/samples/00348.png 66
ucf/PlayingTabla/samples/00349.png 66
ucf/PlayingTabla/samples/00350.png 66
ucf/PlayingTabla/samples/00351.png 66
ucf/PlayingTabla/samples/00352.png 66
ucf/PlayingTabla/samples/00353.png 66
ucf/PlayingTabla/samples/00354.png 66
ucf/PlayingTabla/samples/00355.png 66
ucf/PlayingTabla/samples/00356.png 66
ucf/PlayingTabla/samples/00357.png 66
ucf/PlayingTabla/samples/00358.png 66
ucf/PlayingTabla/samples/00359.png 66
ucf/PlayingTabla/samples/00360.png 66
ucf/PlayingTabla/samples/00361.png 66
ucf/PlayingTabla/samples/00362.png 66
ucf/PlayingTabla/samples/00363.png 66
ucf/PlayingTabla/samples/00364.png 66
ucf/PlayingTabla/samples/00365.png 66
ucf/PlayingTabla/samples/00366.png 66
ucf/PlayingTabla/samples/00367.png 66
ucf/PlayingTabla/samples/00368.png 66
ucf/PlayingTabla/samples/00369.png 66
ucf/PlayingTabla/samples/00370.png 66
ucf/PlayingTabla/samples/00371.png 66
ucf/PlayingTabla/samples/00372.png 66
ucf/PlayingTabla/samples/00373.png 66
ucf/PlayingTabla/samples/00374.png 66
ucf/PlayingTabla/samples/00375.png 66
ucf/PlayingTabla/samples/00376.png 66
ucf/PlayingTabla/samples/00377.png 66
ucf/PlayingTabla/samples/00378.png 66
ucf/PlayingTabla/samples/00379.png 66
ucf/PlayingTabla/samples/00380.png 66
ucf/PlayingTabla/samples/00381.png 66
ucf/PlayingTabla/samples/00382.png 66
ucf/PlayingTabla/samples/00383.png 66
ucf/PlayingTabla/samples/00384.png 66
ucf/PlayingTabla/samples/00385.png 66
ucf/PlayingTabla/samples/00386.png 66
ucf/PlayingTabla/samples/00387.png 66
ucf/PlayingTabla/samples/00388.png 66
ucf/PlayingTabla/samples/00389.png 66
ucf/PlayingTabla/samples/00390.png 66
ucf/PlayingTabla/samples/00391.png 66
ucf/PlayingTabla/samples/00392.png 66
ucf/PlayingTabla/samples/00393.png 66
ucf/PlayingTabla/samples/00394.png 66
ucf/PlayingTabla/samples/00395.png 66
ucf/PlayingTabla/samples/00396.png 66
ucf/PlayingTabla/samples/00397.png 66
ucf/PlayingTabla/samples/00398.png 66
ucf/PlayingTabla/samples/00399.png 66
ucf/PlayingTabla/samples/00400.png 66
ucf/PlayingTabla/samples/00401.png 66
ucf/PlayingTabla/samples/00402.png 66
ucf/PlayingTabla/samples/00403.png 66
ucf/PlayingTabla/samples/00404.png 66
ucf/PlayingTabla/samples/00405.png 66
ucf/PlayingTabla/samples/00406.png 66
ucf/PlayingTabla/samples/00407.png 66
ucf/PlayingTabla/samples/00408.png 66
ucf/PlayingTabla/samples/00409.png 66
ucf/PlayingTabla/samples/00410.png 66
ucf/PlayingTabla/samples/00411.png 66
ucf/PlayingTabla/samples/00412.png 66
ucf/PlayingTabla/samples/00413.png 66
ucf/PlayingTabla/samples/00414.png 66
ucf/PlayingTabla/samples/00415.png 66
ucf/PlayingTabla/samples/00416.png 66
ucf/PlayingTabla/samples/00417.png 66
ucf/PlayingTabla/samples/00418.png 66
ucf/PlayingTabla/samples/00419.png 66
ucf/PlayingTabla/samples/00420.png 66
ucf/PlayingTabla/samples/00421.png 66
ucf/PlayingTabla/samples/00422.png 66
ucf/PlayingTabla/samples/00423.png 66
ucf/PlayingTabla/samples/00424.png 66
ucf/PlayingTabla/samples/00425.png 66
ucf/PlayingTabla/samples/00426.png 66
ucf/PlayingTabla/samples/00427.png 66
ucf/PlayingTabla/samples/00428.png 66
ucf/PlayingTabla/samples/00429.png 66
ucf/PlayingTabla/samples/00430.png 66
ucf/PlayingTabla/samples/00431.png 66
ucf/PlayingTabla/samples/00432.png 66
ucf/PlayingTabla/samples/00433.png 66
ucf/PlayingTabla/samples/00434.png 66
ucf/PlayingTabla/samples/00435.png 66
ucf/PlayingTabla/samples/00436.png 66
ucf/PlayingTabla/samples/00437.png 66
ucf/PlayingTabla/samples/00438.png 66
ucf/PlayingTabla/samples/00439.png 66
ucf/PlayingTabla/samples/00440.png 66
ucf/PlayingTabla/samples/00441.png 66
ucf/PlayingTabla/samples/00442.png 66
ucf/PlayingTabla/samples/00443.png 66
ucf/PlayingTabla/samples/00444.png 66
ucf/PlayingTabla/samples/00445.png 66
ucf/PlayingTabla/samples/00446.png 66
ucf/PlayingTabla/samples/00447.png 66
ucf/PlayingTabla/samples/00448.png 66
ucf/PlayingTabla/samples/00449.png 66
ucf/PlayingTabla/samples/00450.png 66
ucf/PlayingTabla/samples/00451.png 66
ucf/PlayingTabla/samples/00452.png 66
ucf/PlayingTabla/samples/00453.png 66
ucf/PlayingTabla/samples/00454.png 66
ucf/PlayingTabla/samples/00455.png 66
ucf/PlayingTabla/samples/00456.png 66
ucf/PlayingTabla/samples/00457.png 66
ucf/PlayingTabla/samples/00458.png 66
ucf/PlayingTabla/samples/00459.png 66
ucf/PlayingTabla/samples/00460.png 66
ucf/PlayingTabla/samples/00461.png 66
ucf/PlayingTabla/samples/00462.png 66
ucf/PlayingTabla/samples/00463.png 66
ucf/PlayingTabla/samples/00464.png 66
ucf/PlayingTabla/samples/00465.png 66
ucf/PlayingTabla/samples/00466.png 66
ucf/PlayingTabla/samples/00467.png 66
ucf/PlayingTabla/samples/00468.png 66
ucf/PlayingTabla/samples/00469.png 66
ucf/PlayingTabla/samples/00470.png 66
ucf/PlayingTabla/samples/00471.png 66
ucf/PlayingTabla/samples/00472.png 66
ucf/PlayingTabla/samples/00473.png 66
ucf/PlayingTabla/samples/00474.png 66
ucf/PlayingTabla/samples/00475.png 66
ucf/PlayingTabla/samples/00476.png 66
ucf/PlayingTabla/samples/00477.png 66
ucf/PlayingTabla/samples/00478.png 66
ucf/PlayingTabla/samples/00479.png 66
ucf/PlayingTabla/samples/00480.png 66
ucf/PlayingTabla/samples/00481.png 66
ucf/PlayingTabla/samples/00482.png 66
ucf/PlayingTabla/samples/00483.png 66
ucf/PlayingTabla/samples/00484.png 66
ucf/PlayingTabla/samples/00485.png 66
ucf/PlayingTabla/samples/00486.png 66
ucf/PlayingTabla/samples/00487.png 66
ucf/PlayingTabla/samples/00488.png 66
ucf/PlayingTabla/samples/00489.png 66
ucf/PlayingTabla/samples/00490.png 66
ucf/PlayingTabla/samples/00491.png 66
ucf/PlayingTabla/samples/00492.png 66
ucf/PlayingTabla/samples/00493.png 66
ucf/PlayingTabla/samples/00494.png 66
ucf/PlayingTabla/samples/00495.png 66
ucf/PlayingTabla/samples/00496.png 66
ucf/PlayingTabla/samples/00497.png 66
ucf/PlayingTabla/samples/00498.png 66
ucf/PlayingTabla/samples/00499.png 66
ucf/PlayingTabla/samples/00500.png 66
ucf/PlayingTabla/samples/00501.png 66
ucf/PlayingTabla/samples/00502.png 66
ucf/PlayingTabla/samples/00503.png 66
ucf/PlayingTabla/samples/00504.png 66
ucf/PlayingTabla/samples/00505.png 66
ucf/PlayingTabla/samples/00506.png 66
ucf/PlayingTabla/samples/00507.png 66
ucf/PlayingTabla/samples/00508.png 66
ucf/PlayingTabla/samples/00509.png 66
ucf/PlayingTabla/samples/00510.png 66
ucf/PlayingTabla/samples/00511.png 66
ucf/PlayingTabla/samples/00512.png 66
ucf/PlayingTabla/samples/00513.png 66
ucf/PlayingTabla/samples/00514.png 66
ucf/PlayingTabla/samples/00515.png 66
ucf/PlayingTabla/samples/00516.png 66
ucf/PlayingTabla/samples/00517.png 66
ucf/PlayingTabla/samples/00518.png 66
ucf/PlayingTabla/samples/00519.png 66
ucf/PlayingTabla/samples/00520.png 66
ucf/PlayingTabla/samples/00521.png 66
ucf/PlayingTabla/samples/00522.png 66
ucf/PlayingTabla/samples/00523.png 66
ucf/PlayingTabla/samples/00524.png 66
ucf/PlayingTabla/samples/00525.png 66
ucf/PlayingTabla/samples/00526.png 66
ucf/PlayingTabla/samples/00527.png 66
ucf/PlayingTabla/samples/00528.png 66
ucf/PlayingTabla/samples/00529.png 66
ucf/PlayingTabla/samples/00530.png 66
ucf/PlayingTabla/samples/00531.png 66
ucf/PlayingTabla/samples/00532.png 66
ucf/PlayingTabla/samples/00533.png 66
ucf/PlayingTabla/samples/00534.png 66
ucf/PlayingTabla/samples/00535.png 66
ucf/PlayingTabla/samples/00536.png 66
ucf/PlayingTabla/samples/00537.png 66
ucf/PlayingTabla/samples/00538.png 66
ucf/PlayingTabla/samples/00539.png 66
ucf/PlayingTabla/samples/00540.png 66
ucf/PlayingTabla/samples/00541.png 66
ucf/PlayingTabla/samples/00542.png 66
ucf/PlayingTabla/samples/00543.png 66
ucf/PlayingTabla/samples/00544.png 66
ucf/PlayingTabla/samples/00545.png 66
ucf/PlayingTabla/samples/00546.png 66
ucf/PlayingTabla/samples/00547.png 66
ucf/PlayingTabla/samples/00548.png 66
ucf/PlayingTabla/samples/00549.png 66
ucf/PlayingTabla/samples/00550.png 66
ucf/PlayingTabla/samples/00551.png 66
ucf/PlayingTabla/samples/00552.png 66
ucf/PlayingTabla/samples/00553.png 66
ucf/PlayingTabla/samples/00554.png 66
ucf/PlayingTabla/samples/00555.png 66
ucf/PlayingTabla/samples/00556.png 66
ucf/PlayingTabla/samples/00557.png 66
ucf/PlayingTabla/samples/00558.png 66
ucf/PlayingTabla/samples/00559.png 66
ucf/PlayingTabla/samples/00560.png 66
ucf/PlayingTabla/samples/00561.png 66
ucf/PlayingTabla/samples/00562.png 66
ucf/PlayingTabla/samples/00563.png 66
ucf/PlayingTabla/samples/00564.png 66
ucf/PlayingTabla/samples/00565.png 66
ucf/PlayingTabla/samples/00566.png 66
ucf/PlayingTabla/samples/00567.png 66
ucf/PlayingTabla/samples/00568.png 66
ucf/PlayingTabla/samples/00569.png 66
ucf/PlayingTabla/samples/00570.png 66
ucf/PlayingTabla/samples/00571.png 66
ucf/PlayingTabla/samples/00572.png 66
ucf/PlayingTabla/samples/00573.png 66
ucf/PlayingTabla/samples/00574.png 66
ucf/PlayingTabla/samples/00575.png 66
ucf/PlayingTabla/samples/00576.png 66
ucf/PlayingTabla/samples/00577.png 66
ucf/PlayingTabla/samples/00578.png 66
ucf/PlayingTabla/samples/00579.png 66
ucf/PlayingTabla/samples/00580.png 66
ucf/PlayingTabla/samples/00581.png 66
ucf/PlayingTabla/samples/00582.png 66
ucf/PlayingTabla/samples/00583.png 66
ucf/PlayingTabla/samples/00584.png 66
ucf/PlayingTabla/samples/00585.png 66
ucf/PlayingTabla/samples/00586.png 66
ucf/PlayingTabla/samples/00587.png 66
ucf/PlayingTabla/samples/00588.png 66
ucf/PlayingTabla/samples/00589.png 66
ucf/PlayingTabla/samples/00590.png 66
ucf/PlayingTabla/samples/00591.png 66
ucf/PlayingTabla/samples/00592.png 66
ucf/PlayingTabla/samples/00593.png 66
ucf/PlayingTabla/samples/00594.png 66
ucf/PlayingTabla/samples/00595.png 66
ucf/PlayingTabla/samples/00596.png 66
ucf/PlayingTabla/samples/00597.png 66
ucf/PlayingTabla/samples/00598.png 66
ucf/PlayingTabla/samples/00599.png 66
ucf/PlayingTabla/samples/00600.png 66
ucf/PlayingTabla/samples/00601.png 66
ucf/PlayingTabla/samples/00602.png 66
ucf/PlayingTabla/samples/00603.png 66
ucf/PlayingTabla/samples/00604.png 66
ucf/PlayingTabla/samples/00605.png 66
ucf/PlayingTabla/samples/00606.png 66
ucf/PlayingTabla/samples/00607.png 66
ucf/PlayingTabla/samples/00608.png 66
ucf/PlayingTabla/samples/00609.png 66
ucf/PlayingTabla/samples/00610.png 66
ucf/PlayingTabla/samples/00611.png 66
ucf/PlayingTabla/samples/00612.png 66
ucf/PlayingTabla/samples/00613.png 66
ucf/PlayingTabla/samples/00614.png 66
ucf/PlayingTabla/samples/00615.png 66
ucf/PlayingTabla/samples/00616.png 66
ucf/PlayingTabla/samples/00617.png 66
ucf/PlayingTabla/samples/00618.png 66
ucf/PlayingTabla/samples/00619.png 66
ucf/PlayingTabla/samples/00620.png 66
ucf/PlayingTabla/samples/00621.png 66
ucf/PlayingTabla/samples/00622.png 66
ucf/PlayingTabla/samples/00623.png 66
ucf/PlayingTabla/samples/00624.png 66
ucf/PlayingTabla/samples/00625.png 66
ucf/PlayingTabla/samples/00626.png 66
ucf/PlayingTabla/samples/00627.png 66
ucf/PlayingTabla/samples/00628.png 66
ucf/PlayingTabla/samples/00629.png 66
ucf/PlayingTabla/samples/00630.png 66
ucf/PlayingTabla/samples/00631.png 66
ucf/PlayingTabla/samples/00632.png 66
ucf/PlayingTabla/samples/00633.png 66
ucf/PlayingTabla/samples/00634.png 66
ucf/PlayingTabla/samples/00635.png 66
ucf/PlayingTabla/samples/00636.png 66
ucf/PlayingTabla/samples/00637.png 66
ucf/PlayingTabla/samples/00638.png 66
ucf/PlayingTabla/samples/00639.png 66
ucf/PlayingTabla/samples/00640.png 66
ucf/PlayingTabla/samples/00641.png 66
ucf/PlayingTabla/samples/00642.png 66
ucf/PlayingTabla/samples/00643.png 66
ucf/PlayingTabla/samples/00644.png 66
ucf/PlayingTabla/samples/00645.png 66
ucf/PlayingTabla/samples/00646.png 66
ucf/PlayingTabla/samples/00647.png 66
ucf/PlayingTabla/samples/00648.png 66
ucf/PlayingTabla/samples/00649.png 66
ucf/PlayingTabla/samples/00650.png 66
ucf/PlayingTabla/samples/00651.png 66
ucf/PlayingTabla/samples/00652.png 66
ucf/PlayingTabla/samples/00653.png 66
ucf/PlayingTabla/samples/00654.png 66
ucf/PlayingTabla/samples/00655.png 66
ucf/PlayingTabla/samples/00656.png 66
ucf/PlayingTabla/samples/00657.png 66
ucf/PlayingTabla/samples/00658.png 66
ucf/PlayingTabla/samples/00659.png 66
ucf/PlayingTabla/samples/00660.png 66
ucf/PlayingTabla/samples/00661.png 66
ucf/PlayingTabla/samples/00662.png 66
ucf/PlayingTabla/samples/00663.png 66
ucf/PlayingTabla/samples/00664.png 66
ucf/PlayingTabla/samples/00665.png 66
ucf/PlayingTabla/samples/00666.png 66
ucf/PlayingTabla/samples/00667.png 66
ucf/PlayingTabla/samples/00668.png 66
ucf/PlayingTabla/samples/00669.png 66
ucf/PlayingTabla/samples/00670.png 66
ucf/PlayingTabla/samples/00671.png 66
ucf/PlayingTabla/samples/00672.png 66
ucf/PlayingTabla/samples/00673.png 66
ucf/PlayingTabla/samples/00674.png 66
ucf/PlayingTabla/samples/00675.png 66
ucf/PlayingTabla/samples/00676.png 66
ucf/PlayingTabla/samples/00677.png 66
ucf/PlayingTabla/samples/00678.png 66
ucf/PlayingTabla/samples/00679.png 66
ucf/PlayingTabla/samples/00680.png 66
ucf/PlayingTabla/samples/00681.png 66
ucf/PlayingTabla/samples/00682.png 66
ucf/PlayingTabla/samples/00683.png 66
ucf/PlayingTabla/samples/00684.png 66
ucf/PlayingTabla/samples/00685.png 66
ucf/PlayingTabla/samples/00686.png 66
ucf/PlayingTabla/samples/00687.png 66
ucf/PlayingTabla/samples/00688.png 66
ucf/PlayingTabla/samples/00689.png 66
ucf/PlayingTabla/samples/00690.png 66
ucf/PlayingTabla/samples/00691.png 66
ucf/PlayingTabla/samples/00692.png 66
ucf/PlayingTabla/samples/00693.png 66
ucf/PlayingTabla/samples/00694.png 66
ucf/PlayingTabla/samples/00695.png 66
ucf/PlayingTabla/samples/00696.png 66
ucf/PlayingTabla/samples/00697.png 66
ucf/PlayingTabla/samples/00698.png 66
ucf/PlayingTabla/samples/00699.png 66
ucf/PlayingTabla/samples/00700.png 66
ucf/PlayingTabla/samples/00701.png 66
ucf/PlayingTabla/samples/00702.png 66
ucf/PlayingTabla/samples/00703.png 66
ucf/PlayingTabla/samples/00704.png 66
ucf/PlayingTabla/samples/00705.png 66
ucf/PlayingTabla/samples/00706.png 66
ucf/PlayingTabla/samples/00707.png 66
ucf/PlayingTabla/samples/00708.png 66
ucf/PlayingTabla/samples/00709.png 66
ucf/PlayingTabla/samples/00710.png 66
ucf/PlayingTabla/samples/00711.png 66
ucf/PlayingTabla/samples/00712.png 66
ucf/PlayingTabla/samples/00713.png 66
ucf/PlayingTabla/samples/00714.png 66
ucf/PlayingTabla/samples/00715.png 66
ucf/PlayingTabla/samples/00716.png 66
ucf/PlayingTabla/samples/00717.png 66
ucf/PlayingTabla/samples/00718.png 66
ucf/PlayingTabla/samples/00719.png 66
ucf/PlayingTabla/samples/00720.png 66
ucf/PlayingTabla/samples/00721.png 66
ucf/PlayingTabla/samples/00722.png 66
ucf/PlayingTabla/samples/00723.png 66
ucf/PlayingTabla/samples/00724.png 66
ucf/PlayingTabla/samples/00725.png 66
ucf/PlayingTabla/samples/00726.png 66
ucf/PlayingTabla/samples/00727.png 66
ucf/PlayingTabla/samples/00728.png 66
ucf/PlayingTabla/samples/00729.png 66
ucf/PlayingTabla/samples/00730.png 66
ucf/PlayingTabla/samples/00731.png 66
ucf/PlayingTabla/samples/00732.png 66
ucf/PlayingTabla/samples/00733.png 66
ucf/PlayingTabla/samples/00734.png 66
ucf/PlayingTabla/samples/00735.png 66
ucf/PlayingTabla/samples/00736.png 66
ucf/PlayingTabla/samples/00737.png 66
ucf/PlayingTabla/samples/00738.png 66
ucf/PlayingTabla/samples/00739.png 66
ucf/PlayingTabla/samples/00740.png 66
ucf/PlayingTabla/samples/00741.png 66
ucf/PlayingTabla/samples/00742.png 66
ucf/PlayingTabla/samples/00743.png 66
ucf/PlayingTabla/samples/00744.png 66
ucf/PlayingTabla/samples/00745.png 66
ucf/PlayingTabla/samples/00746.png 66
ucf/PlayingTabla/samples/00747.png 66
ucf/PlayingTabla/samples/00748.png 66
ucf/PlayingTabla/samples/00749.png 66
ucf/PlayingTabla/samples/00750.png 66
ucf/PlayingTabla/samples/00751.png 66
ucf/PlayingTabla/samples/00752.png 66
ucf/PlayingTabla/samples/00753.png 66
ucf/PlayingTabla/samples/00754.png 66
ucf/PlayingTabla/samples/00755.png 66
ucf/PlayingTabla/samples/00756.png 66
ucf/PlayingTabla/samples/00757.png 66
ucf/PlayingTabla/samples/00758.png 66
ucf/PlayingTabla/samples/00759.png 66
ucf/PlayingTabla/samples/00760.png 66
ucf/PlayingTabla/samples/00761.png 66
ucf/PlayingTabla/samples/00762.png 66
ucf/PlayingTabla/samples/00763.png 66
ucf/PlayingTabla/samples/00764.png 66
ucf/PlayingTabla/samples/00765.png 66
ucf/PlayingTabla/samples/00766.png 66
ucf/PlayingTabla/samples/00767.png 66
ucf/PlayingTabla/samples/00768.png 66
ucf/PlayingTabla/samples/00769.png 66
ucf/PlayingTabla/samples/00770.png 66
ucf/PlayingTabla/samples/00771.png 66
ucf/PlayingTabla/samples/00772.png 66
ucf/PlayingTabla/samples/00773.png 66
ucf/PlayingTabla/samples/00774.png 66
ucf/PlayingTabla/samples/00775.png 66
ucf/PlayingTabla/samples/00776.png 66
ucf/PlayingTabla/samples/00777.png 66
ucf/PlayingTabla/samples/00778.png 66
ucf/PlayingTabla/samples/00779.png 66
ucf/PlayingTabla/samples/00780.png 66
ucf/PlayingTabla/samples/00781.png 66
ucf/PlayingTabla/samples/00782.png 66
ucf/PlayingTabla/samples/00783.png 66
ucf/PlayingTabla/samples/00784.png 66
ucf/PlayingTabla/samples/00785.png 66
ucf/PlayingTabla/samples/00786.png 66
ucf/PlayingTabla/samples/00787.png 66
ucf/PlayingTabla/samples/00788.png 66
ucf/PlayingTabla/samples/00789.png 66
ucf/PlayingTabla/samples/00790.png 66
ucf/PlayingTabla/samples/00791.png 66
ucf/PlayingTabla/samples/00792.png 66
ucf/PlayingTabla/samples/00793.png 66
ucf/PlayingTabla/samples/00794.png 66
ucf/PlayingTabla/samples/00795.png 66
ucf/PlayingTabla/samples/00796.png 66
ucf/PlayingTabla/samples/00797.png 66
ucf/PlayingTabla/samples/00798.png 66
ucf/PlayingTabla/samples/00799.png 66
ucf/PlayingTabla/samples/00800.png 66
ucf/PlayingTabla/samples/00801.png 66
ucf/PlayingTabla/samples/00802.png 66
ucf/PlayingTabla/samples/00803.png 66
ucf/PlayingTabla/samples/00804.png 66
ucf/PlayingTabla/samples/00805.png 66
ucf/PlayingTabla/samples/00806.png 66
ucf/PlayingTabla/samples/00807.png 66
ucf/PlayingTabla/samples/00808.png 66
ucf/PlayingTabla/samples/00809.png 66
ucf/PlayingTabla/samples/00810.png 66
ucf/PlayingTabla/samples/00811.png 66
ucf/PlayingTabla/samples/00812.png 66
ucf/PlayingTabla/samples/00813.png 66
ucf/PlayingTabla/samples/00814.png 66
ucf/PlayingTabla/samples/00815.png 66
ucf/PlayingTabla/samples/00816.png 66
ucf/PlayingTabla/samples/00817.png 66
ucf/PlayingTabla/samples/00818.png 66
ucf/PlayingTabla/samples/00819.png 66
ucf/PlayingTabla/samples/00820.png 66
ucf/PlayingTabla/samples/00821.png 66
ucf/PlayingTabla/samples/00822.png 66
ucf/PlayingTabla/samples/00823.png 66
ucf/PlayingTabla/samples/00824.png 66
ucf/PlayingTabla/samples/00825.png 66
ucf/PlayingTabla/samples/00826.png 66
ucf/PlayingTabla/samples/00827.png 66
ucf/PlayingTabla/samples/00828.png 66
ucf/PlayingTabla/samples/00829.png 66
ucf/PlayingTabla/samples/00830.png 66
ucf/PlayingTabla/samples/00831.png 66
ucf/PlayingTabla/samples/00832.png 66
ucf/PlayingTabla/samples/00833.png 66
ucf/PlayingTabla/samples/00834.png 66
ucf/PlayingTabla/samples/00835.png 66
ucf/PlayingTabla/samples/00836.png 66
ucf/PlayingTabla/samples/00837.png 66
ucf/PlayingTabla/samples/00838.png 66
ucf/PlayingTabla/samples/00839.png 66
ucf/PlayingTabla/samples/00840.png 66
ucf/PlayingTabla/samples/00841.png 66
ucf/PlayingTabla/samples/00842.png 66
ucf/PlayingTabla/samples/00843.png 66
ucf/PlayingTabla/samples/00844.png 66
ucf/PlayingTabla/samples/00845.png 66
ucf/PlayingTabla/samples/00846.png 66
ucf/PlayingTabla/samples/00847.png 66
ucf/PlayingTabla/samples/00848.png 66
ucf/PlayingTabla/samples/00849.png 66
ucf/PlayingTabla/samples/00850.png 66
ucf/PlayingTabla/samples/00851.png 66
ucf/PlayingTabla/samples/00852.png 66
ucf/PlayingTabla/samples/00853.png 66
ucf/PlayingTabla/samples/00854.png 66
ucf/PlayingTabla/samples/00855.png 66
ucf/PlayingTabla/samples/00856.png 66
ucf/PlayingTabla/samples/00857.png 66
ucf/PlayingTabla/samples/00858.png 66
ucf/PlayingTabla/samples/00859.png 66
ucf/PlayingTabla/samples/00860.png 66
ucf/PlayingTabla/samples/00861.png 66
ucf/PlayingTabla/samples/00862.png 66
ucf/PlayingTabla/samples/00863.png 66
ucf/PlayingTabla/samples/00864.png 66
ucf/PlayingTabla/samples/00865.png 66
ucf/PlayingTabla/samples/00866.png 66
ucf/PlayingTabla/samples/00867.png 66
ucf/PlayingTabla/samples/00868.png 66
ucf/PlayingTabla/samples/00869.png 66
ucf/PlayingTabla/samples/00870.png 66
ucf/PlayingTabla/samples/00871.png 66
ucf/PlayingTabla/samples/00872.png 66
ucf/PlayingTabla/samples/00873.png 66
ucf/PlayingTabla/samples/00874.png 66
ucf/PlayingTabla/samples/00875.png 66
ucf/PlayingTabla/samples/00876.png 66
ucf/PlayingTabla/samples/00877.png 66
ucf/PlayingTabla/samples/00878.png 66
ucf/PlayingTabla/samples/00879.png 66
ucf/PlayingTabla/samples/00880.png 66
ucf/PlayingTabla/samples/00881.png 66
ucf/PlayingTabla/samples/00882.png 66
ucf/PlayingTabla/samples/00883.png 66
ucf/PlayingTabla/samples/00884.png 66
ucf/PlayingTabla/samples/00885.png 66
ucf/PlayingTabla/samples/00886.png 66
ucf/PlayingTabla/samples/00887.png 66
ucf/PlayingTabla/samples/00888.png 66
ucf/PlayingTabla/samples/00889.png 66
ucf/PlayingTabla/samples/00890.png 66
ucf/PlayingTabla/samples/00891.png 66
ucf/PlayingTabla/samples/00892.png 66
ucf/PlayingTabla/samples/00893.png 66
ucf/PlayingTabla/samples/00894.png 66
ucf/PlayingTabla/samples/00895.png 66
ucf/PlayingTabla/samples/00896.png 66
ucf/PlayingTabla/samples/00897.png 66
ucf/PlayingTabla/samples/00898.png 66
ucf/PlayingTabla/samples/00899.png 66
ucf/PlayingTabla/samples/00900.png 66
ucf/PlayingTabla/samples/00901.png 66
ucf/PlayingTabla/samples/00902.png 66
ucf/PlayingTabla/samples/00903.png 66
ucf/PlayingTabla/samples/00904.png 66
ucf/PlayingTabla/samples/00905.png 66
ucf/PlayingTabla/samples/00906.png 66
ucf/PlayingTabla/samples/00907.png 66
ucf/PlayingTabla/samples/00908.png 66
ucf/PlayingTabla/samples/00909.png 66
ucf/PlayingTabla/samples/00910.png 66
ucf/PlayingTabla/samples/00911.png 66
ucf/PlayingTabla/samples/00912.png 66
ucf/PlayingTabla/samples/00913.png 66
ucf/PlayingTabla/samples/00914.png 66
ucf/PlayingTabla/samples/00915.png 66
ucf/PlayingTabla/samples/00916.png 66
ucf/PlayingTabla/samples/00917.png 66
ucf/PlayingTabla/samples/00918.png 66
ucf/PlayingTabla/samples/00919.png 66
ucf/PlayingTabla/samples/00920.png 66
ucf/PlayingTabla/samples/00921.png 66
ucf/PlayingTabla/samples/00922.png 66
ucf/PlayingTabla/samples/00923.png 66
ucf/PlayingTabla/samples/00924.png 66
ucf/PlayingTabla/samples/00925.png 66
ucf/PlayingTabla/samples/00926.png 66
ucf/PlayingTabla/samples/00927.png 66
ucf/PlayingTabla/samples/00928.png 66
ucf/PlayingTabla/samples/00929.png 66
ucf/PlayingTabla/samples/00930.png 66
ucf/PlayingTabla/samples/00931.png 66
ucf/PlayingTabla/samples/00932.png 66
ucf/PlayingTabla/samples/00933.png 66
ucf/PlayingTabla/samples/00934.png 66
ucf/PlayingTabla/samples/00935.png 66
ucf/PlayingTabla/samples/00936.png 66
ucf/PlayingTabla/samples/00937.png 66
ucf/PlayingTabla/samples/00938.png 66
ucf/PlayingTabla/samples/00939.png 66
ucf/PlayingTabla/samples/00940.png 66
ucf/PlayingTabla/samples/00941.png 66
ucf/PlayingTabla/samples/00942.png 66
ucf/PlayingTabla/samples/00943.png 66
ucf/PlayingTabla/samples/00944.png 66
ucf/PlayingTabla/samples/00945.png 66
ucf/PlayingTabla/samples/00946.png 66
ucf/PlayingTabla/samples/00947.png 66
ucf/PlayingTabla/samples/00948.png 66
ucf/PlayingTabla/samples/00949.png 66
ucf/PlayingTabla/samples/00950.png 66
ucf/PlayingTabla/samples/00951.png 66
ucf/PlayingTabla/samples/00952.png 66
ucf/PlayingTabla/samples/00953.png 66
ucf/PlayingTabla/samples/00954.png 66
ucf/PlayingTabla/samples/00955.png 66
ucf/PlayingTabla/samples/00956.png 66
ucf/PlayingTabla/samples/00957.png 66
ucf/PlayingTabla/samples/00958.png 66
ucf/PlayingTabla/samples/00959.png 66
ucf/PlayingTabla/samples/00960.png 66
ucf/PlayingTabla/samples/00961.png 66
ucf/PlayingTabla/samples/00962.png 66
ucf/PlayingTabla/samples/00963.png 66
ucf/PlayingTabla/samples/00964.png 66
ucf/PlayingTabla/samples/00965.png 66
ucf/PlayingTabla/samples/00966.png 66
ucf/PlayingTabla/samples/00967.png 66
ucf/PlayingTabla/samples/00968.png 66
ucf/PlayingTabla/samples/00969.png 66
ucf/PlayingTabla/samples/00970.png 66
ucf/PlayingTabla/samples/00971.png 66
ucf/PlayingTabla/samples/00972.png 66
ucf/PlayingTabla/samples/00973.png 66
ucf/PlayingTabla/samples/00974.png 66
ucf/PlayingTabla/samples/00975.png 66
ucf/PlayingTabla/samples/00976.png 66
ucf/PlayingTabla/samples/00977.png 66
ucf/PlayingTabla/samples/00978.png 66
ucf/PlayingTabla/samples/00979.png 66
ucf/PlayingTabla/samples/00980.png 66
ucf/PlayingTabla/samples/00981.png 66
ucf/PlayingTabla/samples/00982.png 66
ucf/PlayingTabla/samples/00983.png 66
ucf/PlayingTabla/samples/00984.png 66
ucf/PlayingTabla/samples/00985.png 66
ucf/PlayingTabla/samples/00986.png 66
ucf/PlayingTabla/samples/00987.png 66
ucf/PlayingTabla/samples/00988.png 66
ucf/PlayingTabla/samples/00989.png 66
ucf/PlayingTabla/samples/00990.png 66
ucf/PlayingTabla/samples/00991.png 66
ucf/PlayingTabla/samples/00992.png 66
ucf/PlayingTabla/samples/00993.png 66
ucf/PlayingTabla/samples/00994.png 66
ucf/PlayingTabla/samples/00995.png 66
ucf/PlayingTabla/samples/00996.png 66
ucf/PlayingTabla/samples/00997.png 66
ucf/PlayingTabla/samples/00998.png 66
ucf/PlayingTabla/samples/00999.png 66
ucf/BlowDryHair/samples/00000.png 13
ucf/BlowDryHair/samples/00001.png 13
ucf/BlowDryHair/samples/00002.png 13
ucf/BlowDryHair/samples/00003.png 13
ucf/BlowDryHair/samples/00004.png 13
ucf/BlowDryHair/samples/00005.png 13
ucf/BlowDryHair/samples/00006.png 13
ucf/BlowDryHair/samples/00007.png 13
ucf/BlowDryHair/samples/00008.png 13
ucf/BlowDryHair/samples/00009.png 13
ucf/BlowDryHair/samples/00010.png 13
ucf/BlowDryHair/samples/00011.png 13
ucf/BlowDryHair/samples/00012.png 13
ucf/BlowDryHair/samples/00013.png 13
ucf/BlowDryHair/samples/00014.png 13
ucf/BlowDryHair/samples/00015.png 13
ucf/BlowDryHair/samples/00016.png 13
ucf/BlowDryHair/samples/00017.png 13
ucf/BlowDryHair/samples/00018.png 13
ucf/BlowDryHair/samples/00019.png 13
ucf/BlowDryHair/samples/00020.png 13
ucf/BlowDryHair/samples/00021.png 13
ucf/BlowDryHair/samples/00022.png 13
ucf/BlowDryHair/samples/00023.png 13
ucf/BlowDryHair/samples/00024.png 13
ucf/BlowDryHair/samples/00025.png 13
ucf/BlowDryHair/samples/00026.png 13
ucf/BlowDryHair/samples/00027.png 13
ucf/BlowDryHair/samples/00028.png 13
ucf/BlowDryHair/samples/00029.png 13
ucf/BlowDryHair/samples/00030.png 13
ucf/BlowDryHair/samples/00031.png 13
ucf/BlowDryHair/samples/00032.png 13
ucf/BlowDryHair/samples/00033.png 13
ucf/BlowDryHair/samples/00034.png 13
ucf/BlowDryHair/samples/00035.png 13
ucf/BlowDryHair/samples/00036.png 13
ucf/BlowDryHair/samples/00037.png 13
ucf/BlowDryHair/samples/00038.png 13
ucf/BlowDryHair/samples/00039.png 13
ucf/BlowDryHair/samples/00040.png 13
ucf/BlowDryHair/samples/00041.png 13
ucf/BlowDryHair/samples/00042.png 13
ucf/BlowDryHair/samples/00043.png 13
ucf/BlowDryHair/samples/00044.png 13
ucf/BlowDryHair/samples/00045.png 13
ucf/BlowDryHair/samples/00046.png 13
ucf/BlowDryHair/samples/00047.png 13
ucf/BlowDryHair/samples/00048.png 13
ucf/BlowDryHair/samples/00049.png 13
ucf/BlowDryHair/samples/00050.png 13
ucf/BlowDryHair/samples/00051.png 13
ucf/BlowDryHair/samples/00052.png 13
ucf/BlowDryHair/samples/00053.png 13
ucf/BlowDryHair/samples/00054.png 13
ucf/BlowDryHair/samples/00055.png 13
ucf/BlowDryHair/samples/00056.png 13
ucf/BlowDryHair/samples/00057.png 13
ucf/BlowDryHair/samples/00058.png 13
ucf/BlowDryHair/samples/00059.png 13
ucf/BlowDryHair/samples/00060.png 13
ucf/BlowDryHair/samples/00061.png 13
ucf/BlowDryHair/samples/00062.png 13
ucf/BlowDryHair/samples/00063.png 13
ucf/BlowDryHair/samples/00064.png 13
ucf/BlowDryHair/samples/00065.png 13
ucf/BlowDryHair/samples/00066.png 13
ucf/BlowDryHair/samples/00067.png 13
ucf/BlowDryHair/samples/00068.png 13
ucf/BlowDryHair/samples/00069.png 13
ucf/BlowDryHair/samples/00070.png 13
ucf/BlowDryHair/samples/00071.png 13
ucf/BlowDryHair/samples/00072.png 13
ucf/BlowDryHair/samples/00073.png 13
ucf/BlowDryHair/samples/00074.png 13
ucf/BlowDryHair/samples/00075.png 13
ucf/BlowDryHair/samples/00076.png 13
ucf/BlowDryHair/samples/00077.png 13
ucf/BlowDryHair/samples/00078.png 13
ucf/BlowDryHair/samples/00079.png 13
ucf/BlowDryHair/samples/00080.png 13
ucf/BlowDryHair/samples/00081.png 13
ucf/BlowDryHair/samples/00082.png 13
ucf/BlowDryHair/samples/00083.png 13
ucf/BlowDryHair/samples/00084.png 13
ucf/BlowDryHair/samples/00085.png 13
ucf/BlowDryHair/samples/00086.png 13
ucf/BlowDryHair/samples/00087.png 13
ucf/BlowDryHair/samples/00088.png 13
ucf/BlowDryHair/samples/00089.png 13
ucf/BlowDryHair/samples/00090.png 13
ucf/BlowDryHair/samples/00091.png 13
ucf/BlowDryHair/samples/00092.png 13
ucf/BlowDryHair/samples/00093.png 13
ucf/BlowDryHair/samples/00094.png 13
ucf/BlowDryHair/samples/00095.png 13
ucf/BlowDryHair/samples/00096.png 13
ucf/BlowDryHair/samples/00097.png 13
ucf/BlowDryHair/samples/00098.png 13
ucf/BlowDryHair/samples/00099.png 13
ucf/BlowDryHair/samples/00100.png 13
ucf/BlowDryHair/samples/00101.png 13
ucf/BlowDryHair/samples/00102.png 13
ucf/BlowDryHair/samples/00103.png 13
ucf/BlowDryHair/samples/00104.png 13
ucf/BlowDryHair/samples/00105.png 13
ucf/BlowDryHair/samples/00106.png 13
ucf/BlowDryHair/samples/00107.png 13
ucf/BlowDryHair/samples/00108.png 13
ucf/BlowDryHair/samples/00109.png 13
ucf/BlowDryHair/samples/00110.png 13
ucf/BlowDryHair/samples/00111.png 13
ucf/BlowDryHair/samples/00112.png 13
ucf/BlowDryHair/samples/00113.png 13
ucf/BlowDryHair/samples/00114.png 13
ucf/BlowDryHair/samples/00115.png 13
ucf/BlowDryHair/samples/00116.png 13
ucf/BlowDryHair/samples/00117.png 13
ucf/BlowDryHair/samples/00118.png 13
ucf/BlowDryHair/samples/00119.png 13
ucf/BlowDryHair/samples/00120.png 13
ucf/BlowDryHair/samples/00121.png 13
ucf/BlowDryHair/samples/00122.png 13
ucf/BlowDryHair/samples/00123.png 13
ucf/BlowDryHair/samples/00124.png 13
ucf/BlowDryHair/samples/00125.png 13
ucf/BlowDryHair/samples/00126.png 13
ucf/BlowDryHair/samples/00127.png 13
ucf/BlowDryHair/samples/00128.png 13
ucf/BlowDryHair/samples/00129.png 13
ucf/BlowDryHair/samples/00130.png 13
ucf/BlowDryHair/samples/00131.png 13
ucf/BlowDryHair/samples/00132.png 13
ucf/BlowDryHair/samples/00133.png 13
ucf/BlowDryHair/samples/00134.png 13
ucf/BlowDryHair/samples/00135.png 13
ucf/BlowDryHair/samples/00136.png 13
ucf/BlowDryHair/samples/00137.png 13
ucf/BlowDryHair/samples/00138.png 13
ucf/BlowDryHair/samples/00139.png 13
ucf/BlowDryHair/samples/00140.png 13
ucf/BlowDryHair/samples/00141.png 13
ucf/BlowDryHair/samples/00142.png 13
ucf/BlowDryHair/samples/00143.png 13
ucf/BlowDryHair/samples/00144.png 13
ucf/BlowDryHair/samples/00145.png 13
ucf/BlowDryHair/samples/00146.png 13
ucf/BlowDryHair/samples/00147.png 13
ucf/BlowDryHair/samples/00148.png 13
ucf/BlowDryHair/samples/00149.png 13
ucf/BlowDryHair/samples/00150.png 13
ucf/BlowDryHair/samples/00151.png 13
ucf/BlowDryHair/samples/00152.png 13
ucf/BlowDryHair/samples/00153.png 13
ucf/BlowDryHair/samples/00154.png 13
ucf/BlowDryHair/samples/00155.png 13
ucf/BlowDryHair/samples/00156.png 13
ucf/BlowDryHair/samples/00157.png 13
ucf/BlowDryHair/samples/00158.png 13
ucf/BlowDryHair/samples/00159.png 13
ucf/BlowDryHair/samples/00160.png 13
ucf/BlowDryHair/samples/00161.png 13
ucf/BlowDryHair/samples/00162.png 13
ucf/BlowDryHair/samples/00163.png 13
ucf/BlowDryHair/samples/00164.png 13
ucf/BlowDryHair/samples/00165.png 13
ucf/BlowDryHair/samples/00166.png 13
ucf/BlowDryHair/samples/00167.png 13
ucf/BlowDryHair/samples/00168.png 13
ucf/BlowDryHair/samples/00169.png 13
ucf/BlowDryHair/samples/00170.png 13
ucf/BlowDryHair/samples/00171.png 13
ucf/BlowDryHair/samples/00172.png 13
ucf/BlowDryHair/samples/00173.png 13
ucf/BlowDryHair/samples/00174.png 13
ucf/BlowDryHair/samples/00175.png 13
ucf/BlowDryHair/samples/00176.png 13
ucf/BlowDryHair/samples/00177.png 13
ucf/BlowDryHair/samples/00178.png 13
ucf/BlowDryHair/samples/00179.png 13
ucf/BlowDryHair/samples/00180.png 13
ucf/BlowDryHair/samples/00181.png 13
ucf/BlowDryHair/samples/00182.png 13
ucf/BlowDryHair/samples/00183.png 13
ucf/BlowDryHair/samples/00184.png 13
ucf/BlowDryHair/samples/00185.png 13
ucf/BlowDryHair/samples/00186.png 13
ucf/BlowDryHair/samples/00187.png 13
ucf/BlowDryHair/samples/00188.png 13
ucf/BlowDryHair/samples/00189.png 13
ucf/BlowDryHair/samples/00190.png 13
ucf/BlowDryHair/samples/00191.png 13
ucf/BlowDryHair/samples/00192.png 13
ucf/BlowDryHair/samples/00193.png 13
ucf/BlowDryHair/samples/00194.png 13
ucf/BlowDryHair/samples/00195.png 13
ucf/BlowDryHair/samples/00196.png 13
ucf/BlowDryHair/samples/00197.png 13
ucf/BlowDryHair/samples/00198.png 13
ucf/BlowDryHair/samples/00199.png 13
ucf/BlowDryHair/samples/00200.png 13
ucf/BlowDryHair/samples/00201.png 13
ucf/BlowDryHair/samples/00202.png 13
ucf/BlowDryHair/samples/00203.png 13
ucf/BlowDryHair/samples/00204.png 13
ucf/BlowDryHair/samples/00205.png 13
ucf/BlowDryHair/samples/00206.png 13
ucf/BlowDryHair/samples/00207.png 13
ucf/BlowDryHair/samples/00208.png 13
ucf/BlowDryHair/samples/00209.png 13
ucf/BlowDryHair/samples/00210.png 13
ucf/BlowDryHair/samples/00211.png 13
ucf/BlowDryHair/samples/00212.png 13
ucf/BlowDryHair/samples/00213.png 13
ucf/BlowDryHair/samples/00214.png 13
ucf/BlowDryHair/samples/00215.png 13
ucf/BlowDryHair/samples/00216.png 13
ucf/BlowDryHair/samples/00217.png 13
ucf/BlowDryHair/samples/00218.png 13
ucf/BlowDryHair/samples/00219.png 13
ucf/BlowDryHair/samples/00220.png 13
ucf/BlowDryHair/samples/00221.png 13
ucf/BlowDryHair/samples/00222.png 13
ucf/BlowDryHair/samples/00223.png 13
ucf/BlowDryHair/samples/00224.png 13
ucf/BlowDryHair/samples/00225.png 13
ucf/BlowDryHair/samples/00226.png 13
ucf/BlowDryHair/samples/00227.png 13
ucf/BlowDryHair/samples/00228.png 13
ucf/BlowDryHair/samples/00229.png 13
ucf/BlowDryHair/samples/00230.png 13
ucf/BlowDryHair/samples/00231.png 13
ucf/BlowDryHair/samples/00232.png 13
ucf/BlowDryHair/samples/00233.png 13
ucf/BlowDryHair/samples/00234.png 13
ucf/BlowDryHair/samples/00235.png 13
ucf/BlowDryHair/samples/00236.png 13
ucf/BlowDryHair/samples/00237.png 13
ucf/BlowDryHair/samples/00238.png 13
ucf/BlowDryHair/samples/00239.png 13
ucf/BlowDryHair/samples/00240.png 13
ucf/BlowDryHair/samples/00241.png 13
ucf/BlowDryHair/samples/00242.png 13
ucf/BlowDryHair/samples/00243.png 13
ucf/BlowDryHair/samples/00244.png 13
ucf/BlowDryHair/samples/00245.png 13
ucf/BlowDryHair/samples/00246.png 13
ucf/BlowDryHair/samples/00247.png 13
ucf/BlowDryHair/samples/00248.png 13
ucf/BlowDryHair/samples/00249.png 13
ucf/BlowDryHair/samples/00250.png 13
ucf/BlowDryHair/samples/00251.png 13
ucf/BlowDryHair/samples/00252.png 13
ucf/BlowDryHair/samples/00253.png 13
ucf/BlowDryHair/samples/00254.png 13
ucf/BlowDryHair/samples/00255.png 13
ucf/BlowDryHair/samples/00256.png 13
ucf/BlowDryHair/samples/00257.png 13
ucf/BlowDryHair/samples/00258.png 13
ucf/BlowDryHair/samples/00259.png 13
ucf/BlowDryHair/samples/00260.png 13
ucf/BlowDryHair/samples/00261.png 13
ucf/BlowDryHair/samples/00262.png 13
ucf/BlowDryHair/samples/00263.png 13
ucf/BlowDryHair/samples/00264.png 13
ucf/BlowDryHair/samples/00265.png 13
ucf/BlowDryHair/samples/00266.png 13
ucf/BlowDryHair/samples/00267.png 13
ucf/BlowDryHair/samples/00268.png 13
ucf/BlowDryHair/samples/00269.png 13
ucf/BlowDryHair/samples/00270.png 13
ucf/BlowDryHair/samples/00271.png 13
ucf/BlowDryHair/samples/00272.png 13
ucf/BlowDryHair/samples/00273.png 13
ucf/BlowDryHair/samples/00274.png 13
ucf/BlowDryHair/samples/00275.png 13
ucf/BlowDryHair/samples/00276.png 13
ucf/BlowDryHair/samples/00277.png 13
ucf/BlowDryHair/samples/00278.png 13
ucf/BlowDryHair/samples/00279.png 13
ucf/BlowDryHair/samples/00280.png 13
ucf/BlowDryHair/samples/00281.png 13
ucf/BlowDryHair/samples/00282.png 13
ucf/BlowDryHair/samples/00283.png 13
ucf/BlowDryHair/samples/00284.png 13
ucf/BlowDryHair/samples/00285.png 13
ucf/BlowDryHair/samples/00286.png 13
ucf/BlowDryHair/samples/00287.png 13
ucf/BlowDryHair/samples/00288.png 13
ucf/BlowDryHair/samples/00289.png 13
ucf/BlowDryHair/samples/00290.png 13
ucf/BlowDryHair/samples/00291.png 13
ucf/BlowDryHair/samples/00292.png 13
ucf/BlowDryHair/samples/00293.png 13
ucf/BlowDryHair/samples/00294.png 13
ucf/BlowDryHair/samples/00295.png 13
ucf/BlowDryHair/samples/00296.png 13
ucf/BlowDryHair/samples/00297.png 13
ucf/BlowDryHair/samples/00298.png 13
ucf/BlowDryHair/samples/00299.png 13
ucf/BlowDryHair/samples/00300.png 13
ucf/BlowDryHair/samples/00301.png 13
ucf/BlowDryHair/samples/00302.png 13
ucf/BlowDryHair/samples/00303.png 13
ucf/BlowDryHair/samples/00304.png 13
ucf/BlowDryHair/samples/00305.png 13
ucf/BlowDryHair/samples/00306.png 13
ucf/BlowDryHair/samples/00307.png 13
ucf/BlowDryHair/samples/00308.png 13
ucf/BlowDryHair/samples/00309.png 13
ucf/BlowDryHair/samples/00310.png 13
ucf/BlowDryHair/samples/00311.png 13
ucf/BlowDryHair/samples/00312.png 13
ucf/BlowDryHair/samples/00313.png 13
ucf/BlowDryHair/samples/00314.png 13
ucf/BlowDryHair/samples/00315.png 13
ucf/BlowDryHair/samples/00316.png 13
ucf/BlowDryHair/samples/00317.png 13
ucf/BlowDryHair/samples/00318.png 13
ucf/BlowDryHair/samples/00319.png 13
ucf/BlowDryHair/samples/00320.png 13
ucf/BlowDryHair/samples/00321.png 13
ucf/BlowDryHair/samples/00322.png 13
ucf/BlowDryHair/samples/00323.png 13
ucf/BlowDryHair/samples/00324.png 13
ucf/BlowDryHair/samples/00325.png 13
ucf/BlowDryHair/samples/00326.png 13
ucf/BlowDryHair/samples/00327.png 13
ucf/BlowDryHair/samples/00328.png 13
ucf/BlowDryHair/samples/00329.png 13
ucf/BlowDryHair/samples/00330.png 13
ucf/BlowDryHair/samples/00331.png 13
ucf/BlowDryHair/samples/00332.png 13
ucf/BlowDryHair/samples/00333.png 13
ucf/BlowDryHair/samples/00334.png 13
ucf/BlowDryHair/samples/00335.png 13
ucf/BlowDryHair/samples/00336.png 13
ucf/BlowDryHair/samples/00337.png 13
ucf/BlowDryHair/samples/00338.png 13
ucf/BlowDryHair/samples/00339.png 13
ucf/BlowDryHair/samples/00340.png 13
ucf/BlowDryHair/samples/00341.png 13
ucf/BlowDryHair/samples/00342.png 13
ucf/BlowDryHair/samples/00343.png 13
ucf/BlowDryHair/samples/00344.png 13
ucf/BlowDryHair/samples/00345.png 13
ucf/BlowDryHair/samples/00346.png 13
ucf/BlowDryHair/samples/00347.png 13
ucf/BlowDryHair/samples/00348.png 13
ucf/BlowDryHair/samples/00349.png 13
ucf/BlowDryHair/samples/00350.png 13
ucf/BlowDryHair/samples/00351.png 13
ucf/BlowDryHair/samples/00352.png 13
ucf/BlowDryHair/samples/00353.png 13
ucf/BlowDryHair/samples/00354.png 13
ucf/BlowDryHair/samples/00355.png 13
ucf/BlowDryHair/samples/00356.png 13
ucf/BlowDryHair/samples/00357.png 13
ucf/BlowDryHair/samples/00358.png 13
ucf/BlowDryHair/samples/00359.png 13
ucf/BlowDryHair/samples/00360.png 13
ucf/BlowDryHair/samples/00361.png 13
ucf/BlowDryHair/samples/00362.png 13
ucf/BlowDryHair/samples/00363.png 13
ucf/BlowDryHair/samples/00364.png 13
ucf/BlowDryHair/samples/00365.png 13
ucf/BlowDryHair/samples/00366.png 13
ucf/BlowDryHair/samples/00367.png 13
ucf/BlowDryHair/samples/00368.png 13
ucf/BlowDryHair/samples/00369.png 13
ucf/BlowDryHair/samples/00370.png 13
ucf/BlowDryHair/samples/00371.png 13
ucf/BlowDryHair/samples/00372.png 13
ucf/BlowDryHair/samples/00373.png 13
ucf/BlowDryHair/samples/00374.png 13
ucf/BlowDryHair/samples/00375.png 13
ucf/BlowDryHair/samples/00376.png 13
ucf/BlowDryHair/samples/00377.png 13
ucf/BlowDryHair/samples/00378.png 13
ucf/BlowDryHair/samples/00379.png 13
ucf/BlowDryHair/samples/00380.png 13
ucf/BlowDryHair/samples/00381.png 13
ucf/BlowDryHair/samples/00382.png 13
ucf/BlowDryHair/samples/00383.png 13
ucf/BlowDryHair/samples/00384.png 13
ucf/BlowDryHair/samples/00385.png 13
ucf/BlowDryHair/samples/00386.png 13
ucf/BlowDryHair/samples/00387.png 13
ucf/BlowDryHair/samples/00388.png 13
ucf/BlowDryHair/samples/00389.png 13
ucf/BlowDryHair/samples/00390.png 13
ucf/BlowDryHair/samples/00391.png 13
ucf/BlowDryHair/samples/00392.png 13
ucf/BlowDryHair/samples/00393.png 13
ucf/BlowDryHair/samples/00394.png 13
ucf/BlowDryHair/samples/00395.png 13
ucf/BlowDryHair/samples/00396.png 13
ucf/BlowDryHair/samples/00397.png 13
ucf/BlowDryHair/samples/00398.png 13
ucf/BlowDryHair/samples/00399.png 13
ucf/BlowDryHair/samples/00400.png 13
ucf/BlowDryHair/samples/00401.png 13
ucf/BlowDryHair/samples/00402.png 13
ucf/BlowDryHair/samples/00403.png 13
ucf/BlowDryHair/samples/00404.png 13
ucf/BlowDryHair/samples/00405.png 13
ucf/BlowDryHair/samples/00406.png 13
ucf/BlowDryHair/samples/00407.png 13
ucf/BlowDryHair/samples/00408.png 13
ucf/BlowDryHair/samples/00409.png 13
ucf/BlowDryHair/samples/00410.png 13
ucf/BlowDryHair/samples/00411.png 13
ucf/BlowDryHair/samples/00412.png 13
ucf/BlowDryHair/samples/00413.png 13
ucf/BlowDryHair/samples/00414.png 13
ucf/BlowDryHair/samples/00415.png 13
ucf/BlowDryHair/samples/00416.png 13
ucf/BlowDryHair/samples/00417.png 13
ucf/BlowDryHair/samples/00418.png 13
ucf/BlowDryHair/samples/00419.png 13
ucf/BlowDryHair/samples/00420.png 13
ucf/BlowDryHair/samples/00421.png 13
ucf/BlowDryHair/samples/00422.png 13
ucf/BlowDryHair/samples/00423.png 13
ucf/BlowDryHair/samples/00424.png 13
ucf/BlowDryHair/samples/00425.png 13
ucf/BlowDryHair/samples/00426.png 13
ucf/BlowDryHair/samples/00427.png 13
ucf/BlowDryHair/samples/00428.png 13
ucf/BlowDryHair/samples/00429.png 13
ucf/BlowDryHair/samples/00430.png 13
ucf/BlowDryHair/samples/00431.png 13
ucf/BlowDryHair/samples/00432.png 13
ucf/BlowDryHair/samples/00433.png 13
ucf/BlowDryHair/samples/00434.png 13
ucf/BlowDryHair/samples/00435.png 13
ucf/BlowDryHair/samples/00436.png 13
ucf/BlowDryHair/samples/00437.png 13
ucf/BlowDryHair/samples/00438.png 13
ucf/BlowDryHair/samples/00439.png 13
ucf/BlowDryHair/samples/00440.png 13
ucf/BlowDryHair/samples/00441.png 13
ucf/BlowDryHair/samples/00442.png 13
ucf/BlowDryHair/samples/00443.png 13
ucf/BlowDryHair/samples/00444.png 13
ucf/BlowDryHair/samples/00445.png 13
ucf/BlowDryHair/samples/00446.png 13
ucf/BlowDryHair/samples/00447.png 13
ucf/BlowDryHair/samples/00448.png 13
ucf/BlowDryHair/samples/00449.png 13
ucf/BlowDryHair/samples/00450.png 13
ucf/BlowDryHair/samples/00451.png 13
ucf/BlowDryHair/samples/00452.png 13
ucf/BlowDryHair/samples/00453.png 13
ucf/BlowDryHair/samples/00454.png 13
ucf/BlowDryHair/samples/00455.png 13
ucf/BlowDryHair/samples/00456.png 13
ucf/BlowDryHair/samples/00457.png 13
ucf/BlowDryHair/samples/00458.png 13
ucf/BlowDryHair/samples/00459.png 13
ucf/BlowDryHair/samples/00460.png 13
ucf/BlowDryHair/samples/00461.png 13
ucf/BlowDryHair/samples/00462.png 13
ucf/BlowDryHair/samples/00463.png 13
ucf/BlowDryHair/samples/00464.png 13
ucf/BlowDryHair/samples/00465.png 13
ucf/BlowDryHair/samples/00466.png 13
ucf/BlowDryHair/samples/00467.png 13
ucf/BlowDryHair/samples/00468.png 13
ucf/BlowDryHair/samples/00469.png 13
ucf/BlowDryHair/samples/00470.png 13
ucf/BlowDryHair/samples/00471.png 13
ucf/BlowDryHair/samples/00472.png 13
ucf/BlowDryHair/samples/00473.png 13
ucf/BlowDryHair/samples/00474.png 13
ucf/BlowDryHair/samples/00475.png 13
ucf/BlowDryHair/samples/00476.png 13
ucf/BlowDryHair/samples/00477.png 13
ucf/BlowDryHair/samples/00478.png 13
ucf/BlowDryHair/samples/00479.png 13
ucf/BlowDryHair/samples/00480.png 13
ucf/BlowDryHair/samples/00481.png 13
ucf/BlowDryHair/samples/00482.png 13
ucf/BlowDryHair/samples/00483.png 13
ucf/BlowDryHair/samples/00484.png 13
ucf/BlowDryHair/samples/00485.png 13
ucf/BlowDryHair/samples/00486.png 13
ucf/BlowDryHair/samples/00487.png 13
ucf/BlowDryHair/samples/00488.png 13
ucf/BlowDryHair/samples/00489.png 13
ucf/BlowDryHair/samples/00490.png 13
ucf/BlowDryHair/samples/00491.png 13
ucf/BlowDryHair/samples/00492.png 13
ucf/BlowDryHair/samples/00493.png 13
ucf/BlowDryHair/samples/00494.png 13
ucf/BlowDryHair/samples/00495.png 13
ucf/BlowDryHair/samples/00496.png 13
ucf/BlowDryHair/samples/00497.png 13
ucf/BlowDryHair/samples/00498.png 13
ucf/BlowDryHair/samples/00499.png 13
ucf/BlowDryHair/samples/00500.png 13
ucf/BlowDryHair/samples/00501.png 13
ucf/BlowDryHair/samples/00502.png 13
ucf/BlowDryHair/samples/00503.png 13
ucf/BlowDryHair/samples/00504.png 13
ucf/BlowDryHair/samples/00505.png 13
ucf/BlowDryHair/samples/00506.png 13
ucf/BlowDryHair/samples/00507.png 13
ucf/BlowDryHair/samples/00508.png 13
ucf/BlowDryHair/samples/00509.png 13
ucf/BlowDryHair/samples/00510.png 13
ucf/BlowDryHair/samples/00511.png 13
ucf/BlowDryHair/samples/00512.png 13
ucf/BlowDryHair/samples/00513.png 13
ucf/BlowDryHair/samples/00514.png 13
ucf/BlowDryHair/samples/00515.png 13
ucf/BlowDryHair/samples/00516.png 13
ucf/BlowDryHair/samples/00517.png 13
ucf/BlowDryHair/samples/00518.png 13
ucf/BlowDryHair/samples/00519.png 13
ucf/BlowDryHair/samples/00520.png 13
ucf/BlowDryHair/samples/00521.png 13
ucf/BlowDryHair/samples/00522.png 13
ucf/BlowDryHair/samples/00523.png 13
ucf/BlowDryHair/samples/00524.png 13
ucf/BlowDryHair/samples/00525.png 13
ucf/BlowDryHair/samples/00526.png 13
ucf/BlowDryHair/samples/00527.png 13
ucf/BlowDryHair/samples/00528.png 13
ucf/BlowDryHair/samples/00529.png 13
ucf/BlowDryHair/samples/00530.png 13
ucf/BlowDryHair/samples/00531.png 13
ucf/BlowDryHair/samples/00532.png 13
ucf/BlowDryHair/samples/00533.png 13
ucf/BlowDryHair/samples/00534.png 13
ucf/BlowDryHair/samples/00535.png 13
ucf/BlowDryHair/samples/00536.png 13
ucf/BlowDryHair/samples/00537.png 13
ucf/BlowDryHair/samples/00538.png 13
ucf/BlowDryHair/samples/00539.png 13
ucf/BlowDryHair/samples/00540.png 13
ucf/BlowDryHair/samples/00541.png 13
ucf/BlowDryHair/samples/00542.png 13
ucf/BlowDryHair/samples/00543.png 13
ucf/BlowDryHair/samples/00544.png 13
ucf/BlowDryHair/samples/00545.png 13
ucf/BlowDryHair/samples/00546.png 13
ucf/BlowDryHair/samples/00547.png 13
ucf/BlowDryHair/samples/00548.png 13
ucf/BlowDryHair/samples/00549.png 13
ucf/BlowDryHair/samples/00550.png 13
ucf/BlowDryHair/samples/00551.png 13
ucf/BlowDryHair/samples/00552.png 13
ucf/BlowDryHair/samples/00553.png 13
ucf/BlowDryHair/samples/00554.png 13
ucf/BlowDryHair/samples/00555.png 13
ucf/BlowDryHair/samples/00556.png 13
ucf/BlowDryHair/samples/00557.png 13
ucf/BlowDryHair/samples/00558.png 13
ucf/BlowDryHair/samples/00559.png 13
ucf/BlowDryHair/samples/00560.png 13
ucf/BlowDryHair/samples/00561.png 13
ucf/BlowDryHair/samples/00562.png 13
ucf/BlowDryHair/samples/00563.png 13
ucf/BlowDryHair/samples/00564.png 13
ucf/BlowDryHair/samples/00565.png 13
ucf/BlowDryHair/samples/00566.png 13
ucf/BlowDryHair/samples/00567.png 13
ucf/BlowDryHair/samples/00568.png 13
ucf/BlowDryHair/samples/00569.png 13
ucf/BlowDryHair/samples/00570.png 13
ucf/BlowDryHair/samples/00571.png 13
ucf/BlowDryHair/samples/00572.png 13
ucf/BlowDryHair/samples/00573.png 13
ucf/BlowDryHair/samples/00574.png 13
ucf/BlowDryHair/samples/00575.png 13
ucf/BlowDryHair/samples/00576.png 13
ucf/BlowDryHair/samples/00577.png 13
ucf/BlowDryHair/samples/00578.png 13
ucf/BlowDryHair/samples/00579.png 13
ucf/BlowDryHair/samples/00580.png 13
ucf/BlowDryHair/samples/00581.png 13
ucf/BlowDryHair/samples/00582.png 13
ucf/BlowDryHair/samples/00583.png 13
ucf/BlowDryHair/samples/00584.png 13
ucf/BlowDryHair/samples/00585.png 13
ucf/BlowDryHair/samples/00586.png 13
ucf/BlowDryHair/samples/00587.png 13
ucf/BlowDryHair/samples/00588.png 13
ucf/BlowDryHair/samples/00589.png 13
ucf/BlowDryHair/samples/00590.png 13
ucf/BlowDryHair/samples/00591.png 13
ucf/BlowDryHair/samples/00592.png 13
ucf/BlowDryHair/samples/00593.png 13
ucf/BlowDryHair/samples/00594.png 13
ucf/BlowDryHair/samples/00595.png 13
ucf/BlowDryHair/samples/00596.png 13
ucf/BlowDryHair/samples/00597.png 13
ucf/BlowDryHair/samples/00598.png 13
ucf/BlowDryHair/samples/00599.png 13
ucf/BlowDryHair/samples/00600.png 13
ucf/BlowDryHair/samples/00601.png 13
ucf/BlowDryHair/samples/00602.png 13
ucf/BlowDryHair/samples/00603.png 13
ucf/BlowDryHair/samples/00604.png 13
ucf/BlowDryHair/samples/00605.png 13
ucf/BlowDryHair/samples/00606.png 13
ucf/BlowDryHair/samples/00607.png 13
ucf/BlowDryHair/samples/00608.png 13
ucf/BlowDryHair/samples/00609.png 13
ucf/BlowDryHair/samples/00610.png 13
ucf/BlowDryHair/samples/00611.png 13
ucf/BlowDryHair/samples/00612.png 13
ucf/BlowDryHair/samples/00613.png 13
ucf/BlowDryHair/samples/00614.png 13
ucf/BlowDryHair/samples/00615.png 13
ucf/BlowDryHair/samples/00616.png 13
ucf/BlowDryHair/samples/00617.png 13
ucf/BlowDryHair/samples/00618.png 13
ucf/BlowDryHair/samples/00619.png 13
ucf/BlowDryHair/samples/00620.png 13
ucf/BlowDryHair/samples/00621.png 13
ucf/BlowDryHair/samples/00622.png 13
ucf/BlowDryHair/samples/00623.png 13
ucf/BlowDryHair/samples/00624.png 13
ucf/BlowDryHair/samples/00625.png 13
ucf/BlowDryHair/samples/00626.png 13
ucf/BlowDryHair/samples/00627.png 13
ucf/BlowDryHair/samples/00628.png 13
ucf/BlowDryHair/samples/00629.png 13
ucf/BlowDryHair/samples/00630.png 13
ucf/BlowDryHair/samples/00631.png 13
ucf/BlowDryHair/samples/00632.png 13
ucf/BlowDryHair/samples/00633.png 13
ucf/BlowDryHair/samples/00634.png 13
ucf/BlowDryHair/samples/00635.png 13
ucf/BlowDryHair/samples/00636.png 13
ucf/BlowDryHair/samples/00637.png 13
ucf/BlowDryHair/samples/00638.png 13
ucf/BlowDryHair/samples/00639.png 13
ucf/BlowDryHair/samples/00640.png 13
ucf/BlowDryHair/samples/00641.png 13
ucf/BlowDryHair/samples/00642.png 13
ucf/BlowDryHair/samples/00643.png 13
ucf/BlowDryHair/samples/00644.png 13
ucf/BlowDryHair/samples/00645.png 13
ucf/BlowDryHair/samples/00646.png 13
ucf/BlowDryHair/samples/00647.png 13
ucf/BlowDryHair/samples/00648.png 13
ucf/BlowDryHair/samples/00649.png 13
ucf/BlowDryHair/samples/00650.png 13
ucf/BlowDryHair/samples/00651.png 13
ucf/BlowDryHair/samples/00652.png 13
ucf/BlowDryHair/samples/00653.png 13
ucf/BlowDryHair/samples/00654.png 13
ucf/BlowDryHair/samples/00655.png 13
ucf/BlowDryHair/samples/00656.png 13
ucf/BlowDryHair/samples/00657.png 13
ucf/BlowDryHair/samples/00658.png 13
ucf/BlowDryHair/samples/00659.png 13
ucf/BlowDryHair/samples/00660.png 13
ucf/BlowDryHair/samples/00661.png 13
ucf/BlowDryHair/samples/00662.png 13
ucf/BlowDryHair/samples/00663.png 13
ucf/BlowDryHair/samples/00664.png 13
ucf/BlowDryHair/samples/00665.png 13
ucf/BlowDryHair/samples/00666.png 13
ucf/BlowDryHair/samples/00667.png 13
ucf/BlowDryHair/samples/00668.png 13
ucf/BlowDryHair/samples/00669.png 13
ucf/BlowDryHair/samples/00670.png 13
ucf/BlowDryHair/samples/00671.png 13
ucf/BlowDryHair/samples/00672.png 13
ucf/BlowDryHair/samples/00673.png 13
ucf/BlowDryHair/samples/00674.png 13
ucf/BlowDryHair/samples/00675.png 13
ucf/BlowDryHair/samples/00676.png 13
ucf/BlowDryHair/samples/00677.png 13
ucf/BlowDryHair/samples/00678.png 13
ucf/BlowDryHair/samples/00679.png 13
ucf/BlowDryHair/samples/00680.png 13
ucf/BlowDryHair/samples/00681.png 13
ucf/BlowDryHair/samples/00682.png 13
ucf/BlowDryHair/samples/00683.png 13
ucf/BlowDryHair/samples/00684.png 13
ucf/BlowDryHair/samples/00685.png 13
ucf/BlowDryHair/samples/00686.png 13
ucf/BlowDryHair/samples/00687.png 13
ucf/BlowDryHair/samples/00688.png 13
ucf/BlowDryHair/samples/00689.png 13
ucf/BlowDryHair/samples/00690.png 13
ucf/BlowDryHair/samples/00691.png 13
ucf/BlowDryHair/samples/00692.png 13
ucf/BlowDryHair/samples/00693.png 13
ucf/BlowDryHair/samples/00694.png 13
ucf/BlowDryHair/samples/00695.png 13
ucf/BlowDryHair/samples/00696.png 13
ucf/BlowDryHair/samples/00697.png 13
ucf/BlowDryHair/samples/00698.png 13
ucf/BlowDryHair/samples/00699.png 13
ucf/BlowDryHair/samples/00700.png 13
ucf/BlowDryHair/samples/00701.png 13
ucf/BlowDryHair/samples/00702.png 13
ucf/BlowDryHair/samples/00703.png 13
ucf/BlowDryHair/samples/00704.png 13
ucf/BlowDryHair/samples/00705.png 13
ucf/BlowDryHair/samples/00706.png 13
ucf/BlowDryHair/samples/00707.png 13
ucf/BlowDryHair/samples/00708.png 13
ucf/BlowDryHair/samples/00709.png 13
ucf/BlowDryHair/samples/00710.png 13
ucf/BlowDryHair/samples/00711.png 13
ucf/BlowDryHair/samples/00712.png 13
ucf/BlowDryHair/samples/00713.png 13
ucf/BlowDryHair/samples/00714.png 13
ucf/BlowDryHair/samples/00715.png 13
ucf/BlowDryHair/samples/00716.png 13
ucf/BlowDryHair/samples/00717.png 13
ucf/BlowDryHair/samples/00718.png 13
ucf/BlowDryHair/samples/00719.png 13
ucf/BlowDryHair/samples/00720.png 13
ucf/BlowDryHair/samples/00721.png 13
ucf/BlowDryHair/samples/00722.png 13
ucf/BlowDryHair/samples/00723.png 13
ucf/BlowDryHair/samples/00724.png 13
ucf/BlowDryHair/samples/00725.png 13
ucf/BlowDryHair/samples/00726.png 13
ucf/BlowDryHair/samples/00727.png 13
ucf/BlowDryHair/samples/00728.png 13
ucf/BlowDryHair/samples/00729.png 13
ucf/BlowDryHair/samples/00730.png 13
ucf/BlowDryHair/samples/00731.png 13
ucf/BlowDryHair/samples/00732.png 13
ucf/BlowDryHair/samples/00733.png 13
ucf/BlowDryHair/samples/00734.png 13
ucf/BlowDryHair/samples/00735.png 13
ucf/BlowDryHair/samples/00736.png 13
ucf/BlowDryHair/samples/00737.png 13
ucf/BlowDryHair/samples/00738.png 13
ucf/BlowDryHair/samples/00739.png 13
ucf/BlowDryHair/samples/00740.png 13
ucf/BlowDryHair/samples/00741.png 13
ucf/BlowDryHair/samples/00742.png 13
ucf/BlowDryHair/samples/00743.png 13
ucf/BlowDryHair/samples/00744.png 13
ucf/BlowDryHair/samples/00745.png 13
ucf/BlowDryHair/samples/00746.png 13
ucf/BlowDryHair/samples/00747.png 13
ucf/BlowDryHair/samples/00748.png 13
ucf/BlowDryHair/samples/00749.png 13
ucf/BlowDryHair/samples/00750.png 13
ucf/BlowDryHair/samples/00751.png 13
ucf/BlowDryHair/samples/00752.png 13
ucf/BlowDryHair/samples/00753.png 13
ucf/BlowDryHair/samples/00754.png 13
ucf/BlowDryHair/samples/00755.png 13
ucf/BlowDryHair/samples/00756.png 13
ucf/BlowDryHair/samples/00757.png 13
ucf/BlowDryHair/samples/00758.png 13
ucf/BlowDryHair/samples/00759.png 13
ucf/BlowDryHair/samples/00760.png 13
ucf/BlowDryHair/samples/00761.png 13
ucf/BlowDryHair/samples/00762.png 13
ucf/BlowDryHair/samples/00763.png 13
ucf/BlowDryHair/samples/00764.png 13
ucf/BlowDryHair/samples/00765.png 13
ucf/BlowDryHair/samples/00766.png 13
ucf/BlowDryHair/samples/00767.png 13
ucf/BlowDryHair/samples/00768.png 13
ucf/BlowDryHair/samples/00769.png 13
ucf/BlowDryHair/samples/00770.png 13
ucf/BlowDryHair/samples/00771.png 13
ucf/BlowDryHair/samples/00772.png 13
ucf/BlowDryHair/samples/00773.png 13
ucf/BlowDryHair/samples/00774.png 13
ucf/BlowDryHair/samples/00775.png 13
ucf/BlowDryHair/samples/00776.png 13
ucf/BlowDryHair/samples/00777.png 13
ucf/BlowDryHair/samples/00778.png 13
ucf/BlowDryHair/samples/00779.png 13
ucf/BlowDryHair/samples/00780.png 13
ucf/BlowDryHair/samples/00781.png 13
ucf/BlowDryHair/samples/00782.png 13
ucf/BlowDryHair/samples/00783.png 13
ucf/BlowDryHair/samples/00784.png 13
ucf/BlowDryHair/samples/00785.png 13
ucf/BlowDryHair/samples/00786.png 13
ucf/BlowDryHair/samples/00787.png 13
ucf/BlowDryHair/samples/00788.png 13
ucf/BlowDryHair/samples/00789.png 13
ucf/BlowDryHair/samples/00790.png 13
ucf/BlowDryHair/samples/00791.png 13
ucf/BlowDryHair/samples/00792.png 13
ucf/BlowDryHair/samples/00793.png 13
ucf/BlowDryHair/samples/00794.png 13
ucf/BlowDryHair/samples/00795.png 13
ucf/BlowDryHair/samples/00796.png 13
ucf/BlowDryHair/samples/00797.png 13
ucf/BlowDryHair/samples/00798.png 13
ucf/BlowDryHair/samples/00799.png 13
ucf/BlowDryHair/samples/00800.png 13
ucf/BlowDryHair/samples/00801.png 13
ucf/BlowDryHair/samples/00802.png 13
ucf/BlowDryHair/samples/00803.png 13
ucf/BlowDryHair/samples/00804.png 13
ucf/BlowDryHair/samples/00805.png 13
ucf/BlowDryHair/samples/00806.png 13
ucf/BlowDryHair/samples/00807.png 13
ucf/BlowDryHair/samples/00808.png 13
ucf/BlowDryHair/samples/00809.png 13
ucf/BlowDryHair/samples/00810.png 13
ucf/BlowDryHair/samples/00811.png 13
ucf/BlowDryHair/samples/00812.png 13
ucf/BlowDryHair/samples/00813.png 13
ucf/BlowDryHair/samples/00814.png 13
ucf/BlowDryHair/samples/00815.png 13
ucf/BlowDryHair/samples/00816.png 13
ucf/BlowDryHair/samples/00817.png 13
ucf/BlowDryHair/samples/00818.png 13
ucf/BlowDryHair/samples/00819.png 13
ucf/BlowDryHair/samples/00820.png 13
ucf/BlowDryHair/samples/00821.png 13
ucf/BlowDryHair/samples/00822.png 13
ucf/BlowDryHair/samples/00823.png 13
ucf/BlowDryHair/samples/00824.png 13
ucf/BlowDryHair/samples/00825.png 13
ucf/BlowDryHair/samples/00826.png 13
ucf/BlowDryHair/samples/00827.png 13
ucf/BlowDryHair/samples/00828.png 13
ucf/BlowDryHair/samples/00829.png 13
ucf/BlowDryHair/samples/00830.png 13
ucf/BlowDryHair/samples/00831.png 13
ucf/BlowDryHair/samples/00832.png 13
ucf/BlowDryHair/samples/00833.png 13
ucf/BlowDryHair/samples/00834.png 13
ucf/BlowDryHair/samples/00835.png 13
ucf/BlowDryHair/samples/00836.png 13
ucf/BlowDryHair/samples/00837.png 13
ucf/BlowDryHair/samples/00838.png 13
ucf/BlowDryHair/samples/00839.png 13
ucf/BlowDryHair/samples/00840.png 13
ucf/BlowDryHair/samples/00841.png 13
ucf/BlowDryHair/samples/00842.png 13
ucf/BlowDryHair/samples/00843.png 13
ucf/BlowDryHair/samples/00844.png 13
ucf/BlowDryHair/samples/00845.png 13
ucf/BlowDryHair/samples/00846.png 13
ucf/BlowDryHair/samples/00847.png 13
ucf/BlowDryHair/samples/00848.png 13
ucf/BlowDryHair/samples/00849.png 13
ucf/BlowDryHair/samples/00850.png 13
ucf/BlowDryHair/samples/00851.png 13
ucf/BlowDryHair/samples/00852.png 13
ucf/BlowDryHair/samples/00853.png 13
ucf/BlowDryHair/samples/00854.png 13
ucf/BlowDryHair/samples/00855.png 13
ucf/BlowDryHair/samples/00856.png 13
ucf/BlowDryHair/samples/00857.png 13
ucf/BlowDryHair/samples/00858.png 13
ucf/BlowDryHair/samples/00859.png 13
ucf/BlowDryHair/samples/00860.png 13
ucf/BlowDryHair/samples/00861.png 13
ucf/BlowDryHair/samples/00862.png 13
ucf/BlowDryHair/samples/00863.png 13
ucf/BlowDryHair/samples/00864.png 13
ucf/BlowDryHair/samples/00865.png 13
ucf/BlowDryHair/samples/00866.png 13
ucf/BlowDryHair/samples/00867.png 13
ucf/BlowDryHair/samples/00868.png 13
ucf/BlowDryHair/samples/00869.png 13
ucf/BlowDryHair/samples/00870.png 13
ucf/BlowDryHair/samples/00871.png 13
ucf/BlowDryHair/samples/00872.png 13
ucf/BlowDryHair/samples/00873.png 13
ucf/BlowDryHair/samples/00874.png 13
ucf/BlowDryHair/samples/00875.png 13
ucf/BlowDryHair/samples/00876.png 13
ucf/BlowDryHair/samples/00877.png 13
ucf/BlowDryHair/samples/00878.png 13
ucf/BlowDryHair/samples/00879.png 13
ucf/BlowDryHair/samples/00880.png 13
ucf/BlowDryHair/samples/00881.png 13
ucf/BlowDryHair/samples/00882.png 13
ucf/BlowDryHair/samples/00883.png 13
ucf/BlowDryHair/samples/00884.png 13
ucf/BlowDryHair/samples/00885.png 13
ucf/BlowDryHair/samples/00886.png 13
ucf/BlowDryHair/samples/00887.png 13
ucf/BlowDryHair/samples/00888.png 13
ucf/BlowDryHair/samples/00889.png 13
ucf/BlowDryHair/samples/00890.png 13
ucf/BlowDryHair/samples/00891.png 13
ucf/BlowDryHair/samples/00892.png 13
ucf/BlowDryHair/samples/00893.png 13
ucf/BlowDryHair/samples/00894.png 13
ucf/BlowDryHair/samples/00895.png 13
ucf/BlowDryHair/samples/00896.png 13
ucf/BlowDryHair/samples/00897.png 13
ucf/BlowDryHair/samples/00898.png 13
ucf/BlowDryHair/samples/00899.png 13
ucf/BlowDryHair/samples/00900.png 13
ucf/BlowDryHair/samples/00901.png 13
ucf/BlowDryHair/samples/00902.png 13
ucf/BlowDryHair/samples/00903.png 13
ucf/BlowDryHair/samples/00904.png 13
ucf/BlowDryHair/samples/00905.png 13
ucf/BlowDryHair/samples/00906.png 13
ucf/BlowDryHair/samples/00907.png 13
ucf/BlowDryHair/samples/00908.png 13
ucf/BlowDryHair/samples/00909.png 13
ucf/BlowDryHair/samples/00910.png 13
ucf/BlowDryHair/samples/00911.png 13
ucf/BlowDryHair/samples/00912.png 13
ucf/BlowDryHair/samples/00913.png 13
ucf/BlowDryHair/samples/00914.png 13
ucf/BlowDryHair/samples/00915.png 13
ucf/BlowDryHair/samples/00916.png 13
ucf/BlowDryHair/samples/00917.png 13
ucf/BlowDryHair/samples/00918.png 13
ucf/BlowDryHair/samples/00919.png 13
ucf/BlowDryHair/samples/00920.png 13
ucf/BlowDryHair/samples/00921.png 13
ucf/BlowDryHair/samples/00922.png 13
ucf/BlowDryHair/samples/00923.png 13
ucf/BlowDryHair/samples/00924.png 13
ucf/BlowDryHair/samples/00925.png 13
ucf/BlowDryHair/samples/00926.png 13
ucf/BlowDryHair/samples/00927.png 13
ucf/BlowDryHair/samples/00928.png 13
ucf/BlowDryHair/samples/00929.png 13
ucf/BlowDryHair/samples/00930.png 13
ucf/BlowDryHair/samples/00931.png 13
ucf/BlowDryHair/samples/00932.png 13
ucf/BlowDryHair/samples/00933.png 13
ucf/BlowDryHair/samples/00934.png 13
ucf/BlowDryHair/samples/00935.png 13
ucf/BlowDryHair/samples/00936.png 13
ucf/BlowDryHair/samples/00937.png 13
ucf/BlowDryHair/samples/00938.png 13
ucf/BlowDryHair/samples/00939.png 13
ucf/BlowDryHair/samples/00940.png 13
ucf/BlowDryHair/samples/00941.png 13
ucf/BlowDryHair/samples/00942.png 13
ucf/BlowDryHair/samples/00943.png 13
ucf/BlowDryHair/samples/00944.png 13
ucf/BlowDryHair/samples/00945.png 13
ucf/BlowDryHair/samples/00946.png 13
ucf/BlowDryHair/samples/00947.png 13
ucf/BlowDryHair/samples/00948.png 13
ucf/BlowDryHair/samples/00949.png 13
ucf/BlowDryHair/samples/00950.png 13
ucf/BlowDryHair/samples/00951.png 13
ucf/BlowDryHair/samples/00952.png 13
ucf/BlowDryHair/samples/00953.png 13
ucf/BlowDryHair/samples/00954.png 13
ucf/BlowDryHair/samples/00955.png 13
ucf/BlowDryHair/samples/00956.png 13
ucf/BlowDryHair/samples/00957.png 13
ucf/BlowDryHair/samples/00958.png 13
ucf/BlowDryHair/samples/00959.png 13
ucf/BlowDryHair/samples/00960.png 13
ucf/BlowDryHair/samples/00961.png 13
ucf/BlowDryHair/samples/00962.png 13
ucf/BlowDryHair/samples/00963.png 13
ucf/BlowDryHair/samples/00964.png 13
ucf/BlowDryHair/samples/00965.png 13
ucf/BlowDryHair/samples/00966.png 13
ucf/BlowDryHair/samples/00967.png 13
ucf/BlowDryHair/samples/00968.png 13
ucf/BlowDryHair/samples/00969.png 13
ucf/BlowDryHair/samples/00970.png 13
ucf/BlowDryHair/samples/00971.png 13
ucf/BlowDryHair/samples/00972.png 13
ucf/BlowDryHair/samples/00973.png 13
ucf/BlowDryHair/samples/00974.png 13
ucf/BlowDryHair/samples/00975.png 13
ucf/BlowDryHair/samples/00976.png 13
ucf/BlowDryHair/samples/00977.png 13
ucf/BlowDryHair/samples/00978.png 13
ucf/BlowDryHair/samples/00979.png 13
ucf/BlowDryHair/samples/00980.png 13
ucf/BlowDryHair/samples/00981.png 13
ucf/BlowDryHair/samples/00982.png 13
ucf/BlowDryHair/samples/00983.png 13
ucf/BlowDryHair/samples/00984.png 13
ucf/BlowDryHair/samples/00985.png 13
ucf/BlowDryHair/samples/00986.png 13
ucf/BlowDryHair/samples/00987.png 13
ucf/BlowDryHair/samples/00988.png 13
ucf/BlowDryHair/samples/00989.png 13
ucf/BlowDryHair/samples/00990.png 13
ucf/BlowDryHair/samples/00991.png 13
ucf/BlowDryHair/samples/00992.png 13
ucf/BlowDryHair/samples/00993.png 13
ucf/BlowDryHair/samples/00994.png 13
ucf/BlowDryHair/samples/00995.png 13
ucf/BlowDryHair/samples/00996.png 13
ucf/BlowDryHair/samples/00997.png 13
ucf/BlowDryHair/samples/00998.png 13
ucf/BlowDryHair/samples/00999.png 13
ucf/BrushingTeeth/samples/00000.png 20
ucf/BrushingTeeth/samples/00001.png 20
ucf/BrushingTeeth/samples/00002.png 20
ucf/BrushingTeeth/samples/00003.png 20
ucf/BrushingTeeth/samples/00004.png 20
ucf/BrushingTeeth/samples/00005.png 20
ucf/BrushingTeeth/samples/00006.png 20
ucf/BrushingTeeth/samples/00007.png 20
ucf/BrushingTeeth/samples/00008.png 20
ucf/BrushingTeeth/samples/00009.png 20
ucf/BrushingTeeth/samples/00010.png 20
ucf/BrushingTeeth/samples/00011.png 20
ucf/BrushingTeeth/samples/00012.png 20
ucf/BrushingTeeth/samples/00013.png 20
ucf/BrushingTeeth/samples/00014.png 20
ucf/BrushingTeeth/samples/00015.png 20
ucf/BrushingTeeth/samples/00016.png 20
ucf/BrushingTeeth/samples/00017.png 20
ucf/BrushingTeeth/samples/00018.png 20
ucf/BrushingTeeth/samples/00019.png 20
ucf/BrushingTeeth/samples/00020.png 20
ucf/BrushingTeeth/samples/00021.png 20
ucf/BrushingTeeth/samples/00022.png 20
ucf/BrushingTeeth/samples/00023.png 20
ucf/BrushingTeeth/samples/00024.png 20
ucf/BrushingTeeth/samples/00025.png 20
ucf/BrushingTeeth/samples/00026.png 20
ucf/BrushingTeeth/samples/00027.png 20
ucf/BrushingTeeth/samples/00028.png 20
ucf/BrushingTeeth/samples/00029.png 20
ucf/BrushingTeeth/samples/00030.png 20
ucf/BrushingTeeth/samples/00031.png 20
ucf/BrushingTeeth/samples/00032.png 20
ucf/BrushingTeeth/samples/00033.png 20
ucf/BrushingTeeth/samples/00034.png 20
ucf/BrushingTeeth/samples/00035.png 20
ucf/BrushingTeeth/samples/00036.png 20
ucf/BrushingTeeth/samples/00037.png 20
ucf/BrushingTeeth/samples/00038.png 20
ucf/BrushingTeeth/samples/00039.png 20
ucf/BrushingTeeth/samples/00040.png 20
ucf/BrushingTeeth/samples/00041.png 20
ucf/BrushingTeeth/samples/00042.png 20
ucf/BrushingTeeth/samples/00043.png 20
ucf/BrushingTeeth/samples/00044.png 20
ucf/BrushingTeeth/samples/00045.png 20
ucf/BrushingTeeth/samples/00046.png 20
ucf/BrushingTeeth/samples/00047.png 20
ucf/BrushingTeeth/samples/00048.png 20
ucf/BrushingTeeth/samples/00049.png 20
ucf/BrushingTeeth/samples/00050.png 20
ucf/BrushingTeeth/samples/00051.png 20
ucf/BrushingTeeth/samples/00052.png 20
ucf/BrushingTeeth/samples/00053.png 20
ucf/BrushingTeeth/samples/00054.png 20
ucf/BrushingTeeth/samples/00055.png 20
ucf/BrushingTeeth/samples/00056.png 20
ucf/BrushingTeeth/samples/00057.png 20
ucf/BrushingTeeth/samples/00058.png 20
ucf/BrushingTeeth/samples/00059.png 20
ucf/BrushingTeeth/samples/00060.png 20
ucf/BrushingTeeth/samples/00061.png 20
ucf/BrushingTeeth/samples/00062.png 20
ucf/BrushingTeeth/samples/00063.png 20
ucf/BrushingTeeth/samples/00064.png 20
ucf/BrushingTeeth/samples/00065.png 20
ucf/BrushingTeeth/samples/00066.png 20
ucf/BrushingTeeth/samples/00067.png 20
ucf/BrushingTeeth/samples/00068.png 20
ucf/BrushingTeeth/samples/00069.png 20
ucf/BrushingTeeth/samples/00070.png 20
ucf/BrushingTeeth/samples/00071.png 20
ucf/BrushingTeeth/samples/00072.png 20
ucf/BrushingTeeth/samples/00073.png 20
ucf/BrushingTeeth/samples/00074.png 20
ucf/BrushingTeeth/samples/00075.png 20
ucf/BrushingTeeth/samples/00076.png 20
ucf/BrushingTeeth/samples/00077.png 20
ucf/BrushingTeeth/samples/00078.png 20
ucf/BrushingTeeth/samples/00079.png 20
ucf/BrushingTeeth/samples/00080.png 20
ucf/BrushingTeeth/samples/00081.png 20
ucf/BrushingTeeth/samples/00082.png 20
ucf/BrushingTeeth/samples/00083.png 20
ucf/BrushingTeeth/samples/00084.png 20
ucf/BrushingTeeth/samples/00085.png 20
ucf/BrushingTeeth/samples/00086.png 20
ucf/BrushingTeeth/samples/00087.png 20
ucf/BrushingTeeth/samples/00088.png 20
ucf/BrushingTeeth/samples/00089.png 20
ucf/BrushingTeeth/samples/00090.png 20
ucf/BrushingTeeth/samples/00091.png 20
ucf/BrushingTeeth/samples/00092.png 20
ucf/BrushingTeeth/samples/00093.png 20
ucf/BrushingTeeth/samples/00094.png 20
ucf/BrushingTeeth/samples/00095.png 20
ucf/BrushingTeeth/samples/00096.png 20
ucf/BrushingTeeth/samples/00097.png 20
ucf/BrushingTeeth/samples/00098.png 20
ucf/BrushingTeeth/samples/00099.png 20
ucf/BrushingTeeth/samples/00100.png 20
ucf/BrushingTeeth/samples/00101.png 20
ucf/BrushingTeeth/samples/00102.png 20
ucf/BrushingTeeth/samples/00103.png 20
ucf/BrushingTeeth/samples/00104.png 20
ucf/BrushingTeeth/samples/00105.png 20
ucf/BrushingTeeth/samples/00106.png 20
ucf/BrushingTeeth/samples/00107.png 20
ucf/BrushingTeeth/samples/00108.png 20
ucf/BrushingTeeth/samples/00109.png 20
ucf/BrushingTeeth/samples/00110.png 20
ucf/BrushingTeeth/samples/00111.png 20
ucf/BrushingTeeth/samples/00112.png 20
ucf/BrushingTeeth/samples/00113.png 20
ucf/BrushingTeeth/samples/00114.png 20
ucf/BrushingTeeth/samples/00115.png 20
ucf/BrushingTeeth/samples/00116.png 20
ucf/BrushingTeeth/samples/00117.png 20
ucf/BrushingTeeth/samples/00118.png 20
ucf/BrushingTeeth/samples/00119.png 20
ucf/BrushingTeeth/samples/00120.png 20
ucf/BrushingTeeth/samples/00121.png 20
ucf/BrushingTeeth/samples/00122.png 20
ucf/BrushingTeeth/samples/00123.png 20
ucf/BrushingTeeth/samples/00124.png 20
ucf/BrushingTeeth/samples/00125.png 20
ucf/BrushingTeeth/samples/00126.png 20
ucf/BrushingTeeth/samples/00127.png 20
ucf/BrushingTeeth/samples/00128.png 20
ucf/BrushingTeeth/samples/00129.png 20
ucf/BrushingTeeth/samples/00130.png 20
ucf/BrushingTeeth/samples/00131.png 20
ucf/BrushingTeeth/samples/00132.png 20
ucf/BrushingTeeth/samples/00133.png 20
ucf/BrushingTeeth/samples/00134.png 20
ucf/BrushingTeeth/samples/00135.png 20
ucf/BrushingTeeth/samples/00136.png 20
ucf/BrushingTeeth/samples/00137.png 20
ucf/BrushingTeeth/samples/00138.png 20
ucf/BrushingTeeth/samples/00139.png 20
ucf/BrushingTeeth/samples/00140.png 20
ucf/BrushingTeeth/samples/00141.png 20
ucf/BrushingTeeth/samples/00142.png 20
ucf/BrushingTeeth/samples/00143.png 20
ucf/BrushingTeeth/samples/00144.png 20
ucf/BrushingTeeth/samples/00145.png 20
ucf/BrushingTeeth/samples/00146.png 20
ucf/BrushingTeeth/samples/00147.png 20
ucf/BrushingTeeth/samples/00148.png 20
ucf/BrushingTeeth/samples/00149.png 20
ucf/BrushingTeeth/samples/00150.png 20
ucf/BrushingTeeth/samples/00151.png 20
ucf/BrushingTeeth/samples/00152.png 20
ucf/BrushingTeeth/samples/00153.png 20
ucf/BrushingTeeth/samples/00154.png 20
ucf/BrushingTeeth/samples/00155.png 20
ucf/BrushingTeeth/samples/00156.png 20
ucf/BrushingTeeth/samples/00157.png 20
ucf/BrushingTeeth/samples/00158.png 20
ucf/BrushingTeeth/samples/00159.png 20
ucf/BrushingTeeth/samples/00160.png 20
ucf/BrushingTeeth/samples/00161.png 20
ucf/BrushingTeeth/samples/00162.png 20
ucf/BrushingTeeth/samples/00163.png 20
ucf/BrushingTeeth/samples/00164.png 20
ucf/BrushingTeeth/samples/00165.png 20
ucf/BrushingTeeth/samples/00166.png 20
ucf/BrushingTeeth/samples/00167.png 20
ucf/BrushingTeeth/samples/00168.png 20
ucf/BrushingTeeth/samples/00169.png 20
ucf/BrushingTeeth/samples/00170.png 20
ucf/BrushingTeeth/samples/00171.png 20
ucf/BrushingTeeth/samples/00172.png 20
ucf/BrushingTeeth/samples/00173.png 20
ucf/BrushingTeeth/samples/00174.png 20
ucf/BrushingTeeth/samples/00175.png 20
ucf/BrushingTeeth/samples/00176.png 20
ucf/BrushingTeeth/samples/00177.png 20
ucf/BrushingTeeth/samples/00178.png 20
ucf/BrushingTeeth/samples/00179.png 20
ucf/BrushingTeeth/samples/00180.png 20
ucf/BrushingTeeth/samples/00181.png 20
ucf/BrushingTeeth/samples/00182.png 20
ucf/BrushingTeeth/samples/00183.png 20
ucf/BrushingTeeth/samples/00184.png 20
ucf/BrushingTeeth/samples/00185.png 20
ucf/BrushingTeeth/samples/00186.png 20
ucf/BrushingTeeth/samples/00187.png 20
ucf/BrushingTeeth/samples/00188.png 20
ucf/BrushingTeeth/samples/00189.png 20
ucf/BrushingTeeth/samples/00190.png 20
ucf/BrushingTeeth/samples/00191.png 20
ucf/BrushingTeeth/samples/00192.png 20
ucf/BrushingTeeth/samples/00193.png 20
ucf/BrushingTeeth/samples/00194.png 20
ucf/BrushingTeeth/samples/00195.png 20
ucf/BrushingTeeth/samples/00196.png 20
ucf/BrushingTeeth/samples/00197.png 20
ucf/BrushingTeeth/samples/00198.png 20
ucf/BrushingTeeth/samples/00199.png 20
ucf/BrushingTeeth/samples/00200.png 20
ucf/BrushingTeeth/samples/00201.png 20
ucf/BrushingTeeth/samples/00202.png 20
ucf/BrushingTeeth/samples/00203.png 20
ucf/BrushingTeeth/samples/00204.png 20
ucf/BrushingTeeth/samples/00205.png 20
ucf/BrushingTeeth/samples/00206.png 20
ucf/BrushingTeeth/samples/00207.png 20
ucf/BrushingTeeth/samples/00208.png 20
ucf/BrushingTeeth/samples/00209.png 20
ucf/BrushingTeeth/samples/00210.png 20
ucf/BrushingTeeth/samples/00211.png 20
ucf/BrushingTeeth/samples/00212.png 20
ucf/BrushingTeeth/samples/00213.png 20
ucf/BrushingTeeth/samples/00214.png 20
ucf/BrushingTeeth/samples/00215.png 20
ucf/BrushingTeeth/samples/00216.png 20
ucf/BrushingTeeth/samples/00217.png 20
ucf/BrushingTeeth/samples/00218.png 20
ucf/BrushingTeeth/samples/00219.png 20
ucf/BrushingTeeth/samples/00220.png 20
ucf/BrushingTeeth/samples/00221.png 20
ucf/BrushingTeeth/samples/00222.png 20
ucf/BrushingTeeth/samples/00223.png 20
ucf/BrushingTeeth/samples/00224.png 20
ucf/BrushingTeeth/samples/00225.png 20
ucf/BrushingTeeth/samples/00226.png 20
ucf/BrushingTeeth/samples/00227.png 20
ucf/BrushingTeeth/samples/00228.png 20
ucf/BrushingTeeth/samples/00229.png 20
ucf/BrushingTeeth/samples/00230.png 20
ucf/BrushingTeeth/samples/00231.png 20
ucf/BrushingTeeth/samples/00232.png 20
ucf/BrushingTeeth/samples/00233.png 20
ucf/BrushingTeeth/samples/00234.png 20
ucf/BrushingTeeth/samples/00235.png 20
ucf/BrushingTeeth/samples/00236.png 20
ucf/BrushingTeeth/samples/00237.png 20
ucf/BrushingTeeth/samples/00238.png 20
ucf/BrushingTeeth/samples/00239.png 20
ucf/BrushingTeeth/samples/00240.png 20
ucf/BrushingTeeth/samples/00241.png 20
ucf/BrushingTeeth/samples/00242.png 20
ucf/BrushingTeeth/samples/00243.png 20
ucf/BrushingTeeth/samples/00244.png 20
ucf/BrushingTeeth/samples/00245.png 20
ucf/BrushingTeeth/samples/00246.png 20
ucf/BrushingTeeth/samples/00247.png 20
ucf/BrushingTeeth/samples/00248.png 20
ucf/BrushingTeeth/samples/00249.png 20
ucf/BrushingTeeth/samples/00250.png 20
ucf/BrushingTeeth/samples/00251.png 20
ucf/BrushingTeeth/samples/00252.png 20
ucf/BrushingTeeth/samples/00253.png 20
ucf/BrushingTeeth/samples/00254.png 20
ucf/BrushingTeeth/samples/00255.png 20
ucf/BrushingTeeth/samples/00256.png 20
ucf/BrushingTeeth/samples/00257.png 20
ucf/BrushingTeeth/samples/00258.png 20
ucf/BrushingTeeth/samples/00259.png 20
ucf/BrushingTeeth/samples/00260.png 20
ucf/BrushingTeeth/samples/00261.png 20
ucf/BrushingTeeth/samples/00262.png 20
ucf/BrushingTeeth/samples/00263.png 20
ucf/BrushingTeeth/samples/00264.png 20
ucf/BrushingTeeth/samples/00265.png 20
ucf/BrushingTeeth/samples/00266.png 20
ucf/BrushingTeeth/samples/00267.png 20
ucf/BrushingTeeth/samples/00268.png 20
ucf/BrushingTeeth/samples/00269.png 20
ucf/BrushingTeeth/samples/00270.png 20
ucf/BrushingTeeth/samples/00271.png 20
ucf/BrushingTeeth/samples/00272.png 20
ucf/BrushingTeeth/samples/00273.png 20
ucf/BrushingTeeth/samples/00274.png 20
ucf/BrushingTeeth/samples/00275.png 20
ucf/BrushingTeeth/samples/00276.png 20
ucf/BrushingTeeth/samples/00277.png 20
ucf/BrushingTeeth/samples/00278.png 20
ucf/BrushingTeeth/samples/00279.png 20
ucf/BrushingTeeth/samples/00280.png 20
ucf/BrushingTeeth/samples/00281.png 20
ucf/BrushingTeeth/samples/00282.png 20
ucf/BrushingTeeth/samples/00283.png 20
ucf/BrushingTeeth/samples/00284.png 20
ucf/BrushingTeeth/samples/00285.png 20
ucf/BrushingTeeth/samples/00286.png 20
ucf/BrushingTeeth/samples/00287.png 20
ucf/BrushingTeeth/samples/00288.png 20
ucf/BrushingTeeth/samples/00289.png 20
ucf/BrushingTeeth/samples/00290.png 20
ucf/BrushingTeeth/samples/00291.png 20
ucf/BrushingTeeth/samples/00292.png 20
ucf/BrushingTeeth/samples/00293.png 20
ucf/BrushingTeeth/samples/00294.png 20
ucf/BrushingTeeth/samples/00295.png 20
ucf/BrushingTeeth/samples/00296.png 20
ucf/BrushingTeeth/samples/00297.png 20
ucf/BrushingTeeth/samples/00298.png 20
ucf/BrushingTeeth/samples/00299.png 20
ucf/BrushingTeeth/samples/00300.png 20
ucf/BrushingTeeth/samples/00301.png 20
ucf/BrushingTeeth/samples/00302.png 20
ucf/BrushingTeeth/samples/00303.png 20
ucf/BrushingTeeth/samples/00304.png 20
ucf/BrushingTeeth/samples/00305.png 20
ucf/BrushingTeeth/samples/00306.png 20
ucf/BrushingTeeth/samples/00307.png 20
ucf/BrushingTeeth/samples/00308.png 20
ucf/BrushingTeeth/samples/00309.png 20
ucf/BrushingTeeth/samples/00310.png 20
ucf/BrushingTeeth/samples/00311.png 20
ucf/BrushingTeeth/samples/00312.png 20
ucf/BrushingTeeth/samples/00313.png 20
ucf/BrushingTeeth/samples/00314.png 20
ucf/BrushingTeeth/samples/00315.png 20
ucf/BrushingTeeth/samples/00316.png 20
ucf/BrushingTeeth/samples/00317.png 20
ucf/BrushingTeeth/samples/00318.png 20
ucf/BrushingTeeth/samples/00319.png 20
ucf/BrushingTeeth/samples/00320.png 20
ucf/BrushingTeeth/samples/00321.png 20
ucf/BrushingTeeth/samples/00322.png 20
ucf/BrushingTeeth/samples/00323.png 20
ucf/BrushingTeeth/samples/00324.png 20
ucf/BrushingTeeth/samples/00325.png 20
ucf/BrushingTeeth/samples/00326.png 20
ucf/BrushingTeeth/samples/00327.png 20
ucf/BrushingTeeth/samples/00328.png 20
ucf/BrushingTeeth/samples/00329.png 20
ucf/BrushingTeeth/samples/00330.png 20
ucf/BrushingTeeth/samples/00331.png 20
ucf/BrushingTeeth/samples/00332.png 20
ucf/BrushingTeeth/samples/00333.png 20
ucf/BrushingTeeth/samples/00334.png 20
ucf/BrushingTeeth/samples/00335.png 20
ucf/BrushingTeeth/samples/00336.png 20
ucf/BrushingTeeth/samples/00337.png 20
ucf/BrushingTeeth/samples/00338.png 20
ucf/BrushingTeeth/samples/00339.png 20
ucf/BrushingTeeth/samples/00340.png 20
ucf/BrushingTeeth/samples/00341.png 20
ucf/BrushingTeeth/samples/00342.png 20
ucf/BrushingTeeth/samples/00343.png 20
ucf/BrushingTeeth/samples/00344.png 20
ucf/BrushingTeeth/samples/00345.png 20
ucf/BrushingTeeth/samples/00346.png 20
ucf/BrushingTeeth/samples/00347.png 20
ucf/BrushingTeeth/samples/00348.png 20
ucf/BrushingTeeth/samples/00349.png 20
ucf/BrushingTeeth/samples/00350.png 20
ucf/BrushingTeeth/samples/00351.png 20
ucf/BrushingTeeth/samples/00352.png 20
ucf/BrushingTeeth/samples/00353.png 20
ucf/BrushingTeeth/samples/00354.png 20
ucf/BrushingTeeth/samples/00355.png 20
ucf/BrushingTeeth/samples/00356.png 20
ucf/BrushingTeeth/samples/00357.png 20
ucf/BrushingTeeth/samples/00358.png 20
ucf/BrushingTeeth/samples/00359.png 20
ucf/BrushingTeeth/samples/00360.png 20
ucf/BrushingTeeth/samples/00361.png 20
ucf/BrushingTeeth/samples/00362.png 20
ucf/BrushingTeeth/samples/00363.png 20
ucf/BrushingTeeth/samples/00364.png 20
ucf/BrushingTeeth/samples/00365.png 20
ucf/BrushingTeeth/samples/00366.png 20
ucf/BrushingTeeth/samples/00367.png 20
ucf/BrushingTeeth/samples/00368.png 20
ucf/BrushingTeeth/samples/00369.png 20
ucf/BrushingTeeth/samples/00370.png 20
ucf/BrushingTeeth/samples/00371.png 20
ucf/BrushingTeeth/samples/00372.png 20
ucf/BrushingTeeth/samples/00373.png 20
ucf/BrushingTeeth/samples/00374.png 20
ucf/BrushingTeeth/samples/00375.png 20
ucf/BrushingTeeth/samples/00376.png 20
ucf/BrushingTeeth/samples/00377.png 20
ucf/BrushingTeeth/samples/00378.png 20
ucf/BrushingTeeth/samples/00379.png 20
ucf/BrushingTeeth/samples/00380.png 20
ucf/BrushingTeeth/samples/00381.png 20
ucf/BrushingTeeth/samples/00382.png 20
ucf/BrushingTeeth/samples/00383.png 20
ucf/BrushingTeeth/samples/00384.png 20
ucf/BrushingTeeth/samples/00385.png 20
ucf/BrushingTeeth/samples/00386.png 20
ucf/BrushingTeeth/samples/00387.png 20
ucf/BrushingTeeth/samples/00388.png 20
ucf/BrushingTeeth/samples/00389.png 20
ucf/BrushingTeeth/samples/00390.png 20
ucf/BrushingTeeth/samples/00391.png 20
ucf/BrushingTeeth/samples/00392.png 20
ucf/BrushingTeeth/samples/00393.png 20
ucf/BrushingTeeth/samples/00394.png 20
ucf/BrushingTeeth/samples/00395.png 20
ucf/BrushingTeeth/samples/00396.png 20
ucf/BrushingTeeth/samples/00397.png 20
ucf/BrushingTeeth/samples/00398.png 20
ucf/BrushingTeeth/samples/00399.png 20
ucf/BrushingTeeth/samples/00400.png 20
ucf/BrushingTeeth/samples/00401.png 20
ucf/BrushingTeeth/samples/00402.png 20
ucf/BrushingTeeth/samples/00403.png 20
ucf/BrushingTeeth/samples/00404.png 20
ucf/BrushingTeeth/samples/00405.png 20
ucf/BrushingTeeth/samples/00406.png 20
ucf/BrushingTeeth/samples/00407.png 20
ucf/BrushingTeeth/samples/00408.png 20
ucf/BrushingTeeth/samples/00409.png 20
ucf/BrushingTeeth/samples/00410.png 20
ucf/BrushingTeeth/samples/00411.png 20
ucf/BrushingTeeth/samples/00412.png 20
ucf/BrushingTeeth/samples/00413.png 20
ucf/BrushingTeeth/samples/00414.png 20
ucf/BrushingTeeth/samples/00415.png 20
ucf/BrushingTeeth/samples/00416.png 20
ucf/BrushingTeeth/samples/00417.png 20
ucf/BrushingTeeth/samples/00418.png 20
ucf/BrushingTeeth/samples/00419.png 20
ucf/BrushingTeeth/samples/00420.png 20
ucf/BrushingTeeth/samples/00421.png 20
ucf/BrushingTeeth/samples/00422.png 20
ucf/BrushingTeeth/samples/00423.png 20
ucf/BrushingTeeth/samples/00424.png 20
ucf/BrushingTeeth/samples/00425.png 20
ucf/BrushingTeeth/samples/00426.png 20
ucf/BrushingTeeth/samples/00427.png 20
ucf/BrushingTeeth/samples/00428.png 20
ucf/BrushingTeeth/samples/00429.png 20
ucf/BrushingTeeth/samples/00430.png 20
ucf/BrushingTeeth/samples/00431.png 20
ucf/BrushingTeeth/samples/00432.png 20
ucf/BrushingTeeth/samples/00433.png 20
ucf/BrushingTeeth/samples/00434.png 20
ucf/BrushingTeeth/samples/00435.png 20
ucf/BrushingTeeth/samples/00436.png 20
ucf/BrushingTeeth/samples/00437.png 20
ucf/BrushingTeeth/samples/00438.png 20
ucf/BrushingTeeth/samples/00439.png 20
ucf/BrushingTeeth/samples/00440.png 20
ucf/BrushingTeeth/samples/00441.png 20
ucf/BrushingTeeth/samples/00442.png 20
ucf/BrushingTeeth/samples/00443.png 20
ucf/BrushingTeeth/samples/00444.png 20
ucf/BrushingTeeth/samples/00445.png 20
ucf/BrushingTeeth/samples/00446.png 20
ucf/BrushingTeeth/samples/00447.png 20
ucf/BrushingTeeth/samples/00448.png 20
ucf/BrushingTeeth/samples/00449.png 20
ucf/BrushingTeeth/samples/00450.png 20
ucf/BrushingTeeth/samples/00451.png 20
ucf/BrushingTeeth/samples/00452.png 20
ucf/BrushingTeeth/samples/00453.png 20
ucf/BrushingTeeth/samples/00454.png 20
ucf/BrushingTeeth/samples/00455.png 20
ucf/BrushingTeeth/samples/00456.png 20
ucf/BrushingTeeth/samples/00457.png 20
ucf/BrushingTeeth/samples/00458.png 20
ucf/BrushingTeeth/samples/00459.png 20
ucf/BrushingTeeth/samples/00460.png 20
ucf/BrushingTeeth/samples/00461.png 20
ucf/BrushingTeeth/samples/00462.png 20
ucf/BrushingTeeth/samples/00463.png 20
ucf/BrushingTeeth/samples/00464.png 20
ucf/BrushingTeeth/samples/00465.png 20
ucf/BrushingTeeth/samples/00466.png 20
ucf/BrushingTeeth/samples/00467.png 20
ucf/BrushingTeeth/samples/00468.png 20
ucf/BrushingTeeth/samples/00469.png 20
ucf/BrushingTeeth/samples/00470.png 20
ucf/BrushingTeeth/samples/00471.png 20
ucf/BrushingTeeth/samples/00472.png 20
ucf/BrushingTeeth/samples/00473.png 20
ucf/BrushingTeeth/samples/00474.png 20
ucf/BrushingTeeth/samples/00475.png 20
ucf/BrushingTeeth/samples/00476.png 20
ucf/BrushingTeeth/samples/00477.png 20
ucf/BrushingTeeth/samples/00478.png 20
ucf/BrushingTeeth/samples/00479.png 20
ucf/BrushingTeeth/samples/00480.png 20
ucf/BrushingTeeth/samples/00481.png 20
ucf/BrushingTeeth/samples/00482.png 20
ucf/BrushingTeeth/samples/00483.png 20
ucf/BrushingTeeth/samples/00484.png 20
ucf/BrushingTeeth/samples/00485.png 20
ucf/BrushingTeeth/samples/00486.png 20
ucf/BrushingTeeth/samples/00487.png 20
ucf/BrushingTeeth/samples/00488.png 20
ucf/BrushingTeeth/samples/00489.png 20
ucf/BrushingTeeth/samples/00490.png 20
ucf/BrushingTeeth/samples/00491.png 20
ucf/BrushingTeeth/samples/00492.png 20
ucf/BrushingTeeth/samples/00493.png 20
ucf/BrushingTeeth/samples/00494.png 20
ucf/BrushingTeeth/samples/00495.png 20
ucf/BrushingTeeth/samples/00496.png 20
ucf/BrushingTeeth/samples/00497.png 20
ucf/BrushingTeeth/samples/00498.png 20
ucf/BrushingTeeth/samples/00499.png 20
ucf/BrushingTeeth/samples/00500.png 20
ucf/BrushingTeeth/samples/00501.png 20
ucf/BrushingTeeth/samples/00502.png 20
ucf/BrushingTeeth/samples/00503.png 20
ucf/BrushingTeeth/samples/00504.png 20
ucf/BrushingTeeth/samples/00505.png 20
ucf/BrushingTeeth/samples/00506.png 20
ucf/BrushingTeeth/samples/00507.png 20
ucf/BrushingTeeth/samples/00508.png 20
ucf/BrushingTeeth/samples/00509.png 20
ucf/BrushingTeeth/samples/00510.png 20
ucf/BrushingTeeth/samples/00511.png 20
ucf/BrushingTeeth/samples/00512.png 20
ucf/BrushingTeeth/samples/00513.png 20
ucf/BrushingTeeth/samples/00514.png 20
ucf/BrushingTeeth/samples/00515.png 20
ucf/BrushingTeeth/samples/00516.png 20
ucf/BrushingTeeth/samples/00517.png 20
ucf/BrushingTeeth/samples/00518.png 20
ucf/BrushingTeeth/samples/00519.png 20
ucf/BrushingTeeth/samples/00520.png 20
ucf/BrushingTeeth/samples/00521.png 20
ucf/BrushingTeeth/samples/00522.png 20
ucf/BrushingTeeth/samples/00523.png 20
ucf/BrushingTeeth/samples/00524.png 20
ucf/BrushingTeeth/samples/00525.png 20
ucf/BrushingTeeth/samples/00526.png 20
ucf/BrushingTeeth/samples/00527.png 20
ucf/BrushingTeeth/samples/00528.png 20
ucf/BrushingTeeth/samples/00529.png 20
ucf/BrushingTeeth/samples/00530.png 20
ucf/BrushingTeeth/samples/00531.png 20
ucf/BrushingTeeth/samples/00532.png 20
ucf/BrushingTeeth/samples/00533.png 20
ucf/BrushingTeeth/samples/00534.png 20
ucf/BrushingTeeth/samples/00535.png 20
ucf/BrushingTeeth/samples/00536.png 20
ucf/BrushingTeeth/samples/00537.png 20
ucf/BrushingTeeth/samples/00538.png 20
ucf/BrushingTeeth/samples/00539.png 20
ucf/BrushingTeeth/samples/00540.png 20
ucf/BrushingTeeth/samples/00541.png 20
ucf/BrushingTeeth/samples/00542.png 20
ucf/BrushingTeeth/samples/00543.png 20
ucf/BrushingTeeth/samples/00544.png 20
ucf/BrushingTeeth/samples/00545.png 20
ucf/BrushingTeeth/samples/00546.png 20
ucf/BrushingTeeth/samples/00547.png 20
ucf/BrushingTeeth/samples/00548.png 20
ucf/BrushingTeeth/samples/00549.png 20
ucf/BrushingTeeth/samples/00550.png 20
ucf/BrushingTeeth/samples/00551.png 20
ucf/BrushingTeeth/samples/00552.png 20
ucf/BrushingTeeth/samples/00553.png 20
ucf/BrushingTeeth/samples/00554.png 20
ucf/BrushingTeeth/samples/00555.png 20
ucf/BrushingTeeth/samples/00556.png 20
ucf/BrushingTeeth/samples/00557.png 20
ucf/BrushingTeeth/samples/00558.png 20
ucf/BrushingTeeth/samples/00559.png 20
ucf/BrushingTeeth/samples/00560.png 20
ucf/BrushingTeeth/samples/00561.png 20
ucf/BrushingTeeth/samples/00562.png 20
ucf/BrushingTeeth/samples/00563.png 20
ucf/BrushingTeeth/samples/00564.png 20
ucf/BrushingTeeth/samples/00565.png 20
ucf/BrushingTeeth/samples/00566.png 20
ucf/BrushingTeeth/samples/00567.png 20
ucf/BrushingTeeth/samples/00568.png 20
ucf/BrushingTeeth/samples/00569.png 20
ucf/BrushingTeeth/samples/00570.png 20
ucf/BrushingTeeth/samples/00571.png 20
ucf/BrushingTeeth/samples/00572.png 20
ucf/BrushingTeeth/samples/00573.png 20
ucf/BrushingTeeth/samples/00574.png 20
ucf/BrushingTeeth/samples/00575.png 20
ucf/BrushingTeeth/samples/00576.png 20
ucf/BrushingTeeth/samples/00577.png 20
ucf/BrushingTeeth/samples/00578.png 20
ucf/BrushingTeeth/samples/00579.png 20
ucf/BrushingTeeth/samples/00580.png 20
ucf/BrushingTeeth/samples/00581.png 20
ucf/BrushingTeeth/samples/00582.png 20
ucf/BrushingTeeth/samples/00583.png 20
ucf/BrushingTeeth/samples/00584.png 20
ucf/BrushingTeeth/samples/00585.png 20
ucf/BrushingTeeth/samples/00586.png 20
ucf/BrushingTeeth/samples/00587.png 20
ucf/BrushingTeeth/samples/00588.png 20
ucf/BrushingTeeth/samples/00589.png 20
ucf/BrushingTeeth/samples/00590.png 20
ucf/BrushingTeeth/samples/00591.png 20
ucf/BrushingTeeth/samples/00592.png 20
ucf/BrushingTeeth/samples/00593.png 20
ucf/BrushingTeeth/samples/00594.png 20
ucf/BrushingTeeth/samples/00595.png 20
ucf/BrushingTeeth/samples/00596.png 20
ucf/BrushingTeeth/samples/00597.png 20
ucf/BrushingTeeth/samples/00598.png 20
ucf/BrushingTeeth/samples/00599.png 20
ucf/BrushingTeeth/samples/00600.png 20
ucf/BrushingTeeth/samples/00601.png 20
ucf/BrushingTeeth/samples/00602.png 20
ucf/BrushingTeeth/samples/00603.png 20
ucf/BrushingTeeth/samples/00604.png 20
ucf/BrushingTeeth/samples/00605.png 20
ucf/BrushingTeeth/samples/00606.png 20
ucf/BrushingTeeth/samples/00607.png 20
ucf/BrushingTeeth/samples/00608.png 20
ucf/BrushingTeeth/samples/00609.png 20
ucf/BrushingTeeth/samples/00610.png 20
ucf/BrushingTeeth/samples/00611.png 20
ucf/BrushingTeeth/samples/00612.png 20
ucf/BrushingTeeth/samples/00613.png 20
ucf/BrushingTeeth/samples/00614.png 20
ucf/BrushingTeeth/samples/00615.png 20
ucf/BrushingTeeth/samples/00616.png 20
ucf/BrushingTeeth/samples/00617.png 20
ucf/BrushingTeeth/samples/00618.png 20
ucf/BrushingTeeth/samples/00619.png 20
ucf/BrushingTeeth/samples/00620.png 20
ucf/BrushingTeeth/samples/00621.png 20
ucf/BrushingTeeth/samples/00622.png 20
ucf/BrushingTeeth/samples/00623.png 20
ucf/BrushingTeeth/samples/00624.png 20
ucf/BrushingTeeth/samples/00625.png 20
ucf/BrushingTeeth/samples/00626.png 20
ucf/BrushingTeeth/samples/00627.png 20
ucf/BrushingTeeth/samples/00628.png 20
ucf/BrushingTeeth/samples/00629.png 20
ucf/BrushingTeeth/samples/00630.png 20
ucf/BrushingTeeth/samples/00631.png 20
ucf/BrushingTeeth/samples/00632.png 20
ucf/BrushingTeeth/samples/00633.png 20
ucf/BrushingTeeth/samples/00634.png 20
ucf/BrushingTeeth/samples/00635.png 20
ucf/BrushingTeeth/samples/00636.png 20
ucf/BrushingTeeth/samples/00637.png 20
ucf/BrushingTeeth/samples/00638.png 20
ucf/BrushingTeeth/samples/00639.png 20
ucf/BrushingTeeth/samples/00640.png 20
ucf/BrushingTeeth/samples/00641.png 20
ucf/BrushingTeeth/samples/00642.png 20
ucf/BrushingTeeth/samples/00643.png 20
ucf/BrushingTeeth/samples/00644.png 20
ucf/BrushingTeeth/samples/00645.png 20
ucf/BrushingTeeth/samples/00646.png 20
ucf/BrushingTeeth/samples/00647.png 20
ucf/BrushingTeeth/samples/00648.png 20
ucf/BrushingTeeth/samples/00649.png 20
ucf/BrushingTeeth/samples/00650.png 20
ucf/BrushingTeeth/samples/00651.png 20
ucf/BrushingTeeth/samples/00652.png 20
ucf/BrushingTeeth/samples/00653.png 20
ucf/BrushingTeeth/samples/00654.png 20
ucf/BrushingTeeth/samples/00655.png 20
ucf/BrushingTeeth/samples/00656.png 20
ucf/BrushingTeeth/samples/00657.png 20
ucf/BrushingTeeth/samples/00658.png 20
ucf/BrushingTeeth/samples/00659.png 20
ucf/BrushingTeeth/samples/00660.png 20
ucf/BrushingTeeth/samples/00661.png 20
ucf/BrushingTeeth/samples/00662.png 20
ucf/BrushingTeeth/samples/00663.png 20
ucf/BrushingTeeth/samples/00664.png 20
ucf/BrushingTeeth/samples/00665.png 20
ucf/BrushingTeeth/samples/00666.png 20
ucf/BrushingTeeth/samples/00667.png 20
ucf/BrushingTeeth/samples/00668.png 20
ucf/BrushingTeeth/samples/00669.png 20
ucf/BrushingTeeth/samples/00670.png 20
ucf/BrushingTeeth/samples/00671.png 20
ucf/BrushingTeeth/samples/00672.png 20
ucf/BrushingTeeth/samples/00673.png 20
ucf/BrushingTeeth/samples/00674.png 20
ucf/BrushingTeeth/samples/00675.png 20
ucf/BrushingTeeth/samples/00676.png 20
ucf/BrushingTeeth/samples/00677.png 20
ucf/BrushingTeeth/samples/00678.png 20
ucf/BrushingTeeth/samples/00679.png 20
ucf/BrushingTeeth/samples/00680.png 20
ucf/BrushingTeeth/samples/00681.png 20
ucf/BrushingTeeth/samples/00682.png 20
ucf/BrushingTeeth/samples/00683.png 20
ucf/BrushingTeeth/samples/00684.png 20
ucf/BrushingTeeth/samples/00685.png 20
ucf/BrushingTeeth/samples/00686.png 20
ucf/BrushingTeeth/samples/00687.png 20
ucf/BrushingTeeth/samples/00688.png 20
ucf/BrushingTeeth/samples/00689.png 20
ucf/BrushingTeeth/samples/00690.png 20
ucf/BrushingTeeth/samples/00691.png 20
ucf/BrushingTeeth/samples/00692.png 20
ucf/BrushingTeeth/samples/00693.png 20
ucf/BrushingTeeth/samples/00694.png 20
ucf/BrushingTeeth/samples/00695.png 20
ucf/BrushingTeeth/samples/00696.png 20
ucf/BrushingTeeth/samples/00697.png 20
ucf/BrushingTeeth/samples/00698.png 20
ucf/BrushingTeeth/samples/00699.png 20
ucf/BrushingTeeth/samples/00700.png 20
ucf/BrushingTeeth/samples/00701.png 20
ucf/BrushingTeeth/samples/00702.png 20
ucf/BrushingTeeth/samples/00703.png 20
ucf/BrushingTeeth/samples/00704.png 20
ucf/BrushingTeeth/samples/00705.png 20
ucf/BrushingTeeth/samples/00706.png 20
ucf/BrushingTeeth/samples/00707.png 20
ucf/BrushingTeeth/samples/00708.png 20
ucf/BrushingTeeth/samples/00709.png 20
ucf/BrushingTeeth/samples/00710.png 20
ucf/BrushingTeeth/samples/00711.png 20
ucf/BrushingTeeth/samples/00712.png 20
ucf/BrushingTeeth/samples/00713.png 20
ucf/BrushingTeeth/samples/00714.png 20
ucf/BrushingTeeth/samples/00715.png 20
ucf/BrushingTeeth/samples/00716.png 20
ucf/BrushingTeeth/samples/00717.png 20
ucf/BrushingTeeth/samples/00718.png 20
ucf/BrushingTeeth/samples/00719.png 20
ucf/BrushingTeeth/samples/00720.png 20
ucf/BrushingTeeth/samples/00721.png 20
ucf/BrushingTeeth/samples/00722.png 20
ucf/BrushingTeeth/samples/00723.png 20
ucf/BrushingTeeth/samples/00724.png 20
ucf/BrushingTeeth/samples/00725.png 20
ucf/BrushingTeeth/samples/00726.png 20
ucf/BrushingTeeth/samples/00727.png 20
ucf/BrushingTeeth/samples/00728.png 20
ucf/BrushingTeeth/samples/00729.png 20
ucf/BrushingTeeth/samples/00730.png 20
ucf/BrushingTeeth/samples/00731.png 20
ucf/BrushingTeeth/samples/00732.png 20
ucf/BrushingTeeth/samples/00733.png 20
ucf/BrushingTeeth/samples/00734.png 20
ucf/BrushingTeeth/samples/00735.png 20
ucf/BrushingTeeth/samples/00736.png 20
ucf/BrushingTeeth/samples/00737.png 20
ucf/BrushingTeeth/samples/00738.png 20
ucf/BrushingTeeth/samples/00739.png 20
ucf/BrushingTeeth/samples/00740.png 20
ucf/BrushingTeeth/samples/00741.png 20
ucf/BrushingTeeth/samples/00742.png 20
ucf/BrushingTeeth/samples/00743.png 20
ucf/BrushingTeeth/samples/00744.png 20
ucf/BrushingTeeth/samples/00745.png 20
ucf/BrushingTeeth/samples/00746.png 20
ucf/BrushingTeeth/samples/00747.png 20
ucf/BrushingTeeth/samples/00748.png 20
ucf/BrushingTeeth/samples/00749.png 20
ucf/BrushingTeeth/samples/00750.png 20
ucf/BrushingTeeth/samples/00751.png 20
ucf/BrushingTeeth/samples/00752.png 20
ucf/BrushingTeeth/samples/00753.png 20
ucf/BrushingTeeth/samples/00754.png 20
ucf/BrushingTeeth/samples/00755.png 20
ucf/BrushingTeeth/samples/00756.png 20
ucf/BrushingTeeth/samples/00757.png 20
ucf/BrushingTeeth/samples/00758.png 20
ucf/BrushingTeeth/samples/00759.png 20
ucf/BrushingTeeth/samples/00760.png 20
ucf/BrushingTeeth/samples/00761.png 20
ucf/BrushingTeeth/samples/00762.png 20
ucf/BrushingTeeth/samples/00763.png 20
ucf/BrushingTeeth/samples/00764.png 20
ucf/BrushingTeeth/samples/00765.png 20
ucf/BrushingTeeth/samples/00766.png 20
ucf/BrushingTeeth/samples/00767.png 20
ucf/BrushingTeeth/samples/00768.png 20
ucf/BrushingTeeth/samples/00769.png 20
ucf/BrushingTeeth/samples/00770.png 20
ucf/BrushingTeeth/samples/00771.png 20
ucf/BrushingTeeth/samples/00772.png 20
ucf/BrushingTeeth/samples/00773.png 20
ucf/BrushingTeeth/samples/00774.png 20
ucf/BrushingTeeth/samples/00775.png 20
ucf/BrushingTeeth/samples/00776.png 20
ucf/BrushingTeeth/samples/00777.png 20
ucf/BrushingTeeth/samples/00778.png 20
ucf/BrushingTeeth/samples/00779.png 20
ucf/BrushingTeeth/samples/00780.png 20
ucf/BrushingTeeth/samples/00781.png 20
ucf/BrushingTeeth/samples/00782.png 20
ucf/BrushingTeeth/samples/00783.png 20
ucf/BrushingTeeth/samples/00784.png 20
ucf/BrushingTeeth/samples/00785.png 20
ucf/BrushingTeeth/samples/00786.png 20
ucf/BrushingTeeth/samples/00787.png 20
ucf/BrushingTeeth/samples/00788.png 20
ucf/BrushingTeeth/samples/00789.png 20
ucf/BrushingTeeth/samples/00790.png 20
ucf/BrushingTeeth/samples/00791.png 20
ucf/BrushingTeeth/samples/00792.png 20
ucf/BrushingTeeth/samples/00793.png 20
ucf/BrushingTeeth/samples/00794.png 20
ucf/BrushingTeeth/samples/00795.png 20
ucf/BrushingTeeth/samples/00796.png 20
ucf/BrushingTeeth/samples/00797.png 20
ucf/BrushingTeeth/samples/00798.png 20
ucf/BrushingTeeth/samples/00799.png 20
ucf/BrushingTeeth/samples/00800.png 20
ucf/BrushingTeeth/samples/00801.png 20
ucf/BrushingTeeth/samples/00802.png 20
ucf/BrushingTeeth/samples/00803.png 20
ucf/BrushingTeeth/samples/00804.png 20
ucf/BrushingTeeth/samples/00805.png 20
ucf/BrushingTeeth/samples/00806.png 20
ucf/BrushingTeeth/samples/00807.png 20
ucf/BrushingTeeth/samples/00808.png 20
ucf/BrushingTeeth/samples/00809.png 20
ucf/BrushingTeeth/samples/00810.png 20
ucf/BrushingTeeth/samples/00811.png 20
ucf/BrushingTeeth/samples/00812.png 20
ucf/BrushingTeeth/samples/00813.png 20
ucf/BrushingTeeth/samples/00814.png 20
ucf/BrushingTeeth/samples/00815.png 20
ucf/BrushingTeeth/samples/00816.png 20
ucf/BrushingTeeth/samples/00817.png 20
ucf/BrushingTeeth/samples/00818.png 20
ucf/BrushingTeeth/samples/00819.png 20
ucf/BrushingTeeth/samples/00820.png 20
ucf/BrushingTeeth/samples/00821.png 20
ucf/BrushingTeeth/samples/00822.png 20
ucf/BrushingTeeth/samples/00823.png 20
ucf/BrushingTeeth/samples/00824.png 20
ucf/BrushingTeeth/samples/00825.png 20
ucf/BrushingTeeth/samples/00826.png 20
ucf/BrushingTeeth/samples/00827.png 20
ucf/BrushingTeeth/samples/00828.png 20
ucf/BrushingTeeth/samples/00829.png 20
ucf/BrushingTeeth/samples/00830.png 20
ucf/BrushingTeeth/samples/00831.png 20
ucf/BrushingTeeth/samples/00832.png 20
ucf/BrushingTeeth/samples/00833.png 20
ucf/BrushingTeeth/samples/00834.png 20
ucf/BrushingTeeth/samples/00835.png 20
ucf/BrushingTeeth/samples/00836.png 20
ucf/BrushingTeeth/samples/00837.png 20
ucf/BrushingTeeth/samples/00838.png 20
ucf/BrushingTeeth/samples/00839.png 20
ucf/BrushingTeeth/samples/00840.png 20
ucf/BrushingTeeth/samples/00841.png 20
ucf/BrushingTeeth/samples/00842.png 20
ucf/BrushingTeeth/samples/00843.png 20
ucf/BrushingTeeth/samples/00844.png 20
ucf/BrushingTeeth/samples/00845.png 20
ucf/BrushingTeeth/samples/00846.png 20
ucf/BrushingTeeth/samples/00847.png 20
ucf/BrushingTeeth/samples/00848.png 20
ucf/BrushingTeeth/samples/00849.png 20
ucf/BrushingTeeth/samples/00850.png 20
ucf/BrushingTeeth/samples/00851.png 20
ucf/BrushingTeeth/samples/00852.png 20
ucf/BrushingTeeth/samples/00853.png 20
ucf/BrushingTeeth/samples/00854.png 20
ucf/BrushingTeeth/samples/00855.png 20
ucf/BrushingTeeth/samples/00856.png 20
ucf/BrushingTeeth/samples/00857.png 20
ucf/BrushingTeeth/samples/00858.png 20
ucf/BrushingTeeth/samples/00859.png 20
ucf/BrushingTeeth/samples/00860.png 20
ucf/BrushingTeeth/samples/00861.png 20
ucf/BrushingTeeth/samples/00862.png 20
ucf/BrushingTeeth/samples/00863.png 20
ucf/BrushingTeeth/samples/00864.png 20
ucf/BrushingTeeth/samples/00865.png 20
ucf/BrushingTeeth/samples/00866.png 20
ucf/BrushingTeeth/samples/00867.png 20
ucf/BrushingTeeth/samples/00868.png 20
ucf/BrushingTeeth/samples/00869.png 20
ucf/BrushingTeeth/samples/00870.png 20
ucf/BrushingTeeth/samples/00871.png 20
ucf/BrushingTeeth/samples/00872.png 20
ucf/BrushingTeeth/samples/00873.png 20
ucf/BrushingTeeth/samples/00874.png 20
ucf/BrushingTeeth/samples/00875.png 20
ucf/BrushingTeeth/samples/00876.png 20
ucf/BrushingTeeth/samples/00877.png 20
ucf/BrushingTeeth/samples/00878.png 20
ucf/BrushingTeeth/samples/00879.png 20
ucf/BrushingTeeth/samples/00880.png 20
ucf/BrushingTeeth/samples/00881.png 20
ucf/BrushingTeeth/samples/00882.png 20
ucf/BrushingTeeth/samples/00883.png 20
ucf/BrushingTeeth/samples/00884.png 20
ucf/BrushingTeeth/samples/00885.png 20
ucf/BrushingTeeth/samples/00886.png 20
ucf/BrushingTeeth/samples/00887.png 20
ucf/BrushingTeeth/samples/00888.png 20
ucf/BrushingTeeth/samples/00889.png 20
ucf/BrushingTeeth/samples/00890.png 20
ucf/BrushingTeeth/samples/00891.png 20
ucf/BrushingTeeth/samples/00892.png 20
ucf/BrushingTeeth/samples/00893.png 20
ucf/BrushingTeeth/samples/00894.png 20
ucf/BrushingTeeth/samples/00895.png 20
ucf/BrushingTeeth/samples/00896.png 20
ucf/BrushingTeeth/samples/00897.png 20
ucf/BrushingTeeth/samples/00898.png 20
ucf/BrushingTeeth/samples/00899.png 20
ucf/BrushingTeeth/samples/00900.png 20
ucf/BrushingTeeth/samples/00901.png 20
ucf/BrushingTeeth/samples/00902.png 20
ucf/BrushingTeeth/samples/00903.png 20
ucf/BrushingTeeth/samples/00904.png 20
ucf/BrushingTeeth/samples/00905.png 20
ucf/BrushingTeeth/samples/00906.png 20
ucf/BrushingTeeth/samples/00907.png 20
ucf/BrushingTeeth/samples/00908.png 20
ucf/BrushingTeeth/samples/00909.png 20
ucf/BrushingTeeth/samples/00910.png 20
ucf/BrushingTeeth/samples/00911.png 20
ucf/BrushingTeeth/samples/00912.png 20
ucf/BrushingTeeth/samples/00913.png 20
ucf/BrushingTeeth/samples/00914.png 20
ucf/BrushingTeeth/samples/00915.png 20
ucf/BrushingTeeth/samples/00916.png 20
ucf/BrushingTeeth/samples/00917.png 20
ucf/BrushingTeeth/samples/00918.png 20
ucf/BrushingTeeth/samples/00919.png 20
ucf/BrushingTeeth/samples/00920.png 20
ucf/BrushingTeeth/samples/00921.png 20
ucf/BrushingTeeth/samples/00922.png 20
ucf/BrushingTeeth/samples/00923.png 20
ucf/BrushingTeeth/samples/00924.png 20
ucf/BrushingTeeth/samples/00925.png 20
ucf/BrushingTeeth/samples/00926.png 20
ucf/BrushingTeeth/samples/00927.png 20
ucf/BrushingTeeth/samples/00928.png 20
ucf/BrushingTeeth/samples/00929.png 20
ucf/BrushingTeeth/samples/00930.png 20
ucf/BrushingTeeth/samples/00931.png 20
ucf/BrushingTeeth/samples/00932.png 20
ucf/BrushingTeeth/samples/00933.png 20
ucf/BrushingTeeth/samples/00934.png 20
ucf/BrushingTeeth/samples/00935.png 20
ucf/BrushingTeeth/samples/00936.png 20
ucf/BrushingTeeth/samples/00937.png 20
ucf/BrushingTeeth/samples/00938.png 20
ucf/BrushingTeeth/samples/00939.png 20
ucf/BrushingTeeth/samples/00940.png 20
ucf/BrushingTeeth/samples/00941.png 20
ucf/BrushingTeeth/samples/00942.png 20
ucf/BrushingTeeth/samples/00943.png 20
ucf/BrushingTeeth/samples/00944.png 20
ucf/BrushingTeeth/samples/00945.png 20
ucf/BrushingTeeth/samples/00946.png 20
ucf/BrushingTeeth/samples/00947.png 20
ucf/BrushingTeeth/samples/00948.png 20
ucf/BrushingTeeth/samples/00949.png 20
ucf/BrushingTeeth/samples/00950.png 20
ucf/BrushingTeeth/samples/00951.png 20
ucf/BrushingTeeth/samples/00952.png 20
ucf/BrushingTeeth/samples/00953.png 20
ucf/BrushingTeeth/samples/00954.png 20
ucf/BrushingTeeth/samples/00955.png 20
ucf/BrushingTeeth/samples/00956.png 20
ucf/BrushingTeeth/samples/00957.png 20
ucf/BrushingTeeth/samples/00958.png 20
ucf/BrushingTeeth/samples/00959.png 20
ucf/BrushingTeeth/samples/00960.png 20
ucf/BrushingTeeth/samples/00961.png 20
ucf/BrushingTeeth/samples/00962.png 20
ucf/BrushingTeeth/samples/00963.png 20
ucf/BrushingTeeth/samples/00964.png 20
ucf/BrushingTeeth/samples/00965.png 20
ucf/BrushingTeeth/samples/00966.png 20
ucf/BrushingTeeth/samples/00967.png 20
ucf/BrushingTeeth/samples/00968.png 20
ucf/BrushingTeeth/samples/00969.png 20
ucf/BrushingTeeth/samples/00970.png 20
ucf/BrushingTeeth/samples/00971.png 20
ucf/BrushingTeeth/samples/00972.png 20
ucf/BrushingTeeth/samples/00973.png 20
ucf/BrushingTeeth/samples/00974.png 20
ucf/BrushingTeeth/samples/00975.png 20
ucf/BrushingTeeth/samples/00976.png 20
ucf/BrushingTeeth/samples/00977.png 20
ucf/BrushingTeeth/samples/00978.png 20
ucf/BrushingTeeth/samples/00979.png 20
ucf/BrushingTeeth/samples/00980.png 20
ucf/BrushingTeeth/samples/00981.png 20
ucf/BrushingTeeth/samples/00982.png 20
ucf/BrushingTeeth/samples/00983.png 20
ucf/BrushingTeeth/samples/00984.png 20
ucf/BrushingTeeth/samples/00985.png 20
ucf/BrushingTeeth/samples/00986.png 20
ucf/BrushingTeeth/samples/00987.png 20
ucf/BrushingTeeth/samples/00988.png 20
ucf/BrushingTeeth/samples/00989.png 20
ucf/BrushingTeeth/samples/00990.png 20
ucf/BrushingTeeth/samples/00991.png 20
ucf/BrushingTeeth/samples/00992.png 20
ucf/BrushingTeeth/samples/00993.png 20
ucf/BrushingTeeth/samples/00994.png 20
ucf/BrushingTeeth/samples/00995.png 20
ucf/BrushingTeeth/samples/00996.png 20
ucf/BrushingTeeth/samples/00997.png 20
ucf/BrushingTeeth/samples/00998.png 20
ucf/BrushingTeeth/samples/00999.png 20